0 0 -2.7249 0
0.01 1.50979e-10 -2.7249 -2.0639e-11
0.02 7.007e-11 -2.7249 -9.57866e-12
0.03 5.69285e-11 -2.7249 -7.78221e-12
0.04 6.35778e-11 -2.7249 -8.69117e-12
0.05 4.68623e-11 -2.7249 -6.40614e-12
0.06 6.54018e-11 -2.7249 -8.94052e-12
0.07 4.70472e-11 -2.7249 -6.43142e-12
0.08 7.08222e-11 -2.7249 -9.6815e-12
0.09 4.40337e-11 -2.7249 -6.01946e-12
0.1 6.73627e-11 -2.7249 -9.20858e-12
0.11 3.62807e-11 -2.7249 -4.95962e-12
0.12 6.30101e-11 -2.7249 -8.61357e-12
0.13 3.2953e-11 -2.7249 -4.50472e-12
0.14 5.96377e-11 -2.7249 -8.15256e-12
0.15 2.52753e-11 -2.7249 -3.45517e-12
0.16 4.45577e-11 -2.7249 -6.09109e-12
0.17 2.02831e-11 -2.7249 -2.77273e-12
0.18 5.64787e-11 -2.7249 -7.72072e-12
0.19 4.96137e-11 -2.7249 -6.78227e-12
0.2 7.70913e-11 -2.7249 -1.05385e-11
0.21 6.5756e-11 -2.7249 -8.98893e-12
0.22 7.51051e-11 -2.7249 -1.0267e-11
0.23 5.46909e-11 -2.7249 -7.47632e-12
0.24 4.76562e-11 -2.7249 -6.51467e-12
0.25 4.25795e-11 -2.7249 -5.82068e-12
0.26 4.4674e-11 -2.7249 -6.107e-12
0.27 5.48415e-11 -2.7249 -7.49692e-12
0.28 4.55413e-11 -2.7249 -6.22556e-12
0.29 4.8482e-11 -2.7249 -6.62756e-12
0.3 2.34667e-11 -2.7249 -3.20793e-12
0.31 4.23381e-11 -2.7249 -5.78767e-12
0.32 2.79323e-11 -2.7249 -3.81838e-12
0.33 4.91874e-11 -2.7249 -6.72398e-12
0.34 1.33085e-11 -2.7249 -1.8193e-12
0.35 2.75284e-11 -2.7249 -3.76318e-12
0.36 -1.55129e-13 -2.7249 2.12063e-14
0.37 3.81719e-11 -2.7249 -5.21816e-12
0.38 2.57353e-11 -2.7249 -3.51805e-12
0.39 6.38804e-11 -2.7249 -8.73254e-12
0.4 4.17365e-11 -2.7249 -5.70543e-12
0.41 6.23019e-11 -2.7249 -8.51676e-12
0.42 3.03818e-11 -2.7249 -4.15323e-12
0.43 4.2209e-11 -2.7249 -5.77003e-12
0.44 1.72415e-11 -2.7249 -2.35694e-12
0.45 3.12934e-11 -2.7249 -4.27786e-12
0.46 2.24186e-11 -2.7249 -3.06465e-12
0.47 4.29275e-11 -2.7249 -5.86825e-12
0.48 5.60488e-11 -2.7249 -7.66195e-12
0.49 8.63843e-11 -2.7249 -1.18088e-11
0.5 1.00637e-10 -2.7249 -1.37572e-11
0.51 5.27424e-11 -2.7249 -7.20996e-12
0.52 -1.99529e-11 -2.7249 2.72759e-12
0.53 -5.80662e-11 -2.7249 7.93773e-12
0.54 -9.56776e-12 -2.7249 1.30793e-12
0.55 1.44329e-11 -2.7249 -1.973e-12
0.56 5.66713e-11 -2.7249 -7.74704e-12
0.57 5.10417e-11 -2.7249 -6.97747e-12
0.58 4.96636e-11 -2.7249 -6.78908e-12
0.59 -2.84531e-11 -2.7249 3.88957e-12
0.6 -2.44607e-11 -2.7249 3.34382e-12
0.61 -1.54552e-11 -2.7249 2.11275e-12
0.62 6.15285e-11 -2.7249 -8.41103e-12
0.63 7.14086e-11 -2.7249 -9.76166e-12
0.64 1.18823e-10 -2.7249 -1.62433e-11
0.65 1.05586e-10 -2.7249 -1.44338e-11
0.66 8.53571e-11 -2.7249 -1.16684e-11
0.67 -4.27415e-11 -2.7249 5.84282e-12
0.68 -9.62767e-11 -2.7249 1.31612e-11
0.69 -9.61887e-11 -2.7249 1.31491e-11
0.7 -5.24164e-11 -2.7249 7.1654e-12
0.71 -8.08843e-11 -2.7249 1.1057e-11
0.72 -1.16977e-10 -2.7249 1.59909e-11
0.73 -1.34359e-10 -2.7249 1.83671e-11
0.74 -8.65902e-11 -2.7249 1.1837e-11
0.75 -6.06283e-12 -2.7249 8.28798e-13
0.76 4.77574e-11 -2.7249 -6.52851e-12
0.77 7.00178e-11 -2.7249 -9.57153e-12
0.78 4.54065e-11 -2.7249 -6.20713e-12
0.79 4.5006e-11 -2.7249 -6.15239e-12
0.8 1.61052e-11 -2.7249 -2.20161e-12
0.81 1.40768e-11 -2.7249 -1.92432e-12
0.82 -5.75943e-11 -2.7249 7.87323e-12
0.83 -8.52699e-11 -2.7249 1.16565e-11
0.84 -7.27816e-11 -2.7249 9.94934e-12
0.85 5.76323e-11 -2.7249 -7.87841e-12
0.86 1.26939e-10 -2.7249 -1.73528e-11
0.87 1.71667e-10 -2.7249 -2.34671e-11
0.88 5.43734e-11 -2.7249 -7.43291e-12
0.89 -8.9554e-11 -2.7249 1.22422e-11
0.9 -2.27344e-10 -2.7249 3.10783e-11
0.91 -2.18352e-10 -2.7249 2.9849e-11
0.92 -2.05217e-10 -2.7249 2.80535e-11
0.93 -1.534e-10 -2.7249 2.097e-11
0.94 -8.08341e-11 -2.7249 1.10501e-11
0.95 5.73829e-11 -2.7249 -7.84432e-12
0.96 4.09053e-11 -2.7249 -5.59182e-12
0.97 -5.53416e-11 -2.7249 7.56527e-12
0.98 -2.58278e-11 -2.7249 3.5307e-12
0.99 1.46213e-10 -2.7249 -1.99875e-11
1 2.71314e-10 -2.7249 -3.7089e-11
1.01 1.72477e-10 -2.7249 -2.35779e-11
1.02 -4.0714e-11 -2.7249 5.56566e-12
1.03 -1.43852e-10 -2.7249 1.96647e-11
1.04 3.46651e-11 -2.7249 -4.73876e-12
1.05 3.16998e-10 -2.7249 -4.3334e-11
1.06 5.46938e-10 -2.7249 -7.47671e-11
1.07 4.4785e-10 -2.7249 -6.12217e-11
1.08 2.35545e-10 -2.7249 -3.21993e-11
1.09 4.80176e-11 -2.7249 -6.56407e-12
1.1 -8.67964e-11 -2.7249 1.18652e-11
1.11 -2.96881e-10 -2.7249 4.0584e-11
1.12 -3.57673e-10 -2.7249 4.88944e-11
1.13 -3.44667e-10 -2.7249 4.71164e-11
1.14 -2.25739e-10 -2.7249 3.08588e-11
1.15 -9.62041e-11 -2.7249 1.31512e-11
1.16 3.31048e-11 -2.7249 -4.52548e-12
1.17 4.16536e-11 -2.7249 -5.6941e-12
1.18 -3.57577e-11 -2.7249 4.88813e-12
1.19 -3.00871e-10 -2.7249 4.11295e-11
1.2 -5.6925e-10 -2.7249 7.78172e-11
1.21 -6.23015e-10 -2.7249 8.5167e-11
1.22 -4.79778e-10 -2.7249 6.55863e-11
1.23 -3.87435e-10 -2.7249 5.2963e-11
1.24 -2.98618e-10 -2.7249 4.08214e-11
1.25 3.76284e-11 -2.7249 -5.14386e-12
1.26 3.21208e-10 -2.7249 -4.39096e-11
1.27 2.15995e-10 -2.7249 -2.95269e-11
1.28 -1.38373e-10 -2.7249 1.89158e-11
1.29 -3.75074e-10 -2.7249 5.12731e-11
1.3 -4.30258e-10 -2.7249 5.88169e-11
1.31 -3.0706e-10 -2.7249 4.19755e-11
1.32 -1.19991e-10 -2.7249 1.64029e-11
1.33 2.67402e-10 -2.7249 -3.65543e-11
1.34 4.82166e-10 -2.7249 -6.59128e-11
1.35 3.39434e-10 -2.7249 -4.6401e-11
1.36 1.93145e-11 -2.7249 -2.64032e-12
1.37 -2.13977e-10 -2.7249 2.92509e-11
1.38 -4.43209e-10 -2.7249 6.05873e-11
1.39 -4.92875e-10 -2.7249 6.73767e-11
1.4 -3.96521e-10 -2.7249 5.4205e-11
1.41 -2.37803e-10 -2.7249 3.2508e-11
1.42 -1.47271e-10 -2.7249 2.01322e-11
1.43 -5.36486e-11 -2.7249 7.33384e-12
1.44 9.13242e-12 -2.7249 -1.24841e-12
1.45 -6.36868e-12 -2.7249 8.70608e-13
1.46 -1.22027e-10 -2.7249 1.66812e-11
1.47 -2.517e-10 -2.7249 3.44077e-11
1.48 -3.33972e-10 -2.7249 4.56544e-11
1.49 -3.132e-10 -2.7249 4.28149e-11
1.5 -1.38771e-10 -2.7249 1.89701e-11
1.51 1.4472e-10 -2.7249 -1.97834e-11
1.52 3.02075e-10 -2.7249 -4.12941e-11
1.53 1.86189e-10 -2.7249 -2.54522e-11
1.54 2.7171e-10 -2.7249 -3.71431e-11
1.55 4.14094e-10 -2.7249 -5.66072e-11
1.56 2.1308e-10 -2.7249 -2.91283e-11
1.57 -1.73241e-10 -2.7249 2.36822e-11
1.58 -1.86291e-10 -2.7249 2.54663e-11
1.59 4.5042e-11 -2.7249 -6.15731e-12
1.6 2.82441e-10 -2.7249 -3.86101e-11
1.61 3.82455e-10 -2.7249 -5.22821e-11
1.62 3.81097e-10 -2.7249 -5.20964e-11
1.63 1.62034e-10 -2.7249 -2.21503e-11
1.64 -1.65489e-11 -2.7249 2.26226e-12
1.65 6.38839e-11 -2.7249 -8.73302e-12
1.66 2.77251e-10 -2.7249 -3.79006e-11
1.67 6.57675e-11 -2.7249 -8.99051e-12
1.68 -3.49356e-10 -2.7249 4.77574e-11
1.69 -3.58529e-10 -2.7249 4.90114e-11
1.7 -6.08698e-13 -2.7249 8.32098e-14
1.71 3.29133e-10 -2.7249 -4.4993e-11
1.72 5.11513e-10 -2.7249 -6.99245e-11
1.73 5.21807e-10 -2.7249 -7.13318e-11
1.74 2.50063e-10 -2.7249 -3.4184e-11
1.75 -1.26463e-10 -2.7249 1.72877e-11
1.76 -3.80956e-10 -2.7249 5.20772e-11
1.77 -4.36388e-10 -2.7249 5.96549e-11
1.78 -4.60731e-10 -2.7249 6.29825e-11
1.79 -3.16813e-10 -2.7249 4.33088e-11
1.8 5.9769e-11 -2.7249 -8.17051e-12
1.81 5.90203e-10 -2.7249 -8.06815e-11
1.82 7.86263e-10 -2.7249 -1.07483e-10
1.83 2.49751e-10 -2.7249 -3.41413e-11
1.84 -6.43267e-10 -2.7249 8.79355e-11
1.85 -9.34886e-10 -2.7249 1.278e-10
1.86 -4.43294e-10 -2.7249 6.05989e-11
1.87 4.1407e-10 -2.7249 -5.6604e-11
1.88 1.07078e-09 -2.7249 -1.46377e-10
1.89 1.26151e-09 -2.7249 -1.72451e-10
1.9 9.4206e-10 -2.7249 -1.28781e-10
1.91 5.8574e-10 -2.7249 -8.00715e-11
1.92 3.08496e-10 -2.7249 -4.21718e-11
1.93 -1.04148e-10 -2.7249 1.42372e-11
1.94 -4.60283e-10 -2.7249 6.29213e-11
1.95 -3.40276e-10 -2.7249 4.65162e-11
1.96 -8.81831e-12 -2.7249 1.20548e-12
1.97 1.77222e-10 -2.7249 -2.42265e-11
1.98 2.32152e-10 -2.7249 -3.17354e-11
1.99 2.12751e-10 -2.7249 -2.90834e-11
2 1.23275e-11 -2.7249 -1.68519e-12
2.01 -2.25657e-10 -2.7249 3.08477e-11
2.02 -1.10446e-10 -2.7249 1.50982e-11
2.03 2.49963e-10 -2.7249 -3.41703e-11
2.04 5.36396e-10 -2.7249 -7.33261e-11
2.05 5.89776e-10 -2.7249 -8.06232e-11
2.06 5.42909e-10 -2.7249 -7.42164e-11
2.07 2.90811e-10 -2.7249 -3.97543e-11
2.08 8.11466e-12 -2.7249 -1.10929e-12
2.09 -3.36906e-11 -2.7249 4.60555e-12
2.1 2.35713e-10 -2.7249 -3.22223e-11
2.11 4.45344e-10 -2.7249 -6.08791e-11
2.12 4.47894e-10 -2.7249 -6.12277e-11
2.13 2.72419e-10 -2.7249 -3.724e-11
2.14 1.22226e-10 -2.7249 -1.67085e-11
2.15 -1.15441e-10 -2.7249 1.5781e-11
2.16 -4.61332e-10 -2.7249 6.30648e-11
2.17 -6.82613e-10 -2.7249 9.33142e-11
2.18 -5.5416e-10 -2.7249 7.57545e-11
2.19 -2.69587e-10 -2.7249 3.68529e-11
2.2 2.70081e-11 -2.7249 -3.69205e-12
2.21 1.26226e-10 -2.7249 -1.72553e-11
2.22 -1.74074e-10 -2.7249 2.37962e-11
2.23 -6.92402e-10 -2.7249 9.46523e-11
2.24 -9.12359e-10 -2.7249 1.24721e-10
2.25 -6.57974e-10 -2.7249 8.9946e-11
2.26 -2.68195e-10 -2.7249 3.66626e-11
2.27 3.37431e-11 -2.7249 -4.61273e-12
2.28 2.24535e-10 -2.7249 -3.06943e-11
2.29 2.96266e-10 -2.7249 -4.04999e-11
2.3 1.30787e-10 -2.7249 -1.78788e-11
2.31 -1.23629e-10 -2.7249 1.69002e-11
2.32 -3.48463e-10 -2.7249 4.76354e-11
2.33 -3.06897e-10 -2.7249 4.19533e-11
2.34 -2.3462e-11 -2.7249 3.20729e-12
2.35 1.6434e-10 -2.7249 -2.24655e-11
2.36 -1.3992e-10 -2.7249 1.91273e-11
2.37 -4.77077e-10 -2.7249 6.52172e-11
2.38 -4.05497e-10 -2.7249 5.5432e-11
2.39 -5.69135e-11 -2.7249 7.78015e-12
2.4 -8.27337e-12 -2.7249 1.13098e-12
2.41 -4.62755e-10 -2.7249 6.32593e-11
2.42 -1.12247e-09 -2.7249 1.53443e-10
2.43 -1.44365e-09 -2.7249 1.97348e-10
2.44 -1.18342e-09 -2.7249 1.61775e-10
2.45 -5.85428e-10 -2.7249 8.00288e-11
2.46 -9.15368e-11 -2.7249 1.25132e-11
2.47 2.00968e-10 -2.7249 -2.74726e-11
2.48 3.64976e-10 -2.7249 -4.98927e-11
2.49 2.92134e-10 -2.7249 -3.99352e-11
2.5 -1.09951e-11 -2.7249 1.50305e-12
2.51 -3.24083e-10 -2.7249 4.43026e-11
2.52 -4.95224e-10 -2.7249 6.76978e-11
2.53 -5.59044e-10 -2.7249 7.64221e-11
2.54 -4.07264e-10 -2.7249 5.56735e-11
2.55 -7.72223e-11 -2.7249 1.05564e-11
2.56 2.9817e-10 -2.7249 -4.07603e-11
2.57 4.10066e-10 -2.7249 -5.60566e-11
2.58 9.02167e-11 -2.7249 -1.23327e-11
2.59 -5.31571e-10 -2.7249 7.26665e-11
2.6 -1.05076e-09 -2.7249 1.4364e-10
2.61 -1.25318e-09 -2.7249 1.71311e-10
2.62 -1.15847e-09 -2.7249 1.58364e-10
2.63 -1.01285e-09 -2.7249 1.38458e-10
2.64 -7.33853e-10 -2.7249 1.00319e-10
2.65 -2.74788e-10 -2.7249 3.7564e-11
2.66 1.11971e-10 -2.7249 -1.53066e-11
2.67 2.95298e-10 -2.7249 -4.03677e-11
2.68 6.41291e-10 -2.7249 -8.76654e-11
2.69 1.15763e-09 -2.7249 -1.58249e-10
2.7 1.35792e-09 -2.7249 -1.8563e-10
2.71 1.08255e-09 -2.7249 -1.47986e-10
2.72 7.63617e-10 -2.7249 -1.04388e-10
2.73 6.48198e-10 -2.7249 -8.86096e-11
2.74 6.03909e-10 -2.7249 -8.25552e-11
2.75 5.00133e-10 -2.7249 -6.83689e-11
2.76 3.38521e-10 -2.7249 -4.62763e-11
2.77 1.44849e-10 -2.7249 -1.9801e-11
2.78 -1.09092e-10 -2.7249 1.49131e-11
2.79 -4.01395e-10 -2.7249 5.48712e-11
2.8 -6.35849e-10 -2.7249 8.69215e-11
2.81 -3.38718e-10 -2.7249 4.63032e-11
2.82 4.89894e-10 -2.7249 -6.69691e-11
2.83 1.24842e-09 -2.7249 -1.7066e-10
2.84 1.42555e-09 -2.7249 -1.94875e-10
2.85 1.05644e-09 -2.7249 -1.44417e-10
2.86 4.91411e-10 -2.7249 -6.71765e-11
2.87 3.96301e-11 -2.7249 -5.41749e-12
2.88 -3.12259e-10 -2.7249 4.26862e-11
2.89 -5.58348e-10 -2.7249 7.63269e-11
2.9 -5.9024e-10 -2.7249 8.06866e-11
2.91 -3.06918e-10 -2.7249 4.19561e-11
2.92 9.2689e-11 -2.7249 -1.26707e-11
2.93 4.83047e-10 -2.7249 -6.60333e-11
2.94 8.24574e-10 -2.7249 -1.1272e-10
2.95 9.90381e-10 -2.7249 -1.35386e-10
2.96 7.31974e-10 -2.7249 -1.00062e-10
2.97 1.12915e-10 -2.7249 -1.54357e-11
2.98 -7.00691e-10 -2.7249 9.57855e-11
2.99 -1.42657e-09 -2.7249 1.95014e-10
3 -1.73128e-09 -2.7249 2.36668e-10
3.01 -1.56764e-09 -2.7249 2.14299e-10
3.02 -1.17881e-09 -2.7249 1.61145e-10
3.03 -7.56878e-10 -2.7249 1.03466e-10
3.04 -4.07709e-10 -2.7249 5.57344e-11
3.05 -5.14792e-10 -2.7249 7.03728e-11
3.06 -1.08066e-09 -2.7249 1.47728e-10
3.07 -1.57949e-09 -2.7249 2.15919e-10
3.08 -1.36453e-09 -2.7249 1.86533e-10
3.09 -7.24815e-10 -2.7249 9.90832e-11
3.1 -2.96343e-10 -2.7249 4.05105e-11
3.11 -1.94257e-10 -2.7249 2.65552e-11
3.12 -2.51321e-10 -2.7249 3.43559e-11
3.13 -4.97425e-10 -2.7249 6.79987e-11
3.14 -7.65122e-10 -2.7249 1.04593e-10
3.15 -8.40334e-10 -2.7249 1.14875e-10
3.16 -7.47189e-10 -2.7249 1.02142e-10
3.17 -7.88569e-10 -2.7249 1.07799e-10
3.18 -8.54947e-10 -2.7249 1.16872e-10
3.19 -3.55806e-10 -2.7249 4.86392e-11
3.2 5.26482e-10 -2.7249 -7.19709e-11
3.21 9.4846e-10 -2.7249 -1.29656e-10
3.22 7.95495e-10 -2.7249 -1.08745e-10
3.23 3.93293e-10 -2.7249 -5.37637e-11
3.24 -6.07904e-11 -2.7249 8.31013e-12
3.25 -4.10382e-10 -2.7249 5.60998e-11
3.26 -6.09112e-10 -2.7249 8.32664e-11
3.27 -7.14236e-10 -2.7249 9.7637e-11
3.28 -6.8076e-10 -2.7249 9.30609e-11
3.29 -3.53894e-10 -2.7249 4.83778e-11
3.3 7.86167e-11 -2.7249 -1.0747e-11
3.31 3.84887e-10 -2.7249 -5.26146e-11
3.32 5.7648e-10 -2.7249 -7.88057e-11
3.33 8.44291e-10 -2.7249 -1.15416e-10
3.34 1.13987e-09 -2.7249 -1.55822e-10
3.35 1.40944e-09 -2.7249 -1.92672e-10
3.36 1.62609e-09 -2.7249 -2.22289e-10
3.37 1.66891e-09 -2.7249 -2.28143e-10
3.38 1.21178e-09 -2.7249 -1.65653e-10
3.39 2.98635e-10 -2.7249 -4.08238e-11
3.4 -8.53874e-10 -2.7249 1.16726e-10
3.41 -1.92698e-09 -2.7249 2.6342e-10
3.42 -2.57581e-09 -2.7249 3.52117e-10
3.43 -2.54843e-09 -2.7249 3.48374e-10
3.44 -2.07429e-09 -2.7249 2.83559e-10
3.45 -1.56238e-09 -2.7249 2.1358e-10
3.46 -1.12018e-09 -2.7249 1.5313e-10
3.47 -6.66884e-10 -2.7249 9.11639e-11
3.48 -3.53963e-10 -2.7249 4.83872e-11
3.49 -4.21207e-10 -2.7249 5.75795e-11
3.5 -6.85763e-10 -2.7249 9.37448e-11
3.51 -9.28251e-10 -2.7249 1.26893e-10
3.52 -1.03092e-09 -2.7249 1.40928e-10
3.53 -9.15106e-10 -2.7249 1.25096e-10
3.54 -5.10448e-10 -2.7249 6.97789e-11
3.55 6.25423e-11 -2.7249 -8.54962e-12
3.56 7.38057e-10 -2.7249 -1.00893e-10
3.57 1.43483e-09 -2.7249 -1.96144e-10
3.58 2.16583e-09 -2.7249 -2.96072e-10
3.59 2.81457e-09 -2.7249 -3.84756e-10
3.6 3.22254e-09 -2.7249 -4.40525e-10
3.61 3.01043e-09 -2.7249 -4.1153e-10
3.62 2.17205e-09 -2.7249 -2.96923e-10
3.63 7.94526e-10 -2.7249 -1.08613e-10
3.64 -9.90743e-10 -2.7249 1.35436e-10
3.65 -2.58151e-09 -2.7249 3.52896e-10
3.66 -2.73119e-09 -2.7249 3.73357e-10
3.67 -1.40373e-09 -2.7249 1.91891e-10
3.68 2.23818e-10 -2.7249 -3.05962e-11
3.69 1.58821e-09 -2.7249 -2.17111e-10
3.7 2.90618e-09 -2.7249 -3.97279e-10
3.71 3.94884e-09 -2.7249 -5.39811e-10
3.72 3.95777e-09 -2.7249 -5.41033e-10
3.73 3.08025e-09 -2.7249 -4.21075e-10
3.74 1.81358e-09 -2.7249 -2.47919e-10
3.75 1.96307e-10 -2.7249 -2.68354e-11
3.76 -1.84275e-09 -2.7249 2.51907e-10
3.77 -3.13144e-09 -2.7249 4.28072e-10
3.78 -2.67045e-09 -2.7249 3.65054e-10
3.79 -1.09778e-09 -2.7249 1.50068e-10
3.8 5.18331e-10 -2.7249 -7.08566e-11
3.81 1.97432e-09 -2.7249 -2.69893e-10
3.82 3.14578e-09 -2.7249 -4.30032e-10
3.83 3.80874e-09 -2.7249 -5.2066e-10
3.84 3.76784e-09 -2.7249 -5.15069e-10
3.85 3.11921e-09 -2.7249 -4.26401e-10
3.86 2.17501e-09 -2.7249 -2.97327e-10
3.87 1.3338e-09 -2.7249 -1.82332e-10
3.88 3.95781e-10 -2.7249 -5.41038e-11
3.89 -7.77794e-10 -2.7249 1.06325e-10
3.9 -1.59861e-09 -2.7249 2.18533e-10
3.91 -1.70912e-09 -2.7249 2.33639e-10
3.92 -1.45607e-09 -2.7249 1.99047e-10
3.93 -9.52736e-10 -2.7249 1.3024e-10
3.94 -1.23567e-10 -2.7249 1.68918e-11
3.95 7.65216e-10 -2.7249 -1.04606e-10
3.96 1.16351e-09 -2.7249 -1.59053e-10
3.97 9.37905e-10 -2.7249 -1.28213e-10
3.98 4.87069e-10 -2.7249 -6.6583e-11
3.99 3.97245e-12 -2.7249 -5.43039e-13
4 -4.93767e-10 -2.7249 6.74986e-11
4.01 -9.65948e-10 -2.7249 1.32046e-10
4.02 -8.67682e-10 -2.7249 1.18613e-10
4.03 9.97738e-11 -2.7249 -1.36392e-11
4.04 1.26763e-09 -2.7249 -1.73287e-10
4.05 1.53051e-09 -2.7249 -2.09223e-10
4.06 1.01269e-09 -2.7249 -1.38436e-10
4.07 5.21179e-10 -2.7249 -7.1246e-11
4.08 5.7293e-10 -2.7249 -7.83203e-11
4.09 9.1199e-10 -2.7249 -1.2467e-10
4.1 1.29826e-09 -2.7249 -1.77474e-10
4.11 1.76545e-09 -2.7249 -2.4134e-10
4.12 2.31596e-09 -2.7249 -3.16595e-10
4.13 2.29801e-09 -2.7249 -3.14141e-10
4.14 1.3148e-09 -2.7249 -1.79735e-10
4.15 -1.98144e-10 -2.7249 2.70866e-11
4.16 -1.37954e-09 -2.7249 1.88585e-10
4.17 -1.79108e-09 -2.7249 2.44843e-10
4.18 -1.64748e-09 -2.7249 2.25213e-10
4.19 -1.20193e-09 -2.7249 1.64306e-10
4.2 -5.7742e-10 -2.7249 7.89342e-11
4.21 1.24e-11 -2.7249 -1.6951e-12
4.22 2.68021e-10 -2.7249 -3.66388e-11
4.23 4.28309e-10 -2.7249 -5.85504e-11
4.24 7.48811e-10 -2.7249 -1.02364e-10
4.25 9.10142e-10 -2.7249 -1.24418e-10
4.26 4.69884e-10 -2.7249 -6.42337e-11
4.27 -2.30883e-10 -2.7249 3.1562e-11
4.28 -6.86194e-10 -2.7249 9.38036e-11
4.29 -8.2129e-10 -2.7249 1.12271e-10
4.3 -1.10718e-09 -2.7249 1.51353e-10
4.31 -1.58523e-09 -2.7249 2.16704e-10
4.32 -1.93084e-09 -2.7249 2.63949e-10
4.33 -1.88305e-09 -2.7249 2.57416e-10
4.34 -1.70162e-09 -2.7249 2.32614e-10
4.35 -1.53629e-09 -2.7249 2.10013e-10
4.36 -1.36513e-09 -2.7249 1.86616e-10
4.37 -1.08139e-09 -2.7249 1.47828e-10
4.38 -9.32882e-10 -2.7249 1.27526e-10
4.39 -1.02696e-09 -2.7249 1.40387e-10
4.4 -1.22186e-09 -2.7249 1.6703e-10
4.41 -1.25276e-09 -2.7249 1.71253e-10
4.42 -1.13141e-09 -2.7249 1.54666e-10
4.43 -1.08439e-09 -2.7249 1.48238e-10
4.44 -1.44439e-09 -2.7249 1.9745e-10
4.45 -1.91583e-09 -2.7249 2.61896e-10
4.46 -1.80901e-09 -2.7249 2.47295e-10
4.47 -1.0597e-09 -2.7249 1.44863e-10
4.48 2.26327e-11 -2.7249 -3.09392e-12
4.49 5.77239e-10 -2.7249 -7.89094e-11
4.5 3.64269e-10 -2.7249 -4.97961e-11
4.51 3.01071e-11 -2.7249 -4.11568e-12
4.52 3.07906e-10 -2.7249 -4.20911e-11
4.53 8.85175e-10 -2.7249 -1.21005e-10
4.54 1.30199e-09 -2.7249 -1.77983e-10
4.55 1.25531e-09 -2.7249 -1.71603e-10
4.56 8.55665e-10 -2.7249 -1.16971e-10
4.57 1.01613e-10 -2.7249 -1.38907e-11
4.58 -6.53717e-10 -2.7249 8.9364e-11
4.59 -6.56005e-10 -2.7249 8.96768e-11
4.6 1.73123e-10 -2.7249 -2.36661e-11
4.61 1.06374e-09 -2.7249 -1.45415e-10
4.62 1.69526e-09 -2.7249 -2.31745e-10
4.63 2.10436e-09 -2.7249 -2.87669e-10
4.64 2.19451e-09 -2.7249 -2.99992e-10
4.65 1.86913e-09 -2.7249 -2.55513e-10
4.66 1.39481e-09 -2.7249 -1.90673e-10
4.67 1.06677e-09 -2.7249 -1.45829e-10
4.68 1.12457e-09 -2.7249 -1.53731e-10
4.69 1.5796e-09 -2.7249 -2.15934e-10
4.7 1.75948e-09 -2.7249 -2.40523e-10
4.71 1.064e-09 -2.7249 -1.4545e-10
4.72 -1.41308e-10 -2.7249 1.9317e-11
4.73 -9.62217e-10 -2.7249 1.31536e-10
4.74 -1.2332e-09 -2.7249 1.6858e-10
4.75 -1.16024e-09 -2.7249 1.58606e-10
4.76 -7.75601e-10 -2.7249 1.06026e-10
4.77 -1.25966e-11 -2.7249 1.72198e-12
4.78 8.65591e-10 -2.7249 -1.18328e-10
4.79 1.71703e-09 -2.7249 -2.34721e-10
4.8 2.00631e-09 -2.7249 -2.74266e-10
4.81 1.29488e-09 -2.7249 -1.77012e-10
4.82 -2.60801e-10 -2.7249 3.56518e-11
4.83 -2.06046e-09 -2.7249 2.81668e-10
4.84 -3.43616e-09 -2.7249 4.69727e-10
4.85 -3.74761e-09 -2.7249 5.12303e-10
4.86 -3.3054e-09 -2.7249 4.51852e-10
4.87 -2.94835e-09 -2.7249 4.03044e-10
4.88 -3.08565e-09 -2.7249 4.21812e-10
4.89 -2.93412e-09 -2.7249 4.01098e-10
4.9 -1.57468e-09 -2.7249 2.15261e-10
4.91 6.11193e-10 -2.7249 -8.3551e-11
4.92 2.47301e-09 -2.7249 -3.38064e-10
4.93 3.39801e-09 -2.7249 -4.64512e-10
4.94 3.42365e-09 -2.7249 -4.68018e-10
4.95 2.78595e-09 -2.7249 -3.80843e-10
4.96 1.60003e-09 -2.7249 -2.18726e-10
4.97 -1.38281e-12 -2.7249 1.89032e-13
4.98 -1.56518e-09 -2.7249 2.13963e-10
4.99 -2.82352e-09 -2.7249 3.85979e-10
5 -3.43736e-09 -2.7249 4.69892e-10
5.01 -3.26132e-09 -2.7249 4.45828e-10
5.02 -2.65434e-09 -2.7249 3.62852e-10
5.03 -2.10332e-09 -2.7249 2.87527e-10
5.04 -1.65117e-09 -2.7249 2.25718e-10
5.05 -1.29678e-09 -2.7249 1.77271e-10
5.06 -9.10651e-10 -2.7249 1.24487e-10
5.07 -2.86019e-10 -2.7249 3.90992e-11
5.08 6.56961e-10 -2.7249 -8.98074e-11
5.09 1.19913e-09 -2.7249 -1.63922e-10
5.1 6.82592e-10 -2.7249 -9.33113e-11
5.11 -4.25314e-10 -2.7249 5.81411e-11
5.12 -8.94622e-10 -2.7249 1.22296e-10
5.13 -3.86549e-10 -2.7249 5.28417e-11
5.14 3.67677e-10 -2.7249 -5.02619e-11
5.15 7.76456e-10 -2.7249 -1.06143e-10
5.16 9.03024e-10 -2.7249 -1.23445e-10
5.17 6.84909e-10 -2.7249 -9.36281e-11
5.18 7.91606e-11 -2.7249 -1.08214e-11
5.19 -5.82421e-10 -2.7249 7.96177e-11
5.2 -7.77333e-10 -2.7249 1.06262e-10
5.21 -4.48152e-10 -2.7249 6.12631e-11
5.22 6.51074e-12 -2.7249 -8.90027e-13
5.23 3.85342e-10 -2.7249 -5.26767e-11
5.24 6.15859e-10 -2.7249 -8.41888e-11
5.25 7.55672e-10 -2.7249 -1.03301e-10
5.26 1.20654e-09 -2.7249 -1.64935e-10
5.27 1.64899e-09 -2.7249 -2.2542e-10
5.28 1.4239e-09 -2.7249 -1.94649e-10
5.29 1.10067e-09 -2.7249 -1.50463e-10
5.3 1.33975e-09 -2.7249 -1.83146e-10
5.31 1.5701e-09 -2.7249 -2.14635e-10
5.32 7.81997e-10 -2.7249 -1.069e-10
5.33 -7.21521e-10 -2.7249 9.86329e-11
5.34 -2.05675e-09 -2.7249 2.8116e-10
5.35 -2.2451e-09 -2.7249 3.06908e-10
5.36 -1.38838e-09 -2.7249 1.89794e-10
5.37 -2.73032e-10 -2.7249 3.73238e-11
5.38 3.12175e-10 -2.7249 -4.26747e-11
5.39 2.79035e-11 -2.7249 -3.81445e-12
5.4 -7.41501e-10 -2.7249 1.01364e-10
5.41 -9.25019e-10 -2.7249 1.26451e-10
5.42 -2.49773e-10 -2.7249 3.41443e-11
5.43 7.02198e-10 -2.7249 -9.59914e-11
5.44 1.38925e-09 -2.7249 -1.89912e-10
5.45 1.46072e-09 -2.7249 -1.99683e-10
5.46 7.16532e-10 -2.7249 -9.79509e-11
5.47 -4.16322e-10 -2.7249 5.69117e-11
5.48 -1.12705e-09 -2.7249 1.54069e-10
5.49 -7.85047e-10 -2.7249 1.07317e-10
5.5 3.31596e-10 -2.7249 -4.53296e-11
5.51 1.3482e-09 -2.7249 -1.84301e-10
5.52 1.48392e-09 -2.7249 -2.02853e-10
5.53 4.56884e-10 -2.7249 -6.24566e-11
5.54 -9.90061e-10 -2.7249 1.35343e-10
5.55 -2.12868e-09 -2.7249 2.90993e-10
5.56 -2.17698e-09 -2.7249 2.97596e-10
5.57 -1.04458e-09 -2.7249 1.42796e-10
5.58 4.96847e-10 -2.7249 -6.79196e-11
5.59 8.81462e-10 -2.7249 -1.20497e-10
5.6 1.67371e-10 -2.7249 -2.28798e-11
5.61 -6.56896e-10 -2.7249 8.97986e-11
5.62 -1.03352e-09 -2.7249 1.41283e-10
5.63 -1.04557e-09 -2.7249 1.4293e-10
5.64 -7.92721e-10 -2.7249 1.08366e-10
5.65 -4.66071e-10 -2.7249 6.37125e-11
5.66 -1.93599e-10 -2.7249 2.64652e-11
5.67 -4.00909e-12 -2.7249 5.48048e-13
5.68 1.65432e-10 -2.7249 -2.26147e-11
5.69 3.33545e-10 -2.7249 -4.5596e-11
5.7 4.29194e-10 -2.7249 -5.86714e-11
5.71 4.63784e-10 -2.7249 -6.33999e-11
5.72 4.61014e-10 -2.7249 -6.30213e-11
5.73 4.92463e-10 -2.7249 -6.73203e-11
5.74 5.03513e-10 -2.7249 -6.88309e-11
5.75 5.3775e-10 -2.7249 -7.35112e-11
5.76 5.46652e-10 -2.7249 -7.47281e-11
5.77 6.40457e-10 -2.7249 -8.75514e-11
5.78 8.55415e-10 -2.7249 -1.16936e-10
5.79 1.36241e-09 -2.7249 -1.86243e-10
5.8 1.87247e-09 -2.7249 -2.5597e-10
5.81 1.94152e-09 -2.7249 -2.65409e-10
5.82 1.30025e-09 -2.7249 -1.77746e-10
5.83 2.63008e-10 -2.7249 -3.59536e-11
5.84 -9.69463e-10 -2.7249 1.32527e-10
5.85 -1.43442e-09 -2.7249 1.96088e-10
5.86 -8.216e-10 -2.7249 1.12314e-10
5.87 2.25949e-10 -2.7249 -3.08876e-11
5.88 1.16167e-09 -2.7249 -1.58802e-10
5.89 1.83354e-09 -2.7249 -2.50647e-10
5.9 1.76177e-09 -2.7249 -2.40836e-10
5.91 7.34021e-10 -2.7249 -1.00342e-10
5.92 -7.23667e-10 -2.7249 9.89263e-11
5.93 -1.73123e-09 -2.7249 2.36662e-10
5.94 -1.74839e-09 -2.7249 2.39007e-10
5.95 -1.32621e-09 -2.7249 1.81295e-10
5.96 -7.08039e-10 -2.7249 9.67899e-11
5.97 4.76876e-10 -2.7249 -6.51895e-11
5.98 2.25015e-09 -2.7249 -3.07599e-10
5.99 3.63373e-09 -2.7249 -4.96736e-10
6 3.67461e-09 -2.7249 -5.02324e-10
6.01 2.51958e-09 -2.7249 -3.44431e-10
6.02 1.19663e-09 -2.7249 -1.63581e-10
6.03 -1.64183e-10 -2.7249 2.2444e-11
6.04 -1.73624e-09 -2.7249 2.37346e-10
6.05 -3.17982e-09 -2.7249 4.34686e-10
6.06 -2.98965e-09 -2.7249 4.0869e-10
6.07 -1.13296e-09 -2.7249 1.54878e-10
6.08 7.41608e-10 -2.7249 -1.01379e-10
6.09 1.67106e-09 -2.7249 -2.28436e-10
6.1 1.50642e-09 -2.7249 -2.0593e-10
6.11 3.9811e-10 -2.7249 -5.44222e-11
6.12 -1.98732e-10 -2.7249 2.7167e-11
6.13 1.90421e-10 -2.7249 -2.60308e-11
6.14 5.16492e-10 -2.7249 -7.06052e-11
6.15 2.16596e-10 -2.7249 -2.9609e-11
6.16 9.33314e-11 -2.7249 -1.27585e-11
6.17 6.98632e-10 -2.7249 -9.55039e-11
6.18 1.47598e-09 -2.7249 -2.01769e-10
6.19 1.58381e-09 -2.7249 -2.16509e-10
6.2 4.9383e-10 -2.7249 -6.75073e-11
6.21 -1.0993e-09 -2.7249 1.50276e-10
6.22 -1.97084e-09 -2.7249 2.69417e-10
6.23 -1.35956e-09 -2.7249 1.85853e-10
6.24 -6.97562e-11 -2.7249 9.53577e-12
6.25 1.11065e-09 -2.7249 -1.51828e-10
6.26 1.69461e-09 -2.7249 -2.31656e-10
6.27 1.60836e-09 -2.7249 -2.19865e-10
6.28 9.35946e-10 -2.7249 -1.27945e-10
6.29 3.63675e-11 -2.7249 -4.97149e-12
6.3 -8.03758e-10 -2.7249 1.09875e-10
6.31 -8.25475e-10 -2.7249 1.12844e-10
6.32 7.70282e-11 -2.7249 -1.05299e-11
6.33 1.3253e-09 -2.7249 -1.81171e-10
6.34 2.33837e-09 -2.7249 -3.19658e-10
6.35 2.7859e-09 -2.7249 -3.80837e-10
6.36 2.46606e-09 -2.7249 -3.37114e-10
6.37 1.41765e-09 -2.7249 -1.93795e-10
6.38 -5.33172e-10 -2.7249 7.28853e-11
6.39 -2.49891e-09 -2.7249 3.41604e-10
6.4 -3.47607e-09 -2.7249 4.75183e-10
6.41 -3.65732e-09 -2.7249 4.9996e-10
6.42 -3.20023e-09 -2.7249 4.37476e-10
6.43 -2.28283e-09 -2.7249 3.12066e-10
6.44 -1.15343e-09 -2.7249 1.57676e-10
6.45 -1.75253e-10 -2.7249 2.39574e-11
6.46 6.51863e-10 -2.7249 -8.91106e-11
6.47 1.34239e-09 -2.7249 -1.83506e-10
6.48 2.12911e-09 -2.7249 -2.91052e-10
6.49 2.98227e-09 -2.7249 -4.07681e-10
6.5 3.44103e-09 -2.7249 -4.70394e-10
6.51 2.6776e-09 -2.7249 -3.66032e-10
6.52 1.33331e-09 -2.7249 -1.82265e-10
6.53 5.20152e-10 -2.7249 -7.11055e-11
6.54 5.09309e-10 -2.7249 -6.96232e-11
6.55 5.02646e-10 -2.7249 -6.87124e-11
6.56 2.17687e-10 -2.7249 -2.9758e-11
6.57 8.13942e-11 -2.7249 -1.11267e-11
6.58 5.35449e-10 -2.7249 -7.31966e-11
6.59 1.02678e-09 -2.7249 -1.40362e-10
6.6 8.14344e-10 -2.7249 -1.11322e-10
6.61 -1.20107e-10 -2.7249 1.64188e-11
6.62 -1.01147e-09 -2.7249 1.38269e-10
6.63 -1.2221e-09 -2.7249 1.67063e-10
6.64 -8.4402e-10 -2.7249 1.15379e-10
6.65 -3.79008e-10 -2.7249 5.18109e-11
6.66 -9.4714e-11 -2.7249 1.29475e-11
6.67 2.09545e-10 -2.7249 -2.86451e-11
6.68 5.3858e-10 -2.7249 -7.36246e-11
6.69 4.94886e-10 -2.7249 -6.76517e-11
6.7 -1.41632e-10 -2.7249 1.93613e-11
6.71 -8.36639e-10 -2.7249 1.1437e-10
6.72 -1.17474e-09 -2.7249 1.60588e-10
6.73 -1.14408e-09 -2.7249 1.56397e-10
6.74 -1.07232e-09 -2.7249 1.46588e-10
6.75 -8.19069e-10 -2.7249 1.11968e-10
6.76 -2.81395e-10 -2.7249 3.84671e-11
6.77 6.69774e-10 -2.7249 -9.1559e-11
6.78 1.81453e-09 -2.7249 -2.48049e-10
6.79 3.22445e-09 -2.7249 -4.40787e-10
6.8 4.37363e-09 -2.7249 -5.97881e-10
6.81 4.83132e-09 -2.7249 -6.60448e-10
6.82 4.51168e-09 -2.7249 -6.16752e-10
6.83 3.77653e-09 -2.7249 -5.16258e-10
6.84 2.74743e-09 -2.7249 -3.75578e-10
6.85 1.80534e-09 -2.7249 -2.46792e-10
6.86 1.32761e-09 -2.7249 -1.81486e-10
6.87 1.21534e-09 -2.7249 -1.66138e-10
6.88 1.0988e-09 -2.7249 -1.50208e-10
6.89 8.50684e-10 -2.7249 -1.1629e-10
6.9 4.23413e-10 -2.7249 -5.78811e-11
6.91 -2.20095e-10 -2.7249 3.00874e-11
6.92 -8.56578e-10 -2.7249 1.17095e-10
6.93 -1.38759e-09 -2.7249 1.89685e-10
6.94 -1.69364e-09 -2.7249 2.31522e-10
6.95 -1.66195e-09 -2.7249 2.27191e-10
6.96 -1.20308e-09 -2.7249 1.64463e-10
6.97 -7.86454e-10 -2.7249 1.07509e-10
6.98 -6.74496e-10 -2.7249 9.22046e-11
6.99 -9.08399e-10 -2.7249 1.24179e-10
7 -1.21564e-09 -2.7249 1.6618e-10
7.01 -1.74571e-09 -2.7249 2.38641e-10
7.02 -2.10519e-09 -2.7249 2.87783e-10
7.03 -2.13996e-09 -2.7249 2.92536e-10
7.04 -1.82182e-09 -2.7249 2.49045e-10
7.05 -1.29247e-09 -2.7249 1.76683e-10
7.06 -4.23986e-10 -2.7249 5.79594e-11
7.07 7.98508e-10 -2.7249 -1.09157e-10
7.08 2.25913e-09 -2.7249 -3.08826e-10
7.09 3.17603e-09 -2.7249 -4.34168e-10
7.1 3.13954e-09 -2.7249 -4.2918e-10
7.11 2.69592e-09 -2.7249 -3.68536e-10
7.12 2.47086e-09 -2.7249 -3.3777e-10
7.13 2.44293e-09 -2.7249 -3.33952e-10
7.14 2.36651e-09 -2.7249 -3.23506e-10
7.15 2.24715e-09 -2.7249 -3.07188e-10
7.16 2.10657e-09 -2.7249 -2.87971e-10
7.17 1.97211e-09 -2.7249 -2.69591e-10
7.18 1.71805e-09 -2.7249 -2.3486e-10
7.19 1.30455e-09 -2.7249 -1.78334e-10
7.2 6.44998e-10 -2.7249 -8.81722e-11
7.21 1.46661e-10 -2.7249 -2.00487e-11
7.22 -1.42177e-10 -2.7249 1.94358e-11
7.23 -2.5633e-10 -2.7249 3.50406e-11
7.24 -3.03113e-10 -2.7249 4.1436e-11
7.25 2.85099e-11 -2.7249 -3.89734e-12
7.26 5.9361e-10 -2.7249 -8.11473e-11
7.27 1.23511e-09 -2.7249 -1.68842e-10
7.28 1.74731e-09 -2.7249 -2.3886e-10
7.29 2.0496e-09 -2.7249 -2.80184e-10
7.3 1.72427e-09 -2.7249 -2.35709e-10
7.31 9.25123e-10 -2.7249 -1.26466e-10
7.32 3.03326e-11 -2.7249 -4.1465e-12
7.33 -6.29748e-10 -2.7249 8.60874e-11
7.34 -8.54126e-10 -2.7249 1.1676e-10
7.35 -6.48981e-10 -2.7249 8.87166e-11
7.36 -3.57406e-10 -2.7249 4.88579e-11
7.37 -4.34411e-10 -2.7249 5.93846e-11
7.38 -1.11111e-09 -2.7249 1.5189e-10
7.39 -2.09206e-09 -2.7249 2.85987e-10
7.4 -2.71374e-09 -2.7249 3.70972e-10
7.41 -2.8984e-09 -2.7249 3.96215e-10
7.42 -2.93578e-09 -2.7249 4.01326e-10
7.43 -3.07828e-09 -2.7249 4.20804e-10
7.44 -3.10099e-09 -2.7249 4.23909e-10
7.45 -2.96375e-09 -2.7249 4.05149e-10
7.46 -2.71303e-09 -2.7249 3.70875e-10
7.47 -2.79519e-09 -2.7249 3.82106e-10
7.48 -3.30338e-09 -2.7249 4.51576e-10
7.49 -4.10341e-09 -2.7249 5.60942e-10
7.5 -4.81729e-09 -2.7249 6.5853e-10
7.51 -5.49306e-09 -2.7249 7.50909e-10
7.52 -5.86099e-09 -2.7249 8.01206e-10
7.53 -5.71298e-09 -2.7249 7.80972e-10
7.54 -5.18021e-09 -2.7249 7.08142e-10
7.55 -4.65829e-09 -2.7249 6.36795e-10
7.56 -4.11306e-09 -2.7249 5.62261e-10
7.57 -3.49639e-09 -2.7249 4.77961e-10
7.58 -2.87858e-09 -2.7249 3.93506e-10
7.59 -2.69425e-09 -2.7249 3.68308e-10
7.6 -3.12593e-09 -2.7249 4.27319e-10
7.61 -3.70531e-09 -2.7249 5.06521e-10
7.62 -3.90201e-09 -2.7249 5.33411e-10
7.63 -3.43241e-09 -2.7249 4.69216e-10
7.64 -2.5125e-09 -2.7249 3.43462e-10
7.65 -1.51684e-09 -2.7249 2.07354e-10
7.66 -5.9642e-10 -2.7249 8.15314e-11
7.67 2.9551e-10 -2.7249 -4.03966e-11
7.68 1.13819e-09 -2.7249 -1.55592e-10
7.69 1.728e-09 -2.7249 -2.3622e-10
7.7 1.76196e-09 -2.7249 -2.40862e-10
7.71 1.72381e-09 -2.7249 -2.35647e-10
7.72 1.9947e-09 -2.7249 -2.72679e-10
7.73 2.51931e-09 -2.7249 -3.44393e-10
7.74 2.91842e-09 -2.7249 -3.98952e-10
7.75 3.303e-09 -2.7249 -4.51525e-10
7.76 3.70798e-09 -2.7249 -5.06886e-10
7.77 4.27339e-09 -2.7249 -5.84179e-10
7.78 4.82079e-09 -2.7249 -6.59009e-10
7.79 4.96823e-09 -2.7249 -6.79163e-10
7.8 3.98284e-09 -2.7249 -5.4446e-10
7.81 2.35742e-09 -2.7249 -3.22263e-10
7.82 1.04565e-09 -2.7249 -1.42942e-10
7.83 2.88633e-10 -2.7249 -3.94566e-11
7.84 -2.75391e-10 -2.7249 3.76464e-11
7.85 -8.78171e-10 -2.7249 1.20047e-10
7.86 -1.44748e-09 -2.7249 1.97872e-10
7.87 -1.95619e-09 -2.7249 2.67414e-10
7.88 -2.21878e-09 -2.7249 3.03311e-10
7.89 -2.16706e-09 -2.7249 2.96239e-10
7.9 -1.94263e-09 -2.7249 2.6556e-10
7.91 -1.73593e-09 -2.7249 2.37305e-10
7.92 -1.41863e-09 -2.7249 1.93928e-10
7.93 -9.99092e-10 -2.7249 1.36577e-10
7.94 -4.75237e-10 -2.7249 6.49656e-11
7.95 -1.98619e-10 -2.7249 2.71515e-11
7.96 -2.82577e-10 -2.7249 3.86287e-11
7.97 -6.32014e-10 -2.7249 8.63972e-11
7.98 -8.05992e-10 -2.7249 1.1018e-10
7.99 -5.84089e-10 -2.7249 7.98458e-11
8 2.1681e-11 -2.7249 -2.96383e-12
8.01 4.50443e-10 -2.7249 -6.15762e-11
8.02 4.7705e-10 -2.7249 -6.52134e-11
8.03 1.75701e-10 -2.7249 -2.40186e-11
8.04 -6.05769e-11 -2.7249 8.28094e-12
8.05 2.58906e-11 -2.7249 -3.53928e-12
8.06 4.18788e-10 -2.7249 -5.7249e-11
8.07 8.71008e-10 -2.7249 -1.19068e-10
8.08 1.26392e-09 -2.7249 -1.7278e-10
8.09 1.56749e-09 -2.7249 -2.14278e-10
8.1 1.82196e-09 -2.7249 -2.49065e-10
8.11 2.07582e-09 -2.7249 -2.83767e-10
8.12 2.29668e-09 -2.7249 -3.13959e-10
8.13 2.17988e-09 -2.7249 -2.97992e-10
8.14 1.24143e-09 -2.7249 -1.69705e-10
8.15 -1.15988e-10 -2.7249 1.58558e-11
8.16 -1.12692e-09 -2.7249 1.54052e-10
8.17 -1.42316e-09 -2.7249 1.94548e-10
8.18 -1.11241e-09 -2.7249 1.52067e-10
8.19 -4.98705e-10 -2.7249 6.81737e-11
8.2 8.65745e-11 -2.7249 -1.18348e-11
8.21 5.92715e-10 -2.7249 -8.10249e-11
8.22 8.47892e-10 -2.7249 -1.15908e-10
8.23 9.13978e-10 -2.7249 -1.24942e-10
8.24 9.01545e-10 -2.7249 -1.23242e-10
8.25 9.79903e-10 -2.7249 -1.33954e-10
8.26 1.19463e-09 -2.7249 -1.63308e-10
8.27 1.60814e-09 -2.7249 -2.19834e-10
8.28 2.08632e-09 -2.7249 -2.85203e-10
8.29 2.59005e-09 -2.7249 -3.54064e-10
8.3 3.09536e-09 -2.7249 -4.2314e-10
8.31 3.49009e-09 -2.7249 -4.77101e-10
8.32 3.09923e-09 -2.7249 -4.23669e-10
8.33 1.56637e-09 -2.7249 -2.14125e-10
8.34 -4.5358e-10 -2.7249 6.2005e-11
8.35 -2.2166e-09 -2.7249 3.03013e-10
8.36 -3.51092e-09 -2.7249 4.79947e-10
8.37 -4.22644e-09 -2.7249 5.7776e-10
8.38 -4.34742e-09 -2.7249 5.94298e-10
8.39 -4.0902e-09 -2.7249 5.59136e-10
8.4 -3.77055e-09 -2.7249 5.15439e-10
8.41 -3.5086e-09 -2.7249 4.79631e-10
8.42 -3.15708e-09 -2.7249 4.31577e-10
8.43 -2.62505e-09 -2.7249 3.58848e-10
8.44 -2.15214e-09 -2.7249 2.94201e-10
8.45 -1.998e-09 -2.7249 2.73129e-10
8.46 -1.9897e-09 -2.7249 2.71995e-10
8.47 -1.94092e-09 -2.7249 2.65327e-10
8.48 -1.65223e-09 -2.7249 2.25863e-10
8.49 -1.23301e-09 -2.7249 1.68555e-10
8.5 -7.52857e-10 -2.7249 1.02917e-10
8.51 -4.2883e-10 -2.7249 5.86217e-11
8.52 -3.90675e-10 -2.7249 5.34058e-11
8.53 -6.23225e-10 -2.7249 8.51958e-11
8.54 -8.74807e-10 -2.7249 1.19587e-10
8.55 -1.12126e-09 -2.7249 1.53278e-10
8.56 -1.35495e-09 -2.7249 1.85223e-10
8.57 -1.38824e-09 -2.7249 1.89774e-10
8.58 -8.98532e-10 -2.7249 1.22831e-10
8.59 -3.57556e-11 -2.7249 4.88784e-12
8.6 8.93398e-10 -2.7249 -1.22129e-10
8.61 1.73916e-09 -2.7249 -2.37746e-10
8.62 2.3249e-09 -2.7249 -3.17817e-10
8.63 2.52728e-09 -2.7249 -3.45483e-10
8.64 2.17767e-09 -2.7249 -2.9769e-10
8.65 1.41085e-09 -2.7249 -1.92866e-10
8.66 6.43369e-10 -2.7249 -8.79494e-11
8.67 1.71716e-10 -2.7249 -2.34737e-11
8.68 5.61384e-11 -2.7249 -7.6742e-12
8.69 3.82275e-10 -2.7249 -5.22576e-11
8.7 8.95544e-10 -2.7249 -1.22422e-10
8.71 1.38101e-09 -2.7249 -1.88786e-10
8.72 1.68244e-09 -2.7249 -2.29992e-10
8.73 1.52884e-09 -2.7249 -2.08994e-10
8.74 8.66709e-10 -2.7249 -1.1848e-10
8.75 3.00027e-10 -2.7249 -4.10141e-11
8.76 7.36243e-11 -2.7249 -1.00646e-11
8.77 -1.28636e-11 -2.7249 1.75848e-12
8.78 -2.25869e-10 -2.7249 3.08766e-11
8.79 -5.1183e-10 -2.7249 6.99679e-11
8.8 -8.21615e-10 -2.7249 1.12316e-10
8.81 -1.08016e-09 -2.7249 1.47659e-10
8.82 -1.28557e-09 -2.7249 1.75739e-10
8.83 -1.42742e-09 -2.7249 1.95131e-10
8.84 -1.40154e-09 -2.7249 1.91592e-10
8.85 -1.21003e-09 -2.7249 1.65413e-10
8.86 -9.08567e-10 -2.7249 1.24202e-10
8.87 -1.33813e-10 -2.7249 1.82925e-11
8.88 1.31266e-09 -2.7249 -1.79442e-10
8.89 2.46206e-09 -2.7249 -3.36567e-10
8.9 2.69777e-09 -2.7249 -3.68788e-10
8.91 1.95681e-09 -2.7249 -2.67498e-10
8.92 7.76804e-10 -2.7249 -1.0619e-10
8.93 -2.61034e-11 -2.7249 3.56837e-12
8.94 -1.03253e-10 -2.7249 1.41148e-11
8.95 1.6885e-10 -2.7249 -2.3082e-11
8.96 4.24841e-10 -2.7249 -5.80763e-11
8.97 6.67895e-10 -2.7249 -9.13021e-11
8.98 9.07898e-10 -2.7249 -1.24111e-10
8.99 9.05199e-10 -2.7249 -1.23742e-10
9 5.85821e-10 -2.7249 -8.00825e-11
9.01 1.62006e-10 -2.7249 -2.21464e-11
9.02 -2.00053e-10 -2.7249 2.73476e-11
9.03 -5.79347e-10 -2.7249 7.91975e-11
9.04 -1.1181e-09 -2.7249 1.52846e-10
9.05 -1.78298e-09 -2.7249 2.43736e-10
9.06 -2.05793e-09 -2.7249 2.81322e-10
9.07 -1.85321e-09 -2.7249 2.53336e-10
9.08 -1.53246e-09 -2.7249 2.0949e-10
9.09 -1.23863e-09 -2.7249 1.69323e-10
9.1 -8.38753e-10 -2.7249 1.14659e-10
9.11 -3.08704e-10 -2.7249 4.22002e-11
9.12 1.39471e-10 -2.7249 -1.90658e-11
9.13 2.75622e-10 -2.7249 -3.7678e-11
9.14 1.0735e-10 -2.7249 -1.46749e-11
9.15 -2.083e-11 -2.7249 2.84749e-12
9.16 1.37737e-10 -2.7249 -1.88288e-11
9.17 5.94916e-10 -2.7249 -8.13259e-11
9.18 1.07323e-09 -2.7249 -1.46712e-10
9.19 1.49871e-09 -2.7249 -2.04876e-10
9.2 1.80376e-09 -2.7249 -2.46577e-10
9.21 2.03446e-09 -2.7249 -2.78113e-10
9.22 2.15879e-09 -2.7249 -2.9511e-10
9.23 2.1744e-09 -2.7249 -2.97244e-10
9.24 1.97713e-09 -2.7249 -2.70277e-10
9.25 1.69061e-09 -2.7249 -2.31108e-10
9.26 1.30442e-09 -2.7249 -1.78315e-10
9.27 5.63358e-10 -2.7249 -7.70119e-11
9.28 -5.85556e-10 -2.7249 8.00464e-11
9.29 -1.59933e-09 -2.7249 2.18631e-10
9.3 -2.12808e-09 -2.7249 2.90912e-10
9.31 -2.15369e-09 -2.7249 2.94412e-10
9.32 -1.84274e-09 -2.7249 2.51905e-10
9.33 -1.46905e-09 -2.7249 2.00821e-10
9.34 -1.15209e-09 -2.7249 1.57493e-10
9.35 -9.48558e-10 -2.7249 1.29669e-10
9.36 -8.06022e-10 -2.7249 1.10184e-10
9.37 -6.83811e-10 -2.7249 9.34779e-11
9.38 -4.22276e-10 -2.7249 5.77257e-11
9.39 1.12911e-10 -2.7249 -1.54351e-11
9.4 8.82148e-10 -2.7249 -1.20591e-10
9.41 1.51624e-09 -2.7249 -2.07272e-10
9.42 1.62734e-09 -2.7249 -2.2246e-10
9.43 1.21422e-09 -2.7249 -1.65986e-10
9.44 5.94522e-10 -2.7249 -8.1272e-11
9.45 -2.41709e-11 -2.7249 3.3042e-12
9.46 -3.0897e-10 -2.7249 4.22366e-11
9.47 -3.68586e-10 -2.7249 5.03862e-11
9.48 -4.18873e-10 -2.7249 5.72605e-11
9.49 -5.7123e-10 -2.7249 7.80879e-11
9.5 -7.57043e-10 -2.7249 1.03489e-10
9.51 -8.63608e-10 -2.7249 1.18056e-10
9.52 -7.03597e-10 -2.7249 9.61827e-11
9.53 -2.93708e-10 -2.7249 4.01502e-11
9.54 1.91367e-10 -2.7249 -2.61602e-11
9.55 6.24388e-10 -2.7249 -8.53548e-11
9.56 9.40053e-10 -2.7249 -1.28507e-10
9.57 9.98405e-10 -2.7249 -1.36483e-10
9.58 8.47137e-10 -2.7249 -1.15805e-10
9.59 6.43944e-10 -2.7249 -8.80281e-11
9.6 4.49091e-10 -2.7249 -6.13914e-11
9.61 6.07713e-11 -2.7249 -8.30753e-12
9.62 -6.47828e-10 -2.7249 8.8559e-11
9.63 -1.43331e-09 -2.7249 1.95936e-10
9.64 -1.8986e-09 -2.7249 2.59541e-10
9.65 -1.71547e-09 -2.7249 2.34508e-10
9.66 -1.1861e-09 -2.7249 1.62141e-10
9.67 -6.39189e-10 -2.7249 8.7378e-11
9.68 -1.86327e-10 -2.7249 2.54712e-11
9.69 3.08153e-10 -2.7249 -4.2125e-11
9.7 7.737e-10 -2.7249 -1.05766e-10
9.71 9.48423e-10 -2.7249 -1.29651e-10
9.72 5.33207e-10 -2.7249 -7.28902e-11
9.73 -1.90471e-10 -2.7249 2.60376e-11
9.74 -7.89653e-10 -2.7249 1.07947e-10
9.75 -1.00138e-09 -2.7249 1.36891e-10
9.76 -9.94496e-10 -2.7249 1.35949e-10
9.77 -9.77263e-10 -2.7249 1.33593e-10
9.78 -1.00064e-09 -2.7249 1.36788e-10
9.79 -1.03001e-09 -2.7249 1.40804e-10
9.8 -1.19169e-09 -2.7249 1.62906e-10
9.81 -1.64974e-09 -2.7249 2.25521e-10
9.82 -2.22842e-09 -2.7249 3.04629e-10
9.83 -2.65375e-09 -2.7249 3.62771e-10
9.84 -2.90524e-09 -2.7249 3.97151e-10
9.85 -3.09189e-09 -2.7249 4.22665e-10
9.86 -3.04313e-09 -2.7249 4.16e-10
9.87 -2.68895e-09 -2.7249 3.67583e-10
9.88 -2.20807e-09 -2.7249 3.01846e-10
9.89 -1.80069e-09 -2.7249 2.46157e-10
9.9 -1.42744e-09 -2.7249 1.95133e-10
9.91 -1.15657e-09 -2.7249 1.58105e-10
9.92 -1.13754e-09 -2.7249 1.55503e-10
9.93 -1.39117e-09 -2.7249 1.90175e-10
9.94 -1.55493e-09 -2.7249 2.12562e-10
9.95 -1.42929e-09 -2.7249 1.95386e-10
9.96 -1.10212e-09 -2.7249 1.50661e-10
9.97 -8.28556e-10 -2.7249 1.13265e-10
9.98 -7.35052e-10 -2.7249 1.00483e-10
9.99 -8.68375e-10 -2.7249 1.18708e-10
10 -1.06806e-09 -2.7249 1.46005e-10
