0 4.06634e-05 -0.00211603 -0.00205673 -4.06634e-05 -0.00211603 0.00205673
0.0595293 0.0110135 -0.00201095 -0.00220513 0.0109322 -0.00222112 0.00190833
0.119059 0.0219863 -0.00190586 -0.00235353 0.021905 -0.00232621 0.00175993
0.178588 0.0329591 -0.00180077 -0.00250193 0.0328778 -0.00243129 0.00161153
0.230984 0.043932 -0.00171295 -0.00268179 0.0438582 -0.00251912 0.00154334
0.265461 0.0549048 -0.00166155 -0.00292799 0.054858 -0.00257052 0.00164436
0.288921 0.0658776 -0.00161716 -0.0031423 0.0658571 -0.0026149 0.00173332
0.298072 0.0768504 -0.00158855 -0.00327545 0.0768386 -0.00264351 0.00178567
0.307065 0.0878232 -0.00156049 -0.00340577 0.0878199 -0.00267157 0.00183673
0.309154 0.0987961 -0.00155672 -0.00341111 0.0987927 -0.00267535 0.0018314
0.311243 0.109769 -0.00155294 -0.00341644 0.109765 -0.00267913 0.00182606
0.313332 0.120742 -0.00154916 -0.00342178 0.120738 -0.00268291 0.00182072
0.315421 0.131715 -0.00154538 -0.00342712 0.131711 -0.00268669 0.00181539
0.31751 0.142687 -0.0015416 -0.00343245 0.142684 -0.00269047 0.00181005
0.319599 0.15366 -0.00153782 -0.00343779 0.153657 -0.00269425 0.00180471
0.321688 0.164633 -0.00153404 -0.00344313 0.16463 -0.00269803 0.00179937
0.323777 0.175606 -0.00153026 -0.00344846 0.175602 -0.00270181 0.00179404
0.325865 0.186579 -0.00152648 -0.0034538 0.186575 -0.00270559 0.0017887
0.327954 0.197551 -0.0015227 -0.00345914 0.197548 -0.00270936 0.00178336
0.330043 0.208524 -0.00151892 -0.00346447 0.208521 -0.00271314 0.00177803
0.332132 0.219497 -0.00151514 -0.00346981 0.219494 -0.00271692 0.00177269
0.334221 0.23047 -0.00151137 -0.00347515 0.230467 -0.0027207 0.00176735
0.33631 0.241443 -0.00150759 -0.00348048 0.241439 -0.00272448 0.00176202
0.338399 0.252416 -0.00150381 -0.00348582 0.252412 -0.00272826 0.00175668
0.340488 0.263388 -0.00150003 -0.00349116 0.263385 -0.00273204 0.00175134
0.342577 0.274361 -0.00149625 -0.0034965 0.274358 -0.00273582 0.00174601
0.344665 0.285334 -0.00149247 -0.00350183 0.285331 -0.0027396 0.00174067
0.346754 0.296307 -0.00148869 -0.00350717 0.296303 -0.00274338 0.00173533
0.348843 0.30728 -0.00148491 -0.00351251 0.307276 -0.00274716 0.00173
0.350932 0.318252 -0.00148113 -0.00351784 0.318249 -0.00275094 0.00172466
0.353021 0.329225 -0.00147735 -0.00352318 0.329222 -0.00275471 0.00171932
0.35511 0.340198 -0.00147357 -0.00352852 0.340195 -0.00275849 0.00171398
0.357199 0.351171 -0.00146979 -0.00353385 0.351168 -0.00276227 0.00170865
0.359288 0.362144 -0.00146602 -0.00353919 0.36214 -0.00276605 0.00170331
0.361377 0.373117 -0.00146224 -0.00354453 0.373113 -0.00276983 0.00169797
0.363465 0.384089 -0.00145846 -0.00354986 0.384086 -0.00277361 0.00169264
0.365554 0.395062 -0.00145468 -0.0035552 0.395059 -0.00277739 0.0016873
0.367643 0.406035 -0.0014509 -0.00356054 0.406032 -0.00278117 0.00168196
0.369732 0.417008 -0.00144712 -0.00356587 0.417005 -0.00278495 0.00167663
0.371821 0.427981 -0.00144334 -0.00357121 0.427977 -0.00278873 0.00167129
0.37391 0.438954 -0.00143956 -0.00357655 0.43895 -0.00279251 0.00166595
0.375999 0.449926 -0.00143578 -0.00358189 0.449923 -0.00279629 0.00166062
0.378088 0.460899 -0.001432 -0.00358722 0.460896 -0.00280007 0.00165528
0.380176 0.471872 -0.00142822 -0.00359256 0.471869 -0.00280384 0.00164994
0.382265 0.482845 -0.00142444 -0.0035979 0.482841 -0.00280762 0.00164461
0.384354 0.493818 -0.00142066 -0.00360323 0.493814 -0.0028114 0.00163927
0.386443 0.50479 -0.00141689 -0.00360857 0.504787 -0.00281518 0.00163393
0.388532 0.515763 -0.00141311 -0.00361391 0.51576 -0.00281896 0.00162859
0.390621 0.526736 -0.00140933 -0.00361924 0.526733 -0.00282274 0.00162326
0.39271 0.537709 -0.00140555 -0.00362458 0.537706 -0.00282652 0.00161792
0.394799 0.548682 -0.00140177 -0.00362992 0.548678 -0.0028303 0.00161258
0.396888 0.559655 -0.00139799 -0.00363525 0.559651 -0.00283408 0.00160725
0.398976 0.570627 -0.00139421 -0.00364059 0.570624 -0.00283786 0.00160191
0.401065 0.5816 -0.00139043 -0.00364593 0.581597 -0.00284164 0.00159657
0.403154 0.592573 -0.00138665 -0.00365126 0.59257 -0.00284542 0.00159124
0.405243 0.603546 -0.00138287 -0.0036566 0.603542 -0.00284919 0.0015859
0.407332 0.614519 -0.00137909 -0.00366194 0.614515 -0.00285297 0.00158056
0.409421 0.625492 -0.00137531 -0.00366727 0.625488 -0.00285675 0.00157523
0.41151 0.636464 -0.00137154 -0.00367261 0.636461 -0.00286053 0.00156989
0.413599 0.647437 -0.00136776 -0.00367795 0.647434 -0.00286431 0.00156455
0.415688 0.65841 -0.00136398 -0.00368329 0.658407 -0.00286809 0.00155922
0.417776 0.669383 -0.0013602 -0.00368862 0.669379 -0.00287187 0.00155388
0.419865 0.680356 -0.00135642 -0.00369396 0.680352 -0.00287565 0.00154854
0.421954 0.691328 -0.00135264 -0.0036993 0.691325 -0.00287943 0.0015432
0.424043 0.702301 -0.00134886 -0.00370463 0.702298 -0.00288321 0.00153787
0.426132 0.713274 -0.00134508 -0.00370997 0.713271 -0.00288699 0.00153253
0.428221 0.724247 -0.0013413 -0.00371531 0.724244 -0.00289077 0.00152719
0.43031 0.73522 -0.00133752 -0.00372064 0.735216 -0.00289454 0.00152186
0.432399 0.746193 -0.00133374 -0.00372598 0.746189 -0.00289832 0.00151652
0.434488 0.757165 -0.00132996 -0.00373132 0.757162 -0.0029021 0.00151118
0.436576 0.768138 -0.00132619 -0.00373665 0.768135 -0.00290588 0.00150585
0.438665 0.779111 -0.00132241 -0.00374199 0.779108 -0.00290966 0.00150051
0.440754 0.790084 -0.00131863 -0.00374733 0.79008 -0.00291344 0.00149517
0.442843 0.801057 -0.00131485 -0.00375266 0.801053 -0.00291722 0.00148984
0.444932 0.812029 -0.00131107 -0.003758 0.812026 -0.002921 0.0014845
0.447021 0.823002 -0.00130729 -0.00376334 0.822999 -0.00292478 0.00147916
0.44911 0.833975 -0.00130351 -0.00376868 0.833972 -0.00292856 0.00147383
0.451199 0.844948 -0.00129973 -0.00377401 0.844945 -0.00293234 0.00146849
0.453288 0.855921 -0.00129595 -0.00377935 0.855917 -0.00293612 0.00146315
0.455298 0.866894 -0.00129252 -0.00378549 0.86689 -0.00293955 0.0014596
0.45704 0.877866 -0.0012898 -0.00379382 0.877863 -0.00294227 0.00146024
0.458294 0.888839 -0.00128707 -0.00380311 0.888837 -0.002945 0.00146183
0.459401 0.899812 -0.0012844 -0.00381253 0.89981 -0.00294766 0.00146372
0.460507 0.910785 -0.00128173 -0.00382196 0.910783 -0.00295033 0.0014656
0.461562 0.921758 -0.00127923 -0.00383052 0.921757 -0.00295284 0.0014671
0.462205 0.932731 -0.00127807 -0.00383216 0.932729 -0.002954 0.00146545
0.462847 0.943703 -0.0012769 -0.00383381 0.943702 -0.00295516 0.00146381
0.46349 0.954676 -0.00127574 -0.00383545 0.954675 -0.00295633 0.00146216
0.464132 0.965649 -0.00127457 -0.0038371 0.965648 -0.00295749 0.00146052
0.464775 0.976622 -0.00127341 -0.00383874 0.976621 -0.00295866 0.00145887
0.465417 0.987595 -0.00127224 -0.00384039 0.987594 -0.00295982 0.00145723
0.46606 0.998567 -0.00127108 -0.00384203 0.998566 -0.00296099 0.00145558
0.466702 1.00954 -0.00126991 -0.00384368 1.00954 -0.00296215 0.00145394
0.467345 1.02051 -0.00126875 -0.00384532 1.02051 -0.00296332 0.00145229
0.467987 1.03149 -0.00126758 -0.00384696 1.03148 -0.00296448 0.00145065
0.46863 1.04246 -0.00126642 -0.00384861 1.04246 -0.00296565 0.001449
0.469272 1.05343 -0.00126526 -0.00385025 1.05343 -0.00296681 0.00144736
0.469915 1.0644 -0.00126409 -0.0038519 1.0644 -0.00296798 0.00144571
0.470557 1.07538 -0.00126293 -0.00385354 1.07538 -0.00296914 0.00144407
0.4712 1.08635 -0.00126176 -0.00385519 1.08635 -0.00297031 0.00144242
0.471842 1.09732 -0.0012606 -0.00385683 1.09732 -0.00297147 0.00144078
