0.01 0.000304095
0.02 0.00114417
0.03 0.00219359
0.04 0.00319664
0.05 0.00413587
0.06 0.00499409
0.07 0.00581924
0.08 0.00665907
0.09 0.00755609
0.1 0.00855241
0.11 0.00963731
0.12 0.0107999
0.13 0.0119468
0.14 0.0129854
0.15 0.0139032
0.16 0.0146886
0.17 0.0153225
0.18 0.0157867
0.19 0.0161429
0.2 0.0164532
0.21 0.0168316
0.22 0.0173914
0.23 0.0181275
0.24 0.0190346
0.25 0.0200419
0.26 0.021079
0.27 0.0220182
0.28 0.0227328
0.29 0.0232569
0.3 0.0236251
0.31 0.0237921
0.32 0.0237138
0.33 0.0234166
0.34 0.0229273
0.35 0.0222134
0.36 0.0212432
0.37 0.0201801
0.38 0.019187
0.39 0.0183686
0.4 0.0178282
0.41 0.0175511
0.42 0.0175215
0.43 0.0176063
0.44 0.0176724
0.45 0.0173808
0.46 0.0163952
0.47 0.0148066
0.48 0.0127073
0.49 0.0100682
0.5 0.00686204
0.51 0.00385078
0.52 0.00179189
0.53 0.000409354
0.54 -0.000573258
0.55 -0.00131238
0.56 -0.0019643
0.57 -0.0024205
0.58 -0.00257359
0.59 -0.0024297
0.6 -0.00199577
0.61 -0.00125456
0.62 -0.000189759
0.63 0.000984667
0.64 0.00205555
0.65 0.00273387
0.66 0.00273317
0.67 0.00245331
0.68 0.00229284
0.69 0.00210451
0.7 0.00174191
0.71 0.00129419
0.72 0.00085026
0.73 0.000167034
0.74 -0.000996644
0.75 -0.00262262
0.76 -0.00469159
0.77 -0.00727782
0.78 -0.0104538
0.79 -0.0141106
0.8 -0.0181385
0.81 -0.02235
0.82 -0.0265583
0.83 -0.0309213
0.84 -0.0355958
0.85 -0.0406746
0.86 -0.0462488
0.87 -0.0520564
0.88 -0.0578361
0.89 -0.0633179
0.9 -0.0682341
0.91 -0.0726068
0.92 -0.0764592
0.93 -0.0797136
0.94 -0.0822945
0.95 -0.0843281
0.96 -0.0859411
0.97 -0.0874805
0.98 -0.0892912
0.99 -0.0912897
1 -0.0933922
1.01 -0.0957047
1.02 -0.0983318
1.03 -0.101242
1.04 -0.104405
1.05 -0.107768
1.06 -0.111284
1.07 -0.114509
1.08 -0.117006
1.09 -0.118839
1.1 -0.120073
1.11 -0.120345
1.12 -0.119294
1.13 -0.117427
1.14 -0.115249
1.15 -0.111927
1.16 -0.106637
1.17 -0.098802
1.18 -0.0878568
1.19 -0.0746099
1.2 -0.0598724
1.21 -0.0448288
1.22 -0.0306585
1.23 -0.0172336
1.24 -0.00442499
1.25 0.00744902
1.26 0.0180742
1.27 0.0275352
1.28 0.0359194
1.29 0.0432045
1.3 0.0493715
1.31 0.0544566
1.32 0.0584989
1.33 0.0614506
1.34 0.0632667
1.35 0.0638985
1.36 0.0633005
1.37 0.0612964
1.38 0.0577145
1.39 0.0527224
1.4 0.0464906
1.41 0.0388308
1.42 0.0295594
1.43 0.0196824
1.44 0.010202
1.45 0.00166538
1.46 -0.00538551
1.47 -0.0111012
1.48 -0.0156351
1.49 -0.0194346
1.5 -0.0229468
1.51 -0.0263555
1.52 -0.0298439
1.53 -0.0331005
1.54 -0.0358159
1.55 -0.038357
1.56 -0.0410891
1.57 -0.0440785
1.58 -0.0473905
1.59 -0.051326
1.6 -0.0561825
1.61 -0.0592025
1.62 -0.0576481
1.63 -0.0492393
1.64 -0.0317267
1.65 -0.00824151
1.66 0.0180848
1.67 0.0454956
1.68 0.0722402
1.69 0.0985481
1.7 0.124649
1.71 0.149849
1.72 0.153279
1.73 0.0705832
1.74 -0.0662082
1.75 -0.138466
1.76 -0.1358
1.77 -0.1116
1.78 -0.0872207
1.79 -0.062581
1.8 -0.0375998
1.81 -0.0129454
1.82 0.0107184
1.83 0.0330829
1.84 0.0538444
1.85 0.0730044
1.86 0.0905688
1.87 0.106378
1.88 0.120279
1.89 0.132131
1.9 0.141801
1.91 0.149126
1.92 0.153951
1.93 0.156364
1.94 0.156457
1.95 0.154124
1.96 0.149262
1.97 0.142025
1.98 0.132567
1.99 0.120766
2 0.106502
2.01 0.090028
2.02 0.0715991
2.03 0.0510518
2.04 0.028229
2.05 0.00352878
2.06 -0.0226474
2.07 -0.0501954
2.08 -0.0790079
2.09 -0.108626
2.1 -0.13859
2.11 -0.168966
2.12 -0.199819
2.13 -0.229017
2.14 -0.254446
2.15 -0.276306
2.16 -0.294804
2.17 -0.30238
2.18 -0.291542
2.19 -0.268274
2.2 -0.238562
2.21 -0.207256
2.22 -0.179187
2.23 -0.15202
2.24 -0.123434
2.25 -0.0960053
2.26 -0.0722962
2.27 -0.0512975
2.28 -0.0319981
2.29 -0.0150225
2.3 -0.000985959
2.31 0.0108215
2.32 0.021112
2.33 0.0295313
2.34 0.0357323
2.35 0.0398541
2.36 0.0420408
2.37 0.0424636
2.38 0.0412976
2.39 0.0378687
2.4 0.0315128
2.41 -0.00603538
2.42 -0.108491
2.43 -0.221412
2.44 -0.252464
2.45 -0.222457
2.46 -0.191052
2.47 -0.161532
2.48 -0.130828
2.49 -0.101272
2.5 -0.0751831
2.51 -0.051894
2.52 -0.0307332
2.53 -0.0127072
2.54 0.00119161
2.55 0.0152414
2.56 0.0336979
2.57 0.0574919
2.58 0.0875353
2.59 0.1196
2.6 0.149477
2.61 0.178066
2.62 0.206268
2.63 0.233361
2.64 0.258628
2.65 0.28191
2.66 0.245453
2.67 0.144612
2.68 0.0654335
2.69 0.0480022
2.7 0.0642128
2.71 0.0789743
2.72 0.0923064
2.73 0.10412
2.74 0.114332
2.75 0.122984
2.76 0.130123
2.77 0.135725
2.78 0.13977
2.79 0.14354
2.8 0.148309
2.81 0.154195
2.82 0.161314
2.83 0.169808
2.84 0.179812
2.85 0.190563
2.86 0.201302
2.87 0.21113
2.88 0.219158
2.89 0.225669
2.9 0.230945
2.91 0.234611
2.92 0.236295
2.93 0.236102
2.94 0.234137
2.95 0.23025
2.96 0.224293
2.97 0.216438
2.98 0.206861
2.99 0.195552
3 0.182508
3.01 0.170321
3.02 0.161571
3.03 0.155029
3.04 0.14947
3.05 0.143389
3.06 0.135293
3.07 0.125914
3.08 0.115987
3.09 0.104837
3.1 0.0917985
3.11 0.0771967
3.12 0.0613584
3.13 0.0440916
3.14 0.0252091
3.15 0.00494806
3.16 -0.0164521
3.17 -0.0388847
3.18 -0.0622405
3.19 -0.0830336
3.2 -0.0978032
3.21 -0.109439
3.22 -0.120825
3.23 -0.132979
3.24 -0.146908
3.25 -0.161481
3.26 -0.175566
3.27 -0.190685
3.28 -0.20835
3.29 -0.227002
3.3 -0.245085
3.31 -0.264199
3.32 -0.285931
3.33 -0.301083
3.34 -0.300523
3.35 -0.290793
3.36 -0.278431
3.37 -0.265969
3.38 -0.255925
3.39 -0.247139
3.4 -0.238451
3.41 -0.231062
3.42 -0.22616
3.43 -0.22371
3.44 -0.223667
3.45 -0.220167
3.46 -0.207384
3.47 -0.188705
3.48 -0.167514
3.49 -0.145977
3.5 -0.126246
3.51 -0.107096
3.52 -0.0873044
3.53 -0.0681454
3.54 -0.0508843
3.55 -0.0350724
3.56 -0.0202591
3.57 -0.00683115
3.58 0.00483045
3.59 0.0153387
3.6 0.0253065
3.61 0.0362973
3.62 0.0498634
3.63 0.063716
3.64 0.0755774
3.65 0.0863303
3.66 0.0968561
3.67 0.106526
3.68 0.114719
3.69 0.121672
3.7 0.127629
3.71 0.132189
3.72 0.134958
3.73 0.13617
3.74 0.136061
3.75 0.134811
3.76 0.132601
3.77 0.130704
3.78 0.130383
3.79 0.131303
3.8 0.133125
3.81 0.135739
3.82 0.139029
3.83 0.141651
3.84 0.142267
3.85 0.141355
3.86 0.139393
3.87 0.135836
3.88 0.130148
3.89 0.1226
3.9 0.113471
3.91 0.102479
3.92 0.0893495
3.93 0.0744148
3.94 0.0580087
3.95 0.0402087
3.96 0.0210955
3.97 0.00466414
3.98 -0.00511883
3.99 -0.0105719
4 -0.0140135
4.01 -0.0169951
4.02 -0.0210612
4.03 -0.0257066
4.04 -0.0304271
4.05 -0.034257
4.06 -0.0362386
4.07 -0.0370141
4.08 -0.0372257
4.09 -0.0378281
4.1 -0.0397696
4.11 -0.0424723
4.12 -0.0453589
4.13 -0.0489938
4.14 -0.0539365
4.15 -0.0598003
4.16 -0.066198
4.17 -0.073523
4.18 -0.0821642
4.19 -0.0917448
4.2 -0.101887
4.21 -0.112927
4.22 -0.125196
4.23 -0.138305
4.24 -0.151865
4.25 -0.166186
4.26 -0.181573
4.27 -0.196957
4.28 -0.211274
4.29 -0.225014
4.3 -0.238665
4.31 -0.251369
4.32 -0.262273
4.33 -0.270583
4.34 -0.275519
4.35 -0.272248
4.36 -0.255987
4.37 -0.234645
4.38 -0.216103
4.39 -0.199126
4.4 -0.182482
4.41 -0.166001
4.42 -0.149517
4.43 -0.130875
4.44 -0.107941
4.45 -0.0814687
4.46 -0.05222
4.47 -0.0196412
4.48 0.0168094
4.49 0.0539461
4.5 0.0885979
4.51 0.121281
4.52 0.152516
4.53 0.181401
4.54 0.207047
4.55 0.2298
4.56 0.250012
4.57 0.266956
4.58 0.279915
4.59 0.289266
4.6 0.29539
4.61 0.29783
4.62 0.296144
4.63 0.290751
4.64 0.28208
4.65 0.258527
4.66 0.120722
4.67 -0.104987
4.68 -0.246578
4.69 -0.278417
4.7 -0.270891
4.71 -0.263519
4.72 -0.257729
4.73 -0.252801
4.74 -0.248015
4.75 -0.244316
4.76 -0.242641
4.77 -0.242736
4.78 -0.244347
4.79 -0.247443
4.8 -0.25199
4.81 -0.258417
4.82 -0.267146
4.83 -0.2747
4.84 -0.277625
4.85 -0.270206
4.86 -0.246782
4.87 -0.216104
4.88 -0.186894
4.89 -0.15805
4.9 -0.12847
4.91 -0.098923
4.92 -0.0701722
4.93 -0.0429276
4.94 -0.0178914
4.95 0.00791795
4.96 0.0374644
4.97 0.0708446
4.98 0.108144
4.99 0.145876
5 0.18057
5.01 0.213542
5.02 0.246108
5.03 0.277058
5.04 0.305196
5.05 0.330907
5.06 0.354583
5.07 0.375828
5.08 0.394255
5.09 0.410014
5.1 0.423258
5.11 0.434707
5.12 0.389523
5.13 0.21804
5.14 0.0080587
5.15 -0.0810009
5.16 -0.0717029
5.17 -0.0533542
5.18 -0.0352048
5.19 -0.0172035
5.2 0.000701048
5.21 0.017406
5.22 0.0318177
5.23 0.0445617
5.24 0.056265
5.25 0.0658067
5.26 0.0720779
5.27 0.0787625
5.28 0.0895242
5.29 0.104208
5.3 0.122647
5.31 0.140793
5.32 0.154615
5.33 0.166276
5.34 0.177929
5.35 0.187882
5.36 0.194453
5.37 0.198429
5.38 0.200601
5.39 0.200431
5.4 0.197392
5.41 0.191847
5.42 0.184167
5.43 0.174636
5.44 0.16354
5.45 0.152495
5.46 0.143104
5.47 0.135061
5.48 0.128057
5.49 0.121984
5.5 0.11673
5.51 0.110951
5.52 0.103309
5.53 0.0942475
5.54 0.0842132
5.55 0.0727724
5.56 0.0594974
5.57 0.0446711
5.58 0.0285786
5.59 0.0110838
5.6 -0.00794528
5.61 -0.028299
5.62 -0.0497654
5.63 -0.0722549
5.64 -0.095676
5.65 -0.117891
5.66 -0.136776
5.67 -0.152148
5.68 -0.163834
5.69 -0.172329
5.7 -0.178136
5.71 -0.182613
5.72 -0.187115
5.73 -0.191505
5.74 -0.195642
5.75 -0.199677
5.76 -0.203758
5.77 -0.206917
5.78 -0.208194
5.79 -0.207449
5.8 -0.204551
5.81 -0.200105
5.82 -0.194716
5.83 -0.188751
5.84 -0.182576
5.85 -0.175782
5.86 -0.167965
5.87 -0.159393
5.88 -0.150336
5.89 -0.141095
5.9 -0.13197
5.91 -0.122979
5.92 -0.114137
5.93 -0.105787
5.94 -0.0982681
5.95 -0.0916368
5.96 -0.0859464
5.97 -0.0811276
5.98 -0.0771094
5.99 -0.0725923
6 -0.0662853
6.01 -0.0582847
6.02 -0.0486909
6.03 -0.0373118
6.04 -0.0239608
6.05 -0.0103848
6.06 0.00167817
6.07 0.01237
6.08 0.0218356
6.09 0.0302873
6.1 0.0379392
6.11 0.0460058
6.12 0.0556942
6.13 0.0658779
6.14 0.0754346
6.15 0.0842144
6.16 0.0920701
6.17 0.0989853
6.18 0.104946
6.19 0.109841
6.2 0.113562
6.21 0.116207
6.22 0.117872
6.23 0.119762
6.24 0.123074
6.25 0.127384
6.26 0.132266
6.27 0.137429
6.28 0.142583
6.29 0.147229
6.3 0.150869
6.31 0.153613
6.32 0.155568
6.33 0.157014
6.34 0.158227
6.35 0.159428
6.36 0.160835
6.37 0.161972
6.38 0.162366
6.39 0.162118
6.4 0.161329
6.41 0.159918
6.42 0.157809
6.43 0.155028
6.44 0.151603
6.45 0.148017
6.46 0.144747
6.47 0.142069
6.48 0.140253
6.49 0.138973
6.5 0.137903
6.51 0.136312
6.52 0.133475
6.53 0.129827
6.54 0.125803
6.55 0.121289
6.56 0.116174
6.57 0.0791723
6.58 -0.00137386
6.59 -0.0732023
6.6 -0.101727
6.61 -0.108014
6.62 -0.115075
6.63 -0.12156
6.64 -0.126128
6.65 -0.129596
6.66 -0.132776
6.67 -0.135761
6.68 -0.138643
6.69 -0.141095
6.7 -0.142789
6.71 -0.143892
6.72 -0.144571
6.73 -0.14487
6.74 -0.14483
6.75 -0.144667
6.76 -0.144593
6.77 -0.144553
6.78 -0.144492
6.79 -0.144628
6.8 -0.145175
6.81 -0.146026
6.82 -0.147071
6.83 -0.148881
6.84 -0.152019
6.85 -0.155782
6.86 -0.159469
6.87 -0.161402
6.88 -0.159918
6.89 -0.155408
6.9 -0.148268
6.91 -0.139992
6.92 -0.13207
6.93 -0.12438
6.94 -0.116799
6.95 -0.109643
6.96 -0.103227
6.97 -0.0967872
6.98 -0.0895629
6.99 -0.0811895
7 -0.0713069
7.01 -0.0599973
7.02 -0.0473465
7.03 -0.0341115
7.04 -0.0210467
7.05 -0.00861822
7.06 0.00271208
7.07 0.0130162
7.08 0.0223685
7.09 0.0306762
7.1 0.0378498
7.11 0.0439776
7.12 0.0491508
7.13 0.0535145
7.14 0.0572157
7.15 0.0612324
7.16 0.0665363
7.17 0.073074
7.18 0.0807887
7.19 0.0890575
7.2 0.0972591
7.21 0.104958
7.22 0.111721
7.23 0.118149
7.24 0.124839
7.25 0.13129
7.26 0.137004
7.27 0.141938
7.28 0.14605
7.29 0.149267
7.3 0.151522
7.31 0.152879
7.32 0.153408
7.33 0.152985
7.34 0.151487
7.35 0.149339
7.36 0.146963
7.37 0.144665
7.38 0.142746
7.39 0.141045
7.4 0.139402
7.41 0.137084
7.42 0.133367
7.43 0.128201
7.44 0.12154
7.45 0.113854
7.46 0.105613
7.47 0.0977346
7.48 0.0911307
7.49 0.0853092
7.5 0.0797786
7.51 0.0745898
7.52 0.0697926
7.53 0.0580967
7.54 0.00831518
7.55 -0.0656016
7.56 -0.10667
7.57 -0.116315
7.58 -0.12046
7.59 -0.12476
7.6 -0.129504
7.61 -0.134556
7.62 -0.139776
7.63 -0.14526
7.64 -0.151102
7.65 -0.156931
7.66 -0.162381
7.67 -0.16711
7.68 -0.170779
7.69 -0.173605
7.7 -0.175809
7.71 -0.177854
7.72 -0.180205
7.73 -0.182944
7.74 -0.186151
7.75 -0.188349
7.76 -0.188071
7.77 -0.186422
7.78 -0.184501
7.79 -0.18142
7.8 -0.176299
7.81 -0.16919
7.82 -0.160151
7.83 -0.149856
7.84 -0.138982
7.85 -0.127283
7.86 -0.11452
7.87 -0.101101
7.88 -0.0874371
7.89 -0.0734407
7.9 -0.0590275
7.91 -0.0444784
7.92 -0.0300732
7.93 -0.0156933
7.94 -0.00122099
7.95 0.0122419
7.96 0.0236021
7.97 0.0332532
7.98 0.0415915
7.99 0.0501491
8 0.0604493
8.01 0.0722006
8.02 0.0851091
8.03 0.0985202
8.04 0.111782
8.05 0.124344
8.06 0.135664
8.07 0.146243
8.08 0.156581
8.09 0.166303
8.1 0.175036
8.11 0.183024
8.12 0.190509
8.13 0.197328
8.14 0.203318
8.15 0.208594
8.16 0.213272
8.17 0.217353
8.18 0.220839
8.19 0.175114
8.2 0.0560353
8.21 -0.0598488
8.22 -0.101651
8.23 -0.0971144
8.24 -0.0927948
8.25 -0.0888199
8.26 -0.0853161
8.27 -0.0823552
8.28 -0.0800072
8.29 -0.0783478
8.3 -0.07745
8.31 -0.0769012
8.32 -0.0762897
8.33 -0.0756648
8.34 -0.0750758
8.35 -0.074362
8.36 -0.073364
8.37 -0.0721707
8.38 -0.0708712
8.39 -0.0692503
8.4 -0.0670946
8.41 -0.0646348
8.42 -0.062101
8.43 -0.0589744
8.44 -0.054741
8.45 -0.0501532
8.46 -0.0459608
8.47 -0.0417246
8.48 -0.0370076
8.49 -0.0326378
8.5 -0.029438
8.51 -0.0236894
8.52 -0.0116995
8.53 0.00458192
8.54 0.0232036
8.55 0.0428586
8.56 0.0622442
8.57 0.0813584
8.58 0.100201
8.59 0.118297
8.6 0.135177
8.61 0.150828
8.62 0.165237
8.63 0.17822
8.64 0.189596
8.65 0.199425
8.66 0.20777
8.67 0.214545
8.68 0.219666
8.69 0.22318
8.7 0.22514
8.71 0.225516
8.72 0.224288
8.73 0.222037
8.74 0.219345
8.75 0.216372
8.76 0.213277
8.77 0.209756
8.78 0.205505
8.79 0.200049
8.8 0.192918
8.81 0.184525
8.82 0.175283
8.83 0.165697
8.84 0.156272
8.85 0.146217
8.86 0.134748
8.87 0.121645
8.88 0.106693
8.89 0.0900244
8.9 0.0717759
8.91 0.0518861
8.92 0.0302982
8.93 0.00666396
8.94 -0.0193578
8.95 -0.0449665
8.96 -0.0673774
8.97 -0.0825081
8.98 -0.0863171
8.99 -0.0861914
9 -0.08949
9.01 -0.0941594
9.02 -0.0981534
9.03 -0.102182
9.04 -0.106953
9.05 -0.110123
9.06 -0.109366
9.07 -0.107268
9.08 -0.106402
9.09 -0.106156
9.1 -0.105914
9.11 -0.10535
9.12 -0.104137
9.13 -0.102758
9.14 -0.101693
9.15 -0.101959
9.16 -0.104563
9.17 -0.109185
9.18 -0.115503
9.19 -0.124208
9.2 -0.135977
9.21 -0.150534
9.22 -0.167594
9.23 -0.183801
9.24 -0.195817
9.25 -0.20409
9.26 -0.209075
9.27 -0.212764
9.28 -0.217144
9.29 -0.22022
9.3 -0.220012
9.31 -0.217303
9.32 -0.212884
9.33 -0.206281
9.34 -0.19703
9.35 -0.185464
9.36 -0.171922
9.37 -0.15641
9.38 -0.138941
9.39 -0.120379
9.4 -0.101585
9.41 -0.0834763
9.42 -0.0669639
9.43 -0.0523014
9.44 -0.0397361
9.45 -0.0292017
9.46 -0.0206265
9.47 -0.0143179
9.48 -0.0105754
9.49 -0.0096926
9.5 -0.0119535
9.51 -0.0168245
9.52 -0.0237677
9.53 -0.0269955
9.54 -0.0207606
9.55 -0.0105732
9.56 -0.00192558
9.57 0.00614876
9.58 0.0146128
9.59 0.0230277
9.6 0.0309569
9.61 0.0382566
9.62 0.0447855
9.63 0.0498693
9.64 0.0528412
9.65 0.054028
9.66 0.0537598
9.67 0.0551957
9.68 0.0614734
9.69 0.07101
9.7 0.0822222
9.71 0.0930614
9.72 0.101491
9.73 0.108565
9.74 0.115335
9.75 0.121404
9.76 0.126376
9.77 0.130356
9.78 0.133451
9.79 0.135143
9.8 0.134922
9.81 0.133104
9.82 0.13001
9.83 0.125652
9.84 0.120046
9.85 0.113558
9.86 0.106555
9.87 0.0996977
9.88 0.0936461
9.89 0.0886091
9.9 0.084792
9.91 0.0821814
9.92 0.0807607
9.93 0.079725
9.94 0.0782724
9.95 0.0776829
9.96 0.0792273
9.97 0.0818307
9.98 0.0844214
9.99 0.0859528
10 0.0853868
