0.01 1.52047e-06
0.02 8.76179e-06
0.03 2.54506e-05
0.04 5.24017e-05
0.05 8.90643e-05
0.06 0.000134714
0.07 0.000188781
0.08 0.000251172
0.09 0.000322248
0.1 0.000402791
0.11 0.000493739
0.12 0.000595925
0.13 0.000709659
0.14 0.00083432
0.15 0.000968763
0.16 0.00111172
0.17 0.00126178
0.18 0.00141732
0.19 0.00157697
0.2 0.00173995
0.21 0.00190638
0.22 0.00207749
0.23 0.00225509
0.24 0.0024409
0.25 0.00263628
0.26 0.00284188
0.27 0.00305737
0.28 0.00328112
0.29 0.00351107
0.3 0.00374548
0.31 0.00398257
0.32 0.0042201
0.33 0.00445575
0.34 0.00468747
0.35 0.00491317
0.36 0.00513046
0.37 0.00533757
0.38 0.00553441
0.39 0.00572219
0.4 0.00590317
0.41 0.00608007
0.42 0.00625543
0.43 0.00643107
0.44 0.00660746
0.45 0.00678273
0.46 0.00695161
0.47 0.00710762
0.48 0.00724519
0.49 0.00735907
0.5 0.00744372
0.51 0.00749728
0.52 0.00752549
0.53 0.0075365
0.54 0.00753568
0.55 0.00752625
0.56 0.00750987
0.57 0.00748794
0.58 0.00746297
0.59 0.00743796
0.6 0.00741583
0.61 0.00739958
0.62 0.00739236
0.63 0.00739633
0.64 0.00741153
0.65 0.00743548
0.66 0.00746282
0.67 0.00748875
0.68 0.00751248
0.69 0.00753447
0.7 0.0075537
0.71 0.00756888
0.72 0.0075796
0.73 0.00758469
0.74 0.00758054
0.75 0.00756244
0.76 0.00752587
0.77 0.00746602
0.78 0.00737737
0.79 0.00725454
0.8 0.0070933
0.81 0.00689086
0.82 0.00664631
0.83 0.00635892
0.84 0.00602633
0.85 0.00564498
0.86 0.00521036
0.87 0.00471884
0.88 0.00416937
0.89 0.0035636
0.9 0.00290584
0.91 0.00220164
0.92 0.00145631
0.93 0.000675445
0.94 -0.000134595
0.95 -0.000967708
0.96 -0.00181905
0.97 -0.00268616
0.98 -0.00357002
0.99 -0.00447292
1 -0.00539633
1.01 -0.00634182
1.02 -0.007312
1.03 -0.00830987
1.04 -0.00933811
1.05 -0.010399
1.06 -0.0114942
1.07 -0.0126232
1.08 -0.0137808
1.09 -0.01496
1.1 -0.0161546
1.11 -0.0173567
1.12 -0.0185549
1.13 -0.0197385
1.14 -0.0209018
1.15 -0.0220377
1.16 -0.0231305
1.17 -0.0241577
1.18 -0.025091
1.19 -0.0259034
1.2 -0.0265758
1.21 -0.0270993
1.22 -0.0274767
1.23 -0.0277162
1.24 -0.0278245
1.25 -0.0278094
1.26 -0.0276817
1.27 -0.0274537
1.28 -0.0271364
1.29 -0.0267408
1.3 -0.0262779
1.31 -0.0257588
1.32 -0.025194
1.33 -0.0245943
1.34 -0.0239707
1.35 -0.0233348
1.36 -0.0226988
1.37 -0.0220759
1.38 -0.0214808
1.39 -0.0209286
1.4 -0.0204326
1.41 -0.020006
1.42 -0.019664
1.43 -0.0194178
1.44 -0.0192684
1.45 -0.019209
1.46 -0.0192276
1.47 -0.0193101
1.48 -0.0194437
1.49 -0.0196191
1.5 -0.019831
1.51 -0.0200775
1.52 -0.0203585
1.53 -0.0206732
1.54 -0.0210178
1.55 -0.0213887
1.56 -0.0217859
1.57 -0.0222117
1.58 -0.0226691
1.59 -0.0231627
1.6 -0.0237002
1.61 -0.0242771
1.62 -0.0248614
1.63 -0.0253958
1.64 -0.0258007
1.65 -0.0260005
1.66 -0.0259513
1.67 -0.0256334
1.68 -0.0250447
1.69 -0.0241908
1.7 -0.0230748
1.71 -0.0217023
1.72 -0.0201867
1.73 -0.0190673
1.74 -0.0190455
1.75 -0.0200688
1.76 -0.0214402
1.77 -0.0226772
1.78 -0.0236713
1.79 -0.0244203
1.8 -0.0249212
1.81 -0.0251739
1.82 -0.025185
1.83 -0.024966
1.84 -0.0245314
1.85 -0.0238972
1.86 -0.0230793
1.87 -0.0220946
1.88 -0.0209613
1.89 -0.0196992
1.9 -0.0183296
1.91 -0.0168749
1.92 -0.0153595
1.93 -0.013808
1.94 -0.0122439
1.95 -0.010691
1.96 -0.00917402
1.97 -0.00771759
1.98 -0.00634463
1.99 -0.00507796
2 -0.00394162
2.01 -0.00295897
2.02 -0.00215084
2.03 -0.00153758
2.04 -0.00114118
2.05 -0.000982388
2.06 -0.00107798
2.07 -0.0014422
2.08 -0.00208821
2.09 -0.00302638
2.1 -0.00426246
2.11 -0.00580023
2.12 -0.00764416
2.13 -0.00978833
2.14 -0.0122057
2.15 -0.0148594
2.16 -0.017715
2.17 -0.0207009
2.18 -0.0236705
2.19 -0.0264696
2.2 -0.0290037
2.21 -0.0312328
2.22 -0.033165
2.23 -0.0348211
2.24 -0.0361983
2.25 -0.0372955
2.26 -0.0381371
2.27 -0.038755
2.28 -0.0391715
2.29 -0.0394066
2.3 -0.0394866
2.31 -0.0394375
2.32 -0.0392778
2.33 -0.0390246
2.34 -0.0386983
2.35 -0.0383203
2.36 -0.0379109
2.37 -0.0374883
2.38 -0.0370695
2.39 -0.0366737
2.4 -0.0363268
2.41 -0.0361994
2.42 -0.036772
2.43 -0.0384216
2.44 -0.0407909
2.45 -0.0431655
2.46 -0.0452331
2.47 -0.046996
2.48 -0.0484578
2.49 -0.0496183
2.5 -0.0505006
2.51 -0.051136
2.52 -0.0515491
2.53 -0.0517663
2.54 -0.0518239
2.55 -0.0517417
2.56 -0.051497
2.57 -0.0510411
2.58 -0.0503159
2.59 -0.0492802
2.6 -0.0479349
2.61 -0.0462972
2.62 -0.0443755
2.63 -0.0421773
2.64 -0.0397174
2.65 -0.0370147
2.66 -0.0343779
2.67 -0.0324276
2.68 -0.0313773
2.69 -0.0308102
2.7 -0.0302491
2.71 -0.0295331
2.72 -0.0286767
2.73 -0.0276946
2.74 -0.0266023
2.75 -0.0254158
2.76 -0.0241502
2.77 -0.022821
2.78 -0.0214435
2.79 -0.020027
2.8 -0.0185677
2.81 -0.0170552
2.82 -0.0154777
2.83 -0.0138221
2.84 -0.012074
2.85 -0.0102221
2.86 -0.00826276
2.87 -0.0062006
2.88 -0.00404916
2.89 -0.00182503
2.9 0.000458039
2.91 0.00278582
2.92 0.00514035
2.93 0.00750233
2.94 0.00985353
2.95 0.0121755
2.96 0.0144482
2.97 0.0166518
2.98 0.0187683
2.99 0.0207804
3 0.0226707
3.01 0.0244348
3.02 0.0260943
3.03 0.0276773
3.04 0.0291998
3.05 0.0306641
3.06 0.0320575
3.07 0.0333635
3.08 0.034573
3.09 0.0356771
3.1 0.0366603
3.11 0.0375053
3.12 0.0381981
3.13 0.0387253
3.14 0.0390718
3.15 0.0392226
3.16 0.0391651
3.17 0.0388884
3.18 0.0383828
3.19 0.0376564
3.2 0.0367522
3.21 0.035716
3.22 0.0345647
3.23 0.0332957
3.24 0.0318962
3.25 0.0303543
3.26 0.028669
3.27 0.0268378
3.28 0.0248426
3.29 0.0226659
3.3 0.0203054
3.31 0.017759
3.32 0.0150083
3.33 0.0120733
3.34 0.00906524
3.35 0.00610866
3.36 0.00326254
3.37 0.00054054
3.38 -0.00206893
3.39 -0.00458425
3.4 -0.0070122
3.41 -0.00935976
3.42 -0.0116459
3.43 -0.0138952
3.44 -0.0161321
3.45 -0.0183513
3.46 -0.020489
3.47 -0.0224695
3.48 -0.0242506
3.49 -0.025818
3.5 -0.0271791
3.51 -0.0283459
3.52 -0.0293179
3.53 -0.0300951
3.54 -0.0306903
3.55 -0.03112
3.56 -0.0313967
3.57 -0.0315321
3.58 -0.0315421
3.59 -0.0314413
3.6 -0.0312381
3.61 -0.0309301
3.62 -0.0304993
3.63 -0.0299314
3.64 -0.0292349
3.65 -0.0284254
3.66 -0.0275094
3.67 -0.0264925
3.68 -0.0253863
3.69 -0.0242043
3.7 -0.0229578
3.71 -0.0216587
3.72 -0.020323
3.73 -0.0189674
3.74 -0.0176062
3.75 -0.0162518
3.76 -0.0149148
3.77 -0.0135982
3.78 -0.0122928
3.79 -0.0109844
3.8 -0.00966225
3.81 -0.00831793
3.82 -0.00694409
3.83 -0.00554069
3.84 -0.00412109
3.85 -0.00270298
3.86 -0.00129924
3.87 7.69017e-05
3.88 0.00140682
3.89 0.00267056
3.9 0.00385091
3.91 0.00493066
3.92 0.0058898
3.93 0.00670862
3.94 0.00737074
3.95 0.00786182
3.96 0.00816834
3.97 0.00829714
3.98 0.00829487
3.99 0.00821641
4 0.00809349
4.01 0.00793844
4.02 0.00774816
4.03 0.00751432
4.04 0.00723365
4.05 0.00691023
4.06 0.00655776
4.07 0.00619149
4.08 0.00582029
4.09 0.00544503
4.1 0.00505704
4.11 0.00464583
4.12 0.00420667
4.13 0.00373491
4.14 0.00322026
4.15 0.00265157
4.16 0.00202158
4.17 0.00132298
4.18 0.00054454
4.19 -0.000325005
4.2 -0.00129316
4.21 -0.00236723
4.22 -0.00355785
4.23 -0.00487535
4.24 -0.0063262
4.25 -0.00791646
4.26 -0.00965525
4.27 -0.0115479
4.28 -0.0135891
4.29 -0.0157705
4.3 -0.0180889
4.31 -0.0205391
4.32 -0.0231073
4.33 -0.0257715
4.34 -0.0285021
4.35 -0.0312409
4.36 -0.0338821
4.37 -0.0363352
4.38 -0.038589
4.39 -0.0406651
4.4 -0.0425732
4.41 -0.0443156
4.42 -0.0458932
4.43 -0.0472951
4.44 -0.0484892
4.45 -0.0494362
4.46 -0.0501047
4.47 -0.050464
4.48 -0.0504782
4.49 -0.0501244
4.5 -0.0494117
4.51 -0.0483623
4.52 -0.0469933
4.53 -0.0453237
4.54 -0.0433814
4.55 -0.0411972
4.56 -0.0387981
4.57 -0.0362133
4.58 -0.033479
4.59 -0.030633
4.6 -0.0277098
4.61 -0.0247437
4.62 -0.0217738
4.63 -0.0188393
4.64 -0.0159752
4.65 -0.0132721
4.66 -0.0113759
4.67 -0.0112972
4.68 -0.013055
4.69 -0.01568
4.7 -0.0184266
4.71 -0.0210986
4.72 -0.0237048
4.73 -0.0262575
4.74 -0.0287616
4.75 -0.0312232
4.76 -0.033658
4.77 -0.0360849
4.78 -0.0385203
4.79 -0.0409793
4.8 -0.0434764
4.81 -0.0460285
4.82 -0.0486563
4.83 -0.0513655
4.84 -0.0541271
4.85 -0.0568663
4.86 -0.0594512
4.87 -0.0617656
4.88 -0.0637806
4.89 -0.0655054
4.9 -0.066938
4.91 -0.0680749
4.92 -0.0689204
4.93 -0.0694859
4.94 -0.06979
4.95 -0.0698399
4.96 -0.0696129
4.97 -0.0690714
4.98 -0.0681765
4.99 -0.0669063
5 -0.0652741
5.01 -0.0633036
5.02 -0.0610053
5.03 -0.0583895
5.04 -0.0554782
5.05 -0.0522977
5.06 -0.0488702
5.07 -0.0452182
5.08 -0.0413678
5.09 -0.0373464
5.1 -0.0331801
5.11 -0.0288902
5.12 -0.0247691
5.13 -0.0217313
5.14 -0.0206008
5.15 -0.0209655
5.16 -0.021729
5.17 -0.0223543
5.18 -0.0227971
5.19 -0.0230591
5.2 -0.0231416
5.21 -0.0230511
5.22 -0.022805
5.23 -0.0224231
5.24 -0.021919
5.25 -0.0213086
5.26 -0.0206192
5.27 -0.019865
5.28 -0.0190235
5.29 -0.0180549
5.3 -0.0169206
5.31 -0.0156034
5.32 -0.0141264
5.33 -0.0125219
5.34 -0.0108009
5.35 -0.00897184
5.36 -0.00706016
5.37 -0.00509576
5.38 -0.00310061
5.39 -0.00109545
5.4 0.000893666
5.41 0.00283986
5.42 0.00471993
5.43 0.00651395
5.44 0.00820483
5.45 0.009785
5.46 0.011263
5.47 0.0126538
5.48 0.0139694
5.49 0.0152196
5.5 0.0164132
5.51 0.0175516
5.52 0.0186229
5.53 0.0196107
5.54 0.020503
5.55 0.0212879
5.56 0.0219493
5.57 0.0224701
5.58 0.0228363
5.59 0.0230347
5.6 0.0230504
5.61 0.0228691
5.62 0.0224788
5.63 0.0218687
5.64 0.0210291
5.65 0.0199612
5.66 0.0186879
5.67 0.0172433
5.68 0.0156633
5.69 0.0139825
5.7 0.0122302
5.71 0.0104265
5.72 0.00857782
5.73 0.00668472
5.74 0.00474898
5.75 0.00277239
5.76 0.000755214
5.77 -0.00129816
5.78 -0.00337372
5.79 -0.00545193
5.8 -0.00751193
5.81 -0.00953521
5.82 -0.0115093
5.83 -0.0134267
5.84 -0.0152833
5.85 -0.0170751
5.86 -0.0187938
5.87 -0.0204306
5.88 -0.0219793
5.89 -0.0234364
5.9 -0.0248017
5.91 -0.0260765
5.92 -0.0272621
5.93 -0.0283617
5.94 -0.029382
5.95 -0.0303315
5.96 -0.0312194
5.97 -0.0320548
5.98 -0.0328459
5.99 -0.0335945
6 -0.0342888
6.01 -0.0349117
6.02 -0.0354466
6.03 -0.0358766
6.04 -0.0361829
6.05 -0.0363547
6.06 -0.0363982
6.07 -0.036328
6.08 -0.0361569
6.09 -0.0358963
6.1 -0.0355552
6.11 -0.0351355
6.12 -0.034627
6.13 -0.0340191
6.14 -0.0333125
6.15 -0.0325143
6.16 -0.0316329
6.17 -0.0306776
6.18 -0.0296579
6.19 -0.028584
6.2 -0.027467
6.21 -0.0263182
6.22 -0.0251478
6.23 -0.0239596
6.24 -0.0227454
6.25 -0.0214931
6.26 -0.0201949
6.27 -0.0188464
6.28 -0.0174463
6.29 -0.0159973
6.3 -0.0145068
6.31 -0.0129844
6.32 -0.0114385
6.33 -0.00987556
6.34 -0.00829935
6.35 -0.00671108
6.36 -0.00510977
6.37 -0.00349573
6.38 -0.00187404
6.39 -0.000251618
6.4 0.00136562
6.41 0.00297186
6.42 0.00456049
6.43 0.00612468
6.44 0.00765784
6.45 0.00915593
6.46 0.0106198
6.47 0.0120538
6.48 0.0134654
6.49 0.0148616
6.5 0.0162459
6.51 0.017617
6.52 0.018966
6.53 0.0202825
6.54 0.0215606
6.55 0.0227961
6.56 0.0239834
6.57 0.0249601
6.58 0.0253491
6.59 0.0249762
6.6 0.0241016
6.61 0.0230529
6.62 0.0219374
6.63 0.0207543
6.64 0.0195158
6.65 0.0182372
6.66 0.0169253
6.67 0.0155827
6.68 0.0142106
6.69 0.012812
6.7 0.0113925
6.71 0.00995913
6.72 0.00851682
6.73 0.00706961
6.74 0.00562111
6.75 0.00417363
6.76 0.00272732
6.77 0.00128159
6.78 -0.000163636
6.79 -0.00160924
6.8 -0.00305825
6.81 -0.00451426
6.82 -0.00597974
6.83 -0.0074595
6.84 -0.00896399
6.85 -0.010503
6.86 -0.0120792
6.87 -0.0136836
6.88 -0.0152902
6.89 -0.0168668
6.9 -0.0183852
6.91 -0.0198265
6.92 -0.0211868
6.93 -0.0224691
6.94 -0.023675
6.95 -0.0248072
6.96 -0.0258715
6.97 -0.0268716
6.98 -0.0278034
6.99 -0.0286571
7 -0.0294196
7.01 -0.0300761
7.02 -0.0306128
7.03 -0.0310201
7.04 -0.0312959
7.05 -0.0314442
7.06 -0.0314738
7.07 -0.0313951
7.08 -0.0312182
7.09 -0.030953
7.1 -0.0306104
7.11 -0.0302012
7.12 -0.0297356
7.13 -0.0292222
7.14 -0.0286686
7.15 -0.0280764
7.16 -0.0274375
7.17 -0.0267395
7.18 -0.0259701
7.19 -0.0251209
7.2 -0.0241893
7.21 -0.0231782
7.22 -0.0220949
7.23 -0.0209455
7.24 -0.0197306
7.25 -0.0184499
7.26 -0.0171084
7.27 -0.0157137
7.28 -0.0142738
7.29 -0.0127972
7.3 -0.0112933
7.31 -0.00977125
7.32 -0.00823981
7.33 -0.00670785
7.34 -0.00518549
7.35 -0.00368136
7.36 -0.00219985
7.37 -0.000741707
7.38 0.000695348
7.39 0.0021143
7.4 0.00351654
7.41 0.00489897
7.42 0.00625123
7.43 0.00755907
7.44 0.00880778
7.45 0.00998475
7.46 0.0110821
7.47 0.0120988
7.48 0.0130432
7.49 0.0139254
7.5 0.0147508
7.51 0.0155226
7.52 0.0162445
7.53 0.016884
7.54 0.0172161
7.55 0.0169296
7.56 0.0160683
7.57 0.0149533
7.58 0.0137695
7.59 0.0125434
7.6 0.011272
7.61 0.00995174
7.62 0.00858008
7.63 0.0071549
7.64 0.00567309
7.65 0.00413292
7.66 0.00253636
7.67 0.000888907
7.68 -0.000800535
7.69 -0.00252246
7.7 -0.00426953
7.71 -0.00603784
7.72 -0.00782813
7.73 -0.00964388
7.74 -0.0114894
7.75 -0.0133619
7.76 -0.015244
7.77 -0.0171164
7.78 -0.018971
7.79 -0.0208006
7.8 -0.0225892
7.81 -0.0243167
7.82 -0.0259634
7.83 -0.0275134
7.84 -0.0289576
7.85 -0.0302889
7.86 -0.0314979
7.87 -0.032576
7.88 -0.0335187
7.89 -0.0343231
7.9 -0.0349855
7.91 -0.035503
7.92 -0.0358758
7.93 -0.0361046
7.94 -0.0361892
7.95 -0.0361341
7.96 -0.0359548
7.97 -0.0356706
7.98 -0.0352963
7.99 -0.0348376
8 -0.0342846
8.01 -0.0336214
8.02 -0.0328348
8.03 -0.0319167
8.04 -0.0308652
8.05 -0.0296846
8.06 -0.0283845
8.07 -0.026975
8.08 -0.0254609
8.09 -0.0238464
8.1 -0.0221397
8.11 -0.0203494
8.12 -0.0184818
8.13 -0.0165426
8.14 -0.0145394
8.15 -0.0124798
8.16 -0.0103705
8.17 -0.00821735
8.18 -0.00602638
8.19 -0.00404662
8.2 -0.00289087
8.21 -0.00290993
8.22 -0.00371743
8.23 -0.00471126
8.24 -0.00566081
8.25 -0.00656888
8.26 -0.00743956
8.27 -0.00827792
8.28 -0.00908973
8.29 -0.0098815
8.3 -0.0106605
8.31 -0.0114322
8.32 -0.0121982
8.33 -0.012958
8.34 -0.0137117
8.35 -0.0144589
8.36 -0.0151975
8.37 -0.0159252
8.38 -0.0166404
8.39 -0.017341
8.4 -0.0180227
8.41 -0.0186814
8.42 -0.019315
8.43 -0.0199204
8.44 -0.020489
8.45 -0.0210135
8.46 -0.021494
8.47 -0.0219325
8.48 -0.0223261
8.49 -0.0226744
8.5 -0.0229847
8.51 -0.0232504
8.52 -0.0234273
8.53 -0.0234629
8.54 -0.023324
8.55 -0.0229937
8.56 -0.0224681
8.57 -0.0217501
8.58 -0.0208423
8.59 -0.0197499
8.6 -0.0184825
8.61 -0.0170525
8.62 -0.0154721
8.63 -0.0137548
8.64 -0.0119158
8.65 -0.00997067
8.66 -0.00793469
8.67 -0.00582312
8.68 -0.00365207
8.69 -0.00143784
8.7 0.000803765
8.71 0.00305704
8.72 0.00530606
8.73 0.00753769
8.74 0.00974459
8.75 0.0119232
8.76 0.0140714
8.77 0.0161866
8.78 0.0182629
8.79 0.0202907
8.8 0.0222555
8.81 0.0241427
8.82 0.0259417
8.83 0.0276466
8.84 0.0292565
8.85 0.0307689
8.86 0.0321738
8.87 0.0334557
8.88 0.0345974
8.89 0.035581
8.9 0.03639
8.91 0.0370083
8.92 0.0374192
8.93 0.037604
8.94 0.0375406
8.95 0.037219
8.96 0.0366572
8.97 0.0359078
8.98 0.0350637
8.99 0.0342011
9 0.0333227
9.01 0.0324045
9.02 0.0314429
9.03 0.0304412
9.04 0.0293956
9.05 0.0283102
9.06 0.0272127
9.07 0.0261296
9.08 0.0250612
9.09 0.0239984
9.1 0.0229381
9.11 0.0218818
9.12 0.0208343
9.13 0.0197998
9.14 0.0187776
9.15 0.0177593
9.16 0.0167267
9.17 0.015658
9.18 0.0145345
9.19 0.013336
9.2 0.0120351
9.21 0.0106025
9.22 0.00901187
9.23 0.0072549
9.24 0.00535681
9.25 0.00335727
9.26 0.00129145
9.27 -0.000817743
9.28 -0.00296729
9.29 -0.00515411
9.3 -0.00735527
9.31 -0.00954184
9.32 -0.0116928
9.33 -0.0137886
9.34 -0.0158052
9.35 -0.0177176
9.36 -0.0195046
9.37 -0.0211462
9.38 -0.022623
9.39 -0.0239196
9.4 -0.0250294
9.41 -0.0259547
9.42 -0.0267069
9.43 -0.0273032
9.44 -0.0277634
9.45 -0.0281081
9.46 -0.0283572
9.47 -0.028532
9.48 -0.0286564
9.49 -0.0287578
9.5 -0.028866
9.51 -0.0290099
9.52 -0.0292128
9.53 -0.0294667
9.54 -0.0297054
9.55 -0.0298621
9.56 -0.0299246
9.57 -0.0299035
9.58 -0.0297997
9.59 -0.0296115
9.6 -0.0293416
9.61 -0.0289955
9.62 -0.0285803
9.63 -0.028107
9.64 -0.0275935
9.65 -0.0270591
9.66 -0.0265202
9.67 -0.0259754
9.68 -0.025392
9.69 -0.0247296
9.7 -0.0239635
9.71 -0.023087
9.72 -0.0221143
9.73 -0.021064
9.74 -0.0199445
9.75 -0.0187608
9.76 -0.0175219
9.77 -0.0162383
9.78 -0.0149192
9.79 -0.0135762
9.8 -0.0122259
9.81 -0.0108858
9.82 -0.00957023
9.83 -0.00829192
9.84 -0.00706343
9.85 -0.00589541
9.86 -0.00479485
9.87 -0.00376359
9.88 -0.00279687
9.89 -0.00188559
9.9 -0.00101859
9.91 -0.000183719
9.92 0.000630991
9.93 0.00143342
9.94 0.00222341
9.95 0.00300318
9.96 0.00378773
9.97 0.00459302
9.98 0.00542428
9.99 0.00627616
10 0.00713285
