0.01 4.79887e-14
0.02 -1.12757e-13
0.03 1.31012e-12
0.04 5.90619e-13
0.05 1.71819e-12
0.06 4.51028e-13
0.07 -4.51028e-13
0.08 4.51028e-13
0.09 6.42173e-12
0.1 -3.60822e-12
0.11 1.80411e-12
0.12 0
0.13 0
0.14 3.60822e-12
0.15 -1.80411e-12
0.16 1.80411e-12
0.17 0
0.18 3.60822e-12
0.19 2.02746e-11
0.2 9.44991e-12
0.21 -3.60822e-12
0.22 3.60822e-12
0.23 -3.60822e-12
0.24 3.60822e-12
0.25 0
0.26 0
0.27 0
0.28 3.60822e-12
0.29 0
0.3 3.60822e-12
0.31 3.60822e-12
0.32 0
0.33 3.60822e-12
0.34 -3.60822e-12
0.35 7.21645e-12
0.36 -3.60822e-12
0.37 8.83148e-11
0.38 3.41914e-11
0.39 -1.80411e-11
0.4 1.08247e-11
0.41 -3.60822e-12
0.42 3.60822e-12
0.43 0
0.44 3.60822e-12
0.45 0
0.46 0
0.47 0
0.48 -1.80411e-12
0.49 0
0.5 0
0.51 9.02056e-13
0.52 0
0.53 2.25514e-13
0.54 -1.12757e-13
0.55 -1.12757e-13
0.56 2.25514e-13
0.57 -2.25514e-13
0.58 2.25514e-13
0.59 -6.76542e-13
0.6 6.76542e-13
0.61 -6.76542e-13
0.62 2.25514e-13
0.63 0
0.64 0
0.65 0
0.66 4.51028e-13
0.67 0
0.68 4.51028e-13
0.69 4.51028e-13
0.7 0
0.71 2.25514e-13
0.72 0
0.73 1.12757e-13
0.74 -1.12757e-13
0.75 0
0.76 -9.02056e-13
0.77 9.02056e-13
0.78 -9.02056e-13
0.79 9.02056e-13
0.8 -1.80411e-12
0.81 1.80411e-12
0.82 -1.80411e-12
0.83 1.80411e-12
0.84 -3.60822e-12
0.85 3.60822e-12
0.86 -3.60822e-12
0.87 3.60822e-12
0.88 -3.60822e-12
0.89 0
0.9 0
0.91 0
0.92 0
0.93 -2.45702e-11
0.94 -2.02746e-11
0.95 4.29561e-12
0.96 0
0.97 0
0.98 -1.44329e-11
0.99 1.44329e-11
1 -2.88658e-11
1.01 1.44329e-11
1.02 -1.09964e-10
1.03 5.77316e-11
1.04 -2.88658e-11
1.05 0
1.06 0
1.07 0
1.08 0
1.09 -1.44329e-11
1.1 1.44329e-11
1.11 -1.44329e-11
1.12 1.44329e-11
1.13 -1.44329e-11
1.14 0
1.15 -1.44329e-11
1.16 -1.44329e-11
1.17 4.32987e-11
1.18 -4.32987e-11
1.19 2.88658e-11
1.2 -1.44329e-11
1.21 -3.24393e-10
1.22 1.65978e-10
1.23 2.45012e-10
1.24 -1.33504e-10
1.25 6.31439e-11
1.26 -2.88658e-11
1.27 1.44329e-11
1.28 0
1.29 3.3161e-10
1.3 1.51198e-10
1.31 2.37796e-10
1.32 1.94497e-10
1.33 -9.38138e-11
1.34 5.05151e-11
1.35 -2.16493e-11
1.36 7.21645e-12
1.37 0
1.38 7.21645e-12
1.39 -7.21645e-12
1.4 7.21645e-12
1.41 -7.21645e-12
1.42 7.21645e-12
1.43 -3.60822e-12
1.44 0
1.45 9.02056e-13
1.46 0
1.47 -1.80411e-12
1.48 3.60822e-12
1.49 -3.60822e-12
1.5 3.60822e-12
1.51 -7.21645e-12
1.52 -3.60822e-12
1.53 3.60822e-12
1.54 -3.60822e-12
1.55 3.60822e-12
1.56 -1.08247e-11
1.57 -3.60822e-12
1.58 3.60822e-12
1.59 -3.60822e-12
1.6 3.60822e-12
1.61 -1.08247e-11
1.62 3.60822e-12
1.63 -3.60822e-12
1.64 -3.60822e-12
1.65 0
1.66 0
1.67 0
1.68 7.21645e-12
1.69 7.21645e-12
1.7 7.21645e-12
1.71 1.44329e-11
1.72 90445.5
1.73 362935
1.74 371796
1.75 541297
1.76 442134
1.77 494360
1.78 300545
1.79 273725
1.8 41244.9
1.81 1835.5
1.82 4.41105e-10
1.83 -2.11713e-10
1.84 -1.81244e-10
1.85 1.93595e-11
1.86 -1.32325e-10
1.87 -4.53457e-11
1.88 -9.41261e-11
1.89 2.64372e-11
1.9 1.52656e-11
1.91 5.24927e-11
1.92 1.75207e-11
1.93 -3.60822e-11
1.94 3.60822e-11
1.95 -2.16493e-11
1.96 2.16493e-11
1.97 4.77656e-11
1.98 3.33327e-11
1.99 -1.37477e-12
2 4.19239e-11
2.01 1.5979e-11
2.02 2.02746e-11
2.03 -1.08247e-11
2.04 -1.48622e-11
2.05 1.44329e-11
2.06 -3.90031e-11
2.07 -3.04119e-11
2.08 -4.05492e-11
2.09 2.88658e-11
2.1 -5.77316e-11
2.11 0
2.12 0
2.13 -5.77316e-11
2.14 5.77316e-11
2.15 -1.15463e-10
2.16 0
2.17 0
2.18 0
2.19 -2.88658e-11
2.2 -2.88658e-11
2.21 2.88658e-11
2.22 -2.88658e-11
2.23 2.88658e-11
2.24 -5.77316e-11
2.25 0
2.26 -2.88658e-11
2.27 -6.48787e-10
2.28 -3.02397e-10
2.29 -4.75592e-10
2.3 -3.92603e-10
2.31 -4.28685e-10
2.32 -4.11546e-10
2.33 2.30926e-10
2.34 -1.04639e-10
2.35 -5.98271e-10
2.36 3.2474e-10
2.37 -1.51545e-10
2.38 7.93809e-11
2.39 -4.32987e-11
2.4 2.88658e-11
2.41 -1.44329e-11
2.42 1.44329e-11
2.43 -7.21645e-12
2.44 2.16493e-11
2.45 176843
2.46 357057
2.47 452716
2.48 534202
2.49 519036
2.5 488453
2.51 376630
2.52 272135
2.53 119410
2.54 6541.88
2.55 4.72373e-08
2.56 2.47724e-10
2.57 9.69891e-13
2.58 -5.79953e-10
2.59 -1.22818e-10
2.6 9.61731e-11
2.61 1.45856e-10
2.62 1.43496e-10
2.63 -2.67841e-11
2.64 1.62648e-10
2.65 -4.46865e-11
2.66 -4.32987e-11
2.67 4.32987e-11
2.68 4.32987e-11
2.69 4.32987e-11
2.7 7.06518e-10
2.71 3.57353e-11
2.72 -5.77316e-11
2.73 5.77316e-11
2.74 15108.4
2.75 219601
2.76 199129
2.77 349376
2.78 270073
2.79 348042
2.8 208653
2.81 229592
2.82 58207
2.83 59418.5
2.84 2.46655e-09
2.85 -1.02318e-11
2.86 3.60245e-11
2.87 3.07567e-11
2.88 -1.19609e-11
2.89 6.01515e-12
2.9 4.83901e-11
2.91 4.42615e-11
2.92 1.50921e-12
2.93 -2.46331e-12
2.94 -9.67976e-12
2.95 3.57353e-11
2.96 -2.88658e-11
2.97 2.88658e-11
2.98 0
2.99 0
3 0
3.01 0
3.02 0
3.03 0
3.04 1.44329e-11
3.05 0
3.06 0
3.07 1.44329e-11
3.08 -1.44329e-11
3.09 1.44329e-11
3.1 0
3.11 0
3.12 0
3.13 3.60822e-12
3.14 -1.35308e-12
3.15 1.80411e-12
3.16 -7.21645e-12
3.17 7.21645e-12
3.18 -7.21645e-12
3.19 -7.21645e-12
3.2 -7.21645e-12
3.21 7.21645e-12
3.22 -7.21645e-12
3.23 2.16493e-11
3.24 1.7663e-10
3.25 6.11663e-11
3.26 -4.32987e-11
3.27 4.32987e-11
3.28 -1.44329e-11
3.29 -1.44329e-11
3.3 -9.55312e-11
3.31 -6.66654e-11
3.32 7.21645e-11
3.33 -7.21645e-11
3.34 4.32987e-11
3.35 6.66654e-11
3.36 -7.21645e-11
3.37 1.44329e-11
3.38 -4.32987e-11
3.39 -1.44329e-11
3.4 -1.44329e-11
3.41 1.44329e-11
3.42 -1.44329e-11
3.43 1.44329e-11
3.44 1.44329e-11
3.45 -1.44329e-11
3.46 -1.44329e-11
3.47 0
3.48 -1.44329e-11
3.49 0
3.5 0
3.51 -7.21645e-12
3.52 1.80411e-12
3.53 -1.80411e-12
3.54 1.08247e-11
3.55 3.60822e-12
3.56 -7.21645e-12
3.57 7.21645e-12
3.58 7.21645e-12
3.59 -7.21645e-12
3.6 3.60822e-11
3.61 -3.60822e-11
3.62 2.16493e-11
3.63 -1.44329e-11
3.64 1.44329e-11
3.65 1.44329e-11
3.66 -1.44329e-11
3.67 -1.44329e-11
3.68 1.44329e-11
3.69 -1.44329e-11
3.7 1.44329e-11
3.71 1.44329e-11
3.72 6.66654e-11
3.73 -4.32987e-11
3.74 -2.61163e-11
3.75 4.32987e-11
3.76 -2.30241e-11
3.77 1.44329e-11
3.78 -1.44329e-11
3.79 1.44329e-11
3.8 -1.44329e-11
3.81 1.24397e-10
3.82 1.18898e-10
3.83 -4.32987e-11
3.84 7.21645e-11
3.85 -4.32987e-11
3.86 7.21645e-11
3.87 1.33331e-10
3.88 2.66662e-10
3.89 -1.44329e-10
3.9 -2.52229e-10
3.91 -1.80064e-10
3.92 -2.23363e-10
3.93 1.29896e-10
3.94 2.63053e-10
3.95 1.81868e-10
3.96 -1.08247e-10
3.97 5.05151e-11
3.98 -2.88658e-11
3.99 2.88658e-11
4 -1.44329e-11
4.01 1.44329e-11
4.02 -1.44329e-11
4.03 1.44329e-11
4.04 -2.88658e-11
4.05 -1.44329e-11
4.06 1.44329e-11
4.07 -1.44329e-11
4.08 0
4.09 0
4.1 0
4.11 -2.88658e-11
4.12 1.44329e-11
4.13 -8.38479e-11
4.14 1.71824e-11
4.15 -9.82808e-11
4.16 -5.22325e-11
4.17 -4.05492e-11
4.18 2.88658e-11
4.19 -2.88658e-11
4.2 -8.10983e-11
4.21 5.77316e-11
4.22 -5.77316e-11
4.23 2.88658e-11
4.24 -2.88658e-11
4.25 2.88658e-11
4.26 -2.88658e-11
4.27 -2.88658e-11
4.28 2.88658e-11
4.29 -2.88658e-11
4.3 2.88658e-11
4.31 -8.65974e-11
4.32 -2.88658e-11
4.33 -2.88658e-11
4.34 -2.88658e-11
4.35 0
4.36 0
4.37 0
4.38 -5.77316e-11
4.39 0
4.4 0
4.41 0
4.42 -2.88658e-11
4.43 0
4.44 -1.44329e-11
4.45 1.44329e-11
4.46 0
4.47 0
4.48 3.60822e-12
4.49 -7.21645e-12
4.5 3.60822e-11
4.51 0
4.52 0
4.53 0
4.54 0
4.55 0
4.56 0
4.57 5.77316e-11
4.58 0
4.59 5.77316e-11
4.6 -5.77316e-11
4.61 1.15463e-10
4.62 -5.77316e-11
4.63 1.15463e-10
4.64 -5.77316e-11
4.65 5.77316e-11
4.66 5.77316e-11
4.67 402573
4.68 530773
4.69 773312
4.7 727759
4.71 777197
4.72 559590
4.73 461871
4.74 153061
4.75 12418
4.76 3.66435e-08
4.77 7.52607e-11
4.78 -2.64162e-10
4.79 1.68546e-10
4.8 1.10328e-10
4.81 1.00336e-10
4.82 -6.28664e-10
4.83 -1.53072e-10
4.84 3.06283e-10
4.85 2.19547e-10
4.86 5.16809e-10
4.87 3.02397e-10
4.88 -1.73195e-10
4.89 -5.62189e-10
4.9 -3.31263e-10
4.91 2.02061e-10
4.92 -1.44329e-10
4.93 5.77316e-11
4.94 -2.88658e-11
4.95 0
4.96 0
4.97 0
4.98 0
4.99 7.21645e-12
5 -7.21645e-12
5.01 2.88658e-11
5.02 -2.88658e-11
5.03 5.77316e-11
5.04 2.88658e-11
5.05 -2.88658e-11
5.06 8.65974e-11
5.07 2.88658e-11
5.08 2.88658e-11
5.09 -2.88658e-11
5.1 -2.88658e-11
5.11 8.65974e-11
5.12 -2.88658e-11
5.13 8.65974e-11
5.14 -2.88658e-11
5.15 1.44329e-10
5.16 252779
5.17 516625
5.18 593629
5.19 726329
5.2 643776
5.21 615520
5.22 398194
5.23 266150
5.24 -2598.24
5.25 458.512
5.26 -80.9139
5.27 14.2789
5.28 -2.51981
5.29 0.444672
5.3 -0.0784716
5.31 0.0138479
5.32 -0.00244375
5.33 0.00043125
5.34 -7.6103e-05
5.35 1.343e-05
5.36 -2.37003e-06
5.37 4.18253e-07
5.38 -7.38194e-08
5.39 1.30854e-08
5.4 -2.24676e-09
5.41 4.19248e-10
5.42 -1.06529e-10
5.43 -1.04465e-10
5.44 6.4948e-11
5.45 -3.60822e-11
5.46 2.16493e-11
5.47 -1.08247e-11
5.48 3.60822e-12
5.49 0
5.5 1.80411e-12
5.51 0
5.52 0
5.53 -2.25514e-13
5.54 1.80411e-12
5.55 1.80411e-12
5.56 -5.41234e-12
5.57 7.21645e-12
5.58 -1.44329e-11
5.59 1.44329e-11
5.6 -2.88658e-11
5.61 2.88658e-11
5.62 8.10983e-11
5.63 2.33667e-11
5.64 0
5.65 -2.88658e-11
5.66 2.88658e-11
5.67 -2.88658e-11
5.68 2.88658e-11
5.69 -2.88658e-11
5.7 -2.88658e-11
5.71 2.88658e-11
5.72 0
5.73 0
5.74 0
5.75 0
5.76 0
5.77 0
5.78 0
5.79 -2.88658e-11
5.8 0
5.81 0
5.82 0
5.83 -2.88658e-11
5.84 -2.88658e-11
5.85 2.88658e-11
5.86 -5.77316e-11
5.87 4.32987e-11
5.88 -2.88658e-11
5.89 1.44329e-11
5.9 -1.44329e-11
5.91 1.44329e-11
5.92 -1.44329e-11
5.93 7.21645e-12
5.94 -7.21645e-12
5.95 3.60822e-12
5.96 -2.25514e-12
5.97 9.02056e-13
5.98 9.02056e-13
5.99 -1.80411e-12
6 -1.80411e-12
6.01 0
6.02 0
6.03 0
6.04 -1.44329e-11
6.05 1.44329e-11
6.06 0
6.07 0
6.08 2.88658e-11
6.09 0
6.1 0
6.11 2.88658e-11
6.12 -2.88658e-11
6.13 5.77316e-11
6.14 -2.88658e-11
6.15 5.77316e-11
6.16 -5.77316e-11
6.17 8.65974e-11
6.18 2.95527e-10
6.19 -2.02061e-10
6.2 1.44329e-10
6.21 7.55992e-11
6.22 -2.88658e-11
6.23 5.77316e-11
6.24 -2.88658e-11
6.25 0
6.26 -2.88658e-11
6.27 -4.05492e-11
6.28 2.88658e-11
6.29 -7.80062e-11
6.3 -6.08237e-11
6.31 -5.22325e-11
6.32 2.88658e-11
6.33 -2.88658e-11
6.34 0
6.35 2.88658e-11
6.36 2.88658e-11
6.37 1.33331e-10
6.38 7.55992e-11
6.39 -5.77316e-11
6.4 -2.95527e-10
6.41 2.02061e-10
6.42 -1.15463e-10
6.43 7.21645e-11
6.44 2.95527e-10
6.45 -1.73195e-10
6.46 8.65974e-11
6.47 2.81095e-10
6.48 1.51198e-10
6.49 155808
6.5 163542
6.51 243787
6.52 188529
6.53 199414
6.54 88536.9
6.55 54976
6.56 -9701.64
6.57 1712.05
6.58 -302.127
6.59 53.3166
6.6 -9.40881
6.61 1.66038
6.62 -0.293008
6.63 0.0517073
6.64 -0.00912481
6.65 0.00161026
6.66 -0.000284164
6.67 5.01465e-05
6.68 -8.84956e-06
6.69 1.56171e-06
6.7 -2.7564e-07
6.71 4.86136e-08
6.72 -8.63377e-09
6.73 1.53266e-09
6.74 -2.75604e-10
6.75 1.40903e-11
6.76 4.91404e-11
6.77 1.16834e-11
6.78 -6.9415e-11
6.79 2.88658e-11
6.8 -2.88658e-11
6.81 2.88658e-11
6.82 0
6.83 -2.88658e-11
6.84 0
6.85 0
6.86 0
6.87 0
6.88 0
6.89 0
6.9 0
6.91 0
6.92 0
6.93 0
6.94 -2.88658e-11
6.95 1.44329e-11
6.96 -1.44329e-11
6.97 1.44329e-11
6.98 -2.88658e-11
6.99 1.44329e-11
7 0
7.01 0
7.02 0
7.03 0
7.04 -1.80411e-12
7.05 9.02056e-13
7.06 0
7.07 0
7.08 0
7.09 0
7.1 1.44329e-11
7.11 -1.44329e-11
7.12 1.44329e-11
7.13 0
7.14 1.44329e-11
7.15 0
7.16 1.44329e-11
7.17 -1.44329e-11
7.18 1.44329e-11
7.19 -1.44329e-11
7.2 4.32987e-11
7.21 -1.44329e-11
7.22 1.44329e-11
7.23 -4.32987e-11
7.24 1.44329e-11
7.25 -1.44329e-11
7.26 1.44329e-11
7.27 -1.44329e-11
7.28 1.44329e-11
7.29 -1.44329e-11
7.3 1.44329e-11
7.31 -1.44329e-11
7.32 1.44329e-11
7.33 -1.44329e-11
7.34 1.44329e-11
7.35 -1.44329e-11
7.36 -3.47075e-11
7.37 1.44329e-11
7.38 -1.44329e-11
7.39 4.32987e-11
7.4 -1.44329e-11
7.41 1.44329e-11
7.42 -1.44329e-11
7.43 1.44329e-11
7.44 -1.44329e-11
7.45 1.44329e-11
7.46 1.44329e-11
7.47 -1.44329e-11
7.48 2.88658e-11
7.49 0
7.5 1.44329e-11
7.51 -1.44329e-11
7.52 137596
7.53 142151
7.54 216720
7.55 167881
7.56 182916
7.57 86119.8
7.58 62064.1
7.59 -10952.5
7.6 1932.79
7.61 -341.081
7.62 60.1907
7.63 -10.6219
7.64 1.87445
7.65 -0.330786
7.66 0.0583739
7.67 -0.0103013
7.68 0.00181787
7.69 -0.000320801
7.7 5.66119e-05
7.71 -9.99033e-06
7.72 1.76301e-06
7.73 -3.11166e-07
7.74 5.49573e-08
7.75 -9.60836e-09
7.76 1.61239e-09
7.77 -2.92787e-10
7.78 1.15463e-10
7.79 -5.77316e-11
7.8 5.77316e-11
7.81 -8.65974e-11
7.82 -2.95527e-10
7.83 -1.51198e-10
7.84 1.15463e-10
7.85 -8.65974e-11
7.86 2.88658e-11
7.87 0
7.88 0
7.89 -1.44329e-11
7.9 1.44329e-11
7.91 -1.44329e-11
7.92 1.44329e-11
7.93 -1.44329e-11
7.94 1.08247e-11
7.95 -7.21645e-12
7.96 4.51028e-12
7.97 -1.80411e-12
7.98 0
7.99 3.60822e-12
8 -3.60822e-12
8.01 3.60822e-12
8.02 -3.60822e-12
8.03 1.44329e-11
8.04 -1.44329e-11
8.05 2.88658e-11
8.06 -2.88658e-11
8.07 4.32987e-11
8.08 1.44329e-11
8.09 -1.44329e-11
8.1 4.32987e-11
8.11 1.44329e-11
8.12 -1.44329e-11
8.13 1.44329e-11
8.14 -1.44329e-11
8.15 1.44329e-11
8.16 -1.44329e-11
8.17 1.44329e-11
8.18 -1.44329e-11
8.19 1.53263e-10
8.2 -1.0103e-10
8.21 185659
8.22 307676
8.23 383230
8.24 419540
8.25 392882
8.26 331803
8.27 223592
8.28 105211
8.29 -18566.7
8.3 3276.48
8.31 -578.202
8.32 102.036
8.33 -18.0063
8.34 3.17758
8.35 -0.56075
8.36 0.0989558
8.37 -0.0174628
8.38 0.00308167
8.39 -0.000543824
8.4 9.59689e-05
8.41 -1.69358e-05
8.42 2.98865e-06
8.43 -5.27513e-07
8.44 9.30196e-08
8.45 -1.63823e-08
8.46 2.92787e-09
8.47 -4.26811e-10
8.48 1.87628e-10
8.49 2.0893e-10
8.5 -1.29896e-10
8.51 5.77316e-11
8.52 -2.88658e-11
8.53 1.44329e-11
8.54 -1.44329e-11
8.55 1.08247e-11
8.56 -6.31439e-12
8.57 1.80411e-12
8.58 0
8.59 0
8.6 0
8.61 0
8.62 -1.44329e-11
8.63 2.88658e-11
8.64 -2.88658e-11
8.65 2.19928e-10
8.66 1.78677e-11
8.67 1.62197e-10
8.68 -5.77316e-11
8.69 2.88658e-11
8.7 0
8.71 0
8.72 0
8.73 -2.02746e-11
8.74 -4.05492e-11
8.75 2.88658e-11
8.76 -2.88658e-11
8.77 2.88658e-11
8.78 -2.88658e-11
8.79 0
8.8 2.88658e-11
8.81 0
8.82 2.88658e-11
8.83 0
8.84 0
8.85 0
8.86 0
8.87 -2.88658e-11
8.88 2.88658e-11
8.89 0
8.9 0
8.91 1.44329e-11
8.92 0
8.93 0
8.94 0
8.95 0
8.96 0
8.97 -7.21645e-12
8.98 7.21645e-12
8.99 -2.16493e-11
9 2.16493e-11
9.01 -2.16493e-11
9.02 1.44329e-11
9.03 -1.44329e-11
9.04 1.44329e-11
9.05 -1.44329e-11
9.06 0
9.07 0
9.08 0
9.09 -1.44329e-11
9.1 0
9.11 -1.44329e-11
9.12 7.21645e-12
9.13 0
9.14 0
9.15 0
9.16 1.44329e-11
9.17 -1.44329e-11
9.18 1.44329e-11
9.19 0
9.2 -1.44329e-11
9.21 1.44329e-11
9.22 -1.44329e-11
9.23 1.44329e-11
9.24 -1.44329e-11
9.25 1.44329e-11
9.26 -1.24397e-10
9.27 7.21645e-11
9.28 -2.30241e-11
9.29 -3.47075e-11
9.3 -2.61163e-11
9.31 -9.55312e-11
9.32 4.32987e-11
9.33 -4.32987e-11
9.34 1.44329e-11
9.35 -1.44329e-11
9.36 1.44329e-11
9.37 -4.32987e-11
9.38 1.44329e-11
9.39 -1.44329e-11
9.4 1.44329e-11
9.41 -1.44329e-11
9.42 0
9.43 -1.44329e-11
9.44 7.21645e-12
9.45 0
9.46 0
9.47 0
9.48 0
9.49 0
9.5 -3.60822e-12
9.51 0
9.52 0
9.53 0
9.54 0
9.55 0
9.56 -3.60822e-12
9.57 0
9.58 0
9.59 0
9.6 0
9.61 0
9.62 0
9.63 0
9.64 0
9.65 3.60822e-12
9.66 -3.60822e-12
9.67 3.60822e-12
9.68 -3.60822e-12
9.69 1.08247e-11
9.7 -3.60822e-12
9.71 3.60822e-12
9.72 0
9.73 -3.24393e-10
9.74 -1.22333e-10
9.75 8.65974e-11
9.76 -5.77316e-11
9.77 4.32987e-11
9.78 -4.32987e-11
9.79 2.88658e-11
9.8 -2.88658e-11
9.81 2.88658e-11
9.82 -2.88658e-11
9.83 2.88658e-11
9.84 -2.88658e-11
9.85 2.88658e-11
9.86 -2.88658e-11
9.87 1.44329e-11
9.88 0
9.89 0
9.9 1.44329e-11
9.91 -1.44329e-11
9.92 1.09964e-10
9.93 2.33667e-11
9.94 -2.16493e-11
9.95 1.44329e-11
9.96 1.30581e-11
9.97 -2.16493e-11
9.98 -2.92084e-12
9.99 7.21645e-12
10 -7.21645e-12
