0.01 1.53883e-07
0.02 8.8477e-07
0.03 2.56281e-06
0.04 5.26034e-06
0.05 8.9132e-06
0.06 1.34434e-05
0.07 1.87924e-05
0.08 2.49531e-05
0.09 3.19667e-05
0.1 3.99188e-05
0.11 4.89121e-05
0.12 5.90397e-05
0.13 7.03436e-05
0.14 8.2774e-05
0.15 9.62317e-05
0.16 0.00011061
0.17 0.000125789
0.18 0.000141635
0.19 0.00015804
0.2 0.000174961
0.21 0.000192445
0.22 0.000210654
0.23 0.000229803
0.24 0.000250103
0.25 0.000271721
0.26 0.000294754
0.27 0.000319202
0.28 0.000344937
0.29 0.000371787
0.3 0.00039962
0.31 0.000428304
0.32 0.000457661
0.33 0.000487508
0.34 0.000517692
0.35 0.000548055
0.36 0.000578411
0.37 0.000608639
0.38 0.000638781
0.39 0.000669012
0.4 0.000699607
0.41 0.000730878
0.42 0.000763116
0.43 0.000796532
0.44 0.000831199
0.45 0.00086695
0.46 0.000903276
0.47 0.000939554
0.48 0.000975257
0.49 0.00100989
0.5 0.00104295
0.51 0.00107426
0.52 0.00110447
0.53 0.00113439
0.54 0.00116459
0.55 0.00119537
0.56 0.00122688
0.57 0.00125923
0.58 0.00129267
0.59 0.00132745
0.6 0.00136385
0.61 0.00140211
0.62 0.00144254
0.63 0.00148529
0.64 0.00153033
0.65 0.00157738
0.66 0.00162586
0.67 0.00167526
0.68 0.0017255
0.69 0.0017766
0.7 0.00182845
0.71 0.00188091
0.72 0.00193392
0.73 0.00198736
0.74 0.00204085
0.75 0.00209391
0.76 0.00214608
0.77 0.00219686
0.78 0.0022457
0.79 0.00229205
0.8 0.0023355
0.81 0.00237574
0.82 0.00241268
0.83 0.00244623
0.84 0.0024761
0.85 0.00250191
0.86 0.00252315
0.87 0.0025394
0.88 0.00255049
0.89 0.00255652
0.9 0.00255782
0.91 0.00255485
0.92 0.00254802
0.93 0.00253774
0.94 0.0025245
0.95 0.00250873
0.96 0.00249074
0.97 0.00247058
0.98 0.00244794
0.99 0.00242239
1 0.00239359
1.01 0.00236117
1.02 0.00232468
1.03 0.00228361
1.04 0.0022375
1.05 0.00218592
1.06 0.0021285
1.07 0.00206511
1.08 0.00199606
1.09 0.00192184
1.1 0.00184285
1.11 0.00175965
1.12 0.00167315
1.13 0.00158416
1.14 0.00149299
1.15 0.00140011
1.16 0.00130683
1.17 0.00121517
1.18 0.00112769
1.19 0.00104686
1.2 0.000974273
1.21 0.00091057
1.22 0.000855209
1.23 0.000807169
1.24 0.000765615
1.25 0.000729666
1.26 0.000698171
1.27 0.000669909
1.28 0.000643795
1.29 0.000618819
1.3 0.000593986
1.31 0.000568342
1.32 0.000541003
1.33 0.000511104
1.34 0.000477758
1.35 0.000440046
1.36 0.000397022
1.37 0.000347636
1.38 0.000290679
1.39 0.000224944
1.4 0.000149405
1.41 6.30238e-05
1.42 -3.54309e-05
1.43 -0.000146779
1.44 -0.000270841
1.45 -0.000406681
1.46 -0.000552857
1.47 -0.000707772
1.48 -0.000870026
1.49 -0.00103856
1.5 -0.0012128
1.51 -0.0013925
1.52 -0.00157763
1.53 -0.00176809
1.54 -0.00196348
1.55 -0.00216345
1.56 -0.00236803
1.57 -0.00257747
1.58 -0.0027921
1.59 -0.00301243
1.6 -0.00323928
1.61 -0.00347222
1.62 -0.00370807
1.63 -0.00394114
1.64 -0.00416354
1.65 -0.0043679
1.66 -0.00455008
1.67 -0.00470843
1.68 -0.00484299
1.69 -0.00495451
1.7 -0.00504343
1.71 -0.00511032
1.72 -0.00515639
1.73 -0.00518298
1.74 -0.00519111
1.75 -0.00518147
1.76 -0.00515448
1.77 -0.00511042
1.78 -0.00504961
1.79 -0.00497234
1.8 -0.00487872
1.81 -0.00476909
1.82 -0.00464439
1.83 -0.00450597
1.84 -0.00435541
1.85 -0.00419433
1.86 -0.0040243
1.87 -0.00384688
1.88 -0.00366372
1.89 -0.00347654
1.9 -0.00328715
1.91 -0.00309746
1.92 -0.00290948
1.93 -0.0027252
1.94 -0.00254649
1.95 -0.0023752
1.96 -0.00221327
1.97 -0.00206256
1.98 -0.00192482
1.99 -0.00180173
2 -0.00169514
2.01 -0.00160681
2.02 -0.00153829
2.03 -0.00149108
2.04 -0.00146691
2.05 -0.0014674
2.06 -0.00149381
2.07 -0.0015472
2.08 -0.0016286
2.09 -0.00173878
2.1 -0.00187815
2.11 -0.00204697
2.12 -0.00224568
2.13 -0.00247372
2.14 -0.00272848
2.15 -0.00300651
2.16 -0.00330468
2.17 -0.00361623
2.18 -0.00392694
2.19 -0.00422202
2.2 -0.00449293
2.21 -0.00473668
2.22 -0.00495511
2.23 -0.00515123
2.24 -0.00532555
2.25 -0.00547862
2.26 -0.00561352
2.27 -0.00573397
2.28 -0.00584256
2.29 -0.00594158
2.3 -0.00603387
2.31 -0.00612211
2.32 -0.00620821
2.33 -0.00629382
2.34 -0.00638091
2.35 -0.00647149
2.36 -0.00656738
2.37 -0.00667022
2.38 -0.00678143
2.39 -0.00690268
2.4 -0.00703629
2.41 -0.00718265
2.42 -0.00733775
2.43 -0.00749288
2.44 -0.00763441
2.45 -0.00775185
2.46 -0.00784576
2.47 -0.00792047
2.48 -0.00797708
2.49 -0.00801619
2.5 -0.00804066
2.51 -0.00805406
2.52 -0.00805917
2.53 -0.00805881
2.54 -0.00805673
2.55 -0.00805492
2.56 -0.00805096
2.57 -0.00803981
2.58 -0.00801553
2.59 -0.00797385
2.6 -0.00791478
2.61 -0.0078399
2.62 -0.00774978
2.63 -0.00764481
2.64 -0.00752604
2.65 -0.00739486
2.66 -0.00725275
2.67 -0.00710116
2.68 -0.00694148
2.69 -0.00677507
2.7 -0.00660329
2.71 -0.00642749
2.72 -0.00624893
2.73 -0.00606884
2.74 -0.00588851
2.75 -0.00570916
2.76 -0.00553197
2.77 -0.00535804
2.78 -0.00518846
2.79 -0.00502367
2.8 -0.00486278
2.81 -0.00470422
2.82 -0.0045463
2.83 -0.00438722
2.84 -0.00422504
2.85 -0.00405816
2.86 -0.00388574
2.87 -0.00370775
2.88 -0.00352506
2.89 -0.00333881
2.9 -0.00314981
2.91 -0.0029589
2.92 -0.00276725
2.93 -0.00257619
2.94 -0.00238688
2.95 -0.00220051
2.96 -0.00201842
2.97 -0.00184191
2.98 -0.00167214
2.99 -0.00151018
3 -0.0013571
3.01 -0.00121272
3.02 -0.00107425
3.03 -0.000938323
3.04 -0.00080286
3.05 -0.000667233
3.06 -0.000532356
3.07 -0.000399534
3.08 -0.000269336
3.09 -0.000142319
3.1 -1.97429e-05
3.11 9.69474e-05
3.12 0.000206618
3.13 0.000308178
3.14 0.000400314
3.15 0.000481709
3.16 0.000551249
3.17 0.000607958
3.18 0.000650922
3.19 0.000680996
3.2 0.000702476
3.21 0.000719831
3.22 0.000734504
3.23 0.000745909
3.24 0.000752414
3.25 0.000752442
3.26 0.000745546
3.27 0.000731054
3.28 0.000706728
3.29 0.000670348
3.3 0.000621255
3.31 0.000558731
3.32 0.000480407
3.33 0.00038775
3.34 0.000291429
3.35 0.000203243
3.36 0.000128202
3.37 6.66867e-05
3.38 1.65555e-05
3.39 -2.49521e-05
3.4 -5.9348e-05
3.41 -8.81125e-05
3.42 -0.000113886
3.43 -0.000139829
3.44 -0.000169
3.45 -0.000201412
3.46 -0.000231155
3.47 -0.000251153
3.48 -0.000257817
3.49 -0.000250367
3.5 -0.000230156
3.51 -0.000198926
3.52 -0.000157097
3.53 -0.00010505
3.54 -4.43911e-05
3.55 2.29376e-05
3.56 9.55271e-05
3.57 0.000172066
3.58 0.000250913
3.59 0.000330607
3.6 0.00041036
3.61 0.000490524
3.62 0.000573053
3.63 0.000659529
3.64 0.000749237
3.65 0.000840802
3.66 0.000933792
3.67 0.00102794
3.68 0.00112237
3.69 0.00121607
3.7 0.00130827
3.71 0.00139818
3.72 0.00148462
3.73 0.00156637
3.74 0.00164243
3.75 0.00171207
3.76 0.00177473
3.77 0.00183059
3.78 0.00188109
3.79 0.00192813
3.8 0.00197324
3.81 0.00201767
3.82 0.00206258
3.83 0.00210834
3.84 0.002154
3.85 0.00219817
3.86 0.00223996
3.87 0.00227848
3.88 0.00231225
3.89 0.00233972
3.9 0.00235958
3.91 0.00237053
3.92 0.00237099
3.93 0.00235936
3.94 0.00233441
3.95 0.00229505
3.96 0.00224028
3.97 0.00217107
3.98 0.00209241
3.99 0.00200997
4 0.00192698
4.01 0.00184464
4.02 0.00176257
4.03 0.00167984
4.04 0.00159605
4.05 0.00151154
4.06 0.00142758
4.07 0.00134561
4.08 0.00126637
4.09 0.00118978
4.1 0.00111481
4.11 0.00104025
4.12 0.000965479
4.13 0.0008899
4.14 0.00081234
4.15 0.000731548
4.16 0.000646669
4.17 0.000556842
4.18 0.000460806
4.19 0.000357291
4.2 0.000245405
4.21 0.000124265
4.22 -7.36644e-06
4.23 -0.000150707
4.24 -0.000306598
4.25 -0.000475863
4.26 -0.00065966
4.27 -0.000858783
4.28 -0.00107298
4.29 -0.00130174
4.3 -0.0015451
4.31 -0.00180295
4.32 -0.00207435
4.33 -0.00235755
4.34 -0.00265009
4.35 -0.00294669
4.36 -0.0032373
4.37 -0.0035136
4.38 -0.00377529
4.39 -0.00402541
4.4 -0.00426564
4.41 -0.00449688
4.42 -0.00471979
4.43 -0.00493381
4.44 -0.00513613
4.45 -0.00532328
4.46 -0.0054925
4.47 -0.00564111
4.48 -0.00576584
4.49 -0.00586469
4.5 -0.00593883
4.51 -0.00599063
4.52 -0.00602183
4.53 -0.00603423
4.54 -0.00603043
4.55 -0.00601318
4.56 -0.00598479
4.57 -0.00594765
4.58 -0.0059048
4.59 -0.00585937
4.6 -0.00581403
4.61 -0.00577141
4.62 -0.00573458
4.63 -0.00570655
4.64 -0.00568989
4.65 -0.00568688
4.66 -0.00569978
4.67 -0.00572778
4.68 -0.00576408
4.69 -0.00580127
4.7 -0.00583654
4.71 -0.00587008
4.72 -0.0059035
4.73 -0.00593874
4.74 -0.00597693
4.75 -0.00601931
4.76 -0.00606802
4.77 -0.00612551
4.78 -0.00619393
4.79 -0.00627523
4.8 -0.00637134
4.81 -0.00648434
4.82 -0.00661673
4.83 -0.00676945
4.84 -0.00693991
4.85 -0.00712097
4.86 -0.00729982
4.87 -0.00746537
4.88 -0.00761546
4.89 -0.00775175
4.9 -0.00787465
4.91 -0.00798434
4.92 -0.00808167
4.93 -0.00816813
4.94 -0.00824585
4.95 -0.00831568
4.96 -0.00837538
4.97 -0.00842112
4.98 -0.00844895
4.99 -0.00845662
5 -0.00844531
5.01 -0.00841718
5.02 -0.00837293
5.03 -0.00831313
5.04 -0.00823943
5.05 -0.00815383
5.06 -0.0080578
5.07 -0.00795274
5.08 -0.00784038
5.09 -0.00772247
5.1 -0.00760054
5.11 -0.00747563
5.12 -0.00734801
5.13 -0.00721678
5.14 -0.00707949
5.15 -0.00693377
5.16 -0.00677892
5.17 -0.00661517
5.18 -0.00644288
5.19 -0.00626242
5.2 -0.00607408
5.21 -0.00587859
5.22 -0.00567776
5.23 -0.00547355
5.24 -0.00526723
5.25 -0.00506025
5.26 -0.00485516
5.27 -0.00465313
5.28 -0.00445157
5.29 -0.00424617
5.3 -0.00403276
5.31 -0.00380937
5.32 -0.00357808
5.33 -0.00334185
5.34 -0.00310136
5.35 -0.00285703
5.36 -0.00261095
5.37 -0.0023656
5.38 -0.00212264
5.39 -0.00188353
5.4 -0.00165027
5.41 -0.00142493
5.42 -0.00120916
5.43 -0.0010043
5.44 -0.000811409
5.45 -0.000630579
5.46 -0.000460322
5.47 -0.000298542
5.48 -0.000143517
5.49 6.21598e-06
5.5 0.000151963
5.51 0.000294258
5.52 0.000432247
5.53 0.000564622
5.54 0.000690518
5.55 0.000809063
5.56 0.000918929
5.57 0.0010187
5.58 0.00110724
5.59 0.00118344
5.6 0.00124604
5.61 0.0012938
5.62 0.00132562
5.63 0.00134054
5.64 0.00133765
5.65 0.00131709
5.66 0.00128113
5.67 0.00123307
5.68 0.00117632
5.69 0.00111405
5.7 0.00104881
5.71 0.000982189
5.72 0.000914343
5.73 0.000844808
5.74 0.000773256
5.75 0.000699353
5.76 0.000622606
5.77 0.000542939
5.78 0.000461245
5.79 0.000378957
5.8 0.000297623
5.81 0.000218536
5.82 0.00014237
5.83 6.93124e-05
5.84 -8.03939e-07
5.85 -6.81021e-05
5.86 -0.000132271
5.87 -0.000192914
5.88 -0.000249885
5.89 -0.000303304
5.9 -0.000353566
5.91 -0.000401192
5.92 -0.000446684
5.93 -0.000490693
5.94 -0.000534178
5.95 -0.000578259
5.96 -0.000624075
5.97 -0.000672719
5.98 -0.000725182
5.99 -0.000781733
6 -0.000841312
6.01 -0.000902257
6.02 -0.000963011
6.03 -0.00102197
6.04 -0.00107733
6.05 -0.00112808
6.06 -0.00117494
6.07 -0.0012194
6.08 -0.00126274
6.09 -0.00130601
6.1 -0.00135003
6.11 -0.00139482
6.12 -0.00143919
6.13 -0.00148188
6.14 -0.00152278
6.15 -0.00156239
6.16 -0.00160132
6.17 -0.00164025
6.18 -0.00167983
6.19 -0.00172075
6.2 -0.0017638
6.21 -0.00180973
6.22 -0.00185919
6.23 -0.00191216
6.24 -0.0019674
6.25 -0.00202327
6.26 -0.0020786
6.27 -0.0021326
6.28 -0.00218475
6.29 -0.00223494
6.3 -0.00228355
6.31 -0.00233113
6.32 -0.00237814
6.33 -0.00242478
6.34 -0.00247102
6.35 -0.00251653
6.36 -0.00256079
6.37 -0.00260341
6.38 -0.00264448
6.39 -0.00268428
6.4 -0.00272298
6.41 -0.00276077
6.42 -0.00279787
6.43 -0.00283457
6.44 -0.00287113
6.45 -0.00290755
6.46 -0.00294336
6.47 -0.00297772
6.48 -0.00300954
6.49 -0.0030378
6.5 -0.00306181
6.51 -0.00308145
6.52 -0.00309732
6.53 -0.00311018
6.54 -0.00312035
6.55 -0.003128
6.56 -0.0031334
6.57 -0.00313688
6.58 -0.00313876
6.59 -0.00313937
6.6 -0.00313922
6.61 -0.00313904
6.62 -0.00313979
6.63 -0.00314191
6.64 -0.00314446
6.65 -0.00314628
6.66 -0.00314706
6.67 -0.00314695
6.68 -0.00314622
6.69 -0.00314499
6.7 -0.00314309
6.71 -0.00314024
6.72 -0.00313635
6.73 -0.00313145
6.74 -0.00312559
6.75 -0.00311896
6.76 -0.00311196
6.77 -0.00310505
6.78 -0.00309865
6.79 -0.00309323
6.8 -0.00308948
6.81 -0.00308812
6.82 -0.00308977
6.83 -0.00309525
6.84 -0.00310597
6.85 -0.00312323
6.86 -0.00314762
6.87 -0.00317852
6.88 -0.00321363
6.89 -0.00325005
6.9 -0.00328531
6.91 -0.00331793
6.92 -0.00334791
6.93 -0.00337594
6.94 -0.00340255
6.95 -0.00342833
6.96 -0.00345417
6.97 -0.00348068
6.98 -0.00350767
6.99 -0.0035344
7 -0.0035597
7.01 -0.00358229
7.02 -0.00360095
7.03 -0.00361486
7.04 -0.00362398
7.05 -0.0036288
7.06 -0.00363027
7.07 -0.00362948
7.08 -0.0036274
7.09 -0.00362497
7.1 -0.00362317
7.11 -0.00362297
7.12 -0.00362518
7.13 -0.0036305
7.14 -0.00363944
7.15 -0.00365192
7.16 -0.00366688
7.17 -0.00368278
7.18 -0.00369816
7.19 -0.00371191
7.2 -0.00372353
7.21 -0.00373307
7.22 -0.00374096
7.23 -0.00374755
7.24 -0.00375255
7.25 -0.00375561
7.26 -0.00375687
7.27 -0.00375674
7.28 -0.00375565
7.29 -0.00375406
7.3 -0.00375249
7.31 -0.00375145
7.32 -0.00375138
7.33 -0.00375273
7.34 -0.00375606
7.35 -0.00376181
7.36 -0.00376994
7.37 -0.0037801
7.38 -0.00379161
7.39 -0.00380377
7.4 -0.00381602
7.41 -0.00382832
7.42 -0.00384133
7.43 -0.00385611
7.44 -0.0038738
7.45 -0.00389527
7.46 -0.00392098
7.47 -0.00395067
7.48 -0.00398318
7.49 -0.0040172
7.5 -0.00405193
7.51 -0.00408685
7.52 -0.0041214
7.53 -0.00415514
7.54 -0.00418797
7.55 -0.00421999
7.56 -0.0042515
7.57 -0.00428284
7.58 -0.00431425
7.59 -0.0043461
7.6 -0.00437904
7.61 -0.00441381
7.62 -0.004451
7.63 -0.00449117
7.64 -0.00453502
7.65 -0.00458307
7.66 -0.0046355
7.67 -0.00469212
7.68 -0.00475244
7.69 -0.00481591
7.7 -0.0048822
7.71 -0.00495136
7.72 -0.00502391
7.73 -0.00510063
7.74 -0.00518238
7.75 -0.00526932
7.76 -0.0053601
7.77 -0.00545322
7.78 -0.00554832
7.79 -0.00564512
7.8 -0.00574248
7.81 -0.00583881
7.82 -0.00593259
7.83 -0.00602269
7.84 -0.00610861
7.85 -0.0061901
7.86 -0.00626659
7.87 -0.00633758
7.88 -0.00640296
7.89 -0.00646275
7.9 -0.00651683
7.91 -0.00656515
7.92 -0.00660791
7.93 -0.00664532
7.94 -0.00667746
7.95 -0.00670484
7.96 -0.00672906
7.97 -0.00675198
7.98 -0.00677504
7.99 -0.00679863
8 -0.00682157
8.01 -0.00684207
8.02 -0.00685861
8.03 -0.00687015
8.04 -0.00687629
8.05 -0.00687721
8.06 -0.00687362
8.07 -0.00686618
8.08 -0.00685503
8.09 -0.0068402
8.1 -0.00682208
8.11 -0.0068011
8.12 -0.00677741
8.13 -0.0067511
8.14 -0.0067224
8.15 -0.00669157
8.16 -0.0066587
8.17 -0.00662384
8.18 -0.00658701
8.19 -0.00654815
8.2 -0.006507
8.21 -0.00646337
8.22 -0.00641734
8.23 -0.00636923
8.24 -0.00631947
8.25 -0.00626862
8.26 -0.00621734
8.27 -0.00616637
8.28 -0.00611652
8.29 -0.00606861
8.3 -0.00602356
8.31 -0.00598208
8.32 -0.00594445
8.33 -0.00591075
8.34 -0.00588113
8.35 -0.00585565
8.36 -0.00583423
8.37 -0.00581675
8.38 -0.00580315
8.39 -0.00579334
8.4 -0.00578699
8.41 -0.00578377
8.42 -0.00578362
8.43 -0.00578627
8.44 -0.00579098
8.45 -0.00579709
8.46 -0.00580472
8.47 -0.00581412
8.48 -0.00582509
8.49 -0.00583761
8.5 -0.0058525
8.51 -0.00586907
8.52 -0.00588288
8.53 -0.00588868
8.54 -0.0058832
8.55 -0.00586483
8.56 -0.00583328
8.57 -0.00578885
8.58 -0.00573176
8.59 -0.00566246
8.6 -0.00558179
8.61 -0.00549078
8.62 -0.00539042
8.63 -0.00528173
8.64 -0.00516588
8.65 -0.00504404
8.66 -0.00491727
8.67 -0.00478661
8.68 -0.00465316
8.69 -0.00451798
8.7 -0.00438208
8.71 -0.00424642
8.72 -0.00411199
8.73 -0.00397947
8.74 -0.00384895
8.75 -0.00372015
8.76 -0.00359267
8.77 -0.00346617
8.78 -0.00334064
8.79 -0.0032165
8.8 -0.00309463
8.81 -0.00297597
8.82 -0.00286104
8.83 -0.0027499
8.84 -0.00264216
8.85 -0.00253758
8.86 -0.00243677
8.87 -0.00234086
8.88 -0.00225121
8.89 -0.00216926
8.9 -0.00209634
8.91 -0.00203374
8.92 -0.00198288
8.93 -0.0019454
8.94 -0.00192333
8.95 -0.0019175
8.96 -0.00192597
8.97 -0.00194342
8.98 -0.00196055
8.99 -0.00196995
9 -0.00197175
9.01 -0.00196879
9.02 -0.00196181
9.03 -0.00195084
9.04 -0.00193666
9.05 -0.00191923
9.06 -0.00189612
9.07 -0.0018651
9.08 -0.00182658
9.09 -0.00178193
9.1 -0.0017319
9.11 -0.00167671
9.12 -0.00161628
9.13 -0.0015506
9.14 -0.00148011
9.15 -0.00140605
9.16 -0.0013306
9.17 -0.0012563
9.18 -0.00118533
9.19 -0.00112001
9.2 -0.00106336
9.21 -0.00101857
9.22 -0.000988538
9.23 -0.000974316
9.24 -0.000973595
9.25 -0.000982676
9.26 -0.000998405
9.27 -0.00101893
9.28 -0.00104445
9.29 -0.00107517
9.3 -0.00110927
9.31 -0.00114439
9.32 -0.00117896
9.33 -0.0012116
9.34 -0.00124046
9.35 -0.00126362
9.36 -0.00127949
9.37 -0.00128668
9.38 -0.00128374
9.39 -0.00126966
9.4 -0.00124427
9.41 -0.00120824
9.42 -0.00116312
9.43 -0.00111094
9.44 -0.00105393
9.45 -0.000994347
9.46 -0.00093429
9.47 -0.000875927
9.48 -0.000821676
9.49 -0.000774207
9.5 -0.00073643
9.51 -0.00071109
9.52 -0.000700355
9.53 -0.000703176
9.54 -0.000712699
9.55 -0.000722054
9.56 -0.000730023
9.57 -0.000737671
9.58 -0.00074505
9.59 -0.000751918
9.6 -0.000758462
9.61 -0.000765134
9.62 -0.000772505
9.63 -0.00078153
9.64 -0.000793812
9.65 -0.000811092
9.66 -0.000834748
9.67 -0.000864369
9.68 -0.000896364
9.69 -0.000926402
9.7 -0.000951803
9.71 -0.000971737
9.72 -0.000987427
9.73 -0.00100054
9.74 -0.00101165
9.75 -0.00102096
9.76 -0.00102904
9.77 -0.00103662
9.78 -0.00104427
9.79 -0.00105277
9.8 -0.0010634
9.81 -0.0010775
9.82 -0.00109609
9.83 -0.00112002
9.84 -0.00115011
9.85 -0.001187
9.86 -0.00123096
9.87 -0.00128176
9.88 -0.00133853
9.89 -0.00139998
9.9 -0.00146468
9.91 -0.00153111
9.92 -0.0015978
9.93 -0.00166373
9.94 -0.00172873
9.95 -0.00179238
9.96 -0.00185297
9.97 -0.00190874
9.98 -0.00195903
9.99 -0.00200423
10 -0.00204583
