0 3.00831e-06 -0.000691294 -5.26036e-05 -3.00831e-06 -0.000691294 5.26036e-05
0.636776 0.00300301 2.32109e-05 -0.000765393 0.00298584 -0.00131716 -0.000678732
0.850911 0.00600301 0.00108101 -0.00137597 0.00594875 -0.00152301 -0.0013747
0.891363 0.00900301 0.00215635 -0.00190647 0.00893942 -0.00153307 -0.00194883
0.905483 0.012003 0.00317762 -0.00241749 0.0119322 -0.00157465 -0.00250862
0.908841 0.015003 0.00414167 -0.00293926 0.0149319 -0.00166446 -0.00304452
0.899695 0.018003 0.00501619 -0.00352297 0.0179362 -0.00195348 -0.00362468
0.889528 0.021003 0.00589989 -0.00408208 0.020941 -0.00218242 -0.00417839
0.857564 0.024003 0.0066497 -0.00485921 0.0239495 -0.00298483 -0.00495381
0.813509 0.027003 0.00737142 -0.00567176 0.0269604 -0.0038848 -0.00576282
0.799707 0.030003 0.00814782 -0.00641265 0.0299652 -0.00458934 -0.00650361
0.782366 0.033003 0.00889787 -0.00718396 0.0329708 -0.00537935 -0.00727253
0.788669 0.036003 0.00970657 -0.00785612 0.0359722 -0.00591062 -0.00794034
0.789095 0.039003 0.0104919 -0.00856433 0.0389747 -0.00653789 -0.0086447
0.786945 0.042003 0.0112641 -0.0092929 0.0419776 -0.00721917 -0.00936964
0.788528 0.045003 0.0120449 -0.0100133 0.0449798 -0.00787507 -0.0100859
0.779488 0.048003 0.013046 -0.0108471 0.0479795 -0.00853819 -0.0109164
0.780979 0.051003 0.0140856 -0.0116537 0.0509788 -0.0091073 -0.0117186
0.786301 0.054003 0.0150993 -0.0124465 0.0539788 -0.00967436 -0.0125066
0.79108 0.057003 0.0161193 -0.0132568 0.0569791 -0.0102703 -0.0133122
0.795093 0.060003 0.0171318 -0.0140821 0.0599796 -0.010904 -0.014133
0.79897 0.063003 0.0181298 -0.0149108 0.0629804 -0.0115585 -0.0149568
0.802451 0.066003 0.0191025 -0.0157609 0.0659815 -0.0122795 -0.0157997
0.806949 0.069003 0.020091 -0.016585 0.0689824 -0.0129336 -0.016618
0.812019 0.072003 0.0210337 -0.0173743 0.071983 -0.0135639 -0.0174013
0.816848 0.075003 0.0219534 -0.0181541 0.0749837 -0.0141979 -0.0181749
0.82164 0.078003 0.0228707 -0.0189349 0.0779843 -0.0148362 -0.0189493
0.826393 0.081003 0.0237857 -0.0197167 0.0809851 -0.0154788 -0.0197245
0.831091 0.084003 0.0246973 -0.0205003 0.0839858 -0.0161281 -0.0205013
0.836073 0.087003 0.0256027 -0.0212861 0.0869866 -0.0167876 -0.0212798
0.84075 0.090003 0.0264656 -0.0220891 0.089988 -0.0175209 -0.0220714
0.842475 0.093003 0.0272169 -0.0228716 0.0929924 -0.0183115 -0.0228255
0.848512 0.096003 0.0281323 -0.0236801 0.0959924 -0.0190095 -0.0236306
0.854111 0.099003 0.0290323 -0.0244855 0.0989928 -0.0197148 -0.0244301
0.85904 0.102003 0.0299094 -0.0252812 0.101994 -0.0204206 -0.0252162
0.862556 0.105003 0.0307292 -0.0260719 0.104996 -0.0211674 -0.0259893
0.865319 0.108003 0.0315162 -0.0268598 0.108 -0.0219382 -0.0267555
0.868463 0.111003 0.032315 -0.0276504 0.111002 -0.0227044 -0.0275266
0.874967 0.114003 0.0332289 -0.028452 0.114002 -0.0233898 -0.0283244
0.881812 0.117003 0.0341465 -0.0292495 0.117002 -0.0240636 -0.0291183
0.888473 0.120003 0.0350518 -0.0300447 0.120002 -0.0247438 -0.0299086
0.895239 0.123003 0.0359632 -0.0308387 0.123002 -0.0254164 -0.0306986
0.900835 0.126003 0.036865 -0.0316197 0.126003 -0.0260707 -0.0314731
0.905446 0.129003 0.0377384 -0.0323954 0.129004 -0.0267395 -0.0322384
0.910366 0.132003 0.0386218 -0.0331741 0.132005 -0.0274055 -0.0330082
0.915429 0.135003 0.0395098 -0.033954 0.135006 -0.0280699 -0.03378
0.920488 0.138003 0.0403973 -0.0347339 0.138006 -0.0287351 -0.0345518
0.925641 0.141003 0.0412875 -0.0355147 0.141007 -0.0293994 -0.0353248
0.93118 0.144003 0.0421908 -0.0362985 0.144008 -0.0300582 -0.0361029
0.937689 0.147003 0.0431313 -0.0370828 0.147007 -0.0306846 -0.0368861
0.944155 0.150003 0.0440698 -0.0378669 0.150007 -0.0313125 -0.037669
0.950552 0.153003 0.0450055 -0.0386509 0.153006 -0.0319426 -0.0384514
0.956576 0.156003 0.0459543 -0.0394079 0.156006 -0.0325051 -0.0392063
0.962502 0.159003 0.0469059 -0.0401649 0.159006 -0.0330651 -0.0399614
0.968348 0.162003 0.0478547 -0.0409227 0.162006 -0.0336292 -0.0407171
0.973979 0.165003 0.0487962 -0.0416804 0.165006 -0.0341999 -0.0414719
0.979288 0.168003 0.0497282 -0.0424367 0.168006 -0.0347761 -0.0422238
0.9845 0.171003 0.0506584 -0.0431926 0.171006 -0.0353532 -0.0429751
0.989683 0.174003 0.0515917 -0.0439494 0.174007 -0.0359289 -0.0437274
0.992148 0.177003 0.0526588 -0.0447086 0.177005 -0.0363861 -0.0444911
0.995249 0.180003 0.0537295 -0.0454715 0.180005 -0.0368451 -0.045257
0.999117 0.183003 0.0547941 -0.0462364 0.183004 -0.0373118 -0.0460228
1.00362 0.186003 0.0558472 -0.0470007 0.186004 -0.0377866 -0.0467862
1.00804 0.189003 0.0569126 -0.0477691 0.189003 -0.0382577 -0.047554
1.0125 0.192003 0.0579792 -0.0485383 0.192003 -0.0387289 -0.0483225
1.0172 0.195003 0.0590409 -0.0493043 0.195003 -0.0391979 -0.049087
1.02148 0.198003 0.0601246 -0.0500469 0.198003 -0.0395979 -0.0498281
1.02609 0.201003 0.0612127 -0.0507902 0.201003 -0.0399955 -0.0505707
1.03079 0.204003 0.0622977 -0.0515328 0.204002 -0.0403945 -0.0513123
1.03547 0.207003 0.0633831 -0.0522746 0.207002 -0.0407915 -0.0520531
1.04011 0.210003 0.0644715 -0.0530171 0.210002 -0.0411871 -0.0527948
1.04493 0.213003 0.0655802 -0.0537621 0.213002 -0.0415684 -0.0535401
1.04993 0.216003 0.0666964 -0.0545049 0.216001 -0.0419383 -0.0542841
1.0549 0.219003 0.0678112 -0.0552477 0.219 -0.0423096 -0.0550279
1.05984 0.222003 0.0689248 -0.0559904 0.222 -0.0426819 -0.0557716
1.06471 0.225003 0.0700468 -0.0567235 0.224999 -0.0430264 -0.0565055
1.06952 0.228003 0.0711772 -0.0574465 0.227999 -0.0433424 -0.0572293
1.07437 0.231003 0.0723077 -0.0581713 0.230998 -0.043662 -0.0579552
1.07927 0.234003 0.0734352 -0.0588967 0.233998 -0.0439858 -0.0586816
1.08412 0.237003 0.0745523 -0.0596183 0.236997 -0.0443121 -0.059404
1.08883 0.240003 0.0756485 -0.0603307 0.239997 -0.0446411 -0.0601172
1.09346 0.243003 0.0767416 -0.0610418 0.242996 -0.0449702 -0.0608288
1.09797 0.246003 0.0778309 -0.0617512 0.245996 -0.0452995 -0.0615383
1.10245 0.249003 0.0789187 -0.0624601 0.248996 -0.0456292 -0.0622472
1.10693 0.252003 0.0800057 -0.063169 0.251995 -0.0459595 -0.062956
1.11139 0.255003 0.0810923 -0.0638778 0.254995 -0.0462902 -0.0636648
1.11584 0.258003 0.0821788 -0.064586 0.257995 -0.0466199 -0.064373
1.12025 0.261003 0.083265 -0.0652938 0.260994 -0.0469489 -0.0650808
1.12465 0.264003 0.0843501 -0.0660012 0.263994 -0.0472783 -0.0657882
1.12904 0.267003 0.0854336 -0.0667081 0.266994 -0.0476083 -0.0664951
1.13353 0.270003 0.0865204 -0.0674151 0.269993 -0.0479355 -0.0672026
1.13803 0.273003 0.0876002 -0.0681184 0.272993 -0.0482626 -0.0679065
1.11632 0.276003 0.0872019 -0.0682439 0.275986 -0.0489201 -0.0680402
1.14204 0.279003 0.0874545 -0.0686415 0.27899 -0.0494585 -0.0684352
1.14913 0.282003 0.0883266 -0.0692651 0.28199 -0.0498337 -0.0690595
1.15342 0.285003 0.0894011 -0.0699617 0.28499 -0.0501527 -0.0697568
1.15704 0.288003 0.0904922 -0.0706445 0.287989 -0.0504277 -0.0704406
1.15939 0.291003 0.091607 -0.0713085 0.290989 -0.0506419 -0.0711062
1.16058 0.294003 0.0927355 -0.0719581 0.293989 -0.0508136 -0.0717574
1.16218 0.297003 0.093855 -0.0726173 0.296989 -0.0510135 -0.0724183
1.16375 0.300003 0.0949663 -0.0732852 0.299989 -0.0512391 -0.0730878
