0 0 0 0 0 0 0
0.636776 0 0 0 0 0 0
0.850911 0 0 0 0 0 0
0.891363 0 0 0 0 0 0
0.905483 0 0 0 0 0 0
0.908841 0 0 0 0 0 0
0.899695 0 0 0 0 0 0
0.889528 0 0 0 0 0 0
0.857564 0 0 0 0 0 0
0.813509 0 0 0 0 0 0
0.799707 0 0 0 0 0 0
0.782366 0 0 0 0 0 0
0.788669 0 0 0 0 0 0
0.789095 0 0 0 0 0 0
0.786945 0 0 0 0 0 0
0.788528 0 0 0 0 0 0
0.779488 0 0 0 0 0 0
0.780979 0 0 0 0 0 0
0.786301 0 0 0 0 0 0
0.79108 0 0 0 0 0 0
0.795093 0 0 0 0 0 0
0.79897 0 0 0 0 0 0
0.802451 0 0 0 0 0 0
0.806949 0 0 0 0 0 0
0.812019 0 0 0 0 0 0
0.816848 0 0 0 0 0 0
0.82164 0 0 0 0 0 0
0.826393 0 0 0 0 0 0
0.831091 0 0 0 0 0 0
0.836073 0 0 0 0 0 0
0.84075 0 0 0 0 0 0
0.842475 0 0 0 0 0 0
0.848512 0 0 0 0 0 0
0.854111 0 0 0 0 0 0
0.85904 0 0 0 0 0 0
0.862556 0 0 0 0 0 0
0.865319 0 0 0 0 0 0
0.868463 0 0 0 0 0 0
0.874967 0 0 0 0 0 0
0.881812 0 0 0 0 0 0
0.888473 0 0 0 0 0 0
0.895239 0 0 0 0 0 0
0.900835 0 0 0 0 0 0
0.905446 0 0 0 0 0 0
0.910366 0 0 0 0 0 0
0.915429 0 0 0 0 0 0
0.920488 0 0 0 0 0 0
0.925641 0 0 0 0 0 0
0.93118 0 0 0 0 0 0
0.937689 0 0 0 0 0 0
0.944155 0 0 0 0 0 0
0.950552 0 0 0 0 0 0
0.956576 0 0 0 0 0 0
0.962502 0 0 0 0 0 0
0.968348 0 0 0 0 0 0
0.973979 0 0 0 0 0 0
0.979288 0 0 0 0 0 0
0.9845 0 0 0 0 0 0
0.989683 0 0 0 0 0 0
0.992148 0 0 0 0 0 0
0.995249 0 0 0 0 0 0
0.999117 0 0 0 0 0 0
1.00362 0 0 0 0 0 0
1.00804 0 0 0 0 0 0
1.0125 0 0 0 0 0 0
1.0172 0 0 0 0 0 0
1.02148 0 0 0 0 0 0
1.02609 0 0 0 0 0 0
1.03079 0 0 0 0 0 0
1.03547 0 0 0 0 0 0
1.04011 0 0 0 0 0 0
1.04493 0 0 0 0 0 0
1.04993 0 0 0 0 0 0
1.0549 0 0 0 0 0 0
1.05984 0 0 0 0 0 0
1.06471 0 0 0 0 0 0
1.06952 0 0 0 0 0 0
1.07437 0 0 0 0 0 0
1.07927 0 0 0 0 0 0
1.08412 0 0 0 0 0 0
1.08883 0 0 0 0 0 0
1.09346 0 0 0 0 0 0
1.09797 0 0 0 0 0 0
1.10245 0 0 0 0 0 0
1.10693 0 0 0 0 0 0
1.11139 0 0 0 0 0 0
1.11584 0 0 0 0 0 0
1.12025 0 0 0 0 0 0
1.12465 0 0 0 0 0 0
1.12904 0 0 0 0 0 0
1.13353 0 0 0 0 0 0
1.13803 0 0 0 0 0 0
1.11632 0 0 0 0 0 0
1.14204 0 0 0 0 0 0
1.14913 0 0 0 0 0 0
1.15342 0 0 0 0 0 0
1.15704 0 0 0 0 0 0
1.15939 0 0 0 0 0 0
1.16058 0 0 0 0 0 0
1.16218 0 0 0 0 0 0
1.16375 0 0 0 0 0 0
