0 277676 8.9e+06 560855 -277676 8.9e+06 -560855
0.636776 792173 1.7824e+06 -6.13264e+06 -792173 1.60176e+07 -8.10256e+06
0.850911 2.50389e+06 -1.1607e+06 -7.12325e+06 -2.50389e+06 1.89607e+07 -1.29982e+07
0.891363 2.93455e+06 -2.4798e+06 -7.44463e+06 -2.93455e+06 2.02798e+07 -1.5315e+07
0.905483 3.26939e+06 -3.0258e+06 -6.87516e+06 -3.26939e+06 2.08258e+07 -1.69764e+07
0.908841 3.28329e+06 -3.2875e+06 -6.81373e+06 -3.28329e+06 2.10875e+07 -1.75613e+07
0.899695 3.08312e+06 -3.30977e+06 -6.91717e+06 -3.08312e+06 2.11098e+07 -1.75024e+07
0.889528 2.8607e+06 -3.32265e+06 -7.05352e+06 -2.8607e+06 2.11226e+07 -1.73918e+07
0.857564 2.47167e+06 -3.34546e+06 -7.11565e+06 -2.47167e+06 2.11455e+07 -1.73753e+07
0.813509 1.9656e+06 -3.33545e+06 -7.18659e+06 -1.9656e+06 2.11355e+07 -1.72843e+07
0.799707 1.74697e+06 -3.38627e+06 -7.23944e+06 -1.74697e+06 2.11863e+07 -1.73331e+07
0.782366 1.48484e+06 -3.39819e+06 -7.30623e+06 -1.48484e+06 2.11982e+07 -1.72902e+07
0.788669 1.41996e+06 -3.39821e+06 -7.40578e+06 -1.41996e+06 2.11982e+07 -1.71907e+07
0.789095 1.30692e+06 -3.39786e+06 -7.49323e+06 -1.30692e+06 2.11979e+07 -1.71025e+07
0.786945 1.17333e+06 -3.39711e+06 -7.57544e+06 -1.17333e+06 2.11971e+07 -1.70188e+07
0.788528 1.0722e+06 -3.39162e+06 -7.66335e+06 -1.0722e+06 2.11916e+07 -1.69199e+07
0.779488 1.08605e+06 -3.40166e+06 -7.75053e+06 -1.08605e+06 2.12017e+07 -1.68528e+07
0.780979 1.11705e+06 -3.40356e+06 -7.8532e+06 -1.11705e+06 2.12036e+07 -1.67539e+07
0.786301 1.11693e+06 -3.40363e+06 -7.96372e+06 -1.11693e+06 2.12036e+07 -1.66436e+07
0.79108 1.10307e+06 -3.40388e+06 -8.06999e+06 -1.10307e+06 2.12039e+07 -1.65378e+07
0.795093 1.07952e+06 -3.40319e+06 -8.17303e+06 -1.07952e+06 2.12032e+07 -1.64333e+07
0.79897 1.04496e+06 -3.39742e+06 -8.27863e+06 -1.04496e+06 2.11974e+07 -1.63162e+07
0.802451 990670 -3.35413e+06 -8.40143e+06 -990670 2.11541e+07 -1.61068e+07
0.806949 953307 -3.33717e+06 -8.51508e+06 -953307 2.11372e+07 -1.59593e+07
0.812019 923344 -3.31432e+06 -8.62944e+06 -923344 2.11143e+07 -1.57992e+07
0.816848 892856 -3.28602e+06 -8.74408e+06 -892856 2.1086e+07 -1.56279e+07
0.82164 861257 -3.25544e+06 -8.85982e+06 -861257 2.10554e+07 -1.54511e+07
0.826393 828544 -3.22259e+06 -8.97666e+06 -828544 2.10226e+07 -1.52685e+07
0.831091 794023 -3.18609e+06 -9.0952e+06 -794023 2.09861e+07 -1.5077e+07
0.836073 758611 -3.14124e+06 -9.21798e+06 -758611 2.09412e+07 -1.48645e+07
0.84075 693587 -3.03343e+06 -9.37217e+06 -693587 2.08334e+07 -1.44947e+07
0.842475 489322 -2.68158e+06 -9.669e+06 -489322 2.04816e+07 -1.34942e+07
0.848512 490411 -2.69021e+06 -9.75671e+06 -490411 2.04902e+07 -1.34237e+07
0.854111 471979 -2.66436e+06 -9.86433e+06 -471979 2.04644e+07 -1.32644e+07
0.85904 422102 -2.58411e+06 -1.00052e+07 -422102 2.03841e+07 -1.2963e+07
0.862556 307292 -2.38918e+06 -1.02122e+07 -307292 2.01892e+07 -1.23661e+07
0.865319 158685 -2.13469e+06 -1.04535e+07 -158685 1.99347e+07 -1.16159e+07
0.868463 28187.5 -1.91178e+06 -1.06761e+07 -28187.5 1.97118e+07 -1.09475e+07
0.874967 32451.8 -1.9174e+06 -1.07674e+07 -32451.8 1.97174e+07 -1.08674e+07
0.881812 40338.9 -1.92499e+06 -1.08584e+07 -40338.9 1.9725e+07 -1.07916e+07
0.888473 37825.6 -1.91441e+06 -1.09598e+07 -37825.6 1.97144e+07 -1.0669e+07
0.895239 41803.8 -1.91648e+06 -1.10544e+07 -41803.8 1.97165e+07 -1.05786e+07
0.900835 19217.9 -1.88561e+06 -1.11706e+07 -19217.9 1.96856e+07 -1.04006e+07
0.905446 -38869.2 -1.79689e+06 -1.1321e+07 38869.2 1.95969e+07 -1.00728e+07
0.910366 -83572 -1.73088e+06 -1.14577e+07 83572 1.95309e+07 -9.8041e+06
0.915429 -122136 -1.6753e+06 -1.1588e+07 122136 1.94753e+07 -9.56256e+06
0.920488 -160787 -1.61951e+06 -1.17185e+07 160787 1.94195e+07 -9.32053e+06
0.925641 -195455 -1.57044e+06 -1.18449e+07 195455 1.93704e+07 -9.096e+06
0.93118 -213851 -1.54899e+06 -1.19548e+07 213851 1.9349e+07 -8.94316e+06
0.937689 -192417 -1.5965e+06 -1.20259e+07 192417 1.93965e+07 -8.96712e+06
0.944155 -172961 -1.64084e+06 -1.20991e+07 172961 1.94408e+07 -8.98254e+06
0.950552 -156338 -1.68024e+06 -1.21751e+07 156338 1.94802e+07 -8.98536e+06
0.956576 -147452 -1.7157e+06 -1.22601e+07 147452 1.95157e+07 -8.97127e+06
0.962502 -137095 -1.75623e+06 -1.23421e+07 137095 1.95562e+07 -8.97032e+06
0.968348 -129303 -1.79222e+06 -1.24262e+07 129303 1.95922e+07 -8.95827e+06
0.973979 -129435 -1.81469e+06 -1.25176e+07 129435 1.96147e+07 -8.91178e+06
0.979288 -141001 -1.81836e+06 -1.26198e+07 141001 1.96184e+07 -8.81694e+06
0.9845 -155451 -1.81669e+06 -1.27239e+07 155451 1.96167e+07 -8.70949e+06
0.989683 -169207 -1.81388e+06 -1.28247e+07 169207 1.96139e+07 -8.60303e+06
0.992148 -114429 -1.72104e+06 -1.26286e+07 114429 1.9521e+07 -8.6135e+06
0.995249 -71467.8 -1.65436e+06 -1.24932e+07 71467.8 1.94544e+07 -8.61549e+06
0.999117 -44819.5 -1.61676e+06 -1.2435e+07 44819.5 1.94168e+07 -8.59848e+06
1.00362 -31875.1 -1.60327e+06 -1.24413e+07 31875.1 1.94033e+07 -8.56524e+06
1.00804 -17030.4 -1.58677e+06 -1.2439e+07 17030.4 1.93868e+07 -8.53458e+06
1.0125 -3063.07 -1.57186e+06 -1.24408e+07 3063.07 1.93719e+07 -8.50293e+06
1.0172 4600.78 -1.56711e+06 -1.24703e+07 -4600.78 1.93671e+07 -8.46395e+06
1.02148 8834.87 -1.56314e+06 -1.24995e+07 -8834.87 1.93631e+07 -8.42682e+06
1.02609 19747.9 -1.57485e+06 -1.25283e+07 -19747.9 1.93748e+07 -8.4214e+06
1.03079 28984 -1.58965e+06 -1.25653e+07 -28984 1.93896e+07 -8.41402e+06
1.03547 38153.8 -1.60435e+06 -1.2602e+07 -38153.8 1.94044e+07 -8.40668e+06
1.04011 47959.5 -1.6178e+06 -1.26355e+07 -47959.5 1.94178e+07 -8.40009e+06
1.04493 68664.5 -1.64199e+06 -1.26514e+07 -68664.5 1.9442e+07 -8.43261e+06
1.04993 95920 -1.67972e+06 -1.26625e+07 -95920 1.94797e+07 -8.49692e+06
1.0549 122128 -1.71602e+06 -1.26749e+07 -122128 1.9516e+07 -8.55717e+06
1.05984 147434 -1.75108e+06 -1.26882e+07 -147434 1.95511e+07 -8.61394e+06
1.06471 171588 -1.78564e+06 -1.27026e+07 -171588 1.95856e+07 -8.66866e+06
1.06952 194315 -1.81936e+06 -1.27184e+07 -194315 1.96194e+07 -8.72034e+06
1.07437 219313 -1.85592e+06 -1.27312e+07 -219313 1.96559e+07 -8.78061e+06
1.07927 244242 -1.89437e+06 -1.27464e+07 -244242 1.96944e+07 -8.84231e+06
1.08412 267569 -1.93083e+06 -1.27637e+07 -267569 1.97308e+07 -8.89797e+06
1.08883 290162 -1.96292e+06 -1.2778e+07 -290162 1.97629e+07 -8.94786e+06
1.09346 309827 -1.99113e+06 -1.27955e+07 -309827 1.97911e+07 -8.98676e+06
1.09797 325802 -2.01444e+06 -1.28171e+07 -325802 1.98144e+07 -9.01176e+06
1.10245 340858 -2.03653e+06 -1.28396e+07 -340858 1.98365e+07 -9.03343e+06
1.10693 355893 -2.0586e+06 -1.2862e+07 -355893 1.98586e+07 -9.05517e+06
1.11139 370897 -2.08065e+06 -1.28843e+07 -370897 1.98806e+07 -9.07699e+06
1.11584 385776 -2.10268e+06 -1.29065e+07 -385776 1.99027e+07 -9.09886e+06
1.12025 400323 -2.12469e+06 -1.29286e+07 -400323 1.99247e+07 -9.12077e+06
1.12465 414860 -2.14669e+06 -1.29506e+07 -414860 1.99467e+07 -9.14277e+06
1.12904 429390 -2.16868e+06 -1.29725e+07 -429390 1.99687e+07 -9.16489e+06
1.13353 448083 -2.19634e+06 -1.29894e+07 -448083 1.99963e+07 -9.20326e+06
1.13803 468072 -2.22583e+06 -1.30048e+07 -468072 2.00258e+07 -9.24691e+06
1.11632 768189 -2.21576e+06 -1.28072e+07 -768189 2.00158e+07 -9.42429e+06
1.14204 598841 -2.32821e+06 -1.29783e+07 -598841 2.01282e+07 -9.47812e+06
1.14913 597654 -2.36772e+06 -1.30033e+07 -597654 2.01677e+07 -9.53214e+06
1.15342 617014 -2.39815e+06 -1.3017e+07 -617014 2.01982e+07 -9.57929e+06
1.15704 632230 -2.43264e+06 -1.30281e+07 -632230 2.02326e+07 -9.6372e+06
1.15939 639543 -2.47414e+06 -1.30342e+07 -639543 2.02741e+07 -9.71406e+06
1.16058 637308 -2.51767e+06 -1.30396e+07 -637308 2.03177e+07 -9.79577e+06
1.16218 638595 -2.56052e+06 -1.30449e+07 -638595 2.03605e+07 -9.87614e+06
1.16375 639463 -2.6027e+06 -1.30502e+07 -639463 2.04027e+07 -9.95521e+06
