0 277676 8.9e+06 -272173 -277676 8.9e+06 272173
0.636776 -4.87513e+06 1.7824e+06 8.49276e+06 -6.45948e+06 1.60176e+07 1.12759e+07
0.850911 -5.06922e+06 -1.1607e+06 8.08441e+06 -1.0077e+07 1.89607e+07 1.72328e+07
0.891363 -4.99859e+06 -2.4798e+06 7.55112e+06 -1.08677e+07 2.02798e+07 1.72881e+07
0.905483 -4.78941e+06 -3.0258e+06 7.49308e+06 -1.13282e+07 2.08258e+07 1.70081e+07
0.908841 -4.80539e+06 -3.2875e+06 7.60243e+06 -1.1372e+07 2.10875e+07 1.65547e+07
0.899695 -4.92416e+06 -3.30977e+06 7.85531e+06 -1.10904e+07 2.11098e+07 1.57688e+07
0.889528 -5.05611e+06 -3.32265e+06 8.1148e+06 -1.07775e+07 2.11226e+07 1.49407e+07
0.857564 -5.16064e+06 -3.34546e+06 8.36629e+06 -1.0104e+07 2.11455e+07 1.29367e+07
0.813509 -5.27462e+06 -3.33545e+06 8.63728e+06 -9.20583e+06 2.11355e+07 1.03332e+07
0.799707 -5.37043e+06 -3.38627e+06 8.87184e+06 -8.86436e+06 2.11863e+07 9.25998e+06
0.782366 -5.47822e+06 -3.39819e+06 9.12844e+06 -8.4479e+06 2.11982e+07 8.05354e+06
0.788669 -5.5992e+06 -3.39821e+06 9.39181e+06 -8.43912e+06 2.11982e+07 8.12671e+06
0.789095 -5.71602e+06 -3.39786e+06 9.65484e+06 -8.32986e+06 2.11979e+07 7.88709e+06
0.786945 -5.83048e+06 -3.39711e+06 9.91601e+06 -8.17714e+06 2.11971e+07 7.51265e+06
0.788528 -5.9457e+06 -3.39162e+06 1.01737e+07 -8.09011e+06 2.11916e+07 7.35043e+06
0.779488 -5.85139e+06 -3.40166e+06 9.80365e+06 -8.0235e+06 2.12017e+07 7.21771e+06
0.780979 -5.83367e+06 -3.40356e+06 9.64781e+06 -8.06776e+06 2.12036e+07 7.44936e+06
0.786301 -5.88115e+06 -3.40363e+06 9.67974e+06 -8.11501e+06 2.12036e+07 7.70148e+06
0.79108 -5.93755e+06 -3.40388e+06 9.74265e+06 -8.14368e+06 2.12039e+07 7.89328e+06
0.795093 -5.99682e+06 -3.40319e+06 9.81742e+06 -8.15585e+06 2.12032e+07 8.03419e+06
0.79897 -6.06588e+06 -3.39742e+06 9.919e+06 -8.1558e+06 2.11974e+07 8.15117e+06
0.802451 -6.15114e+06 -3.35413e+06 1.0052e+07 -8.13248e+06 2.11541e+07 8.29061e+06
0.806949 -6.22854e+06 -3.33717e+06 1.01705e+07 -8.13515e+06 2.11372e+07 8.44618e+06
0.812019 -6.30363e+06 -3.31432e+06 1.02814e+07 -8.15032e+06 2.11143e+07 8.65175e+06
0.816848 -6.37709e+06 -3.28602e+06 1.03872e+07 -8.16281e+06 2.1086e+07 8.86047e+06
0.82164 -6.45134e+06 -3.25544e+06 1.04942e+07 -8.17385e+06 2.10554e+07 9.07049e+06
0.826393 -6.52635e+06 -3.22259e+06 1.06024e+07 -8.18344e+06 2.10226e+07 9.28182e+06
0.831091 -6.60269e+06 -3.18609e+06 1.07129e+07 -8.19074e+06 2.09861e+07 9.49523e+06
0.836073 -6.68244e+06 -3.14124e+06 1.08293e+07 -8.19966e+06 2.09412e+07 9.73449e+06
0.84075 -6.78909e+06 -3.03343e+06 1.09951e+07 -8.17627e+06 2.08334e+07 1.00341e+07
0.842475 -7.00871e+06 -2.68158e+06 1.13571e+07 -7.98735e+06 2.04816e+07 1.04679e+07
0.848512 -7.06135e+06 -2.69021e+06 1.14273e+07 -8.04217e+06 2.04902e+07 1.07028e+07
0.854111 -7.12961e+06 -2.66436e+06 1.15245e+07 -8.07357e+06 2.04644e+07 1.09563e+07
0.85904 -7.22336e+06 -2.58411e+06 1.16649e+07 -8.06756e+06 2.03841e+07 1.12397e+07
0.862556 -7.36946e+06 -2.38918e+06 1.18961e+07 -7.98404e+06 2.01892e+07 1.1586e+07
0.865319 -7.54265e+06 -2.13469e+06 1.21745e+07 -7.86002e+06 1.99347e+07 1.19641e+07
0.868463 -7.70113e+06 -1.91178e+06 1.24273e+07 -7.75751e+06 1.97118e+07 1.23251e+07
0.874967 -7.75475e+06 -1.9174e+06 1.24969e+07 -7.81966e+06 1.97174e+07 1.25916e+07
0.881812 -7.80779e+06 -1.92499e+06 1.2565e+07 -7.88847e+06 1.9725e+07 1.28738e+07
0.888473 -7.86959e+06 -1.91441e+06 1.26489e+07 -7.94524e+06 1.97144e+07 1.31667e+07
0.895239 -7.92583e+06 -1.91648e+06 1.27231e+07 -8.00943e+06 1.97165e+07 1.34497e+07
0.900835 -7.99821e+06 -1.88561e+06 1.2824e+07 -8.03665e+06 1.96856e+07 1.37094e+07
0.905446 -8.09733e+06 -1.79689e+06 1.2971e+07 -8.0196e+06 1.95969e+07 1.3986e+07
0.910366 -8.18583e+06 -1.73088e+06 1.30998e+07 -8.01869e+06 1.95309e+07 1.4252e+07
0.915429 -8.26945e+06 -1.6753e+06 1.32203e+07 -8.02518e+06 1.94753e+07 1.4513e+07
0.920488 -8.35313e+06 -1.61951e+06 1.33409e+07 -8.03156e+06 1.94195e+07 1.47741e+07
0.925641 -8.43366e+06 -1.57044e+06 1.34561e+07 -8.04275e+06 1.93704e+07 1.50322e+07
0.93118 -8.50135e+06 -1.54899e+06 1.35492e+07 -8.07365e+06 1.9349e+07 1.52778e+07
0.937689 -8.53785e+06 -1.5965e+06 1.35877e+07 -8.15302e+06 1.93965e+07 1.54919e+07
0.944155 -8.57594e+06 -1.64084e+06 1.36287e+07 -8.23002e+06 1.94408e+07 1.57075e+07
0.950552 -8.61625e+06 -1.68024e+06 1.36736e+07 -8.30357e+06 1.94802e+07 1.59254e+07
0.956576 -8.66098e+06 -1.7157e+06 1.37228e+07 -8.36608e+06 1.95157e+07 1.6127e+07
0.962502 -8.70336e+06 -1.75623e+06 1.37679e+07 -8.42917e+06 1.95562e+07 1.63172e+07
0.968348 -8.7476e+06 -1.79222e+06 1.38166e+07 -8.48899e+06 1.95922e+07 1.65087e+07
0.973979 -8.79785e+06 -1.81469e+06 1.3876e+07 -8.53898e+06 1.96147e+07 1.67052e+07
0.979288 -8.85667e+06 -1.81836e+06 1.39502e+07 -8.57467e+06 1.96184e+07 1.69071e+07
0.9845 -8.9175e+06 -1.81669e+06 1.40286e+07 -8.6066e+06 1.96167e+07 1.71103e+07
0.989683 -8.97738e+06 -1.81388e+06 1.41074e+07 -8.63897e+06 1.96139e+07 1.73139e+07
0.992148 -8.94455e+06 -1.72104e+06 1.42051e+07 -8.71569e+06 1.9521e+07 1.75336e+07
0.995249 -8.92918e+06 -1.65436e+06 1.42943e+07 -8.78625e+06 1.94544e+07 1.77432e+07
0.999117 -8.93696e+06 -1.61676e+06 1.43758e+07 -8.84732e+06 1.94168e+07 1.79435e+07
1.00362 -8.96411e+06 -1.60327e+06 1.4451e+07 -8.90036e+06 1.94033e+07 1.81358e+07
1.00804 -8.9886e+06 -1.58677e+06 1.45268e+07 -8.95454e+06 1.93868e+07 1.8329e+07
1.0125 -9.01434e+06 -1.57186e+06 1.46022e+07 -9.00821e+06 1.93719e+07 1.85217e+07
1.0172 -9.04844e+06 -1.56711e+06 1.46751e+07 -9.05764e+06 1.93671e+07 1.8709e+07
1.02148 -9.08235e+06 -1.56314e+06 1.47476e+07 -9.10002e+06 1.93631e+07 1.88733e+07
1.02609 -9.11247e+06 -1.57485e+06 1.48091e+07 -9.15197e+06 1.93748e+07 1.90345e+07
1.03079 -9.14504e+06 -1.58965e+06 1.48698e+07 -9.203e+06 1.93896e+07 1.9195e+07
1.03547 -9.17753e+06 -1.60435e+06 1.49306e+07 -9.25384e+06 1.94044e+07 1.93548e+07
1.04011 -9.20905e+06 -1.6178e+06 1.49916e+07 -9.30497e+06 1.94178e+07 1.95148e+07
1.04493 -9.23123e+06 -1.64199e+06 1.50423e+07 -9.36855e+06 1.9442e+07 1.9673e+07
1.04993 -9.24844e+06 -1.67972e+06 1.50828e+07 -9.44028e+06 1.94797e+07 1.98239e+07
1.0549 -9.26644e+06 -1.71602e+06 1.51245e+07 -9.5107e+06 1.9516e+07 1.99749e+07
1.05984 -9.28512e+06 -1.75108e+06 1.51671e+07 -9.57999e+06 1.95511e+07 2.0126e+07
1.06471 -9.30436e+06 -1.78564e+06 1.52105e+07 -9.64754e+06 1.95856e+07 2.0274e+07
1.06952 -9.32438e+06 -1.81936e+06 1.52547e+07 -9.71301e+06 1.96194e+07 2.04187e+07
1.07437 -9.34259e+06 -1.85592e+06 1.52965e+07 -9.78121e+06 1.96559e+07 2.0563e+07
1.07927 -9.36127e+06 -1.89437e+06 1.53374e+07 -9.84975e+06 1.96944e+07 2.07069e+07
1.08412 -9.38107e+06 -1.93083e+06 1.53795e+07 -9.91621e+06 1.97308e+07 2.08507e+07
1.08883 -9.40043e+06 -1.96292e+06 1.54233e+07 -9.98075e+06 1.97629e+07 2.09944e+07
1.09346 -9.42193e+06 -1.99113e+06 1.54703e+07 -1.00416e+07 1.97911e+07 2.1138e+07
1.09797 -9.44614e+06 -2.01444e+06 1.55213e+07 -1.00977e+07 1.98144e+07 2.12815e+07
1.10245 -9.47097e+06 -2.03653e+06 1.55733e+07 -1.01527e+07 1.98365e+07 2.14246e+07
1.10693 -9.49576e+06 -2.0586e+06 1.56253e+07 -1.02075e+07 1.98586e+07 2.15675e+07
1.11139 -9.52051e+06 -2.08065e+06 1.56772e+07 -1.02623e+07 1.98806e+07 2.17099e+07
1.11584 -9.54522e+06 -2.10268e+06 1.57291e+07 -1.03168e+07 1.99027e+07 2.18514e+07
1.12025 -9.56989e+06 -2.12469e+06 1.57811e+07 -1.03705e+07 1.99247e+07 2.19908e+07
1.12465 -9.5945e+06 -2.14669e+06 1.58329e+07 -1.04242e+07 1.99467e+07 2.21299e+07
1.12904 -9.61904e+06 -2.16868e+06 1.58847e+07 -1.04778e+07 1.99687e+07 2.22686e+07
1.13353 -9.64033e+06 -2.19634e+06 1.59316e+07 -1.05365e+07 1.99963e+07 2.24062e+07
1.13803 -9.6604e+06 -2.22583e+06 1.59764e+07 -1.05965e+07 2.00258e+07 2.25427e+07
1.11632 -9.16706e+06 -2.21576e+06 1.46939e+07 -1.07034e+07 2.00158e+07 2.2686e+07
1.14204 -9.56535e+06 -2.32821e+06 1.57177e+07 -1.0763e+07 2.01282e+07 2.2811e+07
1.14913 -9.62958e+06 -2.36772e+06 1.58855e+07 -1.08249e+07 2.01677e+07 2.29425e+07
1.15342 -9.64844e+06 -2.39815e+06 1.59283e+07 -1.08825e+07 2.01982e+07 2.30681e+07
1.15704 -9.66542e+06 -2.43264e+06 1.59682e+07 -1.09299e+07 2.02326e+07 2.31524e+07
1.15939 -9.679e+06 -2.47414e+06 1.60028e+07 -1.09581e+07 2.02741e+07 2.31602e+07
1.16058 -9.69185e+06 -2.51767e+06 1.6036e+07 -1.09665e+07 2.03177e+07 2.31036e+07
1.16218 -9.70481e+06 -2.56052e+06 1.60695e+07 -1.0982e+07 2.03605e+07 2.30698e+07
1.16375 -9.71787e+06 -2.6027e+06 1.61034e+07 -1.09968e+07 2.04027e+07 2.30352e+07
