0 0 0 0 0 0 0 0 0 0 0 0 0
0.05 0 5.31663e-05 0 4.88296e-05 0 0 5.31663e-05 5.31663e-05 0 0 5.31663e-05 5.31663e-05
0.1 0 0.000260088 0 0.000224446 0 0 0.000260088 0.000260088 0 0 0.000260088 0.000260088
0.15 0 0.000625074 0 0.00048428 0 0 0.000625074 0.000625074 0 0 0.000625074 0.000625074
0.2 0 0.00100898 0 0.000651601 0 0 0.00100898 0.00100898 0 0 0.00100898 0.00100898
0.25 0 0.00129243 0 0.000635162 0 0 0.00129243 0.00129243 0 0 0.00129243 0.00129243
0.3 0 0.00144732 0 0.000514096 0 0 0.00144732 0.00144732 0 0 0.00144732 0.00144732
0.35 0 0.00138554 0 0.00033651 0 0 0.00138554 0.00138554 0 0 0.00138554 0.00138554
0.4 0 0.00105741 0 0.000149189 0 0 0.00105741 0.00105741 0 0 0.00105741 0.00105741
0.45 0 0.000617033 0 0.00010351 0 0 0.000617033 0.000617033 0 0 0.000617033 0.000617033
0.5 0 0.000109189 0 0.000121446 0 0 0.000109189 0.000109189 0 0 0.000109189 0.000109189
0.55 0 -0.000434399 0 5.20076e-05 0 0 -0.000434399 -0.000434399 0 0 -0.000434399 -0.000434399
0.6 0 -0.000591391 0 0.000152109 0 0 -0.000591391 -0.000591391 0 0 -0.000591391 -0.000591391
0.65 0 -3.12027e-05 0 0.000613331 0 0 -3.12027e-05 -3.12027e-05 0 0 -3.12027e-05 -3.12027e-05
0.7 0 0.00103431 0 0.0011303 0 0 0.00103431 0.00103431 0 0 0.00103431 0.00103431
0.75 0 0.00203796 0 0.00120174 0 0 0.00203796 0.00203796 0 0 0.00203796 0.00203796
0.8 0 0.00227748 0 0.00047147 0 0 0.00227748 0.00227748 0 0 0.00227748 0.00227748
0.85 0 0.00122399 0 -0.000990756 0 0 0.00122399 0.00122399 0 0 0.00122399 0.00122399
0.9 0 -0.00105854 0 -0.00252739 0 0 -0.00105854 -0.00105854 0 0 -0.00105854 -0.00105854
0.95 0 -0.00375195 0 -0.003153 0 0 -0.00375195 -0.00375195 0 0 -0.00375195 -0.00375195
1 0 -0.00580375 0 -0.00239894 0 0 -0.00580375 -0.00580375 0 0 -0.00580375 -0.00580375
1.05 0 -0.00673891 0 -0.00100581 0 0 -0.00673891 -0.00673891 0 0 -0.00673891 -0.00673891
1.1 0 -0.006599 0 -0.000216085 0 0 -0.006599 -0.006599 0 0 -0.006599 -0.006599
1.15 0 -0.00530783 0 -0.000394603 0 0 -0.00530783 -0.00530783 0 0 -0.00530783 -0.00530783
1.2 0 -0.00231493 0 -0.000454008 0 0 -0.00231493 -0.00231493 0 0 -0.00231493 -0.00231493
1.25 0 0.00239446 0 0.000667412 0 0 0.00239446 0.00239446 0 0 0.00239446 0.00239446
1.3 0 0.00692702 0 0.0020467 0 0 0.00692702 0.00692702 0 0 0.00692702 0.00692702
1.35 0 0.0086118 0 0.00180054 0 0 0.0086118 0.0086118 0 0 0.0086118 0.0086118
1.4 0 0.00575711 0 -0.000939797 0 0 0.00575711 0.00575711 0 0 0.00575711 0.00575711
1.45 0 -0.00152533 0 -0.00525739 0 0 -0.00152533 -0.00152533 0 0 -0.00152533 -0.00152533
1.5 0 -0.0107578 0 -0.00849448 0 0 -0.0107578 -0.0107578 0 0 -0.0107578 -0.0107578
1.55 0 -0.0181871 0 -0.00816686 0 0 -0.0181871 -0.0181871 0 0 -0.0181871 -0.0181871
1.6 0 -0.0211487 0 -0.00450191 0 0 -0.0211487 -0.0211487 0 0 -0.0211487 -0.0211487
1.65 0 -0.0173825 0 0.00124185 0 0 -0.0173825 -0.0173825 0 0 -0.0173825 -0.0173825
1.7 0 -0.00506763 0 0.00831396 0 0 -0.00506763 -0.00506763 0 0 -0.00506763 -0.00506763
1.75 0 0.0130308 0 0.013728 0 0 0.0130308 0.0130308 0 0 0.0130308 0.0130308
1.8 0 0.0302089 0 0.0138535 0 0 0.0302089 0.0302089 0 0 0.0302089 0.0302089
1.85 0 0.0399685 0 0.00833627 0 0 0.0399685 0.0399685 0 0 0.0399685 0.0399685
1.9 0 0.0379407 0 -8.85951e-05 0 0 0.0379407 0.0379407 0 0 0.0379407 0.0379407
1.95 0 0.0233271 0 -0.00750274 0 0 0.0233271 0.0233271 0 0 0.0233271 0.0233271
2 0 -0.000546166 0 -0.0110636 0 0 -0.000546166 -0.000546166 0 0 -0.000546166 -0.000546166
2.05 0 -0.0272538 0 -0.0106081 0 0 -0.0272538 -0.0272538 0 0 -0.0272538 -0.0272538
2.1 0 -0.0492676 0 -0.00837584 0 0 -0.0492676 -0.0492676 0 0 -0.0492676 -0.0492676
2.15 0 -0.0597733 0 -0.00668708 0 0 -0.0597733 -0.0597733 0 0 -0.0597733 -0.0597733
2.2 0 -0.0521653 0 -0.00375447 0 0 -0.0521653 -0.0521653 0 0 -0.0521653 -0.0521653
2.25 0 -0.0241409 0 0.00345582 0 0 -0.0241409 -0.0241409 0 0 -0.0241409 -0.0241409
2.3 0 0.0149276 0 0.0111099 0 0 0.0149276 0.0149276 0 0 0.0149276 0.0149276
2.35 0 0.0484377 0 0.0119323 0 0 0.0484377 0.0484377 0 0 0.0484377 0.0484377
2.4 0 0.0622859 0 0.00339319 0 0 0.0622859 0.0622859 0 0 0.0622859 0.0622859
2.45 0 0.0524871 0 -0.00829061 0 0 0.0524871 0.0524871 0 0 0.0524871 0.0524871
2.5 0 0.0261933 0 -0.0125493 0 0 0.0261933 0.0261933 0 0 0.0261933 0.0261933
2.55 0 -0.00637716 0 -0.00629479 0 0 -0.00637716 -0.00637716 0 0 -0.00637716 -0.00637716
2.6 0 -0.0342109 0 0.00553054 0 0 -0.0342109 -0.0342109 0 0 -0.0342109 -0.0342109
2.65 0 -0.046532 0 0.0160081 0 0 -0.046532 -0.046532 0 0 -0.046532 -0.046532
2.7 0 -0.0391737 0 0.0184575 0 0 -0.0391737 -0.0391737 0 0 -0.0391737 -0.0391737
2.75 0 -0.0163692 0 0.0103691 0 0 -0.0163692 -0.0163692 0 0 -0.0163692 -0.0163692
2.8 0 0.0123881 0 -0.00371781 0 0 0.0123881 0.0123881 0 0 0.0123881 0.0123881
2.85 0 0.0367928 0 -0.0144443 0 0 0.0367928 0.0367928 0 0 0.0367928 0.0367928
2.9 0 0.0489716 0 -0.0142392 0 0 0.0489716 0.0489716 0 0 0.0489716 0.0489716
2.95 0 0.044633 0 -0.00368517 0 0 0.044633 0.044633 0 0 0.044633 0.044633
3 0 0.0244514 0 0.00897644 0 0 0.0244514 0.0244514 0 0 0.0244514 0.0244514
3.05 0 -0.00462337 0 0.0149085 0 0 -0.00462337 -0.00462337 0 0 -0.00462337 -0.00462337
3.1 0 -0.0317384 0 0.010676 0 0 -0.0317384 -0.0317384 0 0 -0.0317384 -0.0317384
3.15 0 -0.0478024 0 -0.00120438 0 0 -0.0478024 -0.0478024 0 0 -0.0478024 -0.0478024
3.2 0 -0.0479701 0 -0.0133831 0 0 -0.0479701 -0.0479701 0 0 -0.0479701 -0.0479701
3.25 0 -0.032291 0 -0.0176765 0 0 -0.032291 -0.032291 0 0 -0.032291 -0.032291
3.3 0 -0.00714947 0 -0.0118654 0 0 -0.00714947 -0.00714947 0 0 -0.00714947 -0.00714947
3.35 0 0.0186888 0 0.000397234 0 0 0.0186888 0.0186888 0 0 0.0186888 0.0186888
3.4 0 0.0381118 0 0.0128884 0 0 0.0381118 0.0381118 0 0 0.0381118 0.0381118
3.45 0 0.0449119 0 0.017955 0 0 0.0449119 0.0449119 0 0 0.0449119 0.0449119
3.5 0 0.0367343 0 0.0122388 0 0 0.0367343 0.0367343 0 0 0.0367343 0.0367343
3.55 0 0.0173783 0 0.000203855 0 0 0.0173783 0.0173783 0 0 0.0173783 0.0173783
3.6 0 -0.00629769 0 -0.0104135 0 0 -0.00629769 -0.00629769 0 0 -0.00629769 -0.00629769
3.65 0 -0.0265016 0 -0.0133727 0 0 -0.0265016 -0.0265016 0 0 -0.0265016 -0.0265016
3.7 0 -0.0364004 0 -0.00714602 0 0 -0.0364004 -0.0364004 0 0 -0.0364004 -0.0364004
3.75 0 -0.0332854 0 0.00348453 0 0 -0.0332854 -0.0332854 0 0 -0.0332854 -0.0332854
3.8 0 -0.0190241 0 0.0110618 0 0 -0.0190241 -0.0190241 0 0 -0.0190241 -0.0190241
3.85 0 0.00131979 0 0.0109388 0 0 0.00131979 0.00131979 0 0 0.00131979 0.00131979
3.9 0 0.020126 0 0.00312098 0 0 0.020126 0.020126 0 0 0.020126 0.020126
3.95 0 0.0294407 0 -0.00833096 0 0 0.0294407 0.0294407 0 0 0.0294407 0.0294407
4 0 0.0257931 0 -0.0162142 0 0 0.0257931 0.0257931 0 0 0.0257931 0.0257931
4.05 0 0.0120594 0 -0.0142764 0 0 0.0120594 0.0120594 0 0 0.0120594 0.0120594
4.1 0 -0.0058785 0 -0.00327446 0 0 -0.0058785 -0.0058785 0 0 -0.0058785 -0.0058785
4.15 0 -0.021872 0 0.00913086 0 0 -0.021872 -0.021872 0 0 -0.021872 -0.021872
4.2 0 -0.0310935 0 0.0140712 0 0 -0.0310935 -0.0310935 0 0 -0.0310935 -0.0310935
4.25 0 -0.0316605 0 0.00733836 0 0 -0.0316605 -0.0316605 0 0 -0.0316605 -0.0316605
4.3 0 -0.024731 0 -0.00750013 0 0 -0.024731 -0.024731 0 0 -0.024731 -0.024731
4.35 0 -0.0124185 0 -0.0201176 0 0 -0.0124185 -0.0124185 0 0 -0.0124185 -0.0124185
4.4 0 0.00310682 0 -0.0201904 0 0 0.00310682 0.00310682 0 0 0.00310682 0.00310682
4.45 0 0.0183802 0 -0.00598156 0 0 0.0183802 0.0183802 0 0 0.0183802 0.0183802
4.5 0 0.0297006 0 0.0145193 0 0 0.0297006 0.0297006 0 0 0.0297006 0.0297006
4.55 0 0.0339212 0 0.0285248 0 0 0.0339212 0.0339212 0 0 0.0339212 0.0339212
4.6 0 0.0283338 0 0.0257727 0 0 0.0283338 0.0283338 0 0 0.0283338 0.0283338
4.65 0 0.0123918 0 0.00587831 0 0 0.0123918 0.0123918 0 0 0.0123918 0.0123918
4.7 0 -0.00935012 0 -0.0190535 0 0 -0.00935012 -0.00935012 0 0 -0.00935012 -0.00935012
4.75 0 -0.028374 0 -0.03204 0 0 -0.028374 -0.028374 0 0 -0.028374 -0.028374
4.8 0 -0.0386378 0 -0.0254563 0 0 -0.0386378 -0.0386378 0 0 -0.0386378 -0.0386378
4.85 0 -0.0375142 0 -0.00475896 0 0 -0.0375142 -0.0375142 0 0 -0.0375142 -0.0375142
4.9 0 -0.0236908 0 0.018061 0 0 -0.0236908 -0.0236908 0 0 -0.0236908 -0.0236908
4.95 0 -0.00014092 0 0.0301116 0 0 -0.00014092 -0.00014092 0 0 -0.00014092 -0.00014092
5 0 0.0254182 0 0.0245508 0 0 0.0254182 0.0254182 0 0 0.0254182 0.0254182
5.05 0 0.0443565 0 0.00582821 0 0 0.0443565 0.0443565 0 0 0.0443565 0.0443565
5.1 0 0.0496683 0 -0.0139577 0 0 0.0496683 0.0496683 0 0 0.0496683 0.0496683
5.15 0 0.0391475 0 -0.0224495 0 0 0.0391475 0.0391475 0 0 0.0391475 0.0391475
5.2 0 0.017247 0 -0.0140123 0 0 0.017247 0.017247 0 0 0.017247 0.017247
5.25 0 -0.00817775 0 0.00532914 0 0 -0.00817775 -0.00817775 0 0 -0.00817775 -0.00817775
5.3 0 -0.0282871 0 0.0224768 0 0 -0.0282871 -0.0282871 0 0 -0.0282871 -0.0282871
5.35 0 -0.035541 0 0.0267604 0 0 -0.035541 -0.035541 0 0 -0.035541 -0.035541
5.4 0 -0.0285036 0 0.014871 0 0 -0.0285036 -0.0285036 0 0 -0.0285036 -0.0285036
5.45 0 -0.0118557 0 -0.00680304 0 0 -0.0118557 -0.0118557 0 0 -0.0118557 -0.0118557
5.5 0 0.00770485 0 -0.0244349 0 0 0.00770485 0.00770485 0 0 0.00770485 0.00770485
5.55 0 0.023391 0 -0.0263934 0 0 0.023391 0.023391 0 0 0.023391 0.023391
5.6 0 0.0289762 0 -0.0124072 0 0 0.0289762 0.0289762 0 0 0.0289762 0.0289762
5.65 0 0.0213928 0 0.00686074 0 0 0.0213928 0.0213928 0 0 0.0213928 0.0213928
5.7 0 0.00374002 0 0.018826 0 0 0.00374002 0.00374002 0 0 0.00374002 0.00374002
5.75 0 -0.0161994 0 0.0170111 0 0 -0.0161994 -0.0161994 0 0 -0.0161994 -0.0161994
5.8 0 -0.0304894 0 0.0036221 0 0 -0.0304894 -0.0304894 0 0 -0.0304894 -0.0304894
5.85 0 -0.0336783 0 -0.0119017 0 0 -0.0336783 -0.0336783 0 0 -0.0336783 -0.0336783
5.9 0 -0.0245026 0 -0.0190353 0 0 -0.0245026 -0.0245026 0 0 -0.0245026 -0.0245026
5.95 0 -0.00670484 0 -0.0134843 0 0 -0.00670484 -0.00670484 0 0 -0.00670484 -0.00670484
6 0 0.0127213 0 0.000428211 0 0 0.0127213 0.0127213 0 0 0.0127213 0.0127213
6.05 0 0.0269117 0 0.0135179 0 0 0.0269117 0.0269117 0 0 0.0269117 0.0269117
6.1 0 0.0312633 0 0.0175537 0 0 0.0312633 0.0312633 0 0 0.0312633 0.0312633
6.15 0 0.0243006 0 0.00995038 0 0 0.0243006 0.0243006 0 0 0.0243006 0.0243006
6.2 0 0.00850227 0 -0.00431889 0 0 0.00850227 0.00850227 0 0 0.00850227 0.00850227
6.25 0 -0.0104304 0 -0.0159062 0 0 -0.0104304 -0.0104304 0 0 -0.0104304 -0.0104304
6.3 0 -0.0255163 0 -0.0171366 0 0 -0.0255163 -0.0255163 0 0 -0.0255163 -0.0255163
6.35 0 -0.0312201 0 -0.0071808 0 0 -0.0312201 -0.0312201 0 0 -0.0312201 -0.0312201
6.4 0 -0.0256638 0 0.00729079 0 0 -0.0256638 -0.0256638 0 0 -0.0256638 -0.0256638
6.45 0 -0.0110892 0 0.0167287 0 0 -0.0110892 -0.0110892 0 0 -0.0110892 -0.0110892
6.5 0 0.00732492 0 0.0152649 0 0 0.00732492 0.00732492 0 0 0.00732492 0.00732492
6.55 0 0.023302 0 0.00440458 0 0 0.023302 0.023302 0 0 0.023302 0.023302
6.6 0 0.0311189 0 -0.00866415 0 0 0.0311189 0.0311189 0 0 0.0311189 0.0311189
6.65 0 0.0278962 0 -0.0156308 0 0 0.0278962 0.0278962 0 0 0.0278962 0.0278962
6.7 0 0.0150178 0 -0.0120859 0 0 0.0150178 0.0150178 0 0 0.0150178 0.0150178
6.75 0 -0.00270092 0 -0.000540773 0 0 -0.00270092 -0.00270092 0 0 -0.00270092 -0.00270092
6.8 0 -0.0190751 0 0.0111029 0 0 -0.0190751 -0.0190751 0 0 -0.0190751 -0.0190751
6.85 0 -0.0289559 0 0.0146593 0 0 -0.0289559 -0.0289559 0 0 -0.0289559 -0.0289559
6.9 0 -0.0291455 0 0.00782343 0 0 -0.0291455 -0.0291455 0 0 -0.0291455 -0.0291455
6.95 0 -0.0191312 0 -0.00411755 0 0 -0.0191312 -0.0191312 0 0 -0.0191312 -0.0191312
7 0 -0.00234146 0 -0.012935 0 0 -0.00234146 -0.00234146 0 0 -0.00234146 -0.00234146
7.05 0 0.015295 0 -0.0127659 0 0 0.015295 0.015295 0 0 0.015295 0.015295
7.1 0 0.027495 0 -0.00390613 0 0 0.027495 0.027495 0 0 0.027495 0.027495
7.15 0 0.0295011 0 0.00718066 0 0 0.0295011 0.0295011 0 0 0.0295011 0.0295011
7.2 0 0.0207017 0 0.0130945 0 0 0.0207017 0.0207017 0 0 0.0207017 0.0207017
7.25 0 0.00492043 0 0.0105 0 0 0.00492043 0.00492043 0 0 0.00492043 0.00492043
7.3 0 -0.011974 0 0.00136281 0 0 -0.011974 -0.011974 0 0 -0.011974 -0.011974
7.35 0 -0.0243357 0 -0.00856877 0 0 -0.0243357 -0.0243357 0 0 -0.0243357 -0.0243357
7.4 0 -0.0280779 0 -0.012983 0 0 -0.0280779 -0.0280779 0 0 -0.0280779 -0.0280779
7.45 0 -0.0221525 0 -0.00919327 0 0 -0.0221525 -0.0221525 0 0 -0.0221525 -0.0221525
7.5 0 -0.00905997 0 -5.51603e-06 0 0 -0.00905997 -0.00905997 0 0 -0.00905997 -0.00905997
7.55 0 0.00658202 0 0.00865242 0 0 0.00658202 0.00658202 0 0 0.00658202 0.00658202
7.6 0 0.0193193 0 0.011289 0 0 0.0193193 0.0193193 0 0 0.0193193 0.0193193
7.65 0 0.0243096 0 0.00595713 0 0 0.0243096 0.0243096 0 0 0.0243096 0.0243096
7.7 0 0.0195838 0 -0.00403959 0 0 0.0195838 0.0195838 0 0 0.0195838 0.0195838
7.75 0 0.00694454 0 -0.0121689 0 0 0.00694454 0.00694454 0 0 0.00694454 0.00694454
7.8 0 -0.00878571 0 -0.013024 0 0 -0.00878571 -0.00878571 0 0 -0.00878571 -0.00878571
7.85 0 -0.0212806 0 -0.00558432 0 0 -0.0212806 -0.0212806 0 0 -0.0212806 -0.0212806
7.9 0 -0.0253551 0 0.00587558 0 0 -0.0253551 -0.0253551 0 0 -0.0253551 -0.0253551
7.95 0 -0.019471 0 0.014052 0 0 -0.019471 -0.019471 0 0 -0.019471 -0.019471
8 0 -0.00613099 0 0.0135059 0 0 -0.00613099 -0.00613099 0 0 -0.00613099 -0.00613099
8.05 0 0.00971522 0 0.00473611 0 0 0.00971522 0.00971522 0 0 0.00971522 0.00971522
8.1 0 0.0225438 0 -0.00621452 0 0 0.0225438 0.0225438 0 0 0.0225438 0.0225438
8.15 0 0.02782 0 -0.0121967 0 0 0.02782 0.02782 0 0 0.02782 0.02782
8.2 0 0.0237591 0 -0.00948426 0 0 0.0237591 0.0237591 0 0 0.0237591 0.0237591
8.25 0 0.0119698 0 -6.94714e-05 0 0 0.0119698 0.0119698 0 0 0.0119698 0.0119698
8.3 0 -0.00360329 0 0.00938059 0 0 -0.00360329 -0.00360329 0 0 -0.00360329 -0.00360329
8.35 0 -0.0179739 0 0.0121182 0 0 -0.0179739 -0.0179739 0 0 -0.0179739 -0.0179739
8.4 0 -0.0263469 0 0.00623645 0 0 -0.0263469 -0.0263469 0 0 -0.0263469 -0.0263469
8.45 0 -0.025782 0 -0.0041542 0 0 -0.025782 -0.025782 0 0 -0.025782 -0.025782
8.5 0 -0.0166314 0 -0.0121333 0 0 -0.0166314 -0.0166314 0 0 -0.0166314 -0.0166314
8.55 0 -0.00154651 0 -0.0118151 0 0 -0.00154651 -0.00154651 0 0 -0.00154651 -0.00154651
8.6 0 0.0157135 0 -0.00198699 0 0 0.0157135 0.0157135 0 0 0.0157135 0.0157135
8.65 0 0.0295129 0 0.0112407 0 0 0.0295129 0.0295129 0 0 0.0295129 0.0295129
8.7 0 0.0341628 0 0.0183714 0 0 0.0341628 0.0341628 0 0 0.0341628 0.0341628
8.75 0 0.0273544 0 0.0140851 0 0 0.0273544 0.0273544 0 0 0.0273544 0.0273544
8.8 0 0.011233 0 0.000926911 0 0 0.011233 0.011233 0 0 0.011233 0.011233
8.85 0 -0.00862152 0 -0.0126612 0 0 -0.00862152 -0.00862152 0 0 -0.00862152 -0.00862152
8.9 0 -0.0256764 0 -0.0183591 0 0 -0.0256764 -0.0256764 0 0 -0.0256764 -0.0256764
8.95 0 -0.0350782 0 -0.0136613 0 0 -0.0350782 -0.0350782 0 0 -0.0350782 -0.0350782
9 0 -0.0336684 0 -0.00185716 0 0 -0.0336684 -0.0336684 0 0 -0.0336684 -0.0336684
9.05 0 -0.0203717 0 0.010875 0 0 -0.0203717 -0.0203717 0 0 -0.0203717 -0.0203717
9.1 0 0.00107615 0 0.0173616 0 0 0.00107615 0.00107615 0 0 0.00107615 0.00107615
9.15 0 0.0228277 0 0.0134597 0 0 0.0228277 0.0228277 0 0 0.0228277 0.0228277
9.2 0 0.0360372 0 0.000910285 0 0 0.0360372 0.0360372 0 0 0.0360372 0.0360372
9.25 0 0.0347232 0 -0.0132787 0 0 0.0347232 0.0347232 0 0 0.0347232 0.0347232
9.3 0 0.0196647 0 -0.0198291 0 0 0.0196647 0.0196647 0 0 0.0196647 0.0196647
9.35 0 -0.00219008 0 -0.0134422 0 0 -0.00219008 -0.00219008 0 0 -0.00219008 -0.00219008
9.4 0 -0.021442 0 0.0028058 0 0 -0.021442 -0.021442 0 0 -0.021442 -0.021442
9.45 0 -0.0308725 0 0.0185097 0 0 -0.0308725 -0.0308725 0 0 -0.0308725 -0.0308725
9.5 0 -0.0289476 0 0.0219689 0 0 -0.0289476 -0.0289476 0 0 -0.0289476 -0.0289476
9.55 0 -0.0179482 0 0.00994965 0 0 -0.0179482 -0.0179482 0 0 -0.0179482 -0.0179482
9.6 0 -0.00136361 0 -0.00881078 0 0 -0.00136361 -0.00136361 0 0 -0.00136361 -0.00136361
9.65 0 0.0149986 0 -0.0217366 0 0 0.0149986 0.0149986 0 0 0.0149986 0.0149986
9.7 0 0.0252321 0 -0.0206048 0 0 0.0252321 0.0252321 0 0 0.0252321 0.0252321
9.75 0 0.0266156 0 -0.00573343 0 0 0.0266156 0.0266156 0 0 0.0266156 0.0266156
9.8 0 0.0187437 0 0.0127828 0 0 0.0187437 0.0187437 0 0 0.0187437 0.0187437
9.85 0 0.00358112 0 0.0218291 0 0 0.00358112 0.00358112 0 0 0.00358112 0.00358112
9.9 0 -0.013771 0 0.0152853 0 0 -0.013771 -0.013771 0 0 -0.013771 -0.013771
9.95 0 -0.0265214 0 -0.00172444 0 0 -0.0265214 -0.0265214 0 0 -0.0265214 -0.0265214
10 0 -0.0294957 0 -0.0171951 0 0 -0.0294957 -0.0294957 0 0 -0.0294957 -0.0294957
10.05 0 -0.0219247 0 -0.0211241 0 0 -0.0219247 -0.0219247 0 0 -0.0219247 -0.0219247
10.1 0 -0.0070877 0 -0.0115098 0 0 -0.0070877 -0.0070877 0 0 -0.0070877 -0.0070877
10.15 0 0.00989883 0 0.00538545 0 0 0.00989883 0.00989883 0 0 0.00989883 0.00989883
10.2 0 0.0235078 0 0.0188959 0 0 0.0235078 0.0235078 0 0 0.0235078 0.0235078
10.25 0 0.0287432 0 0.0200573 0 0 0.0287432 0.0287432 0 0 0.0287432 0.0287432
10.3 0 0.0227437 0 0.00727462 0 0 0.0227437 0.0227437 0 0 0.0227437 0.0227437
10.35 0 0.00735046 0 -0.011321 0 0 0.00735046 0.00735046 0 0 0.00735046 0.00735046
10.4 0 -0.0107515 0 -0.022552 0 0 -0.0107515 -0.0107515 0 0 -0.0107515 -0.0107515
10.45 0 -0.0239041 0 -0.0181715 0 0 -0.0239041 -0.0239041 0 0 -0.0239041 -0.0239041
10.5 0 -0.0273096 0 -0.00114466 0 0 -0.0273096 -0.0273096 0 0 -0.0273096 -0.0273096
10.55 0 -0.0208278 0 0.016375 0 0 -0.0208278 -0.0208278 0 0 -0.0208278 -0.0208278
10.6 0 -0.0075941 0 0.0223852 0 0 -0.0075941 -0.0075941 0 0 -0.0075941 -0.0075941
10.65 0 0.00801284 0 0.0136397 0 0 0.00801284 0.00801284 0 0 0.00801284 0.00801284
10.7 0 0.0210734 0 -0.00322496 0 0 0.0210734 0.0210734 0 0 0.0210734 0.0210734
10.75 0 0.0275 0 -0.0165805 0 0 0.0275 0.0275 0 0 0.0275 0.0275
10.8 0 0.0250734 0 -0.0178638 0 0 0.0250734 0.0250734 0 0 0.0250734 0.0250734
10.85 0 0.0141914 0 -0.0070985 0 0 0.0141914 0.0141914 0 0 0.0141914 0.0141914
10.9 0 -0.00122569 0 0.00831461 0 0 -0.00122569 -0.00122569 0 0 -0.00122569 -0.00122569
10.95 0 -0.0155129 0 0.0182993 0 0 -0.0155129 -0.0155129 0 0 -0.0155129 -0.0155129
11 0 -0.0243642 0 0.0157694 0 0 -0.0243642 -0.0243642 0 0 -0.0243642 -0.0243642
11.05 0 -0.0250861 0 0.00233454 0 0 -0.0250861 -0.0250861 0 0 -0.0250861 -0.0250861
11.1 0 -0.0168184 0 -0.0122884 0 0 -0.0168184 -0.0168184 0 0 -0.0168184 -0.0168184
11.15 0 -0.00248197 0 -0.0183308 0 0 -0.00248197 -0.00248197 0 0 -0.00248197 -0.00248197
11.2 0 0.0123922 0 -0.0123039 0 0 0.0123922 0.0123922 0 0 0.0123922 0.0123922
11.25 0 0.0230179 0 0.00207714 0 0 0.0230179 0.0230179 0 0 0.0230179 0.0230179
11.3 0 0.0263962 0 0.0158788 0 0 0.0263962 0.0263962 0 0 0.0263962 0.0263962
11.35 0 0.0214366 0 0.0200568 0 0 0.0214366 0.0214366 0 0 0.0214366 0.0214366
11.4 0 0.00993907 0 0.0119465 0 0 0.00993907 0.00993907 0 0 0.00993907 0.00993907
11.45 0 -0.00340088 0 -0.0024792 0 0 -0.00340088 -0.00340088 0 0 -0.00340088 -0.00340088
11.5 0 -0.01343 0 -0.0133334 0 0 -0.01343 -0.01343 0 0 -0.01343 -0.01343
11.55 0 -0.0170967 0 -0.0140081 0 0 -0.0170967 -0.0170967 0 0 -0.0170967 -0.0170967
11.6 0 -0.0140986 0 -0.00506104 0 0 -0.0140986 -0.0140986 0 0 -0.0140986 -0.0140986
11.65 0 -0.00663567 0 0.00656566 0 0 -0.00663567 -0.00663567 0 0 -0.00663567 -0.00663567
11.7 0 0.00151874 0 0.0122914 0 0 0.00151874 0.00151874 0 0 0.00151874 0.00151874
11.75 0 0.00667063 0 0.00778465 0 0 0.00667063 0.00667063 0 0 0.00667063 0.00667063
11.8 0 0.00646692 0 -0.00434366 0 0 0.00646692 0.00646692 0 0 0.00646692 0.00646692
11.85 0 0.000572249 0 -0.0165065 0 0 0.000572249 0.000572249 0 0 0.000572249 0.000572249
11.9 0 -0.00805353 0 -0.0200893 0 0 -0.00805353 -0.00805353 0 0 -0.00805353 -0.00805353
11.95 0 -0.0140372 0 -0.0108686 0 0 -0.0140372 -0.0140372 0 0 -0.0140372 -0.0140372
12 0 -0.0134146 0 0.00661613 0 0 -0.0134146 -0.0134146 0 0 -0.0134146 -0.0134146
12.05 0 -0.00572868 0 0.0215434 0 0 -0.00572868 -0.00572868 0 0 -0.00572868 -0.00572868
12.1 0 0.00608531 0 0.0241841 0 0 0.00608531 0.00608531 0 0 0.00608531 0.00608531
12.15 0 0.0174194 0 0.0127786 0 0 0.0174194 0.0174194 0 0 0.0174194 0.0174194
12.2 0 0.0242217 0 -0.00497196 0 0 0.0242217 0.0242217 0 0 0.0242217 0.0242217
12.25 0 0.023863 0 -0.0176419 0 0 0.023863 0.023863 0 0 0.023863 0.023863
12.3 0 0.0156582 0 -0.0179637 0 0 0.0156582 0.0156582 0 0 0.0156582 0.0156582
12.35 0 0.00178241 0 -0.00682652 0 0 0.00178241 0.00178241 0 0 0.00178241 0.00178241
12.4 0 -0.0131915 0 0.00781893 0 0 -0.0131915 -0.0131915 0 0 -0.0131915 -0.0131915
12.45 0 -0.0241131 0 0.0161645 0 0 -0.0241131 -0.0241131 0 0 -0.0241131 -0.0241131
12.5 0 -0.02714 0 0.0129446 0 0 -0.02714 -0.02714 0 0 -0.02714 -0.02714
12.55 0 -0.0213683 0 0.000507431 0 0 -0.0213683 -0.0213683 0 0 -0.0213683 -0.0213683
12.6 0 -0.00886722 0 -0.0126743 0 0 -0.00886722 -0.00886722 0 0 -0.00886722 -0.00886722
12.65 0 0.006263 0 -0.0175303 0 0 0.006263 0.006263 0 0 0.006263 0.006263
12.7 0 0.0188609 0 -0.0108139 0 0 0.0188609 0.0188609 0 0 0.0188609 0.0188609
12.75 0 0.024582 0 0.00291943 0 0 0.024582 0.024582 0 0 0.024582 0.024582
12.8 0 0.0216737 0 0.0146763 0 0 0.0216737 0.0216737 0 0 0.0216737 0.0216737
12.85 0 0.0110493 0 0.0165364 0 0 0.0110493 0.0110493 0 0 0.0110493 0.0110493
12.9 0 -0.00399327 0 0.00689358 0 0 -0.00399327 -0.00399327 0 0 -0.00399327 -0.00399327
12.95 0 -0.0181614 0 -0.00785965 0 0 -0.0181614 -0.0181614 0 0 -0.0181614 -0.0181614
13 0 -0.0262739 0 -0.0178358 0 0 -0.0262739 -0.0262739 0 0 -0.0262739 -0.0262739
13.05 0 -0.0257556 0 -0.0167802 0 0 -0.0257556 -0.0257556 0 0 -0.0257556 -0.0257556
13.1 0 -0.0174241 0 -0.00601334 0 0 -0.0174241 -0.0174241 0 0 -0.0174241 -0.0174241
13.15 0 -0.00442518 0 0.00722858 0 0 -0.00442518 -0.00442518 0 0 -0.00442518 -0.00442518
13.2 0 0.00937922 0 0.0150443 0 0 0.00937922 0.00937922 0 0 0.00937922 0.00937922
13.25 0 0.0200145 0 0.0133168 0 0 0.0200145 0.0200145 0 0 0.0200145 0.0200145
13.3 0 0.0238413 0 0.00343328 0 0 0.0238413 0.0238413 0 0 0.0238413 0.0238413
13.35 0 0.0193967 0 -0.00822364 0 0 0.0193967 0.0193967 0 0 0.0193967 0.0193967
13.4 0 0.00838968 0 -0.0140628 0 0 0.00838968 0.00838968 0 0 0.00838968 0.00838968
13.45 0 -0.00514299 0 -0.0104147 0 0 -0.00514299 -0.00514299 0 0 -0.00514299 -0.00514299
13.5 0 -0.0161026 0 0.000357853 0 0 -0.0161026 -0.0161026 0 0 -0.0161026 -0.0161026
13.55 0 -0.0206127 0 0.0111149 0 0 -0.0206127 -0.0206127 0 0 -0.0206127 -0.0206127
13.6 0 -0.0173492 0 0.0147158 0 0 -0.0173492 -0.0173492 0 0 -0.0173492 -0.0173492
13.65 0 -0.0074703 0 0.0091218 0 0 -0.0074703 -0.0074703 0 0 -0.0074703 -0.0074703
13.7 0 0.00532962 0 -0.0018579 0 0 0.00532962 0.00532962 0 0 0.00532962 0.00532962
13.75 0 0.0159503 0 -0.0113938 0 0 0.0159503 0.0159503 0 0 0.0159503 0.0159503
13.8 0 0.0198204 0 -0.0140716 0 0 0.0198204 0.0198204 0 0 0.0198204 0.0198204
13.85 0 0.0157526 0 -0.00825424 0 0 0.0157526 0.0157526 0 0 0.0157526 0.0157526
13.9 0 0.00685686 0 0.00344972 0 0 0.00685686 0.00685686 0 0 0.00685686 0.00685686
13.95 0 -0.00292625 0 0.013897 0 0 -0.00292625 -0.00292625 0 0 -0.00292625 -0.00292625
14 0 -0.0108555 0 0.0156032 0 0 -0.0108555 -0.0108555 0 0 -0.0108555 -0.0108555
14.05 0 -0.0146429 0 0.00718945 0 0 -0.0146429 -0.0146429 0 0 -0.0146429 -0.0146429
14.1 0 -0.0125497 0 -0.00519648 0 0 -0.0125497 -0.0125497 0 0 -0.0125497 -0.0125497
14.15 0 -0.00504452 0 -0.0130149 0 0 -0.00504452 -0.00504452 0 0 -0.00504452 -0.00504452
14.2 0 0.00415783 0 -0.0121092 0 0 0.00415783 0.00415783 0 0 0.00415783 0.00415783
14.25 0 0.0100825 0 -0.00478293 0 0 0.0100825 0.0100825 0 0 0.0100825 0.0100825
14.3 0 0.01024 0 0.00362836 0 0 0.01024 0.01024 0 0 0.01024 0.01024
14.35 0 0.00582025 0 0.00863767 0 0 0.00582025 0.00582025 0 0 0.00582025 0.00582025
14.4 0 -0.00091382 0 0.00758805 0 0 -0.00091382 -0.00091382 0 0 -0.00091382 -0.00091382
14.45 0 -0.00772961 0 0.00109549 0 0 -0.00772961 -0.00772961 0 0 -0.00772961 -0.00772961
14.5 0 -0.0119192 0 -0.00622872 0 0 -0.0119192 -0.0119192 0 0 -0.0119192 -0.0119192
14.55 0 -0.0116548 0 -0.00922148 0 0 -0.0116548 -0.0116548 0 0 -0.0116548 -0.0116548
14.6 0 -0.00677264 0 -0.00569066 0 0 -0.00677264 -0.00677264 0 0 -0.00677264 -0.00677264
14.65 0 0.00131095 0 0.00231221 0 0 0.00131095 0.00131095 0 0 0.00131095 0.00131095
14.7 0 0.00948695 0 0.00932052 0 0 0.00948695 0.00948695 0 0 0.00948695 0.00948695
14.75 0 0.0141997 0 0.0101856 0 0 0.0141997 0.0141997 0 0 0.0141997 0.0141997
14.8 0 0.0134862 0 0.00413328 0 0 0.0134862 0.0134862 0 0 0.0134862 0.0134862
14.85 0 0.00801917 0 -0.00447085 0 0 0.00801917 0.00801917 0 0 0.00801917 0.00801917
14.9 0 8.40032e-05 0 -0.00974263 0 0 8.40032e-05 8.40032e-05 0 0 8.40032e-05 8.40032e-05
14.95 0 -0.00780197 0 -0.0086395 0 0 -0.00780197 -0.00780197 0 0 -0.00780197 -0.00780197
15 0 -0.0129573 0 -0.00212303 0 0 -0.0129573 -0.0129573 0 0 -0.0129573 -0.0129573
15.05 0 -0.0137754 0 0.00529212 0 0 -0.0137754 -0.0137754 0 0 -0.0137754 -0.0137754
15.1 0 -0.0105707 0 0.0082829 0 0 -0.0105707 -0.0105707 0 0 -0.0105707 -0.0105707
15.15 0 -0.00428711 0 0.00525179 0 0 -0.00428711 -0.00428711 0 0 -0.00428711 -0.00428711
15.2 0 0.00350174 0 -0.00102926 0 0 0.00350174 0.00350174 0 0 0.00350174 0.00350174
15.25 0 0.0100603 0 -0.0063338 0 0 0.0100603 0.0100603 0 0 0.0100603 0.0100603
15.3 0 0.0131069 0 -0.00720174 0 0 0.0131069 0.0131069 0 0 0.0131069 0.0131069
15.35 0 0.01196 0 -0.00286379 0 0 0.01196 0.01196 0 0 0.01196 0.01196
15.4 0 0.00701997 0 0.00364761 0 0 0.00701997 0.00701997 0 0 0.00701997 0.00701997
15.45 0 -0.000322219 0 0.00762514 0 0 -0.000322219 -0.000322219 0 0 -0.000322219 -0.000322219
15.5 0 -0.00796899 0 0.00600682 0 0 -0.00796899 -0.00796899 0 0 -0.00796899 -0.00796899
15.55 0 -0.0136011 0 -0.000406329 0 0 -0.0136011 -0.0136011 0 0 -0.0136011 -0.0136011
15.6 0 -0.0154262 0 -0.00747934 0 0 -0.0154262 -0.0154262 0 0 -0.0154262 -0.0154262
15.65 0 -0.012541 0 -0.0102698 0 0 -0.012541 -0.012541 0 0 -0.012541 -0.012541
15.7 0 -0.00504017 0 -0.0060935 0 0 -0.00504017 -0.00504017 0 0 -0.00504017 -0.00504017
15.75 0 0.00468891 0 0.00253025 0 0 0.00468891 0.00468891 0 0 0.00468891 0.00468891
15.8 0 0.012899 0 0.00966063 0 0 0.012899 0.012899 0 0 0.012899 0.012899
15.85 0 0.0168673 0 0.0108222 0 0 0.0168673 0.0168673 0 0 0.0168673 0.0168673
15.9 0 0.0151823 0 0.00529122 0 0 0.0151823 0.0151823 0 0 0.0151823 0.0151823
15.95 0 0.00818902 0 -0.00353427 0 0 0.00818902 0.00818902 0 0 0.00818902 0.00818902
16 0 -0.00133754 0 -0.00967015 0 0 -0.00133754 -0.00133754 0 0 -0.00133754 -0.00133754
16.05 0 -0.00984013 0 -0.00906209 0 0 -0.00984013 -0.00984013 0 0 -0.00984013 -0.00984013
16.1 0 -0.0150142 0 -0.0028833 0 0 -0.0150142 -0.0150142 0 0 -0.0150142 -0.0150142
16.15 0 -0.0155955 0 0.00426042 0 0 -0.0155955 -0.0155955 0 0 -0.0155955 -0.0155955
16.2 0 -0.0107651 0 0.00834536 0 0 -0.0107651 -0.0107651 0 0 -0.0107651 -0.0107651
16.25 0 -0.00155763 0 0.00750754 0 0 -0.00155763 -0.00155763 0 0 -0.00155763 -0.00155763
16.3 0 0.00827232 0 0.00204275 0 0 0.00827232 0.00827232 0 0 0.00827232 0.00827232
16.35 0 0.0144773 0 -0.00506757 0 0 0.0144773 0.0144773 0 0 0.0144773 0.0144773
16.4 0 0.0147495 0 -0.0093196 0 0 0.0147495 0.0147495 0 0 0.0147495 0.0147495
16.45 0 0.00930479 0 -0.00783422 0 0 0.00930479 0.00930479 0 0 0.00930479 0.00930479
16.5 0 0.000644992 0 -0.00129738 0 0 0.000644992 0.000644992 0 0 0.000644992 0.000644992
16.55 0 -0.00766833 0 0.00629908 0 0 -0.00766833 -0.00766833 0 0 -0.00766833 -0.00766833
16.6 0 -0.0127251 0 0.00994346 0 0 -0.0127251 -0.0127251 0 0 -0.0127251 -0.0127251
16.65 0 -0.0128025 0 0.00733969 0 0 -0.0128025 -0.0128025 0 0 -0.0128025 -0.0128025
16.7 0 -0.00777972 0 0.000505768 0 0 -0.00777972 -0.00777972 0 0 -0.00777972 -0.00777972
16.75 0 0.000382431 0 -0.00606696 0 0 0.000382431 0.000382431 0 0 0.000382431 0.000382431
16.8 0 0.00856844 0 -0.00822789 0 0 0.00856844 0.00856844 0 0 0.00856844 0.00856844
16.85 0 0.0136722 0 -0.00483989 0 0 0.0136722 0.0136722 0 0 0.0136722 0.0136722
16.9 0 0.0131535 0 0.00103924 0 0 0.0131535 0.0131535 0 0 0.0131535 0.0131535
16.95 0 0.00647068 0 0.00473768 0 0 0.00647068 0.00647068 0 0 0.00647068 0.00647068
17 0 -0.00359635 0 0.00413195 0 0 -0.00359635 -0.00359635 0 0 -0.00359635 -0.00359635
17.05 0 -0.01247 0 0.000555944 0 0 -0.01247 -0.01247 0 0 -0.01247 -0.01247
17.1 0 -0.016668 0 -0.00326723 0 0 -0.016668 -0.016668 0 0 -0.016668 -0.016668
17.15 0 -0.0149035 0 -0.00492854 0 0 -0.0149035 -0.0149035 0 0 -0.0149035 -0.0149035
17.2 0 -0.00760874 0 -0.00308599 0 0 -0.00760874 -0.00760874 0 0 -0.00760874 -0.00760874
17.25 0 0.00312908 0 0.00156321 0 0 0.00312908 0.00312908 0 0 0.00312908 0.00312908
17.3 0 0.0134717 0 0.00597675 0 0 0.0134717 0.0134717 0 0 0.0134717 0.0134717
17.35 0 0.0193905 0 0.0069459 0 0 0.0193905 0.0193905 0 0 0.0193905 0.0193905
17.4 0 0.0188686 0 0.00389659 0 0 0.0188686 0.0188686 0 0 0.0188686 0.0188686
17.45 0 0.0124466 0 -0.000905366 0 0 0.0124466 0.0124466 0 0 0.0124466 0.0124466
17.5 0 0.00265782 0 -0.00418125 0 0 0.00265782 0.00265782 0 0 0.00265782 0.00265782
17.55 0 -0.00692857 0 -0.00381084 0 0 -0.00692857 -0.00692857 0 0 -0.00692857 -0.00692857
17.6 0 -0.0131323 0 -0.000314404 0 0 -0.0131323 -0.0131323 0 0 -0.0131323 -0.0131323
17.65 0 -0.0145403 0 0.00330553 0 0 -0.0145403 -0.0145403 0 0 -0.0145403 -0.0145403
17.7 0 -0.0118041 0 0.00372593 0 0 -0.0118041 -0.0118041 0 0 -0.0118041 -0.0118041
17.75 0 -0.00630786 0 0.000446462 0 0 -0.00630786 -0.00630786 0 0 -0.00630786 -0.00630786
17.8 0 0.00064389 0 -0.00366337 0 0 0.00064389 0.00064389 0 0 0.00064389 0.00064389
17.85 0 0.00716775 0 -0.00533577 0 0 0.00716775 0.00716775 0 0 0.00716775 0.00716775
17.9 0 0.0108846 0 -0.00359539 0 0 0.0108846 0.0108846 0 0 0.0108846 0.0108846
17.95 0 0.0103906 0 0.00021632 0 0 0.0103906 0.0103906 0 0 0.0103906 0.0103906
18 0 0.00605837 0 0.00366249 0 0 0.00605837 0.00605837 0 0 0.00605837 0.00605837
18.05 0 -0.000450823 0 0.00453445 0 0 -0.000450823 -0.000450823 0 0 -0.000450823 -0.000450823
18.1 0 -0.00666445 0 0.00241845 0 0 -0.00666445 -0.00666445 0 0 -0.00666445 -0.00666445
18.15 0 -0.0102715 0 -0.00114135 0 0 -0.0102715 -0.0102715 0 0 -0.0102715 -0.0102715
18.2 0 -0.0100191 0 -0.00376408 0 0 -0.0100191 -0.0100191 0 0 -0.0100191 -0.0100191
18.25 0 -0.00590334 0 -0.0035916 0 0 -0.00590334 -0.00590334 0 0 -0.00590334 -0.00590334
18.3 0 0.000461275 0 -0.000854206 0 0 0.000461275 0.000461275 0 0 0.000461275 0.000461275
18.35 0 0.00649529 0 0.00236283 0 0 0.00649529 0.00649529 0 0 0.00649529 0.00649529
18.4 0 0.00988787 0 0.00378979 0 0 0.00988787 0.00988787 0 0 0.00988787 0.00988787
18.45 0 0.00929012 0 0.00234589 0 0 0.00929012 0.00929012 0 0 0.00929012 0.00929012
18.5 0 0.00477201 0 -0.00118066 0 0 0.00477201 0.00477201 0 0 0.00477201 0.00477201
18.55 0 -0.00210941 0 -0.0045709 0 0 -0.00210941 -0.00210941 0 0 -0.00210941 -0.00210941
18.6 0 -0.00861355 0 -0.00539261 0 0 -0.00861355 -0.00861355 0 0 -0.00861355 -0.00861355
18.65 0 -0.0120219 0 -0.00278057 0 0 -0.0120219 -0.0120219 0 0 -0.0120219 -0.0120219
18.7 0 -0.0107651 0 0.00188312 0 0 -0.0107651 -0.0107651 0 0 -0.0107651 -0.0107651
18.75 0 -0.00481573 0 0.00604448 0 0 -0.00481573 -0.00481573 0 0 -0.00481573 -0.00481573
18.8 0 0.00344014 0 0.00684573 0 0 0.00344014 0.00344014 0 0 0.00344014 0.00344014
18.85 0 0.0102863 0 0.00316232 0 0 0.0102863 0.0102863 0 0 0.0102863 0.0102863
18.9 0 0.0133402 0 -0.00249268 0 0 0.0133402 0.0133402 0 0 0.0133402 0.0133402
18.95 0 0.0120658 0 -0.00596283 0 0 0.0120658 0.0120658 0 0 0.0120658 0.0120658
19 0 0.00703048 0 -0.00501355 0 0 0.00703048 0.00703048 0 0 0.00703048 0.00703048
19.05 0 -0.000388303 0 -0.000812097 0 0 -0.000388303 -0.000388303 0 0 -0.000388303 -0.000388303
19.1 0 -0.00800432 0 0.00337009 0 0 -0.00800432 -0.00800432 0 0 -0.00800432 -0.00800432
19.15 0 -0.0130346 0 0.00487119 0 0 -0.0130346 -0.0130346 0 0 -0.0130346 -0.0130346
19.2 0 -0.0131208 0 0.00334582 0 0 -0.0131208 -0.0131208 0 0 -0.0131208 -0.0131208
19.25 0 -0.00792739 0 0.000234845 0 0 -0.00792739 -0.00792739 0 0 -0.00792739 -0.00792739
19.3 0 0.000384501 0 -0.00257929 0 0 0.000384501 0.000384501 0 0 0.000384501 0.000384501
19.35 0 0.00821343 0 -0.00379728 0 0 0.00821343 0.00821343 0 0 0.00821343 0.00821343
19.4 0 0.0125356 0 -0.00289027 0 0 0.0125356 0.0125356 0 0 0.0125356 0.0125356
19.45 0 0.0123398 0 -8.55389e-05 0 0 0.0123398 0.0123398 0 0 0.0123398 0.0123398
19.5 0 0.00807468 0 0.00300146 0 0 0.00807468 0.00807468 0 0 0.00807468 0.00807468
19.55 0 0.000820514 0 0.00386652 0 0 0.000820514 0.000820514 0 0 0.000820514 0.000820514
19.6 0 -0.00717263 0 0.00162881 0 0 -0.00717263 -0.00717263 0 0 -0.00717263 -0.00717263
19.65 0 -0.0125384 0 -0.00171858 0 0 -0.0125384 -0.0125384 0 0 -0.0125384 -0.0125384
19.7 0 -0.012758 0 -0.00335101 0 0 -0.012758 -0.012758 0 0 -0.012758 -0.012758
19.75 0 -0.00755049 0 -0.00194563 0 0 -0.00755049 -0.00755049 0 0 -0.00755049 -0.00755049
19.8 0 0.001218 0 0.00161531 0 0 0.001218 0.001218 0 0 0.001218 0.001218
19.85 0 0.0101544 0 0.00478193 0 0 0.0101544 0.0101544 0 0 0.0101544 0.0101544
19.9 0 0.0156582 0 0.00510848 0 0 0.0156582 0.0156582 0 0 0.0156582 0.0156582
19.95 0 0.0156447 0 0.00225072 0 0 0.0156447 0.0156447 0 0 0.0156447 0.0156447
20 0 0.0100427 0 -0.00204483 0 0 0.0100427 0.0100427 0 0 0.0100427 0.0100427
20.05 0 0.000260973 0 -0.00559523 0 0 0.000260973 0.000260973 0 0 0.000260973 0.000260973
20.1 0 -0.0107785 0 -0.00669386 0 0 -0.0107785 -0.0107785 0 0 -0.0107785 -0.0107785
20.15 0 -0.0189235 0 -0.00448922 0 0 -0.0189235 -0.0189235 0 0 -0.0189235 -0.0189235
20.2 0 -0.0204226 0 0.000359347 0 0 -0.0204226 -0.0204226 0 0 -0.0204226 -0.0204226
20.25 0 -0.0140249 0 0.00543076 0 0 -0.0140249 -0.0140249 0 0 -0.0140249 -0.0140249
20.3 0 -0.0020693 0 0.00751433 0 0 -0.0020693 -0.0020693 0 0 -0.0020693 -0.0020693
20.35 0 0.0103572 0 0.00465678 0 0 0.0103572 0.0103572 0 0 0.0103572 0.0103572
20.4 0 0.0181132 0 -0.00183234 0 0 0.0181132 0.0181132 0 0 0.0181132 0.0181132
20.45 0 0.0187422 0 -0.00746556 0 0 0.0187422 0.0187422 0 0 0.0187422 0.0187422
20.5 0 0.0128224 0 -0.00799638 0 0 0.0128224 0.0128224 0 0 0.0128224 0.0128224
20.55 0 0.00256395 0 -0.00322211 0 0 0.00256395 0.00256395 0 0 0.00256395 0.00256395
20.6 0 -0.00900008 0 0.00297998 0 0 -0.00900008 -0.00900008 0 0 -0.00900008 -0.00900008
20.65 0 -0.0179736 0 0.00631109 0 0 -0.0179736 -0.0179736 0 0 -0.0179736 -0.0179736
20.7 0 -0.0204484 0 0.00537249 0 0 -0.0204484 -0.0204484 0 0 -0.0204484 -0.0204484
20.75 0 -0.0145397 0 0.00192386 0 0 -0.0145397 -0.0145397 0 0 -0.0145397 -0.0145397
20.8 0 -0.00208142 0 -0.00131447 0 0 -0.00208142 -0.00208142 0 0 -0.00208142 -0.00208142
20.85 0 0.0115088 0 -0.00300848 0 0 0.0115088 0.0115088 0 0 0.0115088 0.0115088
20.9 0 0.0201929 0 -0.00317276 0 0 0.0201929 0.0201929 0 0 0.0201929 0.0201929
20.95 0 0.0206643 0 -0.002037 0 0 0.0206643 0.0206643 0 0 0.0206643 0.0206643
21 0 0.0133654 0 2.00007e-05 0 0 0.0133654 0.0133654 0 0 0.0133654 0.0133654
21.05 0 0.00152583 0 0.00206023 0 0 0.00152583 0.00152583 0 0 0.00152583 0.00152583
21.1 0 -0.0107534 0 0.00256175 0 0 -0.0107534 -0.0107534 0 0 -0.0107534 -0.0107534
21.15 0 -0.0196551 0 0.000719504 0 0 -0.0196551 -0.0196551 0 0 -0.0196551 -0.0196551
21.2 0 -0.0220643 0 -0.00218903 0 0 -0.0220643 -0.0220643 0 0 -0.0220643 -0.0220643
21.25 0 -0.0166092 0 -0.00363504 0 0 -0.0166092 -0.0166092 0 0 -0.0166092 -0.0166092
21.3 0 -0.00469901 0 -0.00205629 0 0 -0.00469901 -0.00469901 0 0 -0.00469901 -0.00469901
21.35 0 0.00958395 0 0.00172491 0 0 0.00958395 0.00958395 0 0 0.00958395 0.00958395
21.4 0 0.0209228 0 0.00502175 0 0 0.0209228 0.0209228 0 0 0.0209228 0.0209228
21.45 0 0.0250176 0 0.00538211 0 0 0.0250176 0.0250176 0 0 0.0250176 0.0250176
21.5 0 0.0202991 0 0.0023763 0 0 0.0202991 0.0202991 0 0 0.0202991 0.0202991
21.55 0 0.00854715 0 -0.00205238 0 0 0.00854715 0.00854715 0 0 0.00854715 0.00854715
21.6 0 -0.00561203 0 -0.00471597 0 0 -0.00561203 -0.00561203 0 0 -0.00561203 -0.00561203
21.65 0 -0.0167585 0 -0.00360503 0 0 -0.0167585 -0.0167585 0 0 -0.0167585 -0.0167585
21.7 0 -0.020861 0 0.000605231 0 0 -0.020861 -0.020861 0 0 -0.020861 -0.020861
21.75 0 -0.0164015 0 0.00530503 0 0 -0.0164015 -0.0164015 0 0 -0.0164015 -0.0164015
21.8 0 -0.00526296 0 0.00732069 0 0 -0.00526296 -0.00526296 0 0 -0.00526296 -0.00526296
21.85 0 0.00754284 0 0.00456277 0 0 0.00754284 0.00754284 0 0 0.00754284 0.00754284
21.9 0 0.0165236 0 -0.00190126 0 0 0.0165236 0.0165236 0 0 0.0165236 0.0165236
21.95 0 0.0183971 0 -0.00794006 0 0 0.0183971 0.0183971 0 0 0.0183971 0.0183971
22 0 0.0130134 0 -0.00929574 0 0 0.0130134 0.0130134 0 0 0.0130134 0.0130134
22.05 0 0.00317735 0 -0.0045123 0 0 0.00317735 0.00317735 0 0 0.00317735 0.00317735
22.1 0 -0.00700921 0 0.00362683 0 0 -0.00700921 -0.00700921 0 0 -0.00700921 -0.00700921
22.15 0 -0.0143819 0 0.00931596 0 0 -0.0143819 -0.0143819 0 0 -0.0143819 -0.0143819
22.2 0 -0.0170828 0 0.00825276 0 0 -0.0170828 -0.0170828 0 0 -0.0170828 -0.0170828
22.25 0 -0.0142145 0 0.00131133 0 0 -0.0142145 -0.0142145 0 0 -0.0142145 -0.0142145
22.3 0 -0.0065514 0 -0.00651629 0 0 -0.0065514 -0.0065514 0 0 -0.0065514 -0.0065514
22.35 0 0.00314796 0 -0.0100373 0 0 0.00314796 0.00314796 0 0 0.00314796 0.00314796
22.4 0 0.0113437 0 -0.00708769 0 0 0.0113437 0.0113437 0 0 0.0113437 0.0113437
22.45 0 0.0152425 0 0.000350862 0 0 0.0152425 0.0152425 0 0 0.0152425 0.0152425
22.5 0 0.0137107 0 0.0074726 0 0 0.0137107 0.0137107 0 0 0.0137107 0.0137107
22.55 0 0.00775319 0 0.00994705 0 0 0.00775319 0.00775319 0 0 0.00775319 0.00775319
22.6 0 -4.59099e-05 0 0.00659368 0 0 -4.59099e-05 -4.59099e-05 0 0 -4.59099e-05 -4.59099e-05
22.65 0 -0.00714427 0 -0.000526194 0 0 -0.00714427 -0.00714427 0 0 -0.00714427 -0.00714427
22.7 0 -0.0118861 0 -0.00746897 0 0 -0.0118861 -0.0118861 0 0 -0.0118861 -0.0118861
22.75 0 -0.0131718 0 -0.0101961 0 0 -0.0131718 -0.0131718 0 0 -0.0131718 -0.0131718
22.8 0 -0.0105479 0 -0.00694671 0 0 -0.0105479 -0.0105479 0 0 -0.0105479 -0.0105479
22.85 0 -0.00465335 0 0.000385132 0 0 -0.00465335 -0.00465335 0 0 -0.00465335 -0.00465335
22.9 0 0.00290958 0 0.00744977 0 0 0.00290958 0.00290958 0 0 0.00290958 0.00290958
22.95 0 0.00982311 0 0.0100163 0 0 0.00982311 0.00982311 0 0 0.00982311 0.00982311
23 0 0.0137291 0 0.00657971 0 0 0.0137291 0.0137291 0 0 0.0137291 0.0137291
23.05 0 0.0133485 0 -0.000455421 0 0 0.0133485 0.0133485 0 0 0.0133485 0.0133485
23.1 0 0.00877102 0 -0.00655429 0 0 0.00877102 0.00877102 0 0 0.00877102 0.00877102
23.15 0 0.00126552 0 -0.00817191 0 0 0.00126552 0.00126552 0 0 0.00126552 0.00126552
23.2 0 -0.00675499 0 -0.00463927 0 0 -0.00675499 -0.00675499 0 0 -0.00675499 -0.00675499
23.25 0 -0.0124503 0 0.00161228 0 0 -0.0124503 -0.0124503 0 0 -0.0124503 -0.0124503
23.3 0 -0.0136838 0 0.00659919 0 0 -0.0136838 -0.0136838 0 0 -0.0136838 -0.0136838
23.35 0 -0.00968745 0 0.00748903 0 0 -0.00968745 -0.00968745 0 0 -0.00968745 -0.00968745
23.4 0 -0.00166988 0 0.00408877 0 0 -0.00166988 -0.00166988 0 0 -0.00166988 -0.00166988
23.45 0 0.00714527 0 -0.00155482 0 0 0.00714527 0.00714527 0 0 0.00714527 0.00714527
23.5 0 0.0130842 0 -0.00619368 0 0 0.0130842 0.0130842 0 0 0.0130842 0.0130842
23.55 0 0.0140482 0 -0.00687117 0 0 0.0140482 0.0140482 0 0 0.0140482 0.0140482
23.6 0 0.0100221 0 -0.00303008 0 0 0.0100221 0.0100221 0 0 0.0100221 0.0100221
23.65 0 0.00243669 0 0.00262586 0 0 0.00243669 0.00243669 0 0 0.00243669 0.00243669
23.7 0 -0.00594751 0 0.00635467 0 0 -0.00594751 -0.00594751 0 0 -0.00594751 -0.00594751
23.75 0 -0.011933 0 0.0059476 0 0 -0.011933 -0.011933 0 0 -0.011933 -0.011933
23.8 0 -0.0138054 0 0.00142755 0 0 -0.0138054 -0.0138054 0 0 -0.0138054 -0.0138054
23.85 0 -0.0113603 0 -0.00450811 0 0 -0.0113603 -0.0113603 0 0 -0.0113603 -0.0113603
23.9 0 -0.00501511 0 -0.00745257 0 0 -0.00501511 -0.00501511 0 0 -0.00501511 -0.00501511
23.95 0 0.00340482 0 -0.00507166 0 0 0.00340482 0.00340482 0 0 0.00340482 0.00340482
24 0 0.0105412 0 0.000676308 0 0 0.0105412 0.0105412 0 0 0.0105412 0.0105412
24.05 0 0.0137573 0 0.00585063 0 0 0.0137573 0.0137573 0 0 0.0137573 0.0137573
24.1 0 0.012694 0 0.00772483 0 0 0.012694 0.012694 0 0 0.012694 0.012694
24.15 0 0.00823827 0 0.00552317 0 0 0.00823827 0.00823827 0 0 0.00823827 0.00823827
24.2 0 0.00107476 0 -0.000128439 0 0 0.00107476 0.00107476 0 0 0.00107476 0.00107476
24.25 0 -0.00753559 0 -0.00670579 0 0 -0.00753559 -0.00753559 0 0 -0.00753559 -0.00753559
24.3 0 -0.0143082 0 -0.00972033 0 0 -0.0143082 -0.0143082 0 0 -0.0143082 -0.0143082
24.35 0 -0.0152257 0 -0.00576078 0 0 -0.0152257 -0.0152257 0 0 -0.0152257 -0.0152257
24.4 0 -0.00918928 0 0.00327555 0 0 -0.00918928 -0.00918928 0 0 -0.00918928 -0.00918928
24.45 0 0.000595723 0 0.0105566 0 0 0.000595723 0.000595723 0 0 0.000595723 0.000595723
24.5 0 0.00957253 0 0.010453 0 0 0.00957253 0.00957253 0 0 0.00957253 0.00957253
24.55 0 0.0143765 0 0.00300768 0 0 0.0143765 0.0143765 0 0 0.0143765 0.0143765
24.6 0 0.0131448 0 -0.00699853 0 0 0.0131448 0.0131448 0 0 0.0131448 0.0131448
24.65 0 0.00610906 0 -0.0132972 0 0 0.00610906 0.00610906 0 0 0.00610906 0.00610906
24.7 0 -0.00417388 0 -0.0119231 0 0 -0.00417388 -0.00417388 0 0 -0.00417388 -0.00417388
24.75 0 -0.0135204 0 -0.00351238 0 0 -0.0135204 -0.0135204 0 0 -0.0135204 -0.0135204
24.8 0 -0.0177566 0 0.0071035 0 0 -0.0177566 -0.0177566 0 0 -0.0177566 -0.0177566
24.85 0 -0.0148089 0 0.0135798 0 0 -0.0148089 -0.0148089 0 0 -0.0148089 -0.0148089
24.9 0 -0.00539362 0 0.0122294 0 0 -0.00539362 -0.00539362 0 0 -0.00539362 -0.00539362
24.95 0 0.00714849 0 0.0042341 0 0 0.00714849 0.00714849 0 0 0.00714849 0.00714849
25 0 0.0175301 0 -0.00574939 0 0 0.0175301 0.0175301 0 0 0.0175301 0.0175301
25.05 0 0.0210661 0 -0.0121256 0 0 0.0210661 0.0210661 0 0 0.0210661 0.0210661
25.1 0 0.0162669 0 -0.0111651 0 0 0.0162669 0.0162669 0 0 0.0162669 0.0162669
25.15 0 0.00491938 0 -0.00374502 0 0 0.00491938 0.00491938 0 0 0.00491938 0.00491938
25.2 0 -0.0087164 0 0.00523259 0 0 -0.0087164 -0.0087164 0 0 -0.0087164 -0.0087164
25.25 0 -0.0191756 0 0.0103994 0 0 -0.0191756 -0.0191756 0 0 -0.0191756 -0.0191756
25.3 0 -0.0221557 0 0.00906791 0 0 -0.0221557 -0.0221557 0 0 -0.0221557 -0.0221557
25.35 0 -0.01619 0 0.00277196 0 0 -0.01619 -0.01619 0 0 -0.01619 -0.01619
25.4 0 -0.00366634 0 -0.00433762 0 0 -0.00366634 -0.00366634 0 0 -0.00366634 -0.00366634
25.45 0 0.00963911 0 -0.00868703 0 0 0.00963911 0.00963911 0 0 0.00963911 0.00963911
25.5 0 0.018017 0 -0.00838152 0 0 0.018017 0.018017 0 0 0.018017 0.018017
25.55 0 0.0184885 0 -0.00382178 0 0 0.0184885 0.0184885 0 0 0.0184885 0.0184885
25.6 0 0.0108351 0 0.00171725 0 0 0.0108351 0.0108351 0 0 0.0108351 0.0108351
25.65 0 -0.00241205 0 0.00425939 0 0 -0.00241205 -0.00241205 0 0 -0.00241205 -0.00241205
25.7 0 -0.0158423 0 0.00273893 0 0 -0.0158423 -0.0158423 0 0 -0.0158423 -0.0158423
25.75 0 -0.0228816 0 -0.000115618 0 0 -0.0228816 -0.0228816 0 0 -0.0228816 -0.0228816
25.8 0 -0.0202674 0 -0.00158136 0 0 -0.0202674 -0.0202674 0 0 -0.0202674 -0.0202674
25.85 0 -0.010367 0 -0.00185141 0 0 -0.010367 -0.010367 0 0 -0.010367 -0.010367
25.9 0 0.00217717 0 -0.00165642 0 0 0.00217717 0.00217717 0 0 0.00217717 0.00217717
25.95 0 0.0133919 0 -0.00063466 0 0 0.0133919 0.0133919 0 0 0.0133919 0.0133919
26 0 0.019452 0 0.00064827 0 0 0.019452 0.019452 0 0 0.019452 0.019452
26.05 0 0.0172282 0 0.000346037 0 0 0.0172282 0.0172282 0 0 0.0172282 0.0172282
26.1 0 0.00687065 0 -0.00207104 0 0 0.00687065 0.00687065 0 0 0.00687065 0.00687065
26.15 0 -0.00742748 0 -0.00467895 0 0 -0.00742748 -0.00742748 0 0 -0.00742748 -0.00742748
26.2 0 -0.0192964 0 -0.00466873 0 0 -0.0192964 -0.0192964 0 0 -0.0192964 -0.0192964
26.25 0 -0.0228787 0 -0.000544057 0 0 -0.0228787 -0.0228787 0 0 -0.0228787 -0.0228787
26.3 0 -0.0159219 0 0.0059902 0 0 -0.0159219 -0.0159219 0 0 -0.0159219 -0.0159219
26.35 0 -0.00131775 0 0.0104529 0 0 -0.00131775 -0.00131775 0 0 -0.00131775 -0.00131775
26.4 0 0.0147396 0 0.00920979 0 0 0.0147396 0.0147396 0 0 0.0147396 0.0147396
26.45 0 0.0258839 0 0.00261302 0 0 0.0258839 0.0258839 0 0 0.0258839 0.0258839
26.5 0 0.0278681 0 -0.00528784 0 0 0.0278681 0.0278681 0 0 0.0278681 0.0278681
26.55 0 0.0199513 0 -0.0095334 0 0 0.0199513 0.0199513 0 0 0.0199513 0.0199513
26.6 0 0.00513076 0 -0.00746502 0 0 0.00513076 0.00513076 0 0 0.00513076 0.00513076
26.65 0 -0.0112198 0 -0.000607261 0 0 -0.0112198 -0.0112198 0 0 -0.0112198 -0.0112198
26.7 0 -0.0236068 0 0.00614418 0 0 -0.0236068 -0.0236068 0 0 -0.0236068 -0.0236068
26.75 0 -0.0282012 0 0.00794323 0 0 -0.0282012 -0.0282012 0 0 -0.0282012 -0.0282012
26.8 0 -0.0235636 0 0.00370353 0 0 -0.0235636 -0.0235636 0 0 -0.0235636 -0.0235636
26.85 0 -0.01104 0 -0.00321417 0 0 -0.01104 -0.01104 0 0 -0.01104 -0.01104
26.9 0 0.0052326 0 -0.00778947 0 0 0.0052326 0.0052326 0 0 0.0052326 0.0052326
26.95 0 0.0194884 0 -0.00699366 0 0 0.0194884 0.0194884 0 0 0.0194884 0.0194884
27 0 0.0263724 0 -0.00176635 0 0 0.0263724 0.0263724 0 0 0.0263724 0.0263724
27.05 0 0.0233494 0 0.00415391 0 0 0.0233494 0.0233494 0 0 0.0233494 0.0233494
27.1 0 0.0119951 0 0.00714443 0 0 0.0119951 0.0119951 0 0 0.0119951 0.0119951
27.15 0 -0.00310723 0 0.00564629 0 0 -0.00310723 -0.00310723 0 0 -0.00310723 -0.00310723
27.2 0 -0.0164474 0 0.000785648 0 0 -0.0164474 -0.0164474 0 0 -0.0164474 -0.0164474
27.25 0 -0.0232731 0 -0.00414723 0 0 -0.0232731 -0.0232731 0 0 -0.0232731 -0.0232731
27.3 0 -0.0212461 0 -0.00587605 0 0 -0.0212461 -0.0212461 0 0 -0.0212461 -0.0212461
27.35 0 -0.0112778 0 -0.00333094 0 0 -0.0112778 -0.0112778 0 0 -0.0112778 -0.0112778
27.4 0 0.00312766 0 0.00193743 0 0 0.00312766 0.00312766 0 0 0.00312766 0.00312766
27.45 0 0.0169263 0 0.00659449 0 0 0.0169263 0.0169263 0 0 0.0169263 0.0169263
27.5 0 0.024946 0 0.00735326 0 0 0.024946 0.024946 0 0 0.024946 0.024946
27.55 0 0.0240933 0 0.00345518 0 0 0.0240933 0.0240933 0 0 0.0240933 0.0240933
27.6 0 0.0148784 0 -0.00245336 0 0 0.0148784 0.0148784 0 0 0.0148784 0.0148784
27.65 0 0.00103128 0 -0.00622948 0 0 0.00103128 0.00103128 0 0 0.00103128 0.00103128
27.7 0 -0.0121349 0 -0.00518776 0 0 -0.0121349 -0.0121349 0 0 -0.0121349 -0.0121349
27.75 0 -0.0199153 0 -6.87752e-05 0 0 -0.0199153 -0.0199153 0 0 -0.0199153 -0.0199153
27.8 0 -0.0200672 0 0.00533547 0 0 -0.0200672 -0.0200672 0 0 -0.0200672 -0.0200672
27.85 0 -0.0133426 0 0.00691065 0 0 -0.0133426 -0.0133426 0 0 -0.0133426 -0.0133426
27.9 0 -0.00257748 0 0.00344075 0 0 -0.00257748 -0.00257748 0 0 -0.00257748 -0.00257748
27.95 0 0.00864886 0 -0.00239614 0 0 0.00864886 0.00864886 0 0 0.00864886 0.00864886
28 0 0.016771 0 -0.00634406 0 0 0.016771 0.016771 0 0 0.016771 0.016771
28.05 0 0.018966 0 -0.00587298 0 0 0.018966 0.018966 0 0 0.018966 0.018966
28.1 0 0.0142211 0 -0.00171926 0 0 0.0142211 0.0142211 0 0 0.0142211 0.0142211
28.15 0 0.00403994 0 0.00301876 0 0 0.00403994 0.00403994 0 0 0.00403994 0.00403994
28.2 0 -0.00769612 0 0.00536704 0 0 -0.00769612 -0.00769612 0 0 -0.00769612 -0.00769612
28.25 0 -0.0163007 0 0.00428541 0 0 -0.0163007 -0.0163007 0 0 -0.0163007 -0.0163007
28.3 0 -0.0187285 0 0.000605453 0 0 -0.0187285 -0.0187285 0 0 -0.0187285 -0.0187285
28.35 0 -0.0146319 0 -0.00356213 0 0 -0.0146319 -0.0146319 0 0 -0.0146319 -0.0146319
28.4 0 -0.00574264 0 -0.00560594 0 0 -0.00574264 -0.00574264 0 0 -0.00574264 -0.00574264
28.45 0 0.00486864 0 -0.00405657 0 0 0.00486864 0.00486864 0 0 0.00486864 0.00486864
28.5 0 0.0135801 0 0.000171834 0 0 0.0135801 0.0135801 0 0 0.0135801 0.0135801
28.55 0 0.0174498 0 0.00436537 0 0 0.0174498 0.0174498 0 0 0.0174498 0.0174498
28.6 0 0.0152202 0 0.0057952 0 0 0.0152202 0.0152202 0 0 0.0152202 0.0152202
28.65 0 0.00788796 0 0.00364693 0 0 0.00788796 0.00788796 0 0 0.00788796 0.00788796
28.7 0 -0.00159125 0 -0.000387015 0 0 -0.00159125 -0.00159125 0 0 -0.00159125 -0.00159125
28.75 0 -0.00987895 0 -0.00370638 0 0 -0.00987895 -0.00987895 0 0 -0.00987895 -0.00987895
28.8 0 -0.0146277 0 -0.00468337 0 0 -0.0146277 -0.0146277 0 0 -0.0146277 -0.0146277
28.85 0 -0.0147547 0 -0.00321041 0 0 -0.0147547 -0.0147547 0 0 -0.0147547 -0.0147547
28.9 0 -0.0103302 0 -0.000309656 0 0 -0.0103302 -0.0103302 0 0 -0.0103302 -0.0103302
28.95 0 -0.00265794 0 0.00243709 0 0 -0.00265794 -0.00265794 0 0 -0.00265794 -0.00265794
29 0 0.00582552 0 0.00357364 0 0 0.00582552 0.00582552 0 0 0.00582552 0.00582552
29.05 0 0.0122633 0 0.00255274 0 0 0.0122633 0.0122633 0 0 0.0122633 0.0122633
29.1 0 0.0144909 0 0.000155403 0 0 0.0144909 0.0144909 0 0 0.0144909 0.0144909
29.15 0 0.0120025 0 -0.00185046 0 0 0.0120025 0.0120025 0 0 0.0120025 0.0120025
29.2 0 0.00594835 0 -0.00201756 0 0 0.00594835 0.00594835 0 0 0.00594835 0.00594835
29.25 0 -0.00171214 0 -0.000524866 0 0 -0.00171214 -0.00171214 0 0 -0.00171214 -0.00171214
29.3 0 -0.00874529 0 0.00113774 0 0 -0.00874529 -0.00874529 0 0 -0.00874529 -0.00874529
29.35 0 -0.0128954 0 0.00167175 0 0 -0.0128954 -0.0128954 0 0 -0.0128954 -0.0128954
29.4 0 -0.0127665 0 0.000739983 0 0 -0.0127665 -0.0127665 0 0 -0.0127665 -0.0127665
29.45 0 -0.00844837 0 -0.000970508 0 0 -0.00844837 -0.00844837 0 0 -0.00844837 -0.00844837
29.5 0 -0.00134186 0 -0.00211808 0 0 -0.00134186 -0.00134186 0 0 -0.00134186 -0.00134186
29.55 0 0.00605842 0 -0.00188006 0 0 0.00605842 0.00605842 0 0 0.00605842 0.00605842
29.6 0 0.0110445 0 -0.000506939 0 0 0.0110445 0.0110445 0 0 0.0110445 0.0110445
29.65 0 0.0119981 0 0.00117208 0 0 0.0119981 0.0119981 0 0 0.0119981 0.0119981
29.7 0 0.00885848 0 0.00222654 0 0 0.00885848 0.00885848 0 0 0.00885848 0.00885848
29.75 0 0.00293395 0 0.00207355 0 0 0.00293395 0.00293395 0 0 0.00293395 0.00293395
29.8 0 -0.00368567 0 0.000766459 0 0 -0.00368567 -0.00368567 0 0 -0.00368567 -0.00368567
29.85 0 -0.00893511 0 -0.00109528 0 0 -0.00893511 -0.00893511 0 0 -0.00893511 -0.00893511
29.9 0 -0.0112274 0 -0.0025121 0 0 -0.0112274 -0.0112274 0 0 -0.0112274 -0.0112274
29.95 0 -0.00983119 0 -0.0025834 0 0 -0.00983119 -0.00983119 0 0 -0.00983119 -0.00983119
30 0 -0.00527774 0 -0.00124643 0 0 -0.00527774 -0.00527774 0 0 -0.00527774 -0.00527774
