0.01 0 9.06682e-09 1.11216e-08 1.13663e-08 1.13862e-08 1.13851e-08 1.1387e-08 1.14226e-08
0.02 0 3.16357e-08 4.3275e-08 4.55851e-08 4.59121e-08 4.59363e-08 4.59683e-08 4.62229e-08
0.03 0 3.99194e-08 6.82259e-08 7.75884e-08 7.96669e-08 8.00033e-08 8.02207e-08 8.11072e-08
0.04 0 1.08805e-08 4.72344e-08 6.88729e-08 7.62781e-08 7.8153e-08 7.90899e-08 8.11568e-08
0.05 0 -4.0808e-08 -2.35392e-08 6.958e-09 2.3894e-08 3.02031e-08 3.31957e-08 3.69708e-08
0.06 0 -9.48657e-08 -1.25733e-07 -1.0417e-07 -7.83674e-08 -6.38723e-08 -5.63861e-08 -5.04015e-08
0.07 0 -1.45729e-07 -2.40241e-07 -2.5367e-07 -2.3014e-07 -2.06567e-07 -1.91792e-07 -1.8314e-07
0.08 0 -1.94865e-07 -3.55059e-07 -4.24999e-07 -4.24621e-07 -3.9895e-07 -3.76522e-07 -3.65551e-07
0.09 0 -2.43681e-07 -4.66965e-07 -6.03274e-07 -6.48794e-07 -6.37866e-07 -6.14158e-07 -6.04307e-07
0.1 0 -2.91636e-07 -5.76648e-07 -7.80371e-07 -8.88143e-07 -9.14981e-07 -9.06229e-07 -9.07373e-07
0.11 0 -3.3761e-07 -6.8422e-07 -9.54341e-07 -1.13235e-06 -1.21939e-06 -1.25062e-06 -1.28115e-06
0.12 0 -3.80974e-07 -7.88518e-07 -1.12575e-06 -1.37774e-06 -1.54231e-06 -1.6418e-06 -1.72662e-06
0.13 0 -4.21553e-07 -8.88576e-07 -1.29533e-06 -1.62584e-06 -1.88031e-06 -2.07255e-06 -2.2366e-06
0.14 0 -4.59441e-07 -9.84739e-07 -1.4642e-06 -1.88043e-06 -2.23475e-06 -2.53562e-06 -2.7961e-06
0.15 0 -4.95235e-07 -1.07886e-06 -1.63498e-06 -2.1455e-06 -2.60822e-06 -3.02383e-06 -3.386e-06
0.16 0 -5.30444e-07 -1.17425e-06 -1.81206e-06 -2.42442e-06 -3.00094e-06 -3.52915e-06 -3.98785e-06
0.17 0 -5.67573e-07 -1.27548e-06 -2.00057e-06 -2.71918e-06 -3.40924e-06 -4.04222e-06 -4.58725e-06
0.18 0 -6.09728e-07 -1.38771e-06 -2.20472e-06 -3.02944e-06 -3.82636e-06 -4.55322e-06 -5.17441e-06
0.19 0 -6.59891e-07 -1.51522e-06 -2.4264e-06 -3.35206e-06 -4.24451e-06 -5.05356e-06 -5.74276e-06
0.2 0 -7.19902e-07 -1.65979e-06 -2.66418e-06 -3.68171e-06 -4.65666e-06 -5.53698e-06 -6.28741e-06
0.21 0 -7.89411e-07 -1.81932e-06 -2.91326e-06 -4.01196e-06 -5.05734e-06 -5.99935e-06 -6.80425e-06
0.22 0 -8.65369e-07 -1.98762e-06 -3.166e-06 -4.33622e-06 -5.44229e-06 -6.43767e-06 -7.28997e-06
0.23 0 -9.4247e-07 -2.15546e-06 -3.41308e-06 -4.64795e-06 -5.80766e-06 -6.84923e-06 -7.74222e-06
0.24 0 -1.01451e-06 -2.31255e-06 -3.64472e-06 -4.9403e-06 -6.14908e-06 -7.23122e-06 -8.1596e-06
0.25 0 -1.07612e-06 -2.44986e-06 -3.85182e-06 -5.20603e-06 -6.46147e-06 -7.58077e-06 -8.54138e-06
0.26 0 -1.12418e-06 -2.56134e-06 -4.027e-06 -5.43791e-06 -6.73935e-06 -7.89509e-06 -8.88698e-06
0.27 0 -1.15807e-06 -2.64456e-06 -4.16543e-06 -5.6299e-06 -6.97758e-06 -8.17137e-06 -9.19545e-06
0.28 0 -1.17914e-06 -2.70035e-06 -4.26548e-06 -5.77823e-06 -7.17222e-06 -8.4067e-06 -9.46485e-06
0.29 0 -1.18977e-06 -2.73187e-06 -4.32883e-06 -5.88241e-06 -7.32114e-06 -8.59823e-06 -9.69196e-06
0.3 0 -1.19252e-06 -2.74362e-06 -4.3601e-06 -5.94532e-06 -7.42451e-06 -8.74345e-06 -9.87231e-06
0.31 0 -1.18974e-06 -2.74068e-06 -4.36585e-06 -5.97257e-06 -7.48465e-06 -8.84058e-06 -1.00008e-05
0.32 0 -1.18346e-06 -2.72797e-06 -4.35321e-06 -5.97107e-06 -7.50535e-06 -8.88874e-06 -1.00724e-05
0.33 0 -1.17542e-06 -2.70981e-06 -4.3286e-06 -5.94745e-06 -7.4909e-06 -8.88811e-06 -1.00838e-05
0.34 0 -1.16718e-06 -2.68964e-06 -4.29692e-06 -5.90696e-06 -7.44525e-06 -8.84004e-06 -1.00338e-05
0.35 0 -1.1601e-06 -2.66989e-06 -4.26124e-06 -5.85297e-06 -7.37161e-06 -8.74729e-06 -9.92476e-06
0.36 0 -1.15497e-06 -2.65176e-06 -4.22273e-06 -5.78689e-06 -7.27245e-06 -8.61394e-06 -9.76219e-06
0.37 0 -1.1515e-06 -2.63463e-06 -4.1805e-06 -5.70842e-06 -7.14956e-06 -8.445e-06 -9.55407e-06
0.38 0 -1.14806e-06 -2.61582e-06 -4.13169e-06 -5.61586e-06 -7.00417e-06 -8.24579e-06 -9.30938e-06
0.39 0 -1.14199e-06 -2.59084e-06 -4.07187e-06 -5.50672e-06 -6.83728e-06 -8.02151e-06 -9.03687e-06
0.4 0 -1.13039e-06 -2.55457e-06 -3.99611e-06 -5.37846e-06 -6.64996e-06 -7.77696e-06 -8.74437e-06
0.41 0 -1.11077e-06 -2.50249e-06 -3.9001e-06 -5.22912e-06 -6.44347e-06 -7.51637e-06 -8.43834e-06
0.42 0 -1.08151e-06 -2.43173e-06 -3.78115e-06 -5.05772e-06 -6.21914e-06 -7.24309e-06 -8.12359e-06
0.43 0 -1.04219e-06 -2.34165e-06 -3.63882e-06 -4.86451e-06 -5.9783e-06 -6.95942e-06 -7.80315e-06
0.44 0 -9.93734e-07 -2.23401e-06 -3.47512e-06 -4.65128e-06 -5.72241e-06 -6.66672e-06 -7.47837e-06
0.45 0 -9.38338e-07 -2.1127e-06 -3.29434e-06 -4.4214e-06 -5.45339e-06 -6.36566e-06 -7.14911e-06
0.46 0 -8.79083e-07 -1.98322e-06 -3.10252e-06 -4.17971e-06 -5.1739e-06 -6.0567e-06 -6.81418e-06
0.47 0 -8.19331e-07 -1.85178e-06 -2.90668e-06 -3.93213e-06 -4.88738e-06 -5.74044e-06 -6.47189e-06
0.48 0 -7.62178e-07 -1.72433e-06 -2.71396e-06 -3.68499e-06 -4.59789e-06 -5.41791e-06 -6.12073e-06
0.49 0 -7.10294e-07 -1.60611e-06 -2.53095e-06 -3.44467e-06 -4.31001e-06 -5.09115e-06 -5.76053e-06
0.5 0 -6.65837e-07 -1.50139e-06 -2.36337e-06 -3.21714e-06 -4.02881e-06 -4.7636e-06 -5.39335e-06
0.51 0 -6.30127e-07 -1.41308e-06 -2.21542e-06 -3.00741e-06 -3.75941e-06 -4.44013e-06 -5.02384e-06
0.52 0 -6.03249e-07 -1.34209e-06 -2.08916e-06 -2.81877e-06 -3.50641e-06 -4.12656e-06 -4.65889e-06
0.53 0 -5.83949e-07 -1.28701e-06 -1.984e-06 -2.65234e-06 -3.27326e-06 -3.82894e-06 -4.30673e-06
0.54 0 -5.69918e-07 -1.24422e-06 -1.89682e-06 -2.507e-06 -3.06202e-06 -3.55289e-06 -3.97601e-06
0.55 0 -5.58374e-07 -1.20872e-06 -1.82259e-06 -2.37987e-06 -2.87344e-06 -3.30327e-06 -3.67495e-06
0.56 0 -5.46588e-07 -1.17526e-06 -1.75554e-06 -2.26708e-06 -2.70722e-06 -3.08378e-06 -3.41056e-06
0.57 0 -5.32115e-07 -1.13907e-06 -1.69012e-06 -2.16441e-06 -2.5621e-06 -2.89657e-06 -3.18773e-06
0.58 0 -5.12961e-07 -1.0964e-06 -1.62173e-06 -2.06784e-06 -2.43585e-06 -2.74171e-06 -3.0084e-06
0.59 0 -4.88244e-07 -1.04529e-06 -1.54775e-06 -1.9745e-06 -2.32602e-06 -2.61753e-06 -2.87157e-06
0.6 0 -4.59074e-07 -9.86862e-07 -1.46871e-06 -1.88402e-06 -2.23118e-06 -2.52171e-06 -2.77427e-06
0.61 0 -4.2858e-07 -9.2577e-07 -1.38905e-06 -1.79934e-06 -2.15196e-06 -2.45246e-06 -2.71274e-06
0.62 0 -4.00806e-07 -8.69184e-07 -1.31632e-06 -1.72622e-06 -2.09093e-06 -2.4087e-06 -2.68295e-06
0.63 0 -3.79299e-07 -8.24588e-07 -1.25927e-06 -1.67173e-06 -2.05158e-06 -2.38967e-06 -2.68062e-06
0.64 0 -3.66134e-07 -7.97482e-07 -1.22527e-06 -1.64218e-06 -2.03684e-06 -2.39415e-06 -2.70111e-06
0.65 0 -3.6152e-07 -7.89788e-07 -1.21796e-06 -1.64096e-06 -2.04767e-06 -2.41977e-06 -2.73931e-06
0.66 0 -3.63869e-07 -7.99341e-07 -1.23578e-06 -1.66682e-06 -2.08185e-06 -2.46249e-06 -2.78958e-06
0.67 0 -3.70221e-07 -8.20399e-07 -1.27189e-06 -1.71324e-06 -2.13341e-06 -2.51644e-06 -2.84591e-06
0.68 0 -3.76905e-07 -8.44903e-07 -1.31545e-06 -1.76914e-06 -2.19282e-06 -2.57405e-06 -2.90209e-06
0.69 0 -3.80323e-07 -8.64159e-07 -1.35382e-06 -1.8208e-06 -2.24821e-06 -2.62659e-06 -2.95187e-06
0.7 0 -3.77531e-07 -8.70429e-07 -1.37498e-06 -1.85437e-06 -2.28711e-06 -2.66488e-06 -2.98892e-06
0.71 0 -3.66606e-07 -8.58155e-07 -1.36964e-06 -1.8584e-06 -2.29836e-06 -2.68002e-06 -3.00648e-06
0.72 0 -3.47088e-07 -8.2499e-07 -1.33292e-06 -1.82588e-06 -2.2741e-06 -2.66448e-06 -2.99761e-06
0.73 0 -3.20428e-07 -7.72634e-07 -1.26561e-06 -1.75591e-06 -2.21137e-06 -2.61343e-06 -2.95596e-06
0.74 0 -2.89775e-07 -7.06749e-07 -1.17417e-06 -1.65378e-06 -2.11257e-06 -2.52543e-06 -2.87684e-06
0.75 0 -2.58788e-07 -6.35297e-07 -1.0689e-06 -1.52928e-06 -1.98413e-06 -2.40204e-06 -2.75754e-06
0.76 0 -2.30174e-07 -5.65812e-07 -9.60709e-07 -1.39346e-06 -1.83401e-06 -2.24637e-06 -2.59704e-06
0.77 0 -2.04959e-07 -5.03014e-07 -8.57781e-07 -1.25529e-06 -1.66905e-06 -2.06165e-06 -2.39552e-06
0.78 0 -1.82791e-07 -4.47952e-07 -7.63546e-07 -1.11947e-06 -1.4934e-06 -1.85055e-06 -2.15444e-06
0.79 0 -1.62727e-07 -3.98739e-07 -6.76596e-07 -9.85981e-07 -1.30841e-06 -1.61547e-06 -1.87701e-06
0.8 0 -1.43776e-07 -3.51996e-07 -5.92164e-07 -8.51107e-07 -1.11329e-06 -1.3591e-06 -1.56873e-06
0.81 0 -1.24968e-07 -3.04075e-07 -5.04269e-07 -7.09438e-07 -9.0642e-07 -1.08491e-06 -1.23726e-06
0.82 0 -1.05147e-07 -2.51657e-07 -4.0757e-07 -5.5599e-07 -6.86513e-07 -7.97179e-07 -8.91608e-07
0.83 0 -8.28779e-08 -1.91958e-07 -2.9848e-07 -3.8783e-07 -4.53685e-07 -5.00735e-07 -5.40845e-07
0.84 0 -5.68187e-08 -1.23119e-07 -1.75762e-07 -2.05055e-07 -2.1021e-07 -2.00846e-07 -1.93032e-07
0.85 0 -2.64775e-08 -4.50329e-08 -4.10016e-08 -1.11986e-08 3.9e-08 9.65914e-08 1.45037e-07
0.86 0 7.2027e-09 3.98402e-08 1.01093e-07 1.86955e-07 2.86477e-07 3.8479e-07 4.67366e-07
0.87 0 4.19347e-08 1.26455e-07 2.43016e-07 3.80247e-07 5.2306e-07 6.56218e-07 7.68151e-07
0.88 0 7.48618e-08 2.08305e-07 3.75747e-07 5.58702e-07 7.39402e-07 9.03353e-07 1.04163e-06
0.89 0 1.03495e-07 2.79237e-07 4.90741e-07 7.13388e-07 9.27559e-07 1.11971e-06 1.28245e-06
0.9 0 1.26226e-07 3.34968e-07 5.81802e-07 8.37911e-07 1.08199e-06 1.30054e-06 1.4862e-06
0.91 0 1.42231e-07 3.73563e-07 6.45978e-07 9.29018e-07 1.19964e-06 1.44277e-06 1.64949e-06
0.92 0 1.50909e-07 3.94664e-07 6.82955e-07 9.85948e-07 1.27904e-06 1.54411e-06 1.7693e-06
0.93 0 1.51387e-07 3.98151e-07 6.93406e-07 1.00893e-06 1.31903e-06 1.60191e-06 1.84192e-06
0.94 0 1.43007e-07 3.83796e-07 6.77916e-07 9.9819e-07 1.3182e-06 1.61294e-06 1.86276e-06
0.95 0 1.26634e-07 3.52551e-07 6.37602e-07 9.54478e-07 1.27591e-06 1.57468e-06 1.82779e-06
0.96 0 1.05257e-07 3.08019e-07 5.75536e-07 8.80229e-07 1.19361e-06 1.48708e-06 1.73552e-06
0.97 0 8.28836e-08 2.56196e-07 4.97248e-07 7.80051e-07 1.07515e-06 1.35307e-06 1.58794e-06
0.98 0 6.26481e-08 2.0335e-07 4.09601e-07 6.60056e-07 9.25991e-07 1.17778e-06 1.38996e-06
0.99 0 4.54885e-08 1.53394e-07 3.18516e-07 5.26352e-07 7.51925e-07 9.67118e-07 1.14789e-06
1 0 2.97196e-08 1.05952e-07 2.2634e-07 3.82931e-07 5.57482e-07 7.26167e-07 8.67656e-07
1.01 0 1.12053e-08 5.56341e-08 1.29773e-07 2.29341e-07 3.44106e-07 4.57558e-07 5.52932e-07
1.02 0 -1.56151e-08 -6.95279e-09 1.96929e-08 5.94946e-08 1.08903e-07 1.60518e-07 2.04315e-07
1.03 0 -5.56683e-08 -9.21604e-08 -1.16255e-07 -1.37032e-07 -1.54835e-07 -1.68528e-07 -1.79818e-07
1.04 0 -1.11303e-07 -2.07524e-07 -2.89395e-07 -3.71623e-07 -4.55473e-07 -5.34241e-07 -6.01512e-07
1.05 0 -1.82235e-07 -3.55861e-07 -5.06806e-07 -6.53474e-07 -8.00943e-07 -9.41289e-07 -1.06265e-06
1.06 0 -2.67588e-07 -5.36772e-07 -7.71269e-07 -9.88708e-07 -1.19833e-06 -1.39518e-06 -1.56685e-06
1.07 0 -3.68079e-07 -7.50142e-07 -1.08387e-06 -1.38169e-06 -1.65492e-06 -1.90429e-06 -2.12264e-06
1.08 0 -4.86193e-07 -9.98364e-07 -1.44674e-06 -1.83678e-06 -2.17909e-06 -2.48095e-06 -2.74529e-06
1.09 0 -6.23862e-07 -1.28486e-06 -1.86311e-06 -2.35844e-06 -2.77962e-06 -3.14003e-06 -3.455e-06
1.1 0 -7.79037e-07 -1.60917e-06 -2.33367e-06 -2.94868e-06 -3.46269e-06 -3.89456e-06 -4.27128e-06
1.11 0 -9.43644e-07 -1.96187e-06 -2.8512e-06 -3.60294e-06 -4.22784e-06 -4.75025e-06 -5.20576e-06
1.12 0 -1.10494e-06 -2.32361e-06 -3.39751e-06 -4.30705e-06 -5.06533e-06 -5.70191e-06 -6.25725e-06
1.13 0 -1.24982e-06 -2.66981e-06 -3.94568e-06 -5.03775e-06 -5.95624e-06 -6.73353e-06 -7.41141e-06
1.14 0 -1.36914e-06 -2.97828e-06 -4.46653e-06 -5.76635e-06 -6.87489e-06 -7.82082e-06 -8.64378e-06
1.15 0 -1.45927e-06 -3.23507e-06 -4.93573e-06 -6.46373e-06 -7.79159e-06 -8.93387e-06 -9.9231e-06
1.16 0 -1.52172e-06 -3.4365e-06 -5.33882e-06 -7.10529e-06 -8.67597e-06 -1.00395e-05 -1.12137e-05
1.17 0 -1.56193e-06 -3.5882e-06 -5.67299e-06 -7.67508e-06 -9.50083e-06 -1.11037e-05 -1.24769e-05
1.18 0 -1.58745e-06 -3.70186e-06 -5.94525e-06 -8.16717e-06 -1.02451e-05 -1.20936e-05 -1.36717e-05
1.19 0 -1.60495e-06 -3.79001e-06 -6.16705e-06 -8.58284e-06 -1.0894e-05 -1.29782e-05 -1.47547e-05
1.2 0 -1.61792e-06 -3.86116e-06 -6.34803e-06 -8.92523e-06 -1.1436e-05 -1.37278e-05 -1.56806e-05
1.21 0 -1.62701e-06 -3.91814e-06 -6.49244e-06 -9.19501e-06 -1.18604e-05 -1.43144e-05 -1.64062e-05
1.22 0 -1.63222e-06 -3.96006e-06 -6.59915e-06 -9.38878e-06 -1.21563e-05 -1.47149e-05 -1.6896e-05
1.23 0 -1.63465e-06 -3.98552e-06 -6.664e-06 -9.49996e-06 -1.23134e-05 -1.49132e-05 -1.71288e-05
1.24 0 -1.63615e-06 -3.9942e-06 -6.68221e-06 -9.52067e-06 -1.23234e-05 -1.49026e-05 -1.70994e-05
1.25 0 -1.63745e-06 -3.98552e-06 -6.64905e-06 -9.44353e-06 -1.21815e-05 -1.46857e-05 -1.68171e-05
1.26 0 -1.63631e-06 -3.95599e-06 -6.55908e-06 -9.26288e-06 -1.18873e-05 -1.42721e-05 -1.63018e-05
1.27 0 -1.62701e-06 -3.8974e-06 -6.40505e-06 -8.97524e-06 -1.14452e-05 -1.36771e-05 -1.55782e-05
1.28 0 -1.60124e-06 -3.79738e-06 -6.1777e-06 -8.57921e-06 -1.08634e-05 -1.29186e-05 -1.46721e-05
1.29 0 -1.55032e-06 -3.64243e-06 -5.8674e-06 -8.07519e-06 -1.01531e-05 -1.20157e-05 -1.36088e-05
1.3 0 -1.46758e-06 -3.42191e-06 -5.46701e-06 -7.46547e-06 -9.32642e-06 -1.09879e-05 -1.24121e-05
1.31 0 -1.35016e-06 -3.1315e-06 -4.97472e-06 -6.7548e-06 -8.39611e-06 -9.85397e-06 -1.11053e-05
1.32 0 -1.19975e-06 -2.7746e-06 -4.39578e-06 -5.95133e-06 -7.37477e-06 -8.63172e-06 -9.71055e-06
1.33 0 -1.02205e-06 -2.36186e-06 -3.74258e-06 -5.06742e-06 -6.27583e-06 -7.33785e-06 -8.24808e-06
1.34 0 -8.25267e-07 -1.90874e-06 -3.03304e-06 -4.1197e-06 -5.1144e-06 -5.98797e-06 -6.73509e-06
1.35 0 -6.17502e-07 -1.43163e-06 -2.28723e-06 -3.12738e-06 -3.90672e-06 -4.59578e-06 -5.18395e-06
1.36 0 -4.04059e-07 -9.43243e-07 -1.52269e-06 -2.10854e-06 -2.66768e-06 -3.17125e-06 -3.60062e-06
1.37 0 -1.86098e-07 -4.49388e-07 -7.50155e-07 -1.07586e-06 -1.40741e-06 -1.71873e-06 -1.98404e-06
1.38 0 3.86961e-08 5.16064e-08 2.86774e-08 -3.34076e-08 -1.28518e-07 -2.35989e-07 -3.2716e-07
1.39 0 2.7388e-07 5.66443e-07 8.20415e-07 1.0241e-06 1.17453e-06 1.28486e-06 1.38049e-06
1.4 0 5.21112e-07 1.10189e-06 1.63554e-06 2.10811e-06 2.51264e-06 2.85403e-06 3.14882e-06
1.41 0 7.7752e-07 1.65916e-06 2.48158e-06 3.22969e-06 3.89635e-06 4.47895e-06 4.98248e-06
1.42 0 1.03554e-06 2.23088e-06 3.35719e-06 4.39258e-06 5.32953e-06 6.1597e-06 6.8778e-06
1.43 0 1.28562e-06 2.80251e-06 4.25022e-06 5.58904e-06 6.80563e-06 7.88724e-06 8.82274e-06
1.44 0 1.5201e-06 3.35752e-06 5.14076e-06 6.80034e-06 8.30767e-06 9.64465e-06 1.07995e-05
1.45 0 1.73576e-06 3.88317e-06 6.00712e-06 8.00115e-06 9.81132e-06 1.14102e-05 1.27881e-05
1.46 0 1.93373e-06 4.37351e-06 6.8318e-06 9.16574e-06 1.12896e-05 1.31602e-05 1.47677e-05
1.47 0 2.11736e-06 4.82877e-06 7.60465e-06 1.02733e-05 1.27172e-05 1.48709e-05 1.67169e-05
1.48 0 2.2897e-06 5.25216e-06 8.32258e-06 1.1311e-05 1.40738e-05 1.65191e-05 1.86115e-05
1.49 0 2.45206e-06 5.64672e-06 8.98707e-06 1.22736e-05 1.53449e-05 1.80823e-05 2.04231e-05
1.5 0 2.6046e-06 6.0144e-06 9.60175e-06 1.31619e-05 1.65223e-05 1.95401e-05 2.2121e-05
1.51 0 2.74828e-06 6.35772e-06 1.01718e-05 1.39805e-05 1.7603e-05 2.08759e-05 2.36764e-05
1.52 0 2.88588e-06 6.68154e-06 1.07041e-05 1.47361e-05 1.85874e-05 2.2079e-05 2.50673e-05
1.53 0 3.02083e-06 6.99217e-06 1.12053e-05 1.54341e-05 1.9477e-05 2.31438e-05 2.62819e-05
1.54 0 3.15486e-06 7.29388e-06 1.16795e-05 1.60759e-05 2.02708e-05 2.40682e-05 2.73168e-05
1.55 0 3.28562e-06 7.58438e-06 1.21233e-05 1.66561e-05 2.09635e-05 2.485e-05 2.8174e-05
1.56 0 3.40582e-06 7.85184e-06 1.2523e-05 1.71606e-05 2.15438e-05 2.54845e-05 2.88554e-05
1.57 0 3.50451e-06 8.07578e-06 1.28545e-05 1.75672e-05 2.19952e-05 2.59633e-05 2.93594e-05
1.58 0 3.56925e-06 8.2309e-06 1.30872e-05 1.7848e-05 2.22972e-05 2.62735e-05 2.9679e-05
1.59 0 3.58742e-06 8.29103e-06 1.31879e-05 1.79716e-05 2.24253e-05 2.63975e-05 2.98009e-05
1.6 0 3.54675e-06 8.23164e-06 1.31245e-05 1.79051e-05 2.23505e-05 2.63106e-05 2.97032e-05
1.61 0 3.43686e-06 8.03198e-06 1.28687e-05 1.76158e-05 2.20391e-05 2.59804e-05 2.93541e-05
1.62 0 3.25271e-06 7.67919e-06 1.23999e-05 1.70757e-05 2.14572e-05 2.53696e-05 2.87142e-05
1.63 0 2.99864e-06 7.17418e-06 1.17112e-05 1.62678e-05 2.05776e-05 2.44426e-05 2.77416e-05
1.64 0 2.68966e-06 6.53589e-06 1.08154e-05 1.51934e-05 1.93878e-05 2.31739e-05 2.64003e-05
1.65 0 2.34799e-06 5.79965e-06 9.74588e-06 1.38746e-05 1.78944e-05 2.15532e-05 2.46659e-05
1.66 0 1.99707e-06 5.00955e-06 8.55182e-06 1.23522e-05 1.61219e-05 1.95868e-05 2.253e-05
1.67 0 1.65592e-06 4.20799e-06 7.2882e-06 1.06783e-05 1.41091e-05 1.72967e-05 2.00008e-05
1.68 0 1.33522e-06 3.42576e-06 6.00304e-06 8.90596e-06 1.19016e-05 1.4716e-05 1.71019e-05
1.69 0 1.03564e-06 2.67542e-06 4.72601e-06 7.07655e-06 9.54292e-06 1.18846e-05 1.38702e-05
1.7 0 7.48449e-07 1.94942e-06 3.46176e-06 5.21105e-06 7.06679e-06 8.84381e-06 1.03524e-05
1.71 0 4.57856e-07 1.22263e-06 2.18987e-06 3.30597e-06 4.49164e-06 5.63185e-06 6.60183e-06
1.72 0 1.45158e-07 4.59312e-07 8.71552e-07 1.33697e-06 1.82033e-06 2.28147e-06 2.67495e-06
1.73 0 -2.06797e-07 -3.77614e-07 -5.38843e-07 -7.31415e-07 -9.55004e-07 -1.18022e-06 -1.37202e-06
1.74 0 -6.11012e-07 -1.3187e-06 -2.0822e-06 -2.93428e-06 -3.84593e-06 -4.73149e-06 -5.4885e-06
1.75 0 -1.07491e-06 -2.38246e-06 -3.78506e-06 -5.29566e-06 -6.86032e-06 -8.35525e-06 -9.63506e-06
1.76 0 -1.59828e-06 -3.57102e-06 -5.65218e-06 -7.81946e-06 -9.99503e-06 -1.20366e-05 -1.37859e-05
1.77 0 -2.17119e-06 -4.86683e-06 -7.66195e-06 -1.04837e-05 -1.32303e-05 -1.57588e-05 -1.79266e-05
1.78 0 -2.77433e-06 -6.23263e-06 -9.76672e-06 -1.32406e-05 -1.65285e-05 -1.95002e-05 -2.20494e-05
1.79 0 -3.38302e-06 -7.61731e-06 -1.18998e-05 -1.60234e-05 -1.98384e-05 -2.32339e-05 -2.61484e-05
1.8 0 -3.974e-06 -8.96771e-06 -1.39896e-05 -1.87603e-05 -2.31057e-05 -2.6932e-05 -3.0218e-05
1.81 0 -4.53151e-06 -1.02423e-05 -1.59766e-05 -2.13911e-05 -2.62851e-05 -3.05714e-05 -3.42533e-05
1.82 0 -5.04856e-06 -1.14194e-05 -1.78258e-05 -2.38786e-05 -2.93482e-05 -3.41368e-05 -3.82499e-05
1.83 0 -5.52253e-06 -1.24942e-05 -1.95282e-05 -2.62103e-05 -3.22823e-05 -3.76172e-05 -4.21976e-05
1.84 0 -5.94983e-06 -1.34697e-05 -2.10912e-05 -2.83903e-05 -3.50826e-05 -4.09973e-05 -4.6073e-05
1.85 0 -6.32483e-06 -1.43478e-05 -2.25257e-05 -3.04271e-05 -3.77426e-05 -4.42508e-05 -4.98334e-05
1.86 0 -6.64351e-06 -1.51273e-05 -2.38376e-05 -3.23236e-05 -4.0248e-05 -4.73389e-05 -5.34193e-05
1.87 0 -6.90789e-06 -1.58087e-05 -2.50258e-05 -3.40731e-05 -4.25755e-05 -5.02145e-05 -5.67625e-05
1.88 0 -7.12761e-06 -1.63987e-05 -2.60873e-05 -3.56607e-05 -4.46952e-05 -5.28288e-05 -5.97967e-05
1.89 0 -7.31735e-06 -1.69121e-05 -2.70218e-05 -3.70688e-05 -4.65752e-05 -5.51377e-05 -6.24669e-05
1.9 0 -7.49142e-06 -1.73666e-05 -2.78339e-05 -3.82825e-05 -4.81867e-05 -5.71053e-05 -6.47321e-05
1.91 0 -7.65851e-06 -1.77756e-05 -2.85296e-05 -3.92922e-05 -4.95073e-05 -5.87047e-05 -6.65647e-05
1.92 0 -7.81893e-06 -1.81421e-05 -2.9111e-05 -4.0093e-05 -5.05236e-05 -5.99184e-05 -6.79462e-05
1.93 0 -7.96492e-06 -1.84562e-05 -2.95721e-05 -4.06813e-05 -5.12302e-05 -6.07372e-05 -6.88648e-05
1.94 0 -8.08209e-06 -1.86963e-05 -2.98954e-05 -4.10492e-05 -5.16244e-05 -6.11574e-05 -6.93135e-05
1.95 0 -8.15031e-06 -1.88302e-05 -3.00508e-05 -4.1178e-05 -5.16984e-05 -6.11742e-05 -6.92877e-05
1.96 0 -8.1469e-06 -1.88191e-05 -2.99969e-05 -4.10348e-05 -5.14318e-05 -6.07773e-05 -6.87823e-05
1.97 0 -8.05378e-06 -1.86265e-05 -2.96889e-05 -4.0578e-05 -5.07944e-05 -5.9951e-05 -6.77934e-05
1.98 0 -7.86312e-06 -1.82283e-05 -2.90902e-05 -3.97674e-05 -4.97541e-05 -5.86789e-05 -6.63193e-05
1.99 0 -7.5763e-06 -1.7617e-05 -2.8179e-05 -3.85731e-05 -4.82841e-05 -5.6947e-05 -6.43584e-05
2 0 -7.19866e-06 -1.67973e-05 -2.69506e-05 -3.69804e-05 -4.63673e-05 -5.47426e-05 -6.19035e-05
2.01 0 -6.73555e-06 -1.57804e-05 -2.54138e-05 -3.49903e-05 -4.39966e-05 -5.20531e-05 -5.89377e-05
2.02 0 -6.19106e-06 -1.45784e-05 -2.35863e-05 -3.26165e-05 -4.11738e-05 -4.8865e-05 -5.54345e-05
2.03 0 -5.56746e-06 -1.32014e-05 -2.14869e-05 -2.98777e-05 -3.79041e-05 -4.51619e-05 -5.13589e-05
2.04 0 -4.86551e-06 -1.16556e-05 -1.91291e-05 -2.67885e-05 -3.41895e-05 -4.09241e-05 -4.66714e-05
2.05 0 -4.08686e-06 -9.94515e-06 -1.65198e-05 -2.33541e-05 -3.00254e-05 -3.61299e-05 -4.1335e-05
2.06 0 -3.23873e-06 -8.07792e-06 -1.36635e-05 -1.95738e-05 -2.54038e-05 -3.07627e-05 -3.53249e-05
2.07 0 -2.33746e-06 -6.07276e-06 -1.05718e-05 -1.54508e-05 -2.03235e-05 -2.48209e-05 -2.86396e-05
2.08 0 -1.40626e-06 -3.96158e-06 -7.2708e-06 -1.10028e-05 -1.48009e-05 -1.83263e-05 -2.13074e-05
2.09 0 -4.67521e-07 -1.78297e-06 -3.80083e-06 -6.26709e-06 -8.87443e-06 -1.13256e-05 -1.3384e-05
2.1 0 4.65729e-07 4.30008e-07 -2.07979e-07 -1.29591e-06 -2.60221e-06 -3.88515e-06 -4.94479e-06
2.11 0 1.39471e-06 2.66172e-06 3.46913e-06 3.85399e-06 3.94719e-06 3.91807e-06 3.92584e-06
2.12 0 2.33271e-06 4.91772e-06 7.20965e-06 9.13365e-06 1.07056e-05 1.20055e-05 1.31418e-05
2.13 0 3.29506e-06 7.21536e-06 1.10093e-05 1.45067e-05 1.76105e-05 2.02988e-05 2.26137e-05
2.14 0 4.28746e-06 9.56592e-06 1.48673e-05 1.99442e-05 2.46021e-05 2.87147e-05 3.22413e-05
2.15 0 5.30069e-06 1.19602e-05 1.87705e-05 2.54138e-05 3.16181e-05 3.71597e-05 4.19068e-05
2.16 0 6.31415e-06 1.43654e-05 2.26833e-05 3.087e-05 3.85874e-05 4.55293e-05 5.14764e-05
2.17 0 7.30411e-06 1.67342e-05 2.65483e-05 3.62487e-05 4.54279e-05 5.37113e-05 6.08094e-05
2.18 0 8.25102e-06 1.9018e-05 3.02961e-05 4.14695e-05 5.20467e-05 6.15928e-05 6.97718e-05
2.19 0 9.14254e-06 2.11772e-05 3.38575e-05 4.64435e-05 5.83444e-05 6.90655e-05 7.82455e-05
2.2 0 9.97151e-06 2.31832e-05 3.71721e-05 5.10826e-05 6.42209e-05 7.60293e-05 8.6131e-05
2.21 0 1.07297e-05 2.50115e-05 4.01876e-05 5.5306e-05 6.95805e-05 8.23904e-05 9.33397e-05
2.22 0 1.14007e-05 2.66302e-05 4.28518e-05 5.90379e-05 7.43319e-05 8.8055e-05 9.97799e-05
2.23 0 1.19567e-05 2.79914e-05 4.51032e-05 6.22025e-05 7.8385e-05 9.2923e-05 0.000105344
2.24 0 1.23643e-05 2.90341e-05 4.68683e-05 6.47197e-05 8.16484e-05 9.68855e-05 0.000109907
2.25 0 1.25943e-05 2.96974e-05 4.80705e-05 6.65071e-05 8.40294e-05 9.98296e-05 0.000113335
2.26 0 1.26295e-05 2.99358e-05 4.86429e-05 6.74857e-05 8.54367e-05 0.000101645 0.000115495
2.27 0 1.24666e-05 2.97281e-05 4.85393e-05 6.75876e-05 8.57847e-05 0.000102229 0.000116271
2.28 0 1.21122e-05 2.90752e-05 4.77373e-05 6.67605e-05 8.49972e-05 0.000101491 0.000115561
2.29 0 1.15766e-05 2.79905e-05 4.62336e-05 6.49705e-05 8.30128e-05 9.93538e-05 0.000113279
2.3 0 1.08715e-05 2.64924e-05 4.40382e-05 6.22038e-05 7.97905e-05 9.57575e-05 0.000109353
2.31 0 1.00121e-05 2.46044e-05 4.11737e-05 5.84707e-05 7.53193e-05 9.06681e-05 0.000103731
2.32 0 9.02e-06 2.23608e-05 3.76807e-05 5.38106e-05 6.96256e-05 8.409e-05 9.63961e-05
2.33 0 7.92231e-06 1.98099e-05 3.36208e-05 4.82925e-05 6.27746e-05 7.60725e-05 8.73829e-05
2.34 0 6.74472e-06 1.70074e-05 2.90718e-05 4.20084e-05 5.48631e-05 6.67086e-05 7.67785e-05
2.35 0 5.50277e-06 1.40019e-05 2.41129e-05 3.50584e-05 4.60056e-05 5.61233e-05 6.47179e-05
2.36 0 4.19639e-06 1.08192e-05 1.88045e-05 2.7533e-05 3.63182e-05 4.44592e-05 5.1368e-05
2.37 0 2.81397e-06 7.45845e-06 1.3178e-05 1.95023e-05 2.59109e-05 3.18662e-05 3.69146e-05
2.38 0 1.3469e-06 3.90916e-06 7.24626e-06 1.10233e-05 1.48933e-05 1.85059e-05 2.15626e-05
2.39 0 -1.95817e-07 1.783e-07 1.03154e-06 2.16205e-06 3.39171e-06 4.56388e-06 5.54521e-06
2.4 0 -1.78536e-06 -3.69138e-06 -5.40821e-06 -6.98473e-06 -8.43787e-06 -9.74226e-06 -1.08706e-05
2.41 0 -3.38537e-06 -7.62625e-06 -1.19723e-05 -1.62816e-05 -2.04092e-05 -2.41695e-05 -2.73939e-05
2.42 0 -4.96735e-06 -1.15445e-05 -1.85329e-05 -2.5564e-05 -3.23179e-05 -3.84682e-05 -4.37329e-05
2.43 0 -6.51712e-06 -1.53784e-05 -2.49609e-05 -3.46582e-05 -4.39581e-05 -5.2401e-05 -5.96197e-05
2.44 0 -8.02908e-06 -1.90819e-05 -3.11471e-05 -4.34014e-05 -5.51356e-05 -6.57545e-05 -7.48221e-05
2.45 0 -9.49529e-06 -2.26215e-05 -3.70072e-05 -5.16547e-05 -6.56766e-05 -7.83405e-05 -8.91425e-05
2.46 0 -1.08974e-05 -2.59605e-05 -4.24733e-05 -5.93059e-05 -7.54323e-05 -8.99929e-05 -0.000102406
2.47 0 -1.22054e-05 -2.90492e-05 -4.74798e-05 -6.6263e-05 -8.42784e-05 -0.000100563 -0.000114448
2.48 0 -1.33819e-05 -3.1823e-05 -5.19533e-05 -7.24433e-05 -9.21101e-05 -0.000109916 -0.000125108
2.49 0 -1.43863e-05 -3.42081e-05 -5.58083e-05 -7.7761e-05 -9.88304e-05 -0.000117928 -0.000134234
2.5 0 -1.51766e-05 -3.61251e-05 -5.8947e-05 -8.21151e-05 -0.000104334 -0.000124473 -0.000141676
2.51 0 -1.57091e-05 -3.74901e-05 -6.1258e-05 -8.53816e-05 -0.000108491 -0.000129417 -0.000147289
2.52 0 -1.59404e-05 -3.82156e-05 -6.26184e-05 -8.7413e-05 -0.000111146 -0.000132607 -0.000150923
2.53 0 -1.58341e-05 -3.82179e-05 -6.29011e-05 -8.80492e-05 -0.000112125 -0.000133872 -0.000152418
2.54 0 -1.53698e-05 -3.74324e-05 -6.19936e-05 -8.71395e-05 -0.000111258 -0.000133044 -0.000151609
2.55 0 -1.45475e-05 -3.58273e-05 -5.98188e-05 -8.45674e-05 -0.000108402 -0.000129967 -0.00014833
2.56 0 -1.33839e-05 -3.34093e-05 -5.635e-05 -8.02694e-05 -0.000103463 -0.000124518 -0.000142431
2.57 0 -1.19086e-05 -3.0222e-05 -5.16181e-05 -7.42456e-05 -9.64e-05 -0.000116611 -0.000133789
2.58 0 -1.01619e-05 -2.63405e-05 -4.57086e-05 -6.65609e-05 -8.72344e-05 -0.000106216 -0.000122329
2.59 0 -8.19035e-06 -2.18622e-05 -3.87479e-05 -5.73345e-05 -7.60447e-05 -9.33572e-05 -0.000108032
2.6 0 -6.04036e-06 -1.68909e-05 -3.08808e-05 -4.67181e-05 -6.29564e-05 -7.81195e-05 -9.09521e-05
2.61 0 -3.75013e-06 -1.15197e-05 -2.22456e-05 -3.48721e-05 -4.81254e-05 -6.06402e-05 -7.12098e-05
2.62 0 -1.34481e-06 -5.81707e-06 -1.29554e-05 -2.19448e-05 -3.17227e-05 -4.11016e-05 -4.89962e-05
2.63 0 1.16353e-06 1.7743e-07 -3.08968e-06 -8.06338e-06 -1.39245e-05 -1.97238e-05 -2.45673e-05
2.64 0 3.77296e-06 6.44869e-06 7.30158e-06 6.66525e-06 5.09038e-06 3.24048e-06 1.76258e-06
2.65 0 6.48739e-06 1.29951e-05 1.81855e-05 2.21445e-05 2.5137e-05 2.75106e-05 2.96317e-05
2.66 0 9.30869e-06 1.98119e-05 2.95254e-05 3.82703e-05 4.60142e-05 5.2779e-05 5.86417e-05
2.67 0 1.22268e-05 2.68723e-05 4.12557e-05 5.49075e-05 6.74905e-05 7.87088e-05 8.83665e-05
2.68 0 1.52154e-05 3.41143e-05 5.32646e-05 7.18735e-05 8.92941e-05 0.000104935 0.000118362
2.69 0 1.82378e-05 4.14444e-05 6.53938e-05 8.89379e-05 0.000111118 0.000131076 0.000148183
2.7 0 2.12556e-05 4.8752e-05 7.74536e-05 0.000105838 0.000132637 0.000156753 0.000177405
2.71 0 2.42275e-05 5.59185e-05 8.9239e-05 0.000122296 0.000153521 0.000181602 0.000205634
2.72 0 2.70986e-05 6.2813e-05 0.000100535 0.000138028 0.000173444 0.000205272 0.000232498
2.73 0 2.9793e-05 6.92819e-05 0.000111116 0.000152746 0.000192077 0.000227413 0.00025763
2.74 0 3.22195e-05 7.51482e-05 0.000120739 0.000166159 0.000209092 0.000247671 0.000280657
2.75 0 3.42876e-05 8.02289e-05 0.00012916 0.000177976 0.000224164 0.00026569 0.000301192
2.76 0 3.59263e-05 8.43628e-05 0.000136151 0.000187929 0.000236984 0.000281123 0.000318853
2.77 0 3.70964e-05 8.74394e-05 0.000141531 0.000195782 0.000247275 0.000293649 0.000333279
2.78 0 3.77924e-05 8.94117e-05 0.000145188 0.000201359 0.000254806 0.000302988 0.000344145
2.79 0 3.80296e-05 9.02857e-05 0.000147079 0.000204546 0.000259397 0.000308908 0.000351175
2.8 0 3.78268e-05 9.00924e-05 0.000147209 0.000205287 0.000260917 0.000311214 0.00035413
2.81 0 3.71924e-05 8.88583e-05 0.000145599 0.000203556 0.000259275 0.00030975 0.000352802
2.82 0 3.61248e-05 8.65906e-05 0.000142261 0.000199347 0.00025441 0.000304393 0.000347017
2.83 0 3.46211e-05 8.32837e-05 0.000137195 0.000192654 0.00024629 0.000295063 0.000336653
2.84 0 3.26895e-05 7.89395e-05 0.000130403 0.000183487 0.00023492 0.000281742 0.000321665
2.85 0 3.0357e-05 7.35889e-05 0.000121912 0.000171882 0.000220352 0.000264491 0.000302117
2.86 0 2.76697e-05 6.7304e-05 0.000111802 0.000157928 0.000202702 0.000243465 0.000278198
2.87 0 2.46831e-05 6.01908e-05 0.000100206 0.000141782 0.000182166 0.000218917 0.000250213
2.88 0 2.14477e-05 5.23686e-05 8.72992e-05 0.000123664 0.000159017 0.000191188 0.000218571
2.89 0 1.7998e-05 4.39468e-05 7.32761e-05 0.000103844 0.000133597 0.000160689 0.000183746
2.9 0 1.43477e-05 3.50066e-05 5.83202e-05 8.26146e-05 0.000106289 0.000127876 0.000146256
2.91 0 1.04936e-05 2.55978e-05 4.25871e-05 6.02564e-05 7.7485e-05 9.32244e-05 0.000106638
2.92 0 6.4306e-06 1.57536e-05 2.62059e-05 3.70271e-05 4.75655e-05 5.72086e-05 6.54386e-05
2.93 0 2.17155e-06 5.52087e-06 9.29998e-06 1.31643e-05 1.68932e-05 2.03028e-05 2.32219e-05
2.94 0 -2.24262e-06 -5.01653e-06 -7.9867e-06 -1.10966e-05 -1.41799e-05 -1.70196e-05 -1.94369e-05
2.95 0 -6.7493e-06 -1.57338e-05 -2.54755e-05 -3.5507e-05 -4.53048e-05 -5.42909e-05 -6.19644e-05
2.96 0 -1.1276e-05 -2.64778e-05 -4.2952e-05 -5.97932e-05 -7.61265e-05 -9.1055e-05 -0.000103812
2.97 0 -1.57478e-05 -3.70817e-05 -6.01729e-05 -8.36505e-05 -0.000106277 -0.000126873 -0.000144475
2.98 0 -2.0092e-05 -4.73778e-05 -7.6879e-05 -0.000106749 -0.000135376 -0.000161325 -0.000183496
2.99 0 -2.42438e-05 -5.72075e-05 -9.28139e-05 -0.000128753 -0.000163046 -0.00019402 -0.000220476
3 0 -2.81474e-05 -6.64288e-05 -0.000107741 -0.000149348 -0.000188933 -0.0002246 -0.000255058
3.01 0 -3.17529e-05 -7.49164e-05 -0.000121453 -0.000168259 -0.000212726 -0.000252747 -0.000286922
3.02 0 -3.50129e-05 -8.25625e-05 -0.000133782 -0.000185267 -0.000234168 -0.000278182 -0.000315771
3.03 0 -3.78815e-05 -8.92745e-05 -0.000144595 -0.000200203 -0.000253054 -0.000300661 -0.000341327
3.04 0 -4.03131e-05 -9.49713e-05 -0.00015379 -0.000212941 -0.000269221 -0.000319968 -0.000363325
3.05 0 -4.22661e-05 -9.95827e-05 -0.000161281 -0.000223377 -0.000282524 -0.000335907 -0.000381518
3.06 0 -4.37123e-05 -0.000103056 -0.000166999 -0.000231418 -0.000292835 -0.000348298 -0.000395684
3.07 0 -4.46495e-05 -0.000105369 -0.000170899 -0.000236992 -0.000300044 -0.000356997 -0.000405649
3.08 0 -4.51075e-05 -0.000106549 -0.000172978 -0.000240058 -0.000304083 -0.000361913 -0.000411305
3.09 0 -4.51402e-05 -0.000106667 -0.000173286 -0.000240634 -0.000304944 -0.000363029 -0.000412627
3.1 0 -4.48019e-05 -0.000105819 -0.000171917 -0.000238792 -0.000302682 -0.000360394 -0.000409667
3.11 0 -4.41242e-05 -0.000104086 -0.00016898 -0.000234644 -0.000297405 -0.000354115 -0.000402533
3.12 0 -4.31057e-05 -0.000101505 -0.000164564 -0.000228314 -0.000289251 -0.000344333 -0.000391371
3.13 0 -4.17185e-05 -9.80665e-05 -0.000158719 -0.00021991 -0.000278362 -0.000331207 -0.000376352
3.14 0 -3.99269e-05 -9.37275e-05 -0.000151447 -0.000209508 -0.000264875 -0.000314909 -0.000357672
3.15 0 -3.77096e-05 -8.84496e-05 -0.000142735 -0.00019716 -0.000248917 -0.000295627 -0.000335564
3.16 0 -3.50715e-05 -8.22287e-05 -0.000132586 -0.000182917 -0.00023062 -0.000273577 -0.000310309
3.17 0 -3.20436e-05 -7.51092e-05 -0.000121049 -0.000166856 -0.000210131 -0.000248999 -0.000282229
3.18 0 -2.86743e-05 -6.71803e-05 -0.000108232 -0.000149111 -0.00018764 -0.000222167 -0.000251675
3.19 0 -2.50179e-05 -5.85597e-05 -9.42974e-05 -0.000129874 -0.00016338 -0.000193376 -0.000219004
3.2 0 -2.11287e-05 -4.93782e-05 -7.94467e-05 -0.000109396 -0.000137637 -0.000162943 -0.000184563
3.21 0 -1.7063e-05 -3.97754e-05 -6.39082e-05 -8.79746e-05 -0.000110741 -0.000131204 -0.000148695
3.22 0 -1.28835e-05 -2.99006e-05 -4.79267e-05 -6.59331e-05 -8.30519e-05 -9.85154e-05 -0.000111747
3.23 0 -8.65582e-06 -1.99088e-05 -3.17495e-05 -4.3596e-05 -5.4935e-05 -6.52489e-05 -7.4087e-05
3.24 0 -4.44031e-06 -9.94725e-06 -1.56074e-05 -2.12629e-05 -2.67363e-05 -3.17748e-05 -3.61051e-05
3.25 0 -2.88117e-07 -1.41893e-07 3.0232e-07 8.09174e-07 1.2335e-06 1.5452e-06 1.79132e-06
3.26 0 3.75455e-06 9.40367e-06 1.58184e-05 2.24034e-05 2.86947e-05 3.43581e-05 3.91812e-05
3.27 0 7.6383e-06 1.85962e-05 3.08021e-05 4.33241e-05 5.53773e-05 6.63068e-05 7.56287e-05
3.28 0 1.13076e-05 2.73377e-05 4.51137e-05 6.33701e-05 8.09975e-05 9.70167e-05 0.000110681
3.29 0 1.47048e-05 3.5517e-05 5.85923e-05 8.23131e-05 0.000105242 0.00012609 0.000143869
3.3 0 1.7775e-05 4.30103e-05 7.10456e-05 9.98865e-05 0.000127765 0.000153105 0.000174711
3.31 0 2.04717e-05 4.9691e-05 8.22581e-05 0.000115793 0.000148196 0.000177632 0.000202725
3.32 0 2.27656e-05 5.54491e-05 9.20201e-05 0.000129734 0.000166172 0.000199255 0.000227449
3.33 0 2.46495e-05 6.02128e-05 0.000100164 0.000141452 0.000181369 0.000217605 0.000248475
3.34 0 2.6133e-05 6.39542e-05 0.000106586 0.000150762 0.000193535 0.00023238 0.00026546
3.35 0 2.72259e-05 6.66754e-05 0.000111248 0.000157559 0.000202498 0.000243353 0.000278136
3.36 0 2.79254e-05 6.83833e-05 0.000114147 0.000161803 0.000208158 0.000250366 0.000286299
3.37 0 2.82168e-05 6.90743e-05 0.000115296 0.000163497 0.000210477 0.000253324 0.000289805
3.38 0 2.80831e-05 6.87345e-05 0.000114706 0.000162663 0.00020946 0.000252192 0.000288586
3.39 0 2.75147e-05 6.73513e-05 0.000112381 0.000159333 0.000205148 0.000247 0.000282652
3.4 0 2.65142e-05 6.4926e-05 0.000108333 0.000153544 0.000197611 0.000237839 0.00027211
3.41 0 2.50961e-05 6.14805e-05 0.000102589 0.000145351 0.000186949 0.000224864 0.000257161
3.42 0 2.32827e-05 5.70573e-05 9.52075e-05 0.000134837 0.000173304 0.000208295 0.000238093
3.43 0 2.11034e-05 5.17189e-05 8.62817e-05 0.000122137 0.000156872 0.000188412 0.000215264
3.44 0 1.85957e-05 4.555e-05 7.59484e-05 0.000107445 0.000137918 0.000165561 0.000189092
3.45 0 1.58029e-05 3.86565e-05 6.43876e-05 9.10209e-05 0.000116778 0.000140146 0.000160042
3.46 0 1.27684e-05 3.11588e-05 5.18125e-05 7.31728e-05 9.38433e-05 0.000112618 0.000128612
3.47 0 9.53419e-06 2.31838e-05 3.8456e-05 5.42388e-05 6.95349e-05 8.34581e-05 9.53275e-05
3.48 0 6.14787e-06 1.48667e-05 2.45623e-05 3.45689e-05 4.42885e-05 5.31621e-05 6.0734e-05
3.49 0 2.66933e-06 6.3545e-06 1.03812e-05 1.45138e-05 1.85414e-05 2.22397e-05 2.54021e-05
3.5 0 -8.33251e-07 -2.19676e-06 -3.83955e-06 -5.58646e-06 -7.27721e-06 -8.79713e-06 -1.00835e-05
3.51 0 -4.29399e-06 -1.06352e-05 -1.78652e-05 -2.54121e-05 -3.27571e-05 -3.94465e-05 -4.51407e-05
3.52 0 -7.65757e-06 -1.88273e-05 -3.14835e-05 -4.46695e-05 -5.75135e-05 -6.92301e-05 -7.92096e-05
3.53 0 -1.08806e-05 -2.66635e-05 -4.45088e-05 -6.30907e-05 -8.11898e-05 -9.77017e-05 -0.000111767
3.54 0 -1.39272e-05 -3.40537e-05 -5.67785e-05 -8.043e-05 -0.000103455 -0.00012445 -0.000142334
3.55 0 -1.67635e-05 -4.09164e-05 -6.81443e-05 -9.64589e-05 -0.000124002 -0.000149101 -0.000170478
3.56 0 -1.93546e-05 -4.71684e-05 -7.84632e-05 -0.000110964 -0.000142549 -0.000171312 -0.000195811
3.57 0 -2.16625e-05 -5.27216e-05 -8.7593e-05 -0.000123747 -0.000158841 -0.000190783 -0.000217992
3.58 0 -2.36481e-05 -5.74851e-05 -9.53942e-05 -0.000134623 -0.000172655 -0.000207252 -0.000236729
3.59 0 -2.52763e-05 -6.13758e-05 -0.00010174 -0.000143435 -0.000183805 -0.000220508 -0.000251786
3.6 0 -2.65247e-05 -6.43334e-05 -0.000106537 -0.000150063 -0.000192155 -0.000230401 -0.000262998
3.61 0 -2.73918e-05 -6.63372e-05 -0.000109739 -0.000154446 -0.000197636 -0.000236854 -0.000270284
3.62 0 -2.78971e-05 -6.74125e-05 -0.000111366 -0.000156594 -0.000200253 -0.000239878 -0.000273654
3.63 0 -2.80696e-05 -6.76192e-05 -0.000111493 -0.000156586 -0.000200089 -0.000239561 -0.000273209
3.64 0 -2.793e-05 -6.70232e-05 -0.000110224 -0.000154548 -0.000197284 -0.000236054 -0.00026911
3.65 0 -2.74787e-05 -6.56673e-05 -0.000107655 -0.000150619 -0.000192002 -0.000229541 -0.00026156
3.66 0 -2.66968e-05 -6.35571e-05 -0.000103851 -0.000144924 -0.000184414 -0.000220221 -0.000250779
3.67 0 -2.55621e-05 -6.06743e-05 -9.88393e-05 -0.000137558 -0.000174675 -0.000208295 -0.000237004
3.68 0 -2.40717e-05 -5.70108e-05 -9.26413e-05 -0.000128605 -0.000162941 -0.000193981 -0.0002205
3.69 0 -2.22559e-05 -5.26044e-05 -8.53092e-05 -0.000118164 -0.000149386 -0.000177529 -0.000201579
3.7 0 -2.01763e-05 -4.7554e-05 -7.69592e-05 -0.000106386 -0.000134225 -0.000159235 -0.000180606
3.71 0 -1.79057e-05 -4.20036e-05 -6.77734e-05 -9.34822e-05 -0.000117721 -0.000139432 -0.00015798
3.72 0 -1.55047e-05 -3.61039e-05 -5.79718e-05 -7.97157e-05 -0.000100176 -0.000118475 -0.000134108
3.73 0 -1.30066e-05 -2.99755e-05 -4.77683e-05 -6.53654e-05 -8.19066e-05 -9.67084e-05 -0.000109364
3.74 0 -1.04192e-05 -2.36904e-05 -3.73341e-05 -5.06873e-05 -6.32145e-05 -7.44495e-05 -8.40769e-05
3.75 0 -7.74045e-06 -1.72821e-05 -2.67846e-05 -3.5887e-05 -4.43608e-05 -5.19754e-05 -5.85309e-05
3.76 0 -4.98061e-06 -1.07783e-05 -1.61982e-05 -2.11178e-05 -2.55613e-05 -2.95335e-05 -3.29898e-05
3.77 0 -2.18202e-06 -4.23899e-06 -5.65622e-06 -6.50665e-06 -7.00277e-06 -7.36264e-06 -7.73061e-06
3.78 0 5.75422e-07 2.21647e-06 4.71516e-06 7.80346e-06 1.11242e-05 1.428e-05 1.69311e-05
3.79 0 3.18683e-06 8.41174e-06 1.47233e-05 2.1617e-05 2.85919e-05 3.51009e-05 4.0636e-05
3.8 0 5.55115e-06 1.41472e-05 2.41231e-05 3.46768e-05 4.51214e-05 5.47721e-05 6.30019e-05
3.81 0 7.60473e-06 1.92549e-05 3.26661e-05 4.66934e-05 6.04014e-05 7.29576e-05 8.3663e-05
3.82 0 9.34181e-06 2.36493e-05 4.0163e-05 5.74014e-05 7.41341e-05 8.93539e-05 0.000102311
3.83 0 1.08079e-05 2.73439e-05 4.65288e-05 6.66172e-05 8.60849e-05 0.000103724 0.000118715
3.84 0 1.20708e-05 3.04266e-05 5.17893e-05 7.4271e-05 9.61177e-05 0.000115912 0.000132716
3.85 0 1.319e-05 3.30127e-05 5.60526e-05 8.04083e-05 0.000104206 0.00012584 0.000144205
3.86 0 1.41994e-05 3.52014e-05 5.9463e-05 8.51606e-05 0.000110419 0.000133504 0.000153117
3.87 0 1.51042e-05 3.70515e-05 6.21535e-05 8.86968e-05 0.000114891 0.000138952 0.000159427
3.88 0 1.58892e-05 3.85788e-05 6.42149e-05 9.11714e-05 0.000117775 0.000142279 0.000163164
3.89 0 1.65314e-05 3.97686e-05 6.5684e-05 9.2687e-05 0.000119209 0.000143609 0.000164434
3.9 0 1.70085e-05 4.05885e-05 6.65477e-05 9.32799e-05 0.000119288 0.00014309 0.000163418
3.91 0 1.73011e-05 4.09969e-05 6.67558e-05 9.2928e-05 0.000118068 0.00014088 0.000160366
3.92 0 1.73935e-05 4.09499e-05 6.62411e-05 9.15813e-05 0.000115582 0.000137147 0.000155567
3.93 0 1.72708e-05 4.04052e-05 6.49413e-05 8.91971e-05 0.000111872 0.000132064 0.000149315
3.94 0 1.69092e-05 3.93188e-05 6.28092e-05 8.57608e-05 0.000106999 0.000125796 0.000141869
3.95 0 1.62723e-05 3.76422e-05 5.98157e-05 8.12901e-05 0.000101043 0.000118485 0.000133419
3.96 0 1.53225e-05 3.53332e-05 5.59549e-05 7.58317e-05 9.40922e-05 0.000110236 0.000124077
3.97 0 1.40428e-05 3.23789e-05 5.12533e-05 6.9456e-05 8.62317e-05 0.000101118 0.000113892
3.98 0 1.24485e-05 2.88149e-05 4.57753e-05 6.22472e-05 7.75361e-05 9.1171e-05 0.000102868
3.99 0 1.05862e-05 2.47255e-05 3.96182e-05 5.42921e-05 6.80599e-05 8.04056e-05 9.09812e-05
4 0 8.52391e-06 2.02298e-05 3.2902e-05 4.5674e-05 5.78377e-05 6.88131e-05 7.81891e-05
4.01 0 6.34338e-06 1.54651e-05 2.57608e-05 3.64794e-05 4.68998e-05 5.63803e-05 6.44496e-05
4.02 0 4.13612e-06 1.05797e-05 1.83436e-05 2.68162e-05 3.53005e-05 4.31189e-05 4.97446e-05
4.03 0 1.99937e-06 5.73239e-06 1.08223e-05 1.68342e-05 2.31495e-05 2.90977e-05 3.41128e-05
4.04 0 2.5827e-08 1.08778e-06 3.39459e-06 6.73503e-06 1.06285e-05 1.44662e-05 1.7677e-05
4.05 0 -1.71481e-06 -3.20384e-06 -3.73152e-06 -3.24163e-06 -2.01735e-06 -5.44685e-07 6.54455e-07
4.06 0 -3.19556e-06 -7.041e-06 -1.03752e-05 -1.28555e-05 -1.4514e-05 -1.56473e-05 -1.66578e-05
4.07 0 -4.44193e-06 -1.04033e-05 -1.64296e-05 -2.19158e-05 -2.66054e-05 -3.05369e-05 -3.39145e-05
4.08 0 -5.52553e-06 -1.33634e-05 -2.18961e-05 -3.03244e-05 -3.80958e-05 -4.49306e-05 -5.07604e-05
4.09 0 -6.54068e-06 -1.60663e-05 -2.68832e-05 -3.80902e-05 -4.88697e-05 -5.85913e-05 -6.68585e-05
4.1 0 -7.57118e-06 -1.86775e-05 -3.15626e-05 -4.53034e-05 -5.88812e-05 -7.13278e-05 -8.19002e-05
4.11 0 -8.66332e-06 -2.13232e-05 -3.60982e-05 -5.20781e-05 -6.81195e-05 -8.29804e-05 -9.56057e-05
4.12 0 -9.81654e-06 -2.40479e-05 -4.05788e-05 -5.84864e-05 -7.65661e-05 -9.34049e-05 -0.000107725
4.13 0 -1.09919e-05 -2.68039e-05 -4.49784e-05 -6.45095e-05 -8.4161e-05 -0.000102464 -0.000118051
4.14 0 -1.21322e-05 -2.9475e-05 -4.91623e-05 -7.00247e-05 -9.07911e-05 -0.000110035 -0.000126442
4.15 0 -1.3184e-05 -3.192e-05 -5.2931e-05 -7.48356e-05 -9.63074e-05 -0.000116023 -0.000132842
4.16 0 -1.41078e-05 -3.40122e-05 -5.60797e-05 -7.87256e-05 -0.00010056 -0.000120384 -0.000137295
4.17 0 -1.48717e-05 -3.56535e-05 -5.84405e-05 -8.15105e-05 -0.000103433 -0.000123125 -0.000139919
4.18 0 -1.5437e-05 -3.67661e-05 -5.98985e-05 -8.30696e-05 -0.000104862 -0.000124293 -0.000140862
4.19 0 -1.57528e-05 -3.7279e-05 -6.03856e-05 -8.33536e-05 -0.000104842 -0.00012395 -0.000140253
4.2 0 -1.57647e-05 -3.71257e-05 -5.98693e-05 -8.23736e-05 -0.000103418 -0.000122161 -0.000138173
4.21 0 -1.54281e-05 -3.62557e-05 -5.83437e-05 -8.01776e-05 -0.000100656 -0.000118976 -0.000134649
4.22 0 -1.47195e-05 -3.46459e-05 -5.58216e-05 -7.6821e-05 -9.6618e-05 -0.000114417 -0.000129656
4.23 0 -1.36392e-05 -3.23064e-05 -5.23291e-05 -7.23418e-05 -9.13293e-05 -0.000108468 -0.000123137
4.24 0 -1.22126e-05 -2.92789e-05 -4.79019e-05 -6.67517e-05 -8.47703e-05 -0.000101077 -0.00011501
4.25 0 -1.0494e-05 -2.56391e-05 -4.25922e-05 -6.00523e-05 -7.6896e-05 -9.2173e-05 -0.000105192
4.26 0 -8.57115e-06 -2.15063e-05 -3.64899e-05 -5.22731e-05 -6.76837e-05 -8.17102e-05 -9.36276e-05
4.27 0 -6.56041e-06 -1.70504e-05 -2.97469e-05 -4.35147e-05 -5.7185e-05 -6.97104e-05 -8.03219e-05
4.28 0 -4.58494e-06 -1.24776e-05 -2.25829e-05 -3.39712e-05 -4.55555e-05 -5.62925e-05 -6.53662e-05
4.29 0 -2.73738e-06 -7.98526e-06 -1.52533e-05 -2.39094e-05 -3.3041e-05 -4.16637e-05 -4.89349e-05
4.3 0 -1.0448e-06 -3.69847e-06 -7.98075e-06 -1.36056e-05 -1.9922e-05 -2.60779e-05 -3.12576e-05
4.31 0 5.4218e-07 3.78613e-07 -8.80111e-07 -3.26493e-06 -6.44276e-06 -9.78197e-06 -1.25808e-05
4.32 0 2.12606e-06 4.364e-06 6.0827e-06 7.03761e-06 7.24181e-06 7.02147e-06 6.85681e-06
4.33 0 3.8175e-06 8.44773e-06 1.30725e-05 1.73669e-05 2.10801e-05 2.41804e-05 2.6826e-05
4.34 0 5.69232e-06 1.28139e-05 2.03132e-05 2.78819e-05 3.50972e-05 4.15749e-05 4.70931e-05
4.35 0 7.76709e-06 1.75687e-05 2.79892e-05 3.87492e-05 4.93378e-05 5.90853e-05 6.74042e-05
4.36 0 9.99778e-06 2.27001e-05 3.61607e-05 5.00469e-05 6.37976e-05 7.65616e-05 8.74815e-05
4.37 0 1.22979e-05 2.80789e-05 4.47208e-05 6.1696e-05 7.83667e-05 9.38053e-05 0.000107038
4.38 0 1.45688e-05 3.34994e-05 5.3414e-05 7.34469e-05 9.2811e-05 0.000110573 0.000125807
4.39 0 1.6729e-05 3.87385e-05 6.19025e-05 8.49277e-05 0.0001068 0.000126601 0.000143573
4.4 0 1.87278e-05 4.36081e-05 6.98493e-05 9.57306e-05 0.000119968 0.000141638 0.000160185
4.41 0 2.05366e-05 4.79756e-05 7.6983e-05 0.000105497 0.000131981 0.000155464 0.000175534
4.42 0 2.21275e-05 5.17531e-05 8.31234e-05 0.000113974 0.000142587 0.0001679 0.000189515
4.43 0 2.34544e-05 5.48671e-05 8.8167e-05 0.000121019 0.000151621 0.00017878 0.000201975
4.44 0 2.44493e-05 5.72352e-05 9.20517e-05 0.000126574 0.00015898 0.000187936 0.000212681
4.45 0 2.50428e-05 5.87713e-05 9.473e-05 0.000130611 0.00016459 0.000195175 0.000221331
4.46 0 2.51927e-05 5.94126e-05 9.6162e-05 0.000133105 0.000168363 0.000200286 0.000227592
4.47 0 2.49032e-05 5.91495e-05 9.6324e-05 0.000134007 0.000170188 0.000203053 0.000231148
4.48 0 2.42229e-05 5.80328e-05 9.52175e-05 0.000133249 0.000169924 0.000203269 0.000231737
4.49 0 2.32254e-05 5.61548e-05 9.28703e-05 0.000130759 0.000167426 0.000200758 0.000229167
4.5 0 2.19891e-05 5.36226e-05 8.93339e-05 0.000126492 0.000162582 0.000195392 0.000223314
4.51 0 2.05835e-05 5.05374e-05 8.46826e-05 0.000120461 0.000155354 0.000187118 0.000214126
4.52 0 1.90561e-05 4.69808e-05 7.90079e-05 0.000112746 0.000145799 0.000175975 0.000201628
4.53 0 1.74243e-05 4.30059e-05 7.24098e-05 0.000103489 0.00013407 0.000162092 0.000185926
4.54 0 1.56775e-05 3.86365e-05 6.49844e-05 9.28614e-05 0.000120379 0.000145679 0.000167216
4.55 0 1.37896e-05 3.38747e-05 5.68143e-05 8.10389e-05 0.000104969 0.000127008 0.000145783
4.56 0 1.17348e-05 2.87128e-05 4.79621e-05 6.81774e-05 8.80831e-05 0.000106393 0.000122001
4.57 0 9.49867e-06 2.31476e-05 3.84743e-05 5.4406e-05 6.99558e-05 8.4182e-05 9.6311e-05
4.58 0 7.08385e-06 1.71908e-05 2.8393e-05 3.98376e-05 5.08145e-05 6.07399e-05 6.92026e-05
4.59 0 4.50639e-06 1.08732e-05 1.77729e-05 2.45898e-05 3.08922e-05 3.64442e-05 4.11784e-05
4.6 0 1.78925e-06 4.24359e-06 6.69549e-06 8.80766e-06 1.04395e-05 1.16728e-05 1.27266e-05
4.61 0 -1.04079e-06 -2.63077e-06 -4.7203e-06 -7.32081e-06 -1.02673e-05 -1.32034e-05 -1.57014e-05
4.62 0 -3.9522e-06 -9.66261e-06 -1.63152e-05 -2.35613e-05 -3.09272e-05 -3.78277e-05 -4.3702e-05
4.63 0 -6.90498e-06 -1.67421e-05 -2.78947e-05 -3.96446e-05 -5.12244e-05 -6.18626e-05 -7.09213e-05
4.64 0 -9.84572e-06 -2.37355e-05 -3.92388e-05 -5.52842e-05 -7.08436e-05 -8.49931e-05 -9.70466e-05
4.65 0 -1.27055e-05 -3.04874e-05 -5.01147e-05 -7.01959e-05 -8.94836e-05 -0.000106927 -0.000121794
4.66 0 -1.54041e-05 -3.68309e-05 -6.02912e-05 -8.41135e-05 -0.000106869 -0.000127393 -0.000144899
4.67 0 -1.78583e-05 -4.2601e-05 -6.95526e-05 -9.67984e-05 -0.000122752 -0.00014614 -0.000166101
4.68 0 -1.99908e-05 -4.76484e-05 -7.77081e-05 -0.000108041 -0.000136912 -0.000162931 -0.000185148
4.69 0 -2.17343e-05 -5.1846e-05 -8.45923e-05 -0.000117652 -0.000149139 -0.000177532 -0.000201776
4.7 0 -2.30373e-05 -5.50927e-05 -9.00654e-05 -0.000125459 -0.000159227 -0.000189702 -0.000215718
4.71 0 -2.38748e-05 -5.73245e-05 -9.40209e-05 -0.00013131 -0.000166979 -0.000199205 -0.000226704
4.72 0 -2.42607e-05 -5.85332e-05 -9.64057e-05 -0.000135097 -0.000172233 -0.000205832 -0.000234486
4.73 0 -2.42513e-05 -5.87814e-05 -9.72432e-05 -0.000136784 -0.000174892 -0.000209435 -0.000238876
4.74 0 -2.39319e-05 -5.81966e-05 -9.66417e-05 -0.000136426 -0.000174949 -0.000209949 -0.000239762
4.75 0 -2.33864e-05 -5.69361e-05 -9.4772e-05 -0.000134159 -0.000172484 -0.000207394 -0.00023712
4.76 0 -2.26662e-05 -5.51332e-05 -9.1816e-05 -0.000130161 -0.000167631 -0.000201855 -0.000230993
4.77 0 -2.17744e-05 -5.28521e-05 -8.79081e-05 -0.000124598 -0.000160547 -0.000193454 -0.000221477
4.78 0 -2.06728e-05 -5.00723e-05 -8.30945e-05 -0.000117578 -0.000151365 -0.000182323 -0.000208702
4.79 0 -1.93061e-05 -4.67127e-05 -7.73333e-05 -0.000109133 -0.000140185 -0.000168606 -0.000192842
4.8 0 -1.76351e-05 -4.26842e-05 -7.05379e-05 -9.92444e-05 -0.000127082 -0.000152469 -0.000174128
4.81 0 -1.56564e-05 -3.79415e-05 -6.26411e-05 -8.78899e-05 -0.000112143 -0.000134119 -0.000152871
4.82 0 -1.33971e-05 -3.25046e-05 -5.36433e-05 -7.50968e-05 -9.54917e-05 -0.000113819 -0.000129447
4.83 0 -1.08983e-05 -2.64494e-05 -4.36307e-05 -6.09752e-05 -7.73145e-05 -9.18735e-05 -0.000104273
4.84 0 -8.20215e-06 -1.98851e-05 -3.27668e-05 -4.57291e-05 -5.78704e-05 -6.86219e-05 -7.77664e-05
4.85 0 -5.35051e-06 -1.29371e-05 -2.12705e-05 -2.96456e-05 -3.74879e-05 -4.44261e-05 -5.0324e-05
4.86 0 -2.39311e-06 -5.74626e-06 -9.39636e-06 -1.30709e-05 -1.65513e-05 -1.96673e-05 -2.23219e-05
4.87 0 6.08106e-07 1.52934e-06 2.58293e-06 3.62434e-06 4.52878e-06 5.26033e-06 5.8701e-06
4.88 0 3.58211e-06 8.71929e-06 1.43941e-05 2.00803e-05 2.53504e-05 2.99612e-05 3.38715e-05
4.89 0 6.45241e-06 1.56502e-05 2.57782e-05 3.59722e-05 4.55457e-05 5.40461e-05 6.12784e-05
4.9 0 9.13724e-06 2.21522e-05 3.64977e-05 5.10138e-05 6.47819e-05 7.71297e-05 8.76555e-05
4.91 0 1.15514e-05 2.80626e-05 4.63356e-05 6.49456e-05 8.27444e-05 9.88203e-05 0.000112536
4.92 0 1.36157e-05 3.32322e-05 5.50931e-05 7.75191e-05 9.91162e-05 0.000118712 0.000135428
4.93 0 1.5274e-05 3.7541e-05 6.25934e-05 8.84923e-05 0.000113574 0.000136392 0.000155842
4.94 0 1.65094e-05 4.09191e-05 6.86963e-05 9.76409e-05 0.000125802 0.000151462 0.000173312
4.95 0 1.73403e-05 4.33518e-05 7.33076e-05 0.000104773 0.000135515 0.000163561 0.000187419
4.96 0 1.77984e-05 4.48588e-05 7.63737e-05 0.000109735 0.000142468 0.000172376 0.000197796
4.97 0 1.79073e-05 4.54645e-05 7.78672e-05 0.000112415 0.000146469 0.000177646 0.000204127
4.98 0 1.76743e-05 4.51771e-05 7.77718e-05 0.000112742 0.000147375 0.000179163 0.000206154
4.99 0 1.70959e-05 4.39891e-05 7.60777e-05 0.000110685 0.00014511 0.000176793 0.000203691
5 0 1.61715e-05 4.18958e-05 7.27885e-05 0.000106254 0.000139663 0.000170485 0.000196652
5.01 0 1.49108e-05 3.89127e-05 6.79341e-05 9.94976e-05 0.000131093 0.000160289 0.000185074
5.02 0 1.33338e-05 3.50817e-05 6.15775e-05 9.05099e-05 0.000119525 0.000146355 0.000169123
5.03 0 1.14667e-05 3.04655e-05 5.38155e-05 7.94252e-05 0.000105146 0.000128927 0.000149094
5.04 0 9.33866e-06 2.51402e-05 4.47736e-05 6.64222e-05 8.82031e-05 0.000108334 0.000125391
5.05 0 6.97652e-06 1.91844e-05 3.45965e-05 5.17204e-05 6.90021e-05 8.49797e-05 9.85014e-05
5.06 0 4.39639e-06 1.26671e-05 2.3433e-05 3.55651e-05 4.78915e-05 5.93138e-05 6.89668e-05
5.07 0 1.60006e-06 5.63865e-06 1.14222e-05 1.82089e-05 2.52411e-05 3.18106e-05 3.73468e-05
5.08 0 -1.41735e-06 -1.86428e-06 -1.30842e-06 -1.00818e-07 1.42101e-06 2.94546e-06 4.19971e-06
5.09 0 -4.65037e-06 -9.79866e-06 -1.4632e-05 -1.91222e-05 -2.32064e-05 -2.68148e-05 -2.99244e-05
5.1 0 -8.06411e-06 -1.80847e-05 -2.83958e-05 -3.86027e-05 -4.82799e-05 -5.7007e-05 -6.44784e-05
5.11 0 -1.1585e-05 -2.65817e-05 -4.23936e-05 -5.82571e-05 -7.34224e-05 -8.71605e-05 -9.89103e-05
5.12 0 -1.51099e-05 -3.50893e-05 -5.63557e-05 -7.77532e-05 -9.82302e-05 -0.000116793 -0.000132666
5.13 0 -1.85287e-05 -4.33742e-05 -6.99642e-05 -9.67164e-05 -0.000122276 -0.000145418 -0.000165206
5.14 0 -2.17466e-05 -5.12117e-05 -8.28896e-05 -0.000114753 -0.000145124 -0.000172568 -0.000196027
5.15 0 -2.47004e-05 -5.84235e-05 -9.48388e-05 -0.000131491 -0.000166364 -0.000197813 -0.000224681
5.16 0 -2.73572e-05 -6.48947e-05 -0.000105588 -0.000146617 -0.000185638 -0.000220781 -0.000250788
5.17 0 -2.9696e-05 -7.05569e-05 -0.000114989 -0.000159894 -0.00020265 -0.000241155 -0.000274014
5.18 0 -3.16838e-05 -7.53514e-05 -0.000122934 -0.000171149 -0.000217162 -0.000258649 -0.000294045
5.19 0 -3.3266e-05 -7.91984e-05 -0.000129326 -0.000180242 -0.000228969 -0.000272994 -0.000310556
5.2 0 -3.43792e-05 -8.19946e-05 -0.000134054 -0.000187041 -0.000237886 -0.000283926 -0.000323216
5.21 0 -3.49716e-05 -8.36369e-05 -0.000136994 -0.000191411 -0.000243735 -0.000291196 -0.000331704
5.22 0 -3.50158e-05 -8.40478e-05 -0.00013803 -0.000193212 -0.000246347 -0.000294581 -0.000335745
5.23 0 -3.45097e-05 -8.31906e-05 -0.000137072 -0.000192314 -0.000245559 -0.000293894 -0.000335126
5.24 0 -3.34703e-05 -8.10681e-05 -0.000134073 -0.000188609 -0.000241237 -0.000288996 -0.000329708
5.25 0 -3.19253e-05 -7.77114e-05 -0.000129027 -0.000182041 -0.000233293 -0.000279803 -0.00031942
5.26 0 -2.99071e-05 -7.31706e-05 -0.000121974 -0.000172619 -0.00022171 -0.0002663 -0.000304258
5.27 0 -2.74474e-05 -6.75061e-05 -0.00011299 -0.00016042 -0.000206558 -0.000248547 -0.000284281
5.28 0 -2.45737e-05 -6.07844e-05 -0.000102183 -0.000145584 -0.000187986 -0.000226685 -0.000259615
5.29 0 -2.13129e-05 -5.30804e-05 -8.96883e-05 -0.000128303 -0.000166216 -0.000200929 -0.000230465
5.3 0 -1.76977e-05 -4.44834e-05 -7.56683e-05 -0.000108807 -0.000141524 -0.000171573 -0.000197134
5.31 0 -1.37646e-05 -3.50935e-05 -6.02989e-05 -8.73469e-05 -0.000114218 -0.000138973 -0.000160013
5.32 0 -9.54104e-06 -2.50017e-05 -4.37459e-05 -6.41645e-05 -8.46196e-05 -0.000103523 -0.000119567
5.33 0 -5.03872e-06 -1.4271e-05 -2.61425e-05 -3.94732e-05 -5.30332e-05 -6.56313e-05 -7.62916e-05
5.34 0 -2.61931e-07 -2.93809e-06 -7.58755e-06 -1.34582e-05 -1.97515e-05 -2.57049e-05 -3.06959e-05
5.35 0 4.77527e-06 8.96281e-06 1.18308e-05 1.37018e-05 1.49312e-05 1.58418e-05 1.67058e-05
5.36 0 1.0034e-05 2.13646e-05 3.19955e-05 4.18001e-05 5.06941e-05 5.85752e-05 6.5387e-05
5.37 0 1.54434e-05 3.41383e-05 5.27195e-05 7.05669e-05 8.71662e-05 0.000102025 0.000114797
5.38 0 2.09042e-05 4.70849e-05 7.37237e-05 9.96463e-05 0.00012391 0.000145678 0.000164354
5.39 0 2.62986e-05 5.99484e-05 9.46424e-05 0.000128595 0.000160423 0.000188972 0.000213448
5.4 0 3.15082e-05 7.24497e-05 0.000115059 0.00015691 0.00019615 0.000231319 0.00026145
5.41 0 3.64341e-05 8.43308e-05 0.000134565 0.000184076 0.000230526 0.000272126 0.000307742
5.42 0 4.10128e-05 9.53959e-05 0.000152815 0.000209634 0.000263021 0.000310834 0.000351738
5.43 0 4.52196e-05 0.000105534 0.000169575 0.000233225 0.000293191 0.000346944 0.000392901
5.44 0 4.90536e-05 0.000114708 0.000184724 0.000254619 0.000320697 0.000380035 0.000430745
5.45 0 5.25143e-05 0.000122919 0.000198223 0.000273688 0.000345298 0.000409755 0.000464828
5.46 0 5.55824e-05 0.000130158 0.00021006 0.000290364 0.000366818 0.000435795 0.000494733
5.47 0 5.82169e-05 0.00013638 0.000220198 0.000304581 0.0003851 0.000457877 0.000520069
5.48 0 6.03668e-05 0.000141504 0.000228553 0.000316236 0.000399982 0.000475741 0.00054049
5.49 0 6.19848e-05 0.000145426 0.000234987 0.000325176 0.000411278 0.000489152 0.000555713
5.5 0 6.30395e-05 0.000148049 0.000239342 0.000331208 0.00041879 0.000497916 0.000565541
5.51 0 6.35185e-05 0.000149301 0.000241472 0.000334142 0.000422339 0.000501896 0.000569875
5.52 0 6.34181e-05 0.00014914 0.00024127 0.00033383 0.000421787 0.000501016 0.000568699
5.53 0 6.27297e-05 0.000147538 0.000238673 0.000330184 0.000417068 0.000495265 0.000562058
5.54 0 6.14377e-05 0.000144476 0.000233666 0.000323197 0.000408193 0.000484688 0.000550029
5.55 0 5.95289e-05 0.00013995 0.000226282 0.00031294 0.000395255 0.000469388 0.000532723
5.56 0 5.70087e-05 0.00013399 0.000216605 0.000299558 0.000378427 0.000449532 0.000510293
5.57 0 5.39074e-05 0.000126675 0.000204779 0.000283252 0.000357942 0.000425346 0.000482954
5.58 0 5.02735e-05 0.000118121 0.000190985 0.000264261 0.000334069 0.000397106 0.000450981
5.59 0 4.61597e-05 0.000108462 0.000175421 0.000242826 0.000307082 0.000365115 0.000414705
5.6 0 4.16182e-05 9.78231e-05 0.000158278 0.00021918 0.000277255 0.000329695 0.000374494
5.61 0 3.67028e-05 8.63208e-05 0.000139729 0.00019355 0.000244866 0.000291186 0.00033075
5.62 0 3.14655e-05 7.40595e-05 0.000119934 0.000166154 0.000210203 0.00024995 0.000283899
5.63 0 2.59486e-05 6.11303e-05 9.90384e-05 0.000137214 0.000173571 0.000206367 0.000234382
5.64 0 2.01803e-05 4.76104e-05 7.71834e-05 0.00010695 0.000135278 0.000160824 0.000182648
5.65 0 1.41822e-05 3.35701e-05 5.45106e-05 7.55884e-05 9.56377e-05 0.000113711 0.000129151
5.66 0 7.9877e-06 1.90943e-05 3.11799e-05 4.33731e-05 5.49751e-05 6.54293e-05 7.4356e-05
5.67 0 1.65523e-06 4.30554e-06 7.38806e-06 1.05805e-05 1.36433e-05 1.64029e-05 1.87491e-05
5.68 0 -4.72657e-06 -1.06213e-05 -1.66154e-05 -2.24665e-05 -2.79639e-05 -3.29082e-05 -3.71508e-05
5.69 0 -1.10472e-05 -2.54638e-05 -4.05242e-05 -5.53922e-05 -6.9405e-05 -8.20019e-05 -9.27893e-05
5.7 0 -1.71974e-05 -3.99818e-05 -6.39966e-05 -8.77813e-05 -0.000110204 -0.000130348 -0.000147589
5.71 0 -2.30902e-05 -5.3957e-05 -8.66956e-05 -0.00011921 -0.000149875 -0.000177413 -0.000200969
5.72 0 -2.86684e-05 -6.72199e-05 -0.000108326 -0.000149281 -0.000187952 -0.000222677 -0.000252368
5.73 0 -3.38999e-05 -7.96573e-05 -0.000128658 -0.000177652 -0.000224007 -0.000265656 -0.000301249
5.74 0 -3.87649e-05 -9.11994e-05 -0.000147531 -0.000204052 -0.000257668 -0.000305901 -0.000347103
5.75 0 -4.32431e-05 -0.000101796 -0.000164836 -0.000228273 -0.000288622 -0.000343001 -0.000389442
5.76 0 -4.73076e-05 -0.000111396 -0.000180484 -0.000250157 -0.000316602 -0.00037658 -0.000427803
5.77 0 -5.09253e-05 -0.000119939 -0.000194386 -0.000269561 -0.000341379 -0.000406298 -0.000461749
5.78 0 -5.40587e-05 -0.000127351 -0.000206439 -0.000286342 -0.000362738 -0.000431849 -0.00049089
5.79 0 -5.66732e-05 -0.000133551 -0.000216523 -0.000300342 -0.000380474 -0.000452968 -0.0005149
5.8 0 -5.8746e-05 -0.000138472 -0.00022452 -0.000311404 -0.0003944 -0.000469437 -0.000533539
5.81 0 -6.02647e-05 -0.000142061 -0.000230326 -0.000319382 -0.000404355 -0.000481102 -0.000546658
5.82 0 -6.12213e-05 -0.000144282 -0.000233863 -0.000324163 -0.000410222 -0.000487872 -0.000554193
5.83 0 -6.16092e-05 -0.000145113 -0.000235083 -0.000325686 -0.000411947 -0.000489724 -0.000556152
5.84 0 -6.14257e-05 -0.000144548 -0.000233984 -0.000323954 -0.000409552 -0.000486708 -0.000552613
5.85 0 -6.06782e-05 -0.000142608 -0.000230612 -0.000319045 -0.000403146 -0.000478953 -0.000543719
5.86 0 -5.93858e-05 -0.000139346 -0.000225064 -0.00031111 -0.000392915 -0.000466665 -0.000529689
5.87 0 -5.75708e-05 -0.000134834 -0.00021748 -0.000300346 -0.0003791 -0.000450106 -0.000510798
5.88 0 -5.52471e-05 -0.000129147 -0.000208003 -0.000286964 -0.000361961 -0.000429569 -0.000487367
5.89 0 -5.2421e-05 -0.00012234 -0.000196764 -0.000271161 -0.00034175 -0.000405354 -0.000459737
5.9 0 -4.91101e-05 -0.000114467 -0.000183876 -0.000253117 -0.000318713 -0.000377769 -0.000428271
5.91 0 -4.53613e-05 -0.00010561 -0.000169462 -0.000233018 -0.000293111 -0.00034715 -0.00039337
5.92 0 -4.12475e-05 -9.5889e-05 -0.000153683 -0.000211081 -0.000265237 -0.000313873 -0.000355477
5.93 0 -3.68499e-05 -8.54618e-05 -0.000136744 -0.000187568 -0.000235424 -0.000278348 -0.000315069
5.94 0 -3.224e-05 -7.44943e-05 -0.000118887 -0.000162779 -0.000204041 -0.000241012 -0.000272646
5.95 0 -2.74661e-05 -6.31317e-05 -0.000100357 -0.000137039 -0.000171471 -0.000202305 -0.000228697
5.96 0 -2.2555e-05 -5.14825e-05 -8.13751e-05 -0.00011066 -0.000138089 -0.000162646 -0.000183683
5.97 0 -1.75247e-05 -3.96247e-05 -6.21172e-05 -8.39242e-05 -0.000104249 -0.000122433 -0.000138038
5.98 0 -1.23971e-05 -2.76223e-05 -4.2723e-05 -5.70642e-05 -7.02664e-05 -8.20346e-05 -9.21676e-05
5.99 0 -7.20705e-06 -1.55461e-05 -2.33129e-05 -3.02744e-05 -3.64166e-05 -4.1793e-05 -4.64648e-05
6 0 -2.01145e-06 -3.49465e-06 -4.01813e-06 -3.73502e-06 -2.95246e-06 -2.03973e-06 -1.32557e-06
6.01 0 3.10979e-06 8.39429e-06 1.49921e-05 2.23526e-05 2.98679e-05 3.68891e-05 4.28426e-05
6.02 0 8.06512e-06 1.99498e-05 3.3503e-05 4.77446e-05 6.17584e-05 7.46429e-05 8.56245e-05
6.03 0 1.27647e-05 3.09854e-05 5.12615e-05 7.21475e-05 9.23916e-05 0.000110852 0.000126607
6.04 0 1.71307e-05 4.13195e-05 6.79962e-05 9.523e-05 0.000121403 0.000145133 0.000165386
6.05 0 2.1102e-05 5.07921e-05 8.34425e-05 0.000116647 0.000148408 0.000177093 0.000201567
6.06 0 2.46278e-05 5.92653e-05 9.73571e-05 0.000136066 0.000173023 0.00020634 0.000234754
6.07 0 2.76576e-05 6.66142e-05 0.000109522 0.000153177 0.00019488 0.000232475 0.00026453
6.08 0 3.01376e-05 7.27184e-05 0.000119743 0.000167709 0.000213636 0.0002551 0.00029045
6.09 0 3.20178e-05 7.74676e-05 0.000127851 0.000179428 0.00022898 0.000273819 0.000312046
6.1 0 3.32678e-05 8.07818e-05 0.000133719 0.000188148 0.000240641 0.000288264 0.000328859
6.11 0 3.38905e-05 8.26349e-05 0.000137275 0.000193739 0.000248408 0.000298117 0.00034048
6.12 0 3.39242e-05 8.30671e-05 0.000138524 0.00019614 0.000252133 0.000303139 0.00034659
6.13 0 3.34339e-05 8.21768e-05 0.000137539 0.000195362 0.000251749 0.000303189 0.000346986
6.14 0 3.24876e-05 8.00878e-05 0.000134444 0.000191478 0.000247267 0.000298224 0.000341588
6.15 0 3.11319e-05 7.6906e-05 0.000129367 0.0001846 0.000238763 0.000288293 0.000330428
6.16 0 2.9382e-05 7.26902e-05 0.000122412 0.000174853 0.000226364 0.000273518 0.000313631
6.17 0 2.72298e-05 6.74522e-05 0.000113643 0.000162363 0.000210241 0.0002541 0.000291416
6.18 0 2.46587e-05 6.11773e-05 0.000103097 0.000147249 0.000190599 0.000230307 0.000264102
6.19 0 2.1658e-05 5.3855e-05 9.08062e-05 0.000129639 0.000167681 0.000202485 0.000232112
6.2 0 1.82322e-05 4.55037e-05 7.68341e-05 0.000109687 0.000141767 0.000171045 0.000195966
6.21 0 1.43952e-05 3.61719e-05 6.12827e-05 8.75845e-05 0.000113175 0.000136452 0.000156252
6.22 0 1.01621e-05 2.59257e-05 4.42878e-05 6.35551e-05 8.22506e-05 9.91934e-05 0.000113587
6.23 0 5.55473e-06 1.4847e-05 2.60164e-05 3.78642e-05 4.93713e-05 5.97677e-05 6.85771e-05
6.24 0 6.15955e-07 3.04662e-06 6.67409e-06 1.08231e-05 1.49506e-05 1.86835e-05 2.18131e-05
6.25 0 -4.58029e-06 -9.31664e-06 -1.34808e-05 -1.7203e-05 -2.05543e-05 -2.35345e-05 -2.6127e-05
6.26 0 -9.92988e-06 -2.20267e-05 -3.41278e-05 -4.57949e-05 -5.66468e-05 -6.63411e-05 -7.46623e-05
6.27 0 -1.53134e-05 -3.48253e-05 -5.48952e-05 -7.44939e-05 -9.28067e-05 -0.000109178 -0.000123205
6.28 0 -2.06086e-05 -4.74372e-05 -7.53845e-05 -0.000102822 -0.000128506 -0.000151483 -0.000171159
6.29 0 -2.56978e-05 -5.95947e-05 -9.52005e-05 -0.000130302 -0.000163222 -0.000192692 -0.00021792
6.3 0 -3.04803e-05 -7.10644e-05 -0.000113987 -0.000156489 -0.000196447 -0.000232253 -0.000262889
6.31 0 -3.48789e-05 -8.16624e-05 -0.000131451 -0.000180989 -0.00022771 -0.00026963 -0.000305475
6.32 0 -3.88359e-05 -9.12517e-05 -0.000147359 -0.000203466 -0.000256574 -0.000304307 -0.000345097
6.33 0 -4.23112e-05 -9.97353e-05 -0.000161537 -0.00022364 -0.000282649 -0.00033579 -0.000381182
6.34 0 -4.5285e-05 -0.000107052 -0.000173854 -0.000241286 -0.000305591 -0.000363624 -0.000413179
6.35 0 -4.77537e-05 -0.000113169 -0.000184222 -0.000256225 -0.000325111 -0.000387398 -0.000440575
6.36 0 -4.97221e-05 -0.000118073 -0.000192577 -0.000268318 -0.000340968 -0.00040676 -0.00046292
6.37 0 -5.11978e-05 -0.00012176 -0.000198876 -0.000277457 -0.00035297 -0.000421422 -0.000479844
6.38 0 -5.21883e-05 -0.000124231 -0.00020309 -0.000283562 -0.00036097 -0.000431173 -0.000491081
6.39 0 -5.26972e-05 -0.000125483 -0.000205199 -0.000286578 -0.000364874 -0.000435885 -0.000496476
6.4 0 -5.27221e-05 -0.000125509 -0.000205184 -0.000286475 -0.000364645 -0.000435513 -0.000495984
6.41 0 -5.22553e-05 -0.000124296 -0.000203034 -0.000283252 -0.000360299 -0.000430104 -0.000489672
6.42 0 -5.12838e-05 -0.000121826 -0.000198744 -0.000276937 -0.000351913 -0.000419782 -0.000477709
6.43 0 -4.97888e-05 -0.00011808 -0.00019232 -0.000267589 -0.000339615 -0.000404744 -0.000460345
6.44 0 -4.77455e-05 -0.000113036 -0.00018378 -0.000255292 -0.000323568 -0.000385236 -0.000437894
6.45 0 -4.51251e-05 -0.000106672 -0.000173147 -0.000240143 -0.000303963 -0.000361534 -0.000410706
6.46 0 -4.19022e-05 -9.89698e-05 -0.000160452 -0.000222252 -0.000280995 -0.000333925 -0.000379142
6.47 0 -3.80675e-05 -8.99324e-05 -0.000145744 -0.000201739 -0.000254872 -0.000302697 -0.000343559
6.48 0 -3.36422e-05 -7.96045e-05 -0.000129108 -0.000178751 -0.000225814 -0.000268146 -0.000304313
6.49 0 -2.8686e-05 -6.80933e-05 -0.000110693 -0.000153489 -0.000194079 -0.000230586 -0.000261768
6.5 0 -2.32898e-05 -5.55698e-05 -9.07217e-05 -0.000126212 -0.000159968 -0.000190358 -0.000216299
6.51 0 -1.756e-05 -4.22498e-05 -6.94798e-05 -9.7246e-05 -0.000123829 -0.00014783 -0.000168296
6.52 0 -1.16072e-05 -2.83723e-05 -4.72993e-05 -6.69686e-05 -8.60544e-05 -0.0001034 -0.000118165
6.53 0 -5.54466e-06 -1.4184e-05 -2.45368e-05 -3.57985e-05 -4.70816e-05 -5.75025e-05 -6.63439e-05
6.54 0 5.11863e-07 6.65484e-08 -1.55804e-06 -4.18055e-06 -7.38849e-06 -1.06202e-05 -1.33197e-05
6.55 0 6.44968e-06 1.41369e-05 2.12767e-05 2.74319e-05 3.25156e-05 3.67115e-05 4.03515e-05
6.56 0 1.21766e-05 2.78123e-05 4.36369e-05 5.86056e-05 7.21155e-05 8.3919e-05 9.40491e-05
6.57 0 1.763e-05 4.09254e-05 6.52416e-05 8.89481e-05 0.000110912 0.000130408 0.000147099
6.58 0 2.27667e-05 5.3353e-05 8.58607e-05 0.000118109 0.000148426 0.000175572 0.000198783
6.59 0 2.75545e-05 6.50047e-05 0.000105307 0.000145773 0.000184195 0.000218793 0.000248353
6.6 0 3.19681e-05 7.58073e-05 0.000123422 0.000171649 0.000217766 0.000259456 0.000295052
6.61 0 3.59822e-05 8.56875e-05 0.000140049 0.000195455 0.000248697 0.000296955 0.000338138
6.62 0 3.9564e-05 9.45565e-05 0.000155016 0.000216896 0.000276545 0.000330697 0.000376893
6.63 0 4.26642e-05 0.000102294 0.000168109 0.000235647 0.000300859 0.000360107 0.000410641
6.64 0 4.52189e-05 0.000108746 0.000179076 0.000251355 0.000321185 0.000384641 0.000438753
6.65 0 4.71629e-05 0.000113747 0.000187646 0.000263657 0.000337089 0.000403801 0.000460681
6.66 0 4.84426e-05 0.000117141 0.000193563 0.000272217 0.000348183 0.000417166 0.000475971
6.67 0 4.90273e-05 0.000118819 0.00019663 0.000276772 0.000354167 0.000424419 0.000484294
6.68 0 4.89161e-05 0.000118741 0.000196745 0.000277171 0.000354863 0.000425377 0.000485463
6.69 0 4.81296e-05 0.000116931 0.000193914 0.000273393 0.000350235 0.000419998 0.000479436
6.7 0 4.6691e-05 0.000113455 0.00018823 0.000265537 0.000340374 0.000408369 0.000466295
6.71 0 4.46161e-05 0.00010839 0.000179837 0.000253786 0.000325478 0.000390683 0.000446235
6.72 0 4.19183e-05 0.000101811 0.000168897 0.000238378 0.00030582 0.000367225 0.000419547
6.73 0 3.86183e-05 9.37958e-05 0.000155581 0.000219575 0.000281729 0.00033836 0.000386624
6.74 0 3.47518e-05 8.44363e-05 0.000140065 0.000197656 0.000253575 0.000304529 0.000347959
6.75 0 3.0374e-05 7.38519e-05 0.000122543 0.000172914 0.000221766 0.000266244 0.000304153
6.76 0 2.55635e-05 6.22019e-05 0.000103254 0.000145685 0.000186761 0.000224098 0.000255915
6.77 0 2.04132e-05 4.96811e-05 8.2484e-05 0.000116357 0.000149079 0.000178759 0.00020404
6.78 0 1.50122e-05 3.64997e-05 6.05621e-05 8.5378e-05 0.000109299 0.000130949 0.000149382
6.79 0 9.4374e-06 2.28637e-05 3.78384e-05 5.32402e-05 6.80509e-05 8.14294e-05 9.28179e-05
6.8 0 3.74945e-06 8.95982e-06 1.4661e-05 2.04548e-05 2.59888e-05 3.09726e-05 3.52196e-05
6.81 0 -2.00791e-06 -5.05461e-06 -8.64926e-06 -1.2484e-05 -1.62455e-05 -1.96689e-05 -2.25723e-05
6.82 0 -7.7982e-06 -1.90462e-05 -3.18104e-05 -4.51266e-05 -5.80545e-05 -6.97859e-05 -7.97606e-05
6.83 0 -1.35742e-05 -3.28849e-05 -5.45699e-05 -7.70747e-05 -9.88983e-05 -0.00011872 -0.00013559
6.84 0 -1.9262e-05 -4.64168e-05 -7.66802e-05 -0.000107966 -0.000138286 -0.000165854 -0.000189341
6.85 0 -2.47665e-05 -5.9458e-05 -9.78828e-05 -0.000137455 -0.000175765 -0.000210617 -0.000240332
6.86 0 -2.99905e-05 -7.18111e-05 -0.000117909 -0.000165209 -0.000210916 -0.000252482 -0.000287944
6.87 0 -3.48402e-05 -8.32774e-05 -0.000136482 -0.00019089 -0.000243333 -0.00029097 -0.000331624
6.88 0 -3.9228e-05 -9.36665e-05 -0.000153319 -0.000214148 -0.00027262 -0.000325641 -0.000370894
6.89 0 -4.30797e-05 -0.000102807 -0.000168155 -0.000234644 -0.000298396 -0.000356099 -0.000405345
6.9 0 -4.63381e-05 -0.000110556 -0.000180752 -0.000252066 -0.000320317 -0.000381999 -0.000434634
6.91 0 -4.89664e-05 -0.000116805 -0.000190925 -0.000266164 -0.000338098 -0.000403055 -0.00045848
6.92 0 -5.09509e-05 -0.000121499 -0.000198561 -0.000276776 -0.000351547 -0.000419061 -0.000476669
6.93 0 -5.22915e-05 -0.000124624 -0.000203624 -0.000283837 -0.000360567 -0.00042989 -0.000489045
6.94 0 -5.29939e-05 -0.000126202 -0.00020614 -0.000287364 -0.000365149 -0.000435489 -0.00049552
6.95 0 -5.30698e-05 -0.000126277 -0.000206189 -0.000287444 -0.000365354 -0.000435878 -0.000496071
6.96 0 -5.25333e-05 -0.000124904 -0.000203869 -0.000284199 -0.000361294 -0.000431133 -0.000490745
6.97 0 -5.13933e-05 -0.00012213 -0.000199273 -0.000277752 -0.000353095 -0.000421369 -0.000479648
6.98 0 -4.96558e-05 -0.000117984 -0.000192467 -0.000268203 -0.000340884 -0.000406733 -0.000462945
6.99 0 -4.73304e-05 -0.00011249 -0.000183498 -0.000255635 -0.000324792 -0.000387403 -0.000440852
7 0 -4.44272e-05 -0.000105664 -0.000172394 -0.000240117 -0.000304949 -0.000363583 -0.000413635
7.01 0 -4.0955e-05 -9.75211e-05 -0.000159188 -0.000221719 -0.000281497 -0.0003355 -0.000381593
7.02 0 -3.69247e-05 -8.80861e-05 -0.000143927 -0.000200537 -0.000254605 -0.000303406 -0.000345053
7.03 0 -3.23472e-05 -7.7394e-05 -0.000126685 -0.000176699 -0.000224468 -0.000267572 -0.000304349
7.04 0 -2.72348e-05 -6.54924e-05 -0.000107562 -0.000150366 -0.000191311 -0.00022828 -0.000259813
7.05 0 -2.16168e-05 -5.2457e-05 -8.66961e-05 -0.000121739 -0.000155389 -0.000185828 -0.000211779
7.06 0 -1.5553e-05 -3.84111e-05 -6.42766e-05 -9.10718e-05 -0.000117001 -0.000140547 -0.0001606
7.07 0 -9.12602e-06 -2.35231e-05 -4.05431e-05 -5.86594e-05 -7.64826e-05 -9.27933e-05 -0.000106653
7.08 0 -2.43443e-06 -7.99813e-06 -1.57789e-05 -2.48377e-05 -3.42043e-05 -4.29614e-05 -5.03522e-05
7.09 0 4.40729e-06 7.92873e-06 9.69227e-06 1.0015e-05 9.42236e-06 8.51084e-06 7.83907e-06
7.1 0 1.12798e-05 2.40094e-05 3.55224e-05 4.54864e-05 5.39435e-05 6.11359e-05 6.73993e-05
7.11 0 1.80726e-05 4.00029e-05 6.13604e-05 8.11438e-05 9.88696e-05 0.000114379 0.000127751
7.12 0 2.46886e-05 5.56876e-05 8.68659e-05 0.000116546 0.00014368 0.000167658 0.00018826
7.13 0 3.10429e-05 7.08639e-05 0.000111716 0.000151251 0.000187831 0.000220346 0.000248227
7.14 0 3.70667e-05 8.53589e-05 0.000135613 0.000184829 0.000230766 0.000271778 0.000306901
7.15 0 4.27126e-05 9.90329e-05 0.000158295 0.000216878 0.00027194 0.000321278 0.000363494
7.16 0 4.79553e-05 0.000111784 0.000179545 0.000247037 0.000310836 0.00036818 0.000417215
7.17 0 5.27836e-05 0.000123544 0.000199189 0.000274991 0.000346981 0.000411848 0.00046729
7.18 0 5.71781e-05 0.000134248 0.000217071 0.000300454 0.000379928 0.000451679 0.000512983
7.19 0 6.10968e-05 0.000143806 0.000233024 0.00032314 0.00040925 0.000487099 0.000553594
7.2 0 6.44852e-05 0.000152098 0.000246854 0.000342757 0.000434534 0.000517572 0.000588487
7.21 0 6.72887e-05 0.00015899 0.000258349 0.000359009 0.000455394 0.000542623 0.000617112
7.22 0 6.94622e-05 0.000164351 0.000267294 0.000371615 0.000471489 0.000561859 0.000639025
7.23 0 7.09807e-05 0.000168087 0.000273514 0.000380339 0.000482552 0.000574993 0.000653922
7.24 0 7.18332e-05 0.000170143 0.000276891 0.00038502 0.000488408 0.000581856 0.000661639
7.25 0 7.20031e-05 0.000170486 0.000277367 0.000385573 0.000488974 0.000582386 0.000662133
7.26 0 7.1459e-05 0.000169084 0.000274916 0.000381982 0.000484246 0.000576604 0.000655455
7.27 0 7.01652e-05 0.000165902 0.000269539 0.000374284 0.000474292 0.000564609 0.000641727
7.28 0 6.81004e-05 0.000160919 0.000261262 0.00036257 0.000459253 0.000546571 0.000621144
7.29 0 6.52637e-05 0.000154149 0.000250144 0.00034697 0.000439324 0.000522727 0.000593971
7.3 0 6.16703e-05 0.000145638 0.000236278 0.000327642 0.000414733 0.000493362 0.000560534
7.31 0 5.73526e-05 0.000135466 0.000219793 0.000304774 0.000385741 0.000458805 0.00052122
7.32 0 5.23622e-05 0.000123746 0.00020086 0.000278593 0.000352638 0.000419424 0.000476465
7.33 0 4.67687e-05 0.000110624 0.000179692 0.00024937 0.000315758 0.000375628 0.000426748
7.34 0 4.06596e-05 9.62784e-05 0.000156548 0.000217433 0.000275495 0.000327875 0.000372592
7.35 0 3.41366e-05 8.09199e-05 0.000131732 0.000183172 0.00023231 0.000276683 0.000314563
7.36 0 2.73012e-05 6.47754e-05 0.000105585 0.000147023 0.000186715 0.000222622 0.000253272
7.37 0 2.02365e-05 4.80585e-05 7.84513e-05 0.000109442 0.000139248 0.000166284 0.000189361
7.38 0 1.30066e-05 3.09534e-05 5.06529e-05 7.08715e-05 9.04454e-05 0.000108275 0.00012349
7.39 0 5.65828e-06 1.36055e-05 2.2465e-05 3.17135e-05 4.08132e-05 4.91859e-05 5.63267e-05
7.4 0 -1.78312e-06 -3.88823e-06 -5.90727e-06 -7.70213e-06 -9.19877e-06 -1.04256e-05 -1.14809e-05
7.41 0 -9.30508e-06 -2.14713e-05 -3.43265e-05 -4.71242e-05 -5.9209e-05 -7.00529e-05 -7.93218e-05
7.42 0 -1.68975e-05 -3.91103e-05 -6.27041e-05 -8.63667e-05 -0.000108901 -0.000129245 -0.000146634
7.43 0 -2.45464e-05 -5.67769e-05 -9.09746e-05 -0.000125285 -0.000158014 -0.000187611 -0.000212916
7.44 0 -3.2224e-05 -7.4423e-05 -0.00011906 -0.000163741 -0.000206314 -0.000244807 -0.000277732
7.45 0 -3.98841e-05 -9.19647e-05 -0.000146842 -0.000201571 -0.000253574 -0.000300531 -0.000340712
7.46 0 -4.74664e-05 -0.000109281 -0.000174155 -0.000238574 -0.00029956 -0.000354515 -0.000401555
7.47 0 -5.48995e-05 -0.00012622 -0.000200789 -0.00027451 -0.000344027 -0.000406518 -0.000460023
7.48 0 -6.21077e-05 -0.000142614 -0.000226508 -0.000309119 -0.000386728 -0.000456329 -0.000515934
7.49 0 -6.90187e-05 -0.000158302 -0.000251082 -0.000342146 -0.000427431 -0.000503767 -0.000569151
7.5 0 -7.5561e-05 -0.000173133 -0.000274299 -0.000373357 -0.000465927 -0.000548673 -0.000619557
7.51 0 -8.16627e-05 -0.000186966 -0.000295976 -0.000402553 -0.000502033 -0.000590896 -0.00066703
7.52 0 -8.72647e-05 -0.000199692 -0.000315971 -0.000429583 -0.000535597 -0.000630291 -0.000711429
7.53 0 -9.23292e-05 -0.000211235 -0.000334192 -0.000454343 -0.0005665 -0.000666718 -0.000752596
7.54 0 -9.68417e-05 -0.000221564 -0.000350593 -0.00047677 -0.000594648 -0.000700043 -0.000790356
7.55 0 -0.000100815 -0.000230697 -0.000365181 -0.000496841 -0.000619973 -0.000730138 -0.000824534
7.56 0 -0.000104281 -0.000238685 -0.000377998 -0.000514563 -0.000642424 -0.000756892 -0.000854962
7.57 0 -0.000107272 -0.00024559 -0.000389101 -0.000529949 -0.000661954 -0.000780193 -0.000881483
7.58 0 -0.000109803 -0.000251449 -0.000398522 -0.000542995 -0.000678501 -0.000799926 -0.000903936
7.59 0 -0.000111867 -0.000256255 -0.000406246 -0.000553657 -0.00069198 -0.000815962 -0.000922158
7.6 0 -0.00011344 -0.000259957 -0.000412207 -0.000561852 -0.000702283 -0.000828165 -0.000935989
7.61 0 -0.000114494 -0.000262485 -0.000416303 -0.000567467 -0.000709291 -0.000836406 -0.00094529
7.62 0 -0.000115009 -0.000263771 -0.000418427 -0.000570382 -0.000712889 -0.000840581 -0.000949958
7.63 0 -0.00011497 -0.000263763 -0.000418489 -0.000570489 -0.000712982 -0.000840613 -0.000949934
7.64 0 -0.000114363 -0.000262428 -0.00041643 -0.000567714 -0.000709498 -0.000836458 -0.000945195
7.65 0 -0.000113165 -0.000259732 -0.000412205 -0.000562002 -0.00070239 -0.000828083 -0.00093573
7.66 0 -0.000111341 -0.000255629 -0.000405772 -0.000553312 -0.000691615 -0.000815456 -0.000921514
7.67 0 -0.000108847 -0.000250056 -0.000397075 -0.000541602 -0.000677133 -0.000798532 -0.000902499
7.68 0 -0.000105648 -0.000242946 -0.000386048 -0.000526816 -0.000658894 -0.000777249 -0.000878608
7.69 0 -0.000101721 -0.00023425 -0.000372624 -0.000508891 -0.000636837 -0.000751533 -0.000849751
7.7 0 -9.70616e-05 -0.000223941 -0.000356755 -0.000487765 -0.000610889 -0.000721304 -0.000815838
7.71 0 -9.16862e-05 -0.00021203 -0.000338423 -0.000463387 -0.000580984 -0.000686485 -0.000776783
7.72 0 -8.56291e-05 -0.000198561 -0.000317651 -0.000435744 -0.000547074 -0.000647017 -0.000732522
7.73 0 -7.89409e-05 -0.000183613 -0.000294509 -0.000404872 -0.00050916 -0.000602878 -0.000683023
7.74 0 -7.16884e-05 -0.000167298 -0.00026912 -0.000370875 -0.000467313 -0.000554107 -0.000628301
7.75 0 -6.3953e-05 -0.000149764 -0.000241664 -0.000333933 -0.000421692 -0.000500826 -0.000568448
7.76 0 -5.58163e-05 -0.000131177 -0.000212363 -0.000294295 -0.000372535 -0.000443244 -0.000503647
7.77 0 -4.73493e-05 -0.000111702 -0.000181462 -0.000252253 -0.000320147 -0.000381656 -0.00043418
7.78 0 -3.86146e-05 -9.14952e-05 -0.000149211 -0.000208125 -0.000264888 -0.000316439 -0.000360441
7.79 0 -2.96708e-05 -7.07018e-05 -0.000115852 -0.000162244 -0.000207159 -0.000248053 -0.000282939
7.8 0 -2.05715e-05 -4.94542e-05 -8.16149e-05 -0.000114945 -0.000147399 -0.000177031 -0.000202292
7.81 0 -1.13592e-05 -2.78674e-05 -4.67078e-05 -6.65531e-05 -8.60698e-05 -0.000103969 -0.000119206
7.82 0 -2.06274e-06 -6.03525e-06 -1.13203e-05 -1.73882e-05 -2.36448e-05 -2.94971e-05 -3.4445e-05
7.83 0 7.30628e-06 1.5974e-05 2.43798e-05 3.22444e-05 3.94031e-05 4.57402e-05 5.12024e-05
7.84 0 1.67514e-05 3.81169e-05 6.0248e-05 8.20565e-05 0.000102618 0.000121117 0.000136967
7.85 0 2.62717e-05 6.03519e-05 9.61447e-05 0.000131768 0.000165559 0.000196036 0.000222118
7.86 0 3.5845e-05 8.26104e-05 0.000131912 0.000181093 0.000227797 0.000269932 0.000305977
7.87 0 4.54201e-05 0.000104778 0.000167353 0.000229727 0.000288912 0.000342276 0.000387926
7.88 0 5.4913e-05 0.000126681 0.000202213 0.000277335 0.000348482 0.000412568 0.000467399
7.89 0 6.42088e-05 0.000148088 0.000236175 0.000323538 0.000406079 0.000480332 0.000543881
7.9 0 7.31694e-05 0.000168721 0.000268864 0.00036791 0.000461254 0.000545107 0.000616888
7.91 0 8.16529e-05 0.000188284 0.000299879 0.000409999 0.000513548 0.00060644 0.00068597
7.92 0 8.95389e-05 0.000206507 0.000328834 0.000449364 0.000562513 0.000663903 0.00075071
7.93 0 9.6738e-05 0.000223174 0.000355402 0.000485612 0.000607739 0.000717096 0.00081072
7.94 0 0.000103195 0.000238141 0.000379343 0.000518428 0.000648876 0.000765662 0.000865637
7.95 0 0.000108888 0.00025134 0.00040052 0.000547602 0.000685652 0.000809291 0.00091512
7.96 0 0.00011382 0.000262765 0.000418891 0.000573025 0.000717883 0.00084772 0.000958848
7.97 0 0.000118003 0.000272447 0.000434477 0.000594669 0.000745448 0.000880732 0.000996517
7.98 0 0.000121451 0.000280425 0.00044733 0.000612547 0.000768276 0.000908142 0.00102785
7.99 0 0.000124185 0.000286749 0.00045751 0.000626695 0.00078633 0.00092981 0.00105261
8 0 0.00012624 0.000291474 0.00046508 0.000637159 0.000799601 0.000945655 0.00107066
8.01 0 0.000127651 0.000294657 0.000470096 0.000643977 0.000808103 0.000955658 0.00108195
8.02 0 0.000128444 0.00029634 0.000472597 0.000647179 0.000811865 0.000959857 0.00108652
8.03 0 0.000128633 0.000296551 0.000472612 0.000646802 0.00081095 0.00095836 0.00108453
8.04 0 0.000128234 0.000295312 0.000470179 0.000642911 0.000805476 0.000951354 0.00107623
8.05 0 0.000127258 0.000292649 0.000465355 0.000635618 0.000795627 0.000939105 0.00106194
8.06 0 0.000125711 0.000288596 0.000458221 0.000625083 0.000781655 0.000921951 0.0010421
8.07 0 0.00012359 0.000283185 0.000448884 0.000611503 0.000763857 0.000900279 0.00101714
8.08 0 0.000120888 0.000276453 0.000437461 0.0005951 0.000742556 0.000874501 0.000987557
8.09 0 0.000117605 0.000268443 0.000424085 0.000576109 0.000718088 0.000845039 0.000953846
8.1 0 0.000113762 0.000259222 0.0004089 0.000554772 0.00069079 0.000812316 0.000916498
8.11 0 0.000109409 0.000248897 0.00039208 0.000531342 0.000661001 0.000776756 0.00087601
8.12 0 0.000104633 0.000237631 0.00037385 0.000506111 0.00062909 0.000738801 0.000832889
8.13 0 9.95476e-05 0.000225641 0.000354496 0.000479422 0.000595459 0.000698918 0.000787656
8.14 0 9.42711e-05 0.000213172 0.000334351 0.000451667 0.000560549 0.000657594 0.000740844
8.15 0 8.89198e-05 0.00020048 0.000313783 0.000423281 0.000524837 0.000615339 0.000692994
8.16 0 8.35943e-05 0.000187802 0.000293156 0.000394718 0.000488823 0.000572676 0.000644657
8.17 0 7.83604e-05 0.000175325 0.000272787 0.000366399 0.000452987 0.000530118 0.000596366
8.18 0 7.32461e-05 0.000163163 0.000252907 0.000338666 0.000417756 0.000488135 0.000548632
8.19 0 6.82476e-05 0.000151357 0.000233645 0.000311758 0.000383464 0.00044714 0.000501923
8.2 0 6.33383e-05 0.000139882 0.000215029 0.000285792 0.000350338 0.000407464 0.000456655
8.21 0 5.84842e-05 0.000128674 0.000197007 0.000260783 0.000318502 0.000369353 0.000413178
8.22 0 5.36537e-05 0.000117658 0.000179486 0.000236677 0.000287998 0.000332972 0.000371761
8.23 0 4.88306e-05 0.000106776 0.000162376 0.000213396 0.000258817 0.000298413 0.000332586
8.24 0 4.40217e-05 9.60127e-05 0.000145632 0.00019089 0.00023094 0.000265716 0.000295744
8.25 0 3.92542e-05 8.54027e-05 0.000129276 0.000169162 0.000204362 0.000234878 0.000261237
8.26 0 3.45855e-05 7.5043e-05 0.000113412 0.000148293 0.000179119 0.000205881 0.000229004
8.27 0 3.01e-05 6.50895e-05 9.8226e-05 0.000128444 0.000155296 0.000178713 0.000198949
8.28 0 2.58777e-05 5.57142e-05 8.39328e-05 0.000109805 0.000132994 0.000153354 0.00017095
8.29 0 2.19764e-05 4.70608e-05 7.07245e-05 9.25445e-05 0.000112293 0.000129766 0.000144869
8.3 0 1.84429e-05 3.92343e-05 5.87423e-05 7.67865e-05 9.32462e-05 0.000107905 0.000120582
8.31 0 1.53244e-05 3.23088e-05 4.80725e-05 6.26035e-05 7.58836e-05 8.77482e-05 9.80199e-05
8.32 0 1.26625e-05 2.63334e-05 3.87521e-05 5.00223e-05 6.02247e-05 6.93078e-05 7.71905e-05
8.33 0 1.04833e-05 2.13341e-05 3.07856e-05 3.90423e-05 4.62921e-05 5.26444e-05 5.81867e-05
8.34 0 8.78956e-06 1.73091e-05 2.41584e-05 2.96563e-05 3.41255e-05 3.78679e-05 4.1179e-05
8.35 0 7.54102e-06 1.42041e-05 1.88229e-05 2.18457e-05 2.37695e-05 2.51085e-05 2.6373e-05
8.36 0 6.65005e-06 1.18968e-05 1.46785e-05 1.55644e-05 1.52529e-05 1.44813e-05 1.39591e-05
8.37 0 6.00932e-06 1.02193e-05 1.1579e-05 1.07358e-05 8.58201e-06 6.07152e-06 4.08736e-06
8.38 0 5.51788e-06 8.99429e-06 9.35138e-06 7.25303e-06 3.73122e-06 -7.83333e-08 -3.14964e-06
8.39 0 5.10345e-06 8.07632e-06 7.83078e-06 4.99126e-06 6.41015e-07 -3.97205e-06 -7.71843e-06
8.4 0 4.74076e-06 7.39073e-06 6.90479e-06 3.8389e-06 -7.67169e-07 -5.65e-06 -9.63358e-06
8.41 0 4.44149e-06 6.93453e-06 6.52887e-06 3.71431e-06 -5.84846e-07 -5.19251e-06 -8.96448e-06
8.42 0 4.23674e-06 6.75432e-06 6.71817e-06 4.5717e-06 1.08976e-06 -2.72391e-06 -5.8487e-06
8.43 0 4.17406e-06 6.9305e-06 7.53739e-06 6.40959e-06 4.17129e-06 1.60221e-06 -4.86906e-07
8.44 0 4.31229e-06 7.56251e-06 9.08334e-06 9.26672e-06 8.59971e-06 7.62097e-06 6.87321e-06
8.45 0 4.70447e-06 8.7455e-06 1.14556e-05 1.31967e-05 1.43301e-05 1.51622e-05 1.59541e-05
8.46 0 5.38431e-06 1.05479e-05 1.47281e-05 1.82366e-05 2.13116e-05 2.40522e-05 2.64716e-05
8.47 0 6.37117e-06 1.30069e-05 1.89387e-05 2.43916e-05 2.94779e-05 3.41261e-05 3.81714e-05
8.48 0 7.67514e-06 1.61314e-05 2.40845e-05 3.16283e-05 3.87453e-05 4.52408e-05 5.08587e-05
8.49 0 9.29271e-06 1.99002e-05 3.01182e-05 3.98707e-05 4.9013e-05 5.728e-05 6.44073e-05
8.5 0 1.12003e-05 2.4257e-05 3.69473e-05 4.90036e-05 6.01675e-05 7.01535e-05 7.87513e-05
8.51 0 1.33462e-05 2.91008e-05 4.44324e-05 5.88758e-05 7.20832e-05 8.37854e-05 9.38595e-05
8.52 0 1.56521e-05 3.42852e-05 5.2392e-05 6.9309e-05 8.46233e-05 9.81006e-05 0.000109708
8.53 0 1.80248e-05 3.96347e-05 6.06181e-05 8.01107e-05 9.7644e-05 0.000113015 0.000126261
8.54 0 2.03699e-05 4.49686e-05 6.88976e-05 9.10861e-05 0.000110995 0.000128425 0.000143449
8.55 0 2.26031e-05 5.0124e-05 7.70323e-05 0.000102046 0.000124516 0.0001442 0.000161162
8.56 0 2.46525e-05 5.49643e-05 8.48465e-05 0.000112802 0.000138025 0.000160166 0.000179231
8.57 0 2.64619e-05 5.93808e-05 9.21878e-05 0.000123166 0.000151309 0.000176094 0.000197408
8.58 0 2.79989e-05 6.32974e-05 9.89305e-05 0.000132957 0.00016413 0.000191699 0.000215375
8.59 0 2.92577e-05 6.66741e-05 0.000104977 0.000142001 0.000176236 0.000206657 0.000232747
8.6 0 3.02616e-05 6.95139e-05 0.00011027 0.000150154 0.000187381 0.000220626 0.000249103
8.61 0 3.10569e-05 7.1862e-05 0.000114798 0.000157311 0.000197347 0.000233272 0.000264013
8.62 0 3.16937e-05 7.37851e-05 0.000118582 0.000163401 0.000205948 0.000244288 0.000277066
8.63 0 3.22182e-05 7.53552e-05 0.00012167 0.000168392 0.000213036 0.000253408 0.000287901
8.64 0 3.26703e-05 7.6638e-05 0.000124114 0.000172277 0.000218513 0.000260432 0.000296231
8.65 0 3.30724e-05 7.7675e-05 0.000125955 0.000175064 0.000222319 0.000265224 0.000301861
8.66 0 3.34242e-05 7.84718e-05 0.000127202 0.000176748 0.000224424 0.00026772 0.000304695
8.67 0 3.37071e-05 7.89994e-05 0.000127826 0.000177316 0.000224826 0.000267922 0.000304738
8.68 0 3.38804e-05 7.91904e-05 0.000127763 0.000176728 0.000223532 0.000265887 0.000302086
8.69 0 3.38758e-05 7.89336e-05 0.000126899 0.000174914 0.000220543 0.000261699 0.000296888
8.7 0 3.36146e-05 7.80926e-05 0.000125094 0.00017178 0.000215855 0.000255455 0.000289332
8.71 0 3.30217e-05 7.65295e-05 0.000122202 0.000167231 0.000209463 0.000247262 0.000279613
8.72 0 3.20328e-05 7.41243e-05 0.000118092 0.000161178 0.000201364 0.000237212 0.000267907
8.73 0 3.06143e-05 7.08064e-05 0.000112684 0.000153574 0.000191573 0.000225396 0.000254364
8.74 0 2.87643e-05 6.6567e-05 0.000105969 0.000144425 0.000180133 0.000211895 0.000239097
8.75 0 2.6498e-05 6.1444e-05 9.79964e-05 0.000133786 0.000167099 0.000196768 0.000222168
8.76 0 2.38449e-05 5.55091e-05 8.88622e-05 0.000121746 0.000152534 0.000180041 0.000203577
8.77 0 2.08495e-05 4.88572e-05 7.8691e-05 0.000108419 0.000136501 0.00016172 0.000183279
8.78 0 1.75749e-05 4.16043e-05 6.76249e-05 9.39316e-05 0.000119071 0.000141797 0.000161205
8.79 0 1.41002e-05 3.38867e-05 5.58186e-05 7.84183e-05 0.000100324 0.000120279 0.000137299
8.8 0 1.05096e-05 2.58505e-05 4.34327e-05 6.20184e-05 8.03509e-05 9.71983e-05 0.000111541
8.81 0 6.88104e-06 1.76365e-05 3.06259e-05 4.48741e-05 5.92618e-05 7.26275e-05 8.39742e-05
8.82 0 3.27031e-06 9.35702e-06 1.75371e-05 2.7122e-05 3.71806e-05 4.66808e-05 5.47087e-05
8.83 0 -2.955e-07 1.07979e-06 4.26923e-06 8.88579e-06 1.42445e-05 1.95122e-05 2.39171e-05
8.84 0 -3.81205e-06 -7.16948e-06 -9.113e-06 -9.72452e-06 -9.39214e-06 -8.68091e-06 -8.1651e-06
8.85 0 -7.2927e-06 -1.53998e-05 -2.25804e-05 -2.86147e-05 -3.35619e-05 -3.76641e-05 -4.12487e-05
8.86 0 -1.07578e-05 -2.36371e-05 -3.61237e-05 -4.77001e-05 -5.80859e-05 -6.71703e-05 -7.49972e-05
8.87 0 -1.42324e-05 -3.19108e-05 -4.97394e-05 -6.69008e-05 -8.27812e-05 -9.69141e-05 -0.000109043
8.88 0 -1.77531e-05 -4.02601e-05 -6.34325e-05 -8.61508e-05 -0.000107482 -0.000126622 -0.000143025
8.89 0 -2.13484e-05 -4.8716e-05 -7.72004e-05 -0.000105384 -0.000132032 -0.000156041 -0.000176602
8.9 0 -2.50035e-05 -5.72572e-05 -9.09904e-05 -0.000124492 -0.000156254 -0.00018491 -0.000209443
8.91 0 -2.86542e-05 -6.57822e-05 -0.00010467 -0.000143301 -0.000179919 -0.000212945 -0.000241218
8.92 0 -3.22148e-05 -7.41264e-05 -0.000118031 -0.000161569 -0.000202754 -0.000239849 -0.000271604
8.93 0 -3.55962e-05 -8.20916e-05 -0.000130808 -0.000179 -0.000224454 -0.000265316 -0.000300295
8.94 0 -3.87012e-05 -8.94616e-05 -0.000142692 -0.000195251 -0.00024468 -0.000289025 -0.000326986
8.95 0 -4.14356e-05 -9.60254e-05 -0.000153373 -0.000209959 -0.000263074 -0.000310646 -0.000351364
8.96 0 -4.37319e-05 -0.000101613 -0.000162585 -0.000222801 -0.000279298 -0.000329858 -0.000373121
8.97 0 -4.55514e-05 -0.000106112 -0.000170135 -0.000233517 -0.000293061 -0.000346363 -0.000391953
8.98 0 -4.68786e-05 -0.000109469 -0.000175914 -0.000241935 -0.000304132 -0.000359888 -0.000407558
8.99 0 -4.77165e-05 -0.000111682 -0.000179891 -0.000247969 -0.000312351 -0.000370196 -0.000419637
9 0 -4.80689e-05 -0.000112771 -0.000182077 -0.000251583 -0.000317597 -0.000377067 -0.000427885
9.01 0 -4.79343e-05 -0.00011275 -0.000182494 -0.000252759 -0.000319771 -0.000380294 -0.000432003
9.02 0 -4.73119e-05 -0.000111626 -0.000181147 -0.000251474 -0.000318774 -0.000379684 -0.000431712
9.03 0 -4.61997e-05 -0.000109386 -0.00017801 -0.00024767 -0.000314496 -0.000375055 -0.000426768
9.04 0 -4.46018e-05 -0.000106016 -0.000173037 -0.000241268 -0.000306821 -0.000366257 -0.000416993
9.05 0 -4.25318e-05 -0.000101506 -0.000166178 -0.000232183 -0.00029565 -0.000353189 -0.000402287
9.06 0 -4.0007e-05 -9.58623e-05 -0.000157399 -0.000220353 -0.000280922 -0.000335818 -0.000382637
9.07 0 -3.7061e-05 -8.91204e-05 -0.000146722 -0.000205787 -0.000262661 -0.000314201 -0.00035814
9.08 0 -3.37488e-05 -8.13672e-05 -0.000134247 -0.000188601 -0.000241009 -0.000288521 -0.000329014
9.09 0 -3.01174e-05 -7.27129e-05 -0.000120138 -0.000169006 -0.000216216 -0.000259064 -0.000295575
9.1 0 -2.61818e-05 -6.32508e-05 -0.00010458 -0.000147262 -0.000188598 -0.00022618 -0.000258205
9.11 0 -2.19377e-05 -5.3045e-05 -8.77479e-05 -0.000123649 -0.000158507 -0.000190265 -0.000217333
9.12 0 -1.73782e-05 -4.21368e-05 -6.97911e-05 -9.84329e-05 -0.0001263 -0.000151739 -0.000173427
9.13 0 -1.2495e-05 -3.05475e-05 -5.08137e-05 -7.18329e-05 -9.23066e-05 -0.000111018 -0.000126972
9.14 0 -7.2883e-06 -1.82968e-05 -3.08889e-05 -4.40182e-05 -5.68127e-05 -6.85013e-05 -7.84621e-05
9.15 0 -1.7814e-06 -5.42652e-06 -1.00913e-05 -1.51357e-05 -2.00799e-05 -2.45799e-05 -2.83939e-05
9.16 0 3.98414e-06 7.99174e-06 1.14808e-05 1.46625e-05 1.76404e-05 2.03703e-05 2.27466e-05
9.17 0 9.96127e-06 2.1864e-05 3.36973e-05 4.52002e-05 5.6095e-05 6.59933e-05 7.45107e-05
9.18 0 1.61054e-05 3.60849e-05 5.63988e-05 7.62689e-05 9.502e-05 0.00011196 0.000126508
9.19 0 2.23703e-05 5.05399e-05 7.93996e-05 0.000107627 0.000134137 0.000157968 0.000178412
9.2 0 2.86965e-05 6.50952e-05 0.000102487 0.000139001 0.00017315 0.000203726 0.000229939
9.21 0 3.50075e-05 7.95903e-05 0.000125422 0.000170099 0.000211753 0.000248951 0.000280832
9.22 0 4.12142e-05 9.38418e-05 0.000147951 0.000200622 0.000249642 0.000293359 0.000330826
9.23 0 4.72227e-05 0.000107656 0.000169813 0.000230281 0.000286521 0.000336663 0.000379643
9.24 0 5.29418e-05 0.000120848 0.000190763 0.000258802 0.000322105 0.00037857 0.000426974
9.25 0 5.82995e-05 0.000133263 0.000210587 0.000285941 0.000356129 0.000418782 0.000472489
9.26 0 6.32635e-05 0.000144812 0.000229143 0.000311508 0.000388357 0.000457018 0.000515863
9.27 0 6.7834e-05 0.000155472 0.000246358 0.000335369 0.00041859 0.000493018 0.000556785
9.28 0 7.20246e-05 0.000165258 0.000262211 0.000357432 0.000446655 0.000526535 0.000594949
9.29 0 7.58557e-05 0.000174205 0.000276711 0.000377638 0.000472403 0.000557338 0.000630064
9.3 0 7.9343e-05 0.000182341 0.00028987 0.000395941 0.000495707 0.000585216 0.000661848
9.31 0 8.24886e-05 0.000189667 0.000301674 0.000412289 0.000516447 0.000609971 0.000690041
9.32 0 8.52845e-05 0.00019616 0.000312083 0.000426613 0.00053451 0.000631432 0.000714413
9.33 0 8.7717e-05 0.00020178 0.000321034 0.000438833 0.000549791 0.000649458 0.000734793
9.34 0 8.97721e-05 0.000206484 0.000328456 0.000448862 0.000562198 0.000663954 0.00075108
9.35 0 9.14418e-05 0.000210241 0.000334291 0.000456631 0.000571669 0.000674878 0.000763249
9.36 0 9.27181e-05 0.000213027 0.000338503 0.000462096 0.00057818 0.000682245 0.000771351
9.37 0 9.35763e-05 0.000214811 0.000341054 0.000465232 0.000581731 0.000686097 0.000775468
9.38 0 9.39714e-05 0.000215532 0.000341898 0.000466015 0.000582336 0.000686489 0.000775692
9.39 0 9.38592e-05 0.000215126 0.000340986 0.000464433 0.000580022 0.000683485 0.000772114
9.4 0 9.32224e-05 0.000213551 0.000338291 0.0004605 0.000574846 0.00067717 0.000764839
9.41 0 9.20681e-05 0.000210814 0.000333828 0.000454263 0.000566889 0.000667652 0.000753991
9.42 0 9.04207e-05 0.000206961 0.000327655 0.000445797 0.000556251 0.000655052 0.00073971
9.43 0 8.8322e-05 0.00020208 0.000319883 0.000435218 0.000543057 0.000639511 0.000722152
9.44 0 8.58222e-05 0.000196278 0.000310653 0.000422673 0.000527453 0.000621184 0.000701484
9.45 0 8.29678e-05 0.000189659 0.000300115 0.000408331 0.000509605 0.000600232 0.000677873
9.46 0 7.97923e-05 0.00018231 0.0002884 0.000392351 0.00048968 0.000576817 0.000651473
9.47 0 7.63171e-05 0.000174289 0.000275614 0.000374877 0.000467836 0.000551093 0.000622436
9.48 0 7.2567e-05 0.000165649 0.000261846 0.000356037 0.00044423 0.000523226 0.000590928
9.49 0 6.85743e-05 0.000156445 0.000247178 0.00033595 0.000419017 0.000493397 0.000557148
9.5 0 6.43795e-05 0.00014675 0.000231709 0.000314742 0.00039236 0.000461812 0.00052134
9.51 0 6.0028e-05 0.000136653 0.000215553 0.000292557 0.000364444 0.000428708 0.00048379
9.52 0 5.55592e-05 0.000126242 0.000198838 0.000269556 0.000335475 0.000394345 0.00044481
9.53 0 5.10038e-05 0.000115599 0.000181699 0.000245919 0.000305679 0.000359004 0.000404727
9.54 0 4.63875e-05 0.000104795 0.000164267 0.000221842 0.000275307 0.000322978 0.000363875
9.55 0 4.1732e-05 9.38956e-05 0.000146672 0.000197526 0.000244619 0.000286573 0.000322591
9.56 0 3.70525e-05 8.29568e-05 0.000129032 0.000173162 0.000213872 0.000250087 0.000281204
9.57 0 3.23637e-05 7.20315e-05 0.000111458 0.000148923 0.000183299 0.000213804 0.000240041
9.58 0 2.76868e-05 6.11756e-05 9.40508e-05 0.000124968 0.000153117 0.000177994 0.000199416
9.59 0 2.30446e-05 5.04445e-05 7.69039e-05 0.000101432 0.000123511 0.000142902 0.000159626
9.6 0 1.84521e-05 3.98808e-05 6.00886e-05 7.84201e-05 9.46329e-05 0.000108731 0.000120921
9.61 0 1.39167e-05 2.95105e-05 4.36544e-05 5.60114e-05 6.65988e-05 7.56417e-05 8.35006e-05
9.62 0 9.44533e-06 1.93498e-05 2.76354e-05 3.42646e-05 3.94965e-05 4.37496e-05 4.75048e-05
9.63 0 5.04216e-06 9.40727e-06 1.20521e-05 1.3219e-05 1.33837e-05 1.31267e-05 1.30151e-05
9.64 0 7.17572e-07 -3.01664e-07 -3.07392e-06 -7.0946e-06 -1.17026e-05 -1.61904e-05 -1.9934e-05
9.65 0 -3.50185e-06 -9.73833e-06 -1.77017e-05 -2.66378e-05 -3.57316e-05 -4.41826e-05 -5.13339e-05
9.66 0 -7.58625e-06 -1.88508e-05 -3.1778e-05 -4.53704e-05 -5.8683e-05 -7.08503e-05 -8.12018e-05
9.67 0 -1.15122e-05 -2.75899e-05 -4.525e-05 -6.32588e-05 -8.0552e-05 -9.62161e-05 -0.000109581
9.68 0 -1.52614e-05 -3.5917e-05 -5.80749e-05 -8.02787e-05 -0.000101347 -0.00012032 -0.000136535
9.69 0 -1.88195e-05 -4.38079e-05 -7.02269e-05 -9.64192e-05 -0.000121084 -0.00014321 -0.00016214
9.7 0 -2.21642e-05 -5.12365e-05 -8.16836e-05 -0.000111669 -0.000139775 -0.000164926 -0.000186456
9.71 0 -2.52691e-05 -5.81695e-05 -9.2419e-05 -0.00012601 -0.000157415 -0.000185482 -0.000209517
9.72 0 -2.8127e-05 -6.45894e-05 -0.000102419 -0.000139437 -0.000174003 -0.000204885 -0.000231338
9.73 0 -3.07449e-05 -7.04983e-05 -0.000111683 -0.000151951 -0.000189543 -0.000223134 -0.000251914
9.74 0 -3.31347e-05 -7.59137e-05 -0.000120222 -0.000163558 -0.000204034 -0.000240216 -0.00027122
9.75 0 -3.53246e-05 -8.08796e-05 -0.000128078 -0.000174286 -0.000217486 -0.000256125 -0.000289232
9.76 0 -3.73568e-05 -8.54657e-05 -0.000135324 -0.000184193 -0.000229934 -0.000270871 -0.000305942
9.77 0 -3.92737e-05 -8.97516e-05 -0.000142052 -0.000193357 -0.00024143 -0.00028448 -0.000321359
9.78 0 -4.11158e-05 -9.38196e-05 -0.000148365 -0.000201878 -0.000252051 -0.000297005 -0.000335517
9.79 0 -4.29311e-05 -9.77605e-05 -0.000154382 -0.000209882 -0.000261911 -0.000308542 -0.000348497
9.8 0 -4.4777e-05 -0.000101679 -0.000160241 -0.000217525 -0.000271174 -0.000319246 -0.000360451
9.81 0 -4.67031e-05 -0.000105679 -0.000166087 -0.000224986 -0.000280038 -0.000329327 -0.000371594
9.82 0 -4.87355e-05 -0.000109839 -0.000172049 -0.000232437 -0.000288715 -0.000339031 -0.0003822
9.83 0 -5.08803e-05 -0.000114205 -0.000178232 -0.000240042 -0.000297423 -0.000348627 -0.000392581
9.84 0 -5.313e-05 -0.000118793 -0.000184706 -0.00024794 -0.000306375 -0.000358397 -0.000403083
9.85 0 -5.54644e-05 -0.000123586 -0.0001915 -0.000256237 -0.000315762 -0.00036862 -0.000414056
9.86 0 -5.78537e-05 -0.000128549 -0.000198611 -0.000265001 -0.00032575 -0.000379554 -0.000425833
9.87 0 -6.02683e-05 -0.000133637 -0.000206016 -0.000274271 -0.000336467 -0.000391423 -0.000438717
9.88 0 -6.26778e-05 -0.000138805 -0.000213681 -0.000284062 -0.000348006 -0.000404404 -0.000452953
9.89 0 -6.50461e-05 -0.000143998 -0.000221559 -0.000294357 -0.000360402 -0.000418597 -0.000468697
9.9 0 -6.73432e-05 -0.000149166 -0.000229599 -0.00030512 -0.000373647 -0.000434027 -0.000486003
9.91 0 -6.95631e-05 -0.000154287 -0.000237769 -0.000316314 -0.0003877 -0.000450656 -0.000504836
9.92 0 -7.17146e-05 -0.000159361 -0.000246049 -0.000327894 -0.000402489 -0.000468379 -0.000525065
9.93 0 -7.38157e-05 -0.00016441 -0.000254436 -0.000339815 -0.000417912 -0.000487034 -0.000546474
9.94 0 -7.58949e-05 -0.000169472 -0.000262942 -0.000352029 -0.000433845 -0.000506414 -0.000568786
9.95 0 -7.79639e-05 -0.000174566 -0.000271559 -0.000364461 -0.000450116 -0.000526252 -0.000591655
9.96 0 -8.00027e-05 -0.000179657 -0.00028022 -0.000376972 -0.000466493 -0.000546214 -0.000614664
9.97 0 -8.19746e-05 -0.000184666 -0.000288793 -0.000389361 -0.000482681 -0.00056591 -0.000637343
9.98 0 -8.38195e-05 -0.000189454 -0.000297067 -0.000401345 -0.000498316 -0.000584895 -0.000659178
9.99 0 -8.54532e-05 -0.000193833 -0.000304756 -0.000412552 -0.000512959 -0.000602665 -0.000679604
10 0 -8.67908e-05 -0.000197593 -0.00031153 -0.000422564 -0.000526127 -0.000618688 -0.000698045
