0.01 0 9.34756e-09 1.11865e-08 1.13973e-08
0.02 0 3.31777e-08 4.38598e-08 4.58404e-08
0.03 0 4.34603e-08 7.04869e-08 7.85306e-08
0.04 0 1.49471e-08 5.20772e-08 7.06636e-08
0.05 0 -3.96712e-08 -1.79336e-08 7.54155e-09
0.06 0 -9.96608e-08 -1.2546e-07 -1.11187e-07
0.07 0 -1.58141e-07 -2.5405e-07 -2.77896e-07
0.08 0 -2.16891e-07 -3.90507e-07 -4.72728e-07
0.09 0 -2.78638e-07 -5.26556e-07 -6.68658e-07
0.1 0 -3.4209e-07 -6.54689e-07 -8.40783e-07
0.11 0 -4.01217e-07 -7.64469e-07 -9.73215e-07
0.12 0 -4.47269e-07 -8.43705e-07 -1.05976e-06
0.13 0 -4.72124e-07 -8.8305e-07 -1.10004e-06
0.14 0 -4.71675e-07 -8.79605e-07 -1.09543e-06
0.15 0 -4.47641e-07 -8.3711e-07 -1.04784e-06
0.16 0 -4.0663e-07 -7.63754e-07 -9.61164e-07
0.17 0 -3.56987e-07 -6.69736e-07 -8.43374e-07
0.18 0 -3.05608e-07 -5.65783e-07 -7.07128e-07
0.19 0 -2.56809e-07 -4.62514e-07 -5.68474e-07
0.2 0 -2.13329e-07 -3.70025e-07 -4.441e-07
0.21 0 -1.7794e-07 -2.97298e-07 -3.48268e-07
0.22 0 -1.54095e-07 -2.51477e-07 -2.90584e-07
0.23 0 -1.45178e-07 -2.37074e-07 -2.75166e-07
0.24 0 -1.53066e-07 -2.55236e-07 -3.01122e-07
0.25 0 -1.7716e-07 -3.03453e-07 -3.63751e-07
0.26 0 -2.14418e-07 -3.75943e-07 -4.55748e-07
0.27 0 -2.60207e-07 -4.64672e-07 -5.68034e-07
0.28 0 -3.09464e-07 -5.60684e-07 -6.90353e-07
0.29 0 -3.57688e-07 -6.55382e-07 -8.12028e-07
0.3 0 -4.01423e-07 -7.41418e-07 -9.23025e-07
0.31 0 -4.38211e-07 -8.13108e-07 -1.01509e-06
0.32 0 -4.6625e-07 -8.66463e-07 -1.08256e-06
0.33 0 -4.84179e-07 -8.99117e-07 -1.12259e-06
0.34 0 -4.91313e-07 -9.10467e-07 -1.13513e-06
0.35 0 -4.88052e-07 -9.0188e-07 -1.1226e-06
0.36 0 -4.75965e-07 -8.76594e-07 -1.08934e-06
0.37 0 -4.57377e-07 -8.39087e-07 -1.04086e-06
0.38 0 -4.34758e-07 -7.9418e-07 -9.83084e-07
0.39 0 -4.10368e-07 -7.4636e-07 -9.21707e-07
0.4 0 -3.86209e-07 -6.99537e-07 -8.61873e-07
0.41 0 -3.64006e-07 -6.56972e-07 -8.07866e-07
0.42 0 -3.45079e-07 -6.21148e-07 -7.62817e-07
0.43 0 -3.30273e-07 -5.93641e-07 -7.28583e-07
0.44 0 -3.19983e-07 -5.75091e-07 -7.05825e-07
0.45 0 -3.14221e-07 -5.65323e-07 -6.94216e-07
0.46 0 -3.12693e-07 -5.63557e-07 -6.92694e-07
0.47 0 -3.14771e-07 -5.68525e-07 -6.9961e-07
0.48 0 -3.19563e-07 -5.7858e-07 -7.12884e-07
0.49 0 -3.26245e-07 -5.92086e-07 -7.30423e-07
0.5 0 -3.34316e-07 -6.07807e-07 -7.50556e-07
0.51 0 -3.43412e-07 -6.24892e-07 -7.72075e-07
0.52 0 -3.5291e-07 -6.42448e-07 -7.93899e-07
0.53 0 -3.61707e-07 -6.59046e-07 -8.14569e-07
0.54 0 -3.68365e-07 -6.72561e-07 -8.31898e-07
0.55 0 -3.7151e-07 -6.80483e-07 -8.43012e-07
0.56 0 -3.701e-07 -6.80404e-07 -8.44704e-07
0.57 0 -3.63325e-07 -6.70227e-07 -8.33824e-07
0.58 0 -3.50413e-07 -6.48174e-07 -8.0767e-07
0.59 0 -3.3104e-07 -6.13325e-07 -7.64846e-07
0.6 0 -3.06218e-07 -5.66834e-07 -7.06584e-07
0.61 0 -2.78555e-07 -5.12721e-07 -6.37546e-07
0.62 0 -2.51455e-07 -4.573e-07 -5.65381e-07
0.63 0 -2.27951e-07 -4.07489e-07 -4.99133e-07
0.64 0 -2.09865e-07 -3.68815e-07 -4.46973e-07
0.65 0 -1.97476e-07 -3.43863e-07 -4.13815e-07
0.66 0 -1.89593e-07 -3.3157e-07 -3.99573e-07
0.67 0 -1.83877e-07 -3.27408e-07 -3.98699e-07
0.68 0 -1.77317e-07 -3.24332e-07 -4.01284e-07
0.69 0 -1.66799e-07 -3.14297e-07 -3.95481e-07
0.7 0 -1.49585e-07 -2.89945e-07 -3.70371e-07
0.71 0 -1.23763e-07 -2.46174e-07 -3.18501e-07
0.72 0 -8.89628e-08 -1.81625e-07 -2.37865e-07
0.73 0 -4.71735e-08 -9.98889e-08 -1.33108e-07
0.74 0 -2.78593e-09 -9.54467e-09 -1.53166e-08
0.75 0 3.86311e-08 7.76557e-08 1.00132e-07
0.76 0 7.21442e-08 1.49958e-07 1.97213e-07
0.77 0 9.4674e-08 1.98637e-07 2.63106e-07
0.78 0 1.05075e-07 2.19567e-07 2.90909e-07
0.79 0 1.03496e-07 2.13054e-07 2.80463e-07
0.8 0 9.08411e-08 1.82681e-07 2.37365e-07
0.81 0 6.86924e-08 1.34032e-07 1.70806e-07
0.82 0 3.9534e-08 7.38007e-08 9.11728e-08
0.83 0 6.81117e-09 9.14946e-09 8.21735e-09
0.84 0 -2.56221e-08 -5.31088e-08 -7.00728e-08
0.85 0 -5.45847e-08 -1.0769e-07 -1.38126e-07
0.86 0 -7.84825e-08 -1.51864e-07 -1.93107e-07
0.87 0 -9.73787e-08 -1.85618e-07 -2.34799e-07
0.88 0 -1.12154e-07 -2.10667e-07 -2.64891e-07
0.89 0 -1.23421e-07 -2.28884e-07 -2.85771e-07
0.9 0 -1.31012e-07 -2.41117e-07 -2.99293e-07
0.91 0 -1.34338e-07 -2.47083e-07 -3.06108e-07
0.92 0 -1.3339e-07 -2.46439e-07 -3.0608e-07
0.93 0 -1.29553e-07 -2.40231e-07 -2.99623e-07
0.94 0 -1.25083e-07 -2.31115e-07 -2.8856e-07
0.95 0 -1.21351e-07 -2.21719e-07 -2.75432e-07
0.96 0 -1.17624e-07 -2.12619e-07 -2.61862e-07
0.97 0 -1.11719e-07 -2.01902e-07 -2.47445e-07
0.98 0 -1.01834e-07 -1.86645e-07 -2.29902e-07
0.99 0 -8.7994e-08 -1.65118e-07 -2.06478e-07
1 0 -7.25607e-08 -1.38649e-07 -1.76387e-07
1.01 0 -5.99881e-08 -1.12663e-07 -1.43545e-07
1.02 0 -5.57552e-08 -9.62472e-08 -1.17844e-07
1.03 0 -6.44596e-08 -9.98093e-08 -1.13332e-07
1.04 0 -8.8218e-08 -1.31776e-07 -1.43839e-07
1.05 0 -1.26979e-07 -1.96629e-07 -2.18784e-07
1.06 0 -1.80731e-07 -2.9572e-07 -3.41783e-07
1.07 0 -2.51449e-07 -4.29784e-07 -5.12312e-07
1.08 0 -3.42596e-07 -6.004e-07 -7.284e-07
1.09 0 -4.5594e-07 -8.08298e-07 -9.87532e-07
1.1 0 -5.87549e-07 -1.04876e-06 -1.28405e-06
1.11 0 -7.25811e-07 -1.30698e-06 -1.60404e-06
1.12 0 -8.53523e-07 -1.55723e-06 -1.92151e-06
1.13 0 -9.5315e-07 -1.76751e-06 -2.19933e-06
1.14 0 -1.01158e-06 -1.90689e-06 -2.39555e-06
1.15 0 -1.02157e-06 -1.95173e-06 -2.47248e-06
1.16 0 -9.80779e-07 -1.88919e-06 -2.40579e-06
1.17 0 -8.90735e-07 -1.71872e-06 -2.19094e-06
1.18 0 -7.56354e-07 -1.45186e-06 -1.84443e-06
1.19 0 -5.85248e-07 -1.10967e-06 -1.39875e-06
1.2 0 -3.8736e-07 -7.18814e-07 -8.94059e-07
1.21 0 -1.75657e-07 -3.08698e-07 -3.71176e-07
1.22 0 3.31607e-08 8.98757e-08 1.31589e-07
1.23 0 2.1979e-07 4.45468e-07 5.78606e-07
1.24 0 3.65717e-07 7.28022e-07 9.36591e-07
1.25 0 4.5723e-07 9.12478e-07 1.17589e-06
1.26 0 4.87869e-07 9.82729e-07 1.274e-06
1.27 0 4.58483e-07 9.34329e-07 1.22024e-06
1.28 0 3.7557e-07 7.75033e-07 1.01973e-06
1.29 0 2.49211e-07 5.23342e-07 6.94403e-07
1.3 0 9.17019e-08 2.05913e-07 2.80445e-07
1.31 0 -8.28891e-08 -1.45326e-07 -1.77171e-07
1.32 0 -2.58895e-07 -4.96148e-07 -6.3119e-07
1.33 0 -4.19802e-07 -8.13145e-07 -1.03788e-06
1.34 0 -5.49723e-07 -1.0667e-06 -1.36084e-06
1.35 0 -6.34742e-07 -1.23279e-06 -1.5721e-06
1.36 0 -6.63574e-07 -1.29314e-06 -1.65095e-06
1.37 0 -6.28005e-07 -1.23458e-06 -1.58233e-06
1.38 0 -5.23537e-07 -1.0491e-06 -1.35637e-06
1.39 0 -3.50404e-07 -7.35148e-07 -9.6996e-07
1.4 0 -1.15212e-07 -3.00914e-07 -4.30826e-07
1.41 0 1.67476e-07 2.31665e-07 2.3704e-07
1.42 0 4.75477e-07 8.25137e-07 9.89893e-07
1.43 0 7.82038e-07 1.42931e-06 1.76574e-06
1.44 0 1.06042e-06 1.98845e-06 2.49181e-06
1.45 0 1.28785e-06 2.45037e-06 3.09625e-06
1.46 0 1.44756e-06 2.77417e-06 3.52038e-06
1.47 0 1.52907e-06 2.93495e-06 3.72799e-06
1.48 0 1.5282e-06 2.92521e-06 3.70943e-06
1.49 0 1.44746e-06 2.75441e-06 3.48055e-06
1.5 0 1.2974e-06 2.44797e-06 3.07848e-06
1.51 0 1.09773e-06 2.046e-06 2.55693e-06
1.52 0 8.75725e-07 1.60021e-06 1.98086e-06
1.53 0 6.6158e-07 1.16739e-06 1.42007e-06
1.54 0 4.82226e-07 8.00651e-07 9.41109e-07
1.55 0 3.56309e-07 5.40627e-07 5.98086e-07
1.56 0 2.91973e-07 4.0928e-07 4.23946e-07
1.57 0 2.87956e-07 4.08315e-07 4.25297e-07
1.58 0 3.35859e-07 5.21148e-07 5.81928e-07
1.59 0 4.21059e-07 7.15677e-07 8.49983e-07
1.6 0 5.22428e-07 9.46811e-07 1.16761e-06
1.61 0 6.13447e-07 1.16042e-06 1.46285e-06
1.62 0 6.66855e-07 1.30121e-06 1.66422e-06
1.63 0 6.61945e-07 1.32439e-06 1.71358e-06
1.64 0 5.90382e-07 1.20683e-06 1.5783e-06
1.65 0 4.57102e-07 9.52246e-07 1.25852e-06
1.66 0 2.77042e-07 5.88806e-07 7.87354e-07
1.67 0 7.03722e-08 1.61183e-07 2.23821e-07
1.68 0 -1.42204e-07 -2.80161e-07 -3.60616e-07
1.69 0 -3.42942e-07 -6.89425e-07 -8.98389e-07
1.7 0 -5.19115e-07 -1.03356e-06 -1.34039e-06
1.71 0 -6.64063e-07 -1.29707e-06 -1.66486e-06
1.72 0 -7.76836e-07 -1.48216e-06 -1.87789e-06
1.73 0 -8.61229e-07 -1.60495e-06 -2.00666e-06
1.74 0 -9.2551e-07 -1.69048e-06 -2.0898e-06
1.75 0 -9.81562e-07 -1.7672e-06 -2.16767e-06
1.76 0 -1.04154e-06 -1.8605e-06 -2.27348e-06
1.77 0 -1.11314e-06 -1.98589e-06 -2.42613e-06
1.78 0 -1.19699e-06 -2.14499e-06 -2.62697e-06
1.79 0 -1.28839e-06 -2.32728e-06 -2.86215e-06
1.8 0 -1.38274e-06 -2.5182e-06 -3.11114e-06
1.81 0 -1.48094e-06 -2.70964e-06 -3.3585e-06
1.82 0 -1.5897e-06 -2.90564e-06 -3.60264e-06
1.83 0 -1.71552e-06 -3.11819e-06 -3.85541e-06
1.84 0 -1.85763e-06 -3.35629e-06 -4.1327e-06
1.85 0 -2.00612e-06 -3.61684e-06 -4.44191e-06
1.86 0 -2.14645e-06 -3.88311e-06 -4.77322e-06
1.87 0 -2.26617e-06 -4.13071e-06 -5.09913e-06
1.88 0 -2.3591e-06 -4.33617e-06 -5.38243e-06
1.89 0 -2.42475e-06 -4.48315e-06 -5.58872e-06
1.9 0 -2.4646e-06 -4.56405e-06 -5.69724e-06
1.91 0 -2.47856e-06 -4.5784e-06 -5.70553e-06
1.92 0 -2.46466e-06 -4.53084e-06 -5.62682e-06
1.93 0 -2.42144e-06 -4.42983e-06 -5.48277e-06
1.94 0 -2.34979e-06 -4.28558e-06 -5.29416e-06
1.95 0 -2.25127e-06 -4.105e-06 -5.07173e-06
1.96 0 -2.12611e-06 -3.88773e-06 -4.81243e-06
1.97 0 -1.97481e-06 -3.62838e-06 -4.50431e-06
1.98 0 -1.80037e-06 -3.32273e-06 -4.13617e-06
1.99 0 -1.60701e-06 -2.97151e-06 -3.70417e-06
2 0 -1.39714e-06 -2.57941e-06 -3.21311e-06
2.01 0 -1.1705e-06 -2.1524e-06 -2.67387e-06
2.02 0 -9.25379e-07 -1.69503e-06 -2.09838e-06
2.03 0 -6.59119e-07 -1.20788e-06 -1.49295e-06
2.04 0 -3.67746e-07 -6.85609e-07 -8.5318e-07
2.05 0 -4.70857e-08 -1.18135e-07 -1.64437e-07
2.06 0 3.03181e-07 5.02981e-07 5.8956e-07
2.07 0 6.74901e-07 1.17475e-06 1.41313e-06
2.08 0 1.05118e-06 1.87632e-06 2.28776e-06
2.09 0 1.41143e-06 2.57102e-06 3.17053e-06
2.1 0 1.73828e-06 3.21631e-06 4.00338e-06
2.11 0 2.02288e-06 3.77748e-06 4.73067e-06
2.12 0 2.26509e-06 4.23736e-06 5.31688e-06
2.13 0 2.46736e-06 4.59537e-06 5.75384e-06
2.14 0 2.62738e-06 4.85792e-06 6.05457e-06
2.15 0 2.73648e-06 5.02883e-06 6.23916e-06
2.16 0 2.78521e-06 5.10666e-06 6.32193e-06
2.17 0 2.77101e-06 5.08916e-06 6.30627e-06
2.18 0 2.70215e-06 4.98017e-06 6.18934e-06
2.19 0 2.59559e-06 4.79386e-06 5.97282e-06
2.2 0 2.47045e-06 4.5536e-06 5.67234e-06
2.21 0 2.33982e-06 4.28494e-06 5.31785e-06
2.22 0 2.20477e-06 4.00504e-06 4.94213e-06
2.23 0 2.05454e-06 3.71467e-06 4.56407e-06
2.24 0 1.87389e-06 3.39834e-06 4.17762e-06
2.25 0 1.65197e-06 3.03205e-06 3.75287e-06
2.26 0 1.38639e-06 2.59318e-06 3.24801e-06
2.27 0 1.0802e-06 2.06653e-06 2.62539e-06
2.28 0 7.35171e-07 1.44449e-06 1.8632e-06
2.29 0 3.47946e-07 7.24319e-07 9.59035e-07
2.3 0 -8.59338e-08 -9.07193e-08 -7.16937e-08
2.31 0 -5.61581e-07 -9.83772e-07 -1.19664e-06
2.32 0 -1.05618e-06 -1.9152e-06 -2.36448e-06
2.33 0 -1.53019e-06 -2.82085e-06 -3.50348e-06
2.34 0 -1.93931e-06 -3.62309e-06 -4.52631e-06
2.35 0 -2.25079e-06 -4.25206e-06 -5.34554e-06
2.36 0 -2.45491e-06 -4.66774e-06 -5.89696e-06
2.37 0 -2.5626e-06 -4.86878e-06 -6.15863e-06
2.38 0 -2.58938e-06 -4.8805e-06 -6.15143e-06
2.39 0 -2.53837e-06 -4.73041e-06 -5.91976e-06
2.4 0 -2.39825e-06 -4.43105e-06 -5.50609e-06
2.41 0 -2.15841e-06 -3.98345e-06 -4.93654e-06
2.42 0 -1.82779e-06 -3.39613e-06 -4.22523e-06
2.43 0 -1.44132e-06 -2.70306e-06 -3.39247e-06
2.44 0 -1.04947e-06 -1.96656e-06 -2.48395e-06
2.45 0 -7.00112e-07 -1.26489e-06 -1.57851e-06
2.46 0 -4.25111e-07 -6.73551e-07 -7.78522e-07
2.47 0 -2.38189e-07 -2.50787e-07 -1.85973e-07
2.48 0 -1.41117e-07 -3.04887e-08 1.25682e-07
2.49 0 -1.28859e-07 -1.81861e-08 1.3432e-07
2.5 0 -1.8714e-07 -1.84875e-07 -1.18861e-07
2.51 0 -2.84442e-07 -4.59726e-07 -5.29443e-07
2.52 0 -3.6676e-07 -7.28877e-07 -9.4102e-07
2.53 0 -3.63544e-07 -8.48747e-07 -1.1674e-06
2.54 0 -2.04648e-07 -6.74303e-07 -1.02381e-06
2.55 0 1.62098e-07 -9.06459e-08 -3.59614e-07
2.56 0 7.60944e-07 9.64273e-07 9.14696e-07
2.57 0 1.58449e-06 2.48804e-06 2.80796e-06
2.58 0 2.59441e-06 4.41225e-06 5.23984e-06
2.59 0 3.72792e-06 6.61196e-06 8.04897e-06
2.6 0 4.90855e-06 8.9251e-06 1.10183e-05
2.61 0 6.05753e-06 1.11779e-05 1.39115e-05
2.62 0 7.1025e-06 1.32102e-05 1.65105e-05
2.63 0 7.98237e-06 1.48937e-05 1.86441e-05
2.64 0 8.65129e-06 1.61425e-05 2.02042e-05
2.65 0 9.08275e-06 1.69169e-05 2.11488e-05
2.66 0 9.26976e-06 1.72185e-05 2.14915e-05
2.67 0 9.22022e-06 1.70778e-05 2.12821e-05
2.68 0 8.95365e-06 1.6543e-05 2.05884e-05
2.69 0 8.50471e-06 1.56786e-05 1.9492e-05
2.7 0 7.92701e-06 1.45714e-05 1.80938e-05
2.71 0 7.28577e-06 1.3329e-05 1.6517e-05
2.72 0 6.6399e-06 1.20622e-05 1.48952e-05
2.73 0 6.02657e-06 1.0861e-05 1.33501e-05
2.74 0 5.45889e-06 9.77717e-06 1.19672e-05
2.75 0 4.93579e-06 8.82405e-06 1.07818e-05
2.76 0 4.45492e-06 7.98994e-06 9.78141e-06
2.77 0 4.02096e-06 7.25675e-06 8.92503e-06
2.78 0 3.64366e-06 6.61196e-06 8.16892e-06
2.79 0 3.32575e-06 6.04556e-06 7.48142e-06
2.8 0 3.04996e-06 5.53624e-06 6.83915e-06
2.81 0 2.77621e-06 5.03893e-06 6.20968e-06
2.82 0 2.45307e-06 4.48508e-06 5.53516e-06
2.83 0 2.03757e-06 3.79877e-06 4.73217e-06
2.84 0 1.51174e-06 2.9214e-06 3.71249e-06
2.85 0 8.88592e-07 1.83486e-06 2.41916e-06
2.86 0 2.07279e-07 5.74695e-07 8.62283e-07
2.87 0 -4.80375e-07 -7.73714e-07 -8.65713e-07
2.88 0 -1.12396e-06 -2.09381e-06 -2.60465e-06
2.89 0 -1.68264e-06 -3.2637e-06 -4.16624e-06
2.9 0 -2.12883e-06 -4.18372e-06 -5.38626e-06
2.91 0 -2.44965e-06 -4.79863e-06 -6.17011e-06
2.92 0 -2.64382e-06 -5.10469e-06 -6.5116e-06
2.93 0 -2.71637e-06 -5.13951e-06 -6.47907e-06
2.94 0 -2.67966e-06 -4.96675e-06 -6.18414e-06
2.95 0 -2.56145e-06 -4.66667e-06 -5.75244e-06
2.96 0 -2.40793e-06 -4.32988e-06 -5.30362e-06
2.97 0 -2.27459e-06 -4.04759e-06 -4.94013e-06
2.98 0 -2.21276e-06 -3.90077e-06 -4.74567e-06
2.99 0 -2.26193e-06 -3.95436e-06 -4.79051e-06
3 0 -2.44739e-06 -4.25546e-06 -5.13455e-06
3.01 0 -2.77995e-06 -4.83222e-06 -5.8227e-06
3.02 0 -3.2581e-06 -5.69297e-06 -6.87627e-06
3.03 0 -3.86833e-06 -6.8221e-06 -8.2824e-06
3.04 0 -4.5811e-06 -8.17122e-06 -9.9828e-06
3.05 0 -5.34845e-06 -9.65355e-06 -1.18688e-05
3.06 0 -6.10968e-06 -1.11507e-05 -1.37897e-05
3.07 0 -6.80549e-06 -1.25351e-05 -1.55783e-05
3.08 0 -7.39442e-06 -1.37018e-05 -1.70875e-05
3.09 0 -7.85839e-06 -1.45907e-05 -1.82227e-05
3.1 0 -8.19236e-06 -1.51855e-05 -1.89521e-05
3.11 0 -8.38967e-06 -1.54936e-05 -1.92925e-05
3.12 0 -8.43483e-06 -1.55231e-05 -1.928e-05
3.13 0 -8.30682e-06 -1.52686e-05 -1.89385e-05
3.14 0 -7.99163e-06 -1.47149e-05 -1.82652e-05
3.15 0 -7.49499e-06 -1.38536e-05 -1.72397e-05
3.16 0 -6.84475e-06 -1.2699e-05 -1.58498e-05
3.17 0 -6.08292e-06 -1.12961e-05 -1.4119e-05
3.18 0 -5.25421e-06 -9.71644e-06 -1.2122e-05
3.19 0 -4.39744e-06 -8.04757e-06 -9.97901e-06
3.2 0 -3.54566e-06 -6.38214e-06 -7.83325e-06
3.21 0 -2.73442e-06 -4.81311e-06 -5.82728e-06
3.22 0 -2.00639e-06 -3.42971e-06 -4.08304e-06
3.23 0 -1.4027e-06 -2.3049e-06 -2.68539e-06
3.24 0 -9.45884e-07 -1.47604e-06 -1.66934e-06
3.25 0 -6.29902e-07 -9.3186e-07 -1.01569e-06
3.26 0 -4.26483e-07 -6.18546e-07 -6.59709e-07
3.27 0 -3.03409e-07 -4.64815e-07 -5.13252e-07
3.28 0 -2.40788e-07 -4.11748e-07 -4.93229e-07
3.29 0 -2.36686e-07 -4.32632e-07 -5.47761e-07
3.3 0 -3.04013e-07 -5.38207e-07 -6.73713e-07
3.31 0 -4.60118e-07 -7.6574e-07 -9.15434e-07
3.32 0 -7.11043e-07 -1.15335e-06 -1.33806e-06
3.33 0 -1.04022e-06 -1.71117e-06 -1.98553e-06
3.34 0 -1.41209e-06 -2.40685e-06 -2.84662e-06
3.35 0 -1.78885e-06 -3.17425e-06 -3.84819e-06
3.36 0 -2.14458e-06 -3.93562e-06 -4.87533e-06
3.37 0 -2.46499e-06 -4.6205e-06 -5.80459e-06
3.38 0 -2.73777e-06 -5.17401e-06 -6.53553e-06
3.39 0 -2.9447e-06 -5.55694e-06 -7.00919e-06
3.4 0 -3.06217e-06 -5.74363e-06 -7.20865e-06
3.41 0 -3.06959e-06 -5.72234e-06 -7.14637e-06
3.42 0 -2.95876e-06 -5.49682e-06 -6.84769e-06
3.43 0 -2.73538e-06 -5.08279e-06 -6.33625e-06
3.44 0 -2.41205e-06 -4.49866e-06 -5.62561e-06
3.45 0 -2.00238e-06 -3.75961e-06 -4.7219e-06
3.46 0 -1.52174e-06 -2.88184e-06 -3.63643e-06
3.47 0 -9.8894e-07 -1.89065e-06 -2.39737e-06
3.48 0 -4.23716e-07 -8.22321e-07 -1.05128e-06
3.49 0 1.55396e-07 2.79761e-07 3.42686e-07
3.5 0 7.27172e-07 1.3668e-06 1.71755e-06
3.51 0 1.26196e-06 2.38245e-06 2.99985e-06
3.52 0 1.72173e-06 3.2619e-06 4.11087e-06
3.53 0 2.06767e-06 3.93746e-06 4.97109e-06
3.54 0 2.27074e-06 4.35108e-06 5.50971e-06
3.55 0 2.31873e-06 4.46792e-06 5.67733e-06
3.56 0 2.21706e-06 4.28468e-06 5.45856e-06
3.57 0 1.98551e-06 3.83064e-06 4.88038e-06
3.58 0 1.65291e-06 3.1618e-06 4.01166e-06
3.59 0 1.25058e-06 2.34928e-06 2.95045e-06
3.6 0 8.04455e-07 1.46227e-06 1.79938e-06
3.61 0 3.28073e-07 5.49195e-07 6.36129e-07
3.62 0 -1.78196e-07 -3.73934e-07 -5.0783e-07
3.63 0 -7.18684e-07 -1.31878e-06 -1.64748e-06
3.64 0 -1.2886e-06 -2.30283e-06 -2.82014e-06
3.65 0 -1.86451e-06 -3.32196e-06 -4.04762e-06
3.66 0 -2.40648e-06 -4.33396e-06 -5.30377e-06
3.67 0 -2.87215e-06 -5.26469e-06 -6.50632e-06
3.68 0 -3.23499e-06 -6.0351e-06 -7.54084e-06
3.69 0 -3.49505e-06 -6.59423e-06 -8.30631e-06
3.7 0 -3.6744e-06 -6.93851e-06 -8.75878e-06
3.71 0 -3.7992e-06 -7.10571e-06 -8.92784e-06
3.72 0 -3.88097e-06 -7.14872e-06 -8.89707e-06
3.73 0 -3.90956e-06 -7.10585e-06 -8.75902e-06
3.74 0 -3.86011e-06 -6.98225e-06 -8.56693e-06
3.75 0 -3.7087e-06 -6.75086e-06 -8.3087e-06
3.76 0 -3.44915e-06 -6.37286e-06 -7.91925e-06
3.77 0 -3.10284e-06 -5.82846e-06 -7.32716e-06
3.78 0 -2.71796e-06 -5.14466e-06 -6.51366e-06
3.79 0 -2.35817e-06 -4.40624e-06 -5.55342e-06
3.8 0 -2.08327e-06 -3.73991e-06 -4.61166e-06
3.81 0 -1.92863e-06 -3.27349e-06 -3.89206e-06
3.82 0 -1.89318e-06 -3.08693e-06 -3.55674e-06
3.83 0 -1.94441e-06 -3.18074e-06 -3.65742e-06
3.84 0 -2.03509e-06 -3.47541e-06 -4.10874e-06
3.85 0 -2.11562e-06 -3.83373e-06 -4.7092e-06
3.86 0 -2.13602e-06 -4.09188e-06 -5.19706e-06
3.87 0 -2.04427e-06 -4.091e-06 -5.31958e-06
3.88 0 -1.78836e-06 -3.70361e-06 -4.89091e-06
3.89 0 -1.32509e-06 -2.85326e-06 -3.82236e-06
3.9 0 -6.35233e-07 -1.5286e-06 -2.12644e-06
3.91 0 2.63206e-07 2.1121e-07 9.71391e-08
3.92 0 1.3152e-06 2.24688e-06 2.68723e-06
3.93 0 2.43852e-06 4.41897e-06 5.44589e-06
3.94 0 3.53243e-06 6.54358e-06 8.15099e-06
3.95 0 4.48677e-06 8.42372e-06 1.0563e-05
3.96 0 5.19763e-06 9.86582e-06 1.24402e-05
3.97 0 5.58379e-06 1.07027e-05 1.35643e-05
3.98 0 5.5936e-06 1.08136e-05 1.37679e-05
3.99 0 5.20218e-06 1.01338e-05 1.29547e-05
4 0 4.40924e-06 8.65876e-06 1.11124e-05
4.01 0 3.24602e-06 6.45066e-06 8.32205e-06
4.02 0 1.78878e-06 3.65117e-06 4.76671e-06
4.03 0 1.66663e-07 4.92369e-07 7.36052e-07
4.04 0 -1.44749e-06 -2.71078e-06 -3.38292e-06
4.05 0 -2.8674e-06 -5.59868e-06 -7.14194e-06
4.06 0 -3.93387e-06 -7.83182e-06 -1.00976e-05
4.07 0 -4.54786e-06 -9.16045e-06 -1.18954e-05
4.08 0 -4.6839e-06 -9.47502e-06 -1.23484e-05
4.09 0 -4.37992e-06 -8.81843e-06 -1.14788e-05
4.1 0 -3.71154e-06 -7.35729e-06 -9.50396e-06
4.11 0 -2.76803e-06 -5.32965e-06 -6.77188e-06
4.12 0 -1.6423e-06 -2.99296e-06 -3.67257e-06
4.13 0 -4.32762e-07 -5.88361e-07 -5.59464e-07
4.14 0 7.50894e-07 1.67274e-06 2.29247e-06
4.15 0 1.78691e-06 3.60448e-06 4.68308e-06
4.16 0 2.55507e-06 5.0418e-06 6.45826e-06
4.17 0 2.96369e-06 5.85008e-06 7.48793e-06
4.18 0 2.97405e-06 5.9472e-06 7.66936e-06
4.19 0 2.60672e-06 5.32435e-06 6.95436e-06
4.2 0 1.92804e-06 4.05336e-06 5.3837e-06
4.21 0 1.03053e-06 2.28087e-06 3.11088e-06
4.22 0 2.22589e-08 2.17847e-07 4.04602e-07
4.23 0 -9.73891e-07 -1.87279e-06 -2.3743e-06
4.24 0 -1.82258e-06 -3.69695e-06 -4.81966e-06
4.25 0 -2.39291e-06 -4.96969e-06 -6.546e-06
4.26 0 -2.58994e-06 -5.47444e-06 -7.2638e-06
4.27 0 -2.38431e-06 -5.12131e-06 -6.84548e-06
4.28 0 -1.81932e-06 -3.97352e-06 -5.35781e-06
4.29 0 -9.86824e-07 -2.2214e-06 -3.04104e-06
4.3 0 1.49267e-08 -1.11366e-07 -2.34346e-07
4.31 0 1.11409e-06 2.13444e-06 2.72579e-06
4.32 0 2.26938e-06 4.36745e-06 5.59224e-06
4.33 0 3.44984e-06 6.51407e-06 8.24477e-06
4.34 0 4.61094e-06 8.54078e-06 1.06677e-05
4.35 0 5.68344e-06 1.04083e-05 1.28817e-05
4.36 0 6.5798e-06 1.20384e-05 1.48646e-05
4.37 0 7.21293e-06 1.33064e-05 1.65007e-05
4.38 0 7.51931e-06 1.40648e-05 1.75886e-05
4.39 0 7.47693e-06 1.41889e-05 1.7907e-05
4.4 0 7.1072e-06 1.36218e-05 1.73058e-05
4.41 0 6.46101e-06 1.23986e-05 1.57759e-05
4.42 0 5.60007e-06 1.06406e-05 1.34683e-05
4.43 0 4.58236e-06 8.52325e-06 1.06519e-05
4.44 0 3.4601e-06 6.2343e-06 7.63484e-06
4.45 0 2.29023e-06 3.94548e-06 4.68992e-06
4.46 0 1.14316e-06 1.79963e-06 2.01032e-06
4.47 0 9.77644e-08 -9.25258e-08 -2.95541e-07
4.48 0 -7.78561e-07 -1.65702e-06 -2.1847e-06
4.49 0 -1.45052e-06 -2.86196e-06 -3.65344e-06
4.5 0 -1.91678e-06 -3.71133e-06 -4.71227e-06
4.51 0 -2.19402e-06 -4.22605e-06 -5.36954e-06
4.52 0 -2.30038e-06 -4.4265e-06 -5.62968e-06
4.53 0 -2.24969e-06 -4.32822e-06 -5.50248e-06
4.54 0 -2.0549e-06 -3.95001e-06 -5.01415e-06
4.55 0 -1.73516e-06 -3.32661e-06 -4.21456e-06
4.56 0 -1.32187e-06 -2.51731e-06 -3.18026e-06
4.57 0 -8.58677e-07 -1.60473e-06 -2.01214e-06
4.58 0 -3.9481e-07 -6.83698e-07 -8.26595e-07
4.59 0 2.27045e-08 1.52105e-07 2.56741e-07
4.6 0 3.54823e-07 8.21427e-07 1.12907e-06
4.61 0 5.74364e-07 1.26433e-06 1.70702e-06
4.62 0 6.66469e-07 1.44686e-06 1.94275e-06
4.63 0 6.2705e-07 1.36157e-06 1.82706e-06
4.64 0 4.62641e-07 1.0264e-06 1.38717e-06
4.65 0 1.91105e-07 4.82181e-07 6.80522e-07
4.66 0 -1.58753e-07 -2.1152e-07 -2.13612e-07
4.67 0 -5.49059e-07 -9.81573e-07 -1.20217e-06
4.68 0 -9.34049e-07 -1.74429e-06 -2.18211e-06
4.69 0 -1.25954e-06 -2.40463e-06 -3.03877e-06
4.7 0 -1.46684e-06 -2.8587e-06 -3.64656e-06
4.71 0 -1.50692e-06 -3.00976e-06 -3.88372e-06
4.72 0 -1.36035e-06 -2.79814e-06 -3.66394e-06
4.73 0 -1.05069e-06 -2.23222e-06 -2.97499e-06
4.74 0 -6.40013e-07 -1.40037e-06 -1.90389e-06
4.75 0 -2.05117e-07 -4.50003e-07 -6.28238e-07
4.76 0 1.92284e-07 4.5977e-07 6.30229e-07
4.77 0 5.22871e-07 1.20791e-06 1.67261e-06
4.78 0 7.87885e-07 1.74145e-06 2.38364e-06
4.79 0 1.00193e-06 2.07382e-06 2.75841e-06
4.8 0 1.17011e-06 2.25338e-06 2.87912e-06
4.81 0 1.27883e-06 2.32617e-06 2.85887e-06
4.82 0 1.30865e-06 2.3176e-06 2.78653e-06
4.83 0 1.25331e-06 2.23446e-06 2.69558e-06
4.84 0 1.12686e-06 2.075e-06 2.56472e-06
4.85 0 9.52915e-07 1.8341e-06 2.34116e-06
4.86 0 7.454e-07 1.50008e-06 1.96927e-06
4.87 0 4.99912e-07 1.05473e-06 1.41408e-06
4.88 0 2.02055e-07 4.83247e-07 6.7331e-07
4.89 0 -1.59137e-07 -2.14477e-07 -2.26809e-07
4.9 0 -5.85809e-07 -1.02355e-06 -1.24935e-06
4.91 0 -1.0751e-06 -1.92613e-06 -2.36766e-06
4.92 0 -1.62499e-06 -2.91533e-06 -3.57791e-06
4.93 0 -2.23333e-06 -3.99642e-06 -4.89466e-06
4.94 0 -2.89043e-06 -5.17184e-06 -6.33096e-06
4.95 0 -3.57851e-06 -6.42815e-06 -7.88096e-06
4.96 0 -4.28052e-06 -7.73762e-06 -9.51636e-06
4.97 0 -4.98587e-06 -9.06762e-06 -1.11926e-05
4.98 0 -5.68717e-06 -1.03869e-05 -1.28577e-05
4.99 0 -6.36995e-06 -1.16612e-05 -1.44572e-05
5 0 -7.00317e-06 -1.28413e-05 -1.59292e-05
5.01 0 -7.54001e-06 -1.3857e-05 -1.71987e-05
5.02 0 -7.92887e-06 -1.4623e-05 -1.81744e-05
5.03 0 -8.12526e-06 -1.50535e-05 -1.87539e-05
5.04 0 -8.09782e-06 -1.50755e-05 -1.88359e-05
5.05 0 -7.83214e-06 -1.46415e-05 -1.83413e-05
5.06 0 -7.33692e-06 -1.37452e-05 -1.72434e-05
5.07 0 -6.64795e-06 -1.24356e-05 -1.55916e-05
5.08 0 -5.82482e-06 -1.08198e-05 -1.35185e-05
5.09 0 -4.93963e-06 -9.0483e-06 -1.12225e-05
5.1 0 -4.06079e-06 -7.28337e-06 -8.92761e-06
5.11 0 -3.24036e-06 -5.66292e-06 -6.83348e-06
5.12 0 -2.51343e-06 -4.27938e-06 -5.07828e-06
5.13 0 -1.9057e-06 -3.17974e-06 -3.72618e-06
5.14 0 -1.44162e-06 -2.38138e-06 -2.78201e-06
5.15 0 -1.14856e-06 -1.89381e-06 -2.22542e-06
5.16 0 -1.05049e-06 -1.72949e-06 -2.04207e-06
5.17 0 -1.15068e-06 -1.89318e-06 -2.22944e-06
5.18 0 -1.41475e-06 -2.35545e-06 -2.77214e-06
5.19 0 -1.76969e-06 -3.03124e-06 -3.60454e-06
5.2 0 -2.12403e-06 -3.78277e-06 -4.58875e-06
5.21 0 -2.39261e-06 -4.44324e-06 -5.5205e-06
5.22 0 -2.50824e-06 -4.84503e-06 -6.16009e-06
5.23 0 -2.42038e-06 -4.84229e-06 -6.27875e-06
5.24 0 -2.08983e-06 -4.32609e-06 -5.70448e-06
5.25 0 -1.48923e-06 -3.23625e-06 -4.35362e-06
5.26 0 -6.12133e-07 -1.57308e-06 -2.24252e-06
5.27 0 5.16878e-07 5.96198e-07 5.20597e-07
5.28 0 1.83855e-06 3.14191e-06 3.75669e-06
5.29 0 3.26196e-06 5.88481e-06 7.23785e-06
5.3 0 4.67516e-06 8.61541e-06 1.0707e-05
5.31 0 5.96891e-06 1.11257e-05 1.39065e-05
5.32 0 7.06689e-06 1.32517e-05 1.6621e-05
5.33 0 7.94168e-06 1.49075e-05 1.87197e-05
5.34 0 8.60538e-06 1.6092e-05 2.01778e-05
5.35 0 9.08687e-06 1.68668e-05 2.1068e-05
5.36 0 9.41137e-06 1.73203e-05 2.15243e-05
5.37 0 9.59215e-06 1.75321e-05 2.16892e-05
5.38 0 9.63452e-06 1.75535e-05 2.16666e-05
5.39 0 9.5447e-06 1.74054e-05 2.14962e-05
5.4 0 9.33923e-06 1.70915e-05 2.11639e-05
5.41 0 9.05255e-06 1.66243e-05 2.06432e-05
5.42 0 8.73939e-06 1.60513e-05 1.99495e-05
5.43 0 8.46982e-06 1.54711e-05 1.91797e-05
5.44 0 8.31462e-06 1.50241e-05 1.85136e-05
5.45 0 8.32666e-06 1.48588e-05 1.81707e-05
5.46 0 8.52818e-06 1.50866e-05 1.83413e-05
5.47 0 8.90947e-06 1.57469e-05 1.91202e-05
5.48 0 9.43697e-06 1.67948e-05 2.04708e-05
5.49 0 1.00606e-05 1.81116e-05 2.22285e-05
5.5 0 1.07197e-05 1.95302e-05 2.41426e-05
5.51 0 1.1347e-05 2.08684e-05 2.59383e-05
5.52 0 1.18674e-05 2.1952e-05 2.73683e-05
5.53 0 1.21995e-05 2.26289e-05 2.82417e-05
5.54 0 1.22698e-05 2.27831e-05 2.84342e-05
5.55 0 1.20331e-05 2.23506e-05 2.78894e-05
5.56 0 1.14891e-05 2.13341e-05 2.6619e-05
5.57 0 1.0681e-05 1.98034e-05 2.47004e-05
5.58 0 9.67314e-06 1.78729e-05 2.22626e-05
5.59 0 8.52515e-06 1.56673e-05 1.94604e-05
5.6 0 7.28269e-06 1.3297e-05 1.64498e-05
5.61 0 5.98413e-06 1.08535e-05 1.33685e-05
5.62 0 4.66664e-06 8.41125e-06 1.03224e-05
5.63 0 3.3629e-06 6.02564e-06 7.37572e-06
5.64 0 2.09307e-06 3.72543e-06 4.55012e-06
5.65 0 8.63038e-07 1.51166e-06 1.83417e-06
5.66 0 -3.27286e-07 -6.29241e-07 -7.95782e-07
5.67 0 -1.47328e-06 -2.70451e-06 -3.35293e-06
5.68 0 -2.55686e-06 -4.69481e-06 -5.81948e-06
5.69 0 -3.54604e-06 -6.54719e-06 -8.13656e-06
5.7 0 -4.40898e-06 -8.19228e-06 -1.02173e-05
5.71 0 -5.13044e-06 -9.57397e-06 -1.19771e-05
5.72 0 -5.71694e-06 -1.06722e-05 -1.33664e-05
5.73 0 -6.19308e-06 -1.15119e-05 -1.43945e-05
5.74 0 -6.59154e-06 -1.21557e-05 -1.51351e-05
5.75 0 -6.942e-06 -1.26839e-05 -1.57055e-05
5.76 0 -7.26788e-06 -1.31761e-05 -1.62346e-05
5.77 0 -7.58713e-06 -1.36951e-05 -1.6828e-05
5.78 0 -7.91126e-06 -1.4276e-05 -1.75409e-05
5.79 0 -8.24752e-06 -1.49245e-05 -1.83735e-05
5.8 0 -8.60107e-06 -1.56256e-05 -1.92867e-05
5.81 0 -8.97041e-06 -1.63502e-05 -2.0223e-05
5.82 0 -9.34252e-06 -1.70609e-05 -2.11236e-05
5.83 0 -9.69566e-06 -1.77187e-05 -2.19409e-05
5.84 0 -1.00099e-05 -1.82933e-05 -2.26464e-05
5.85 0 -1.02787e-05 -1.87758e-05 -2.32362e-05
5.86 0 -1.05107e-05 -1.91808e-05 -2.37286e-05
5.87 0 -1.0715e-05 -1.95305e-05 -2.41492e-05
5.88 0 -1.08814e-05 -1.98244e-05 -2.45029e-05
5.89 0 -1.09745e-05 -2.00207e-05 -2.47528e-05
5.9 0 -1.09538e-05 -2.00492e-05 -2.48238e-05
5.91 0 -1.07982e-05 -1.98458e-05 -2.463e-05
5.92 0 -1.05122e-05 -1.93796e-05 -2.41058e-05
5.93 0 -1.01144e-05 -1.86572e-05 -2.32289e-05
5.94 0 -9.61978e-06 -1.77083e-05 -2.20247e-05
5.95 0 -9.02656e-06 -1.65597e-05 -2.05451e-05
5.96 0 -8.31717e-06 -1.52197e-05 -1.88379e-05
5.97 0 -7.4722e-06 -1.36785e-05 -1.69221e-05
5.98 0 -6.48291e-06 -1.19185e-05 -1.47805e-05
5.99 0 -5.35751e-06 -9.92726e-06 -1.23745e-05
6 0 -4.12524e-06 -7.71674e-06 -9.68155e-06
6.01 0 -2.83481e-06 -5.33917e-06 -6.73511e-06
6.02 0 -1.54489e-06 -2.89006e-06 -3.64306e-06
6.03 0 -3.17409e-07 -5.01137e-07 -5.82498e-07
6.04 0 7.851e-07 1.67539e-06 2.22826e-06
6.05 0 1.70071e-06 3.48732e-06 4.56945e-06
6.06 0 2.36573e-06 4.79636e-06 6.25131e-06
6.07 0 2.71547e-06 5.48573e-06 7.12988e-06
6.08 0 2.69338e-06 5.4673e-06 7.11071e-06
6.09 0 2.2677e-06 4.69439e-06 6.15104e-06
6.1 0 1.44944e-06 3.18118e-06 4.27015e-06
6.11 0 3.00612e-07 1.01938e-06 1.56646e-06
6.12 0 -1.07162e-06 -1.61755e-06 -1.7673e-06
6.13 0 -2.53278e-06 -4.48842e-06 -5.44453e-06
6.14 0 -3.94698e-06 -7.31931e-06 -9.11427e-06
6.15 0 -5.20119e-06 -9.85064e-06 -1.24184e-05
6.16 0 -6.2135e-06 -1.18751e-05 -1.5054e-05
6.17 0 -6.9268e-06 -1.32545e-05 -1.68173e-05
6.18 0 -7.30356e-06 -1.39228e-05 -1.76236e-05
6.19 0 -7.32657e-06 -1.3879e-05 -1.74973e-05
6.2 0 -7.00532e-06 -1.31795e-05 -1.65442e-05
6.21 0 -6.39165e-06 -1.19404e-05 -1.49323e-05
6.22 0 -5.58674e-06 -1.03419e-05 -1.28829e-05
6.23 0 -4.72181e-06 -8.6099e-06 -1.06578e-05
6.24 0 -3.92527e-06 -6.98115e-06 -8.5374e-06
6.25 0 -3.29382e-06 -5.65966e-06 -6.78512e-06
6.26 0 -2.88239e-06 -4.78669e-06 -5.60847e-06
6.27 0 -2.71544e-06 -4.43587e-06 -5.1319e-06
6.28 0 -2.79801e-06 -4.61989e-06 -5.38305e-06
6.29 0 -3.11827e-06 -5.29823e-06 -6.29642e-06
6.3 0 -3.65004e-06 -6.39037e-06 -7.74062e-06
6.31 0 -4.34967e-06 -7.78577e-06 -9.54988e-06
6.32 0 -5.14843e-06 -9.34651e-06 -1.15426e-05
6.33 0 -5.95814e-06 -1.09169e-05 -1.3534e-05
6.34 0 -6.68995e-06 -1.23431e-05 -1.53475e-05
6.35 0 -7.27074e-06 -1.34912e-05 -1.68234e-05
6.36 0 -7.65081e-06 -1.42601e-05 -1.78294e-05
6.37 0 -7.80617e-06 -1.45897e-05 -1.8275e-05
6.38 0 -7.73661e-06 -1.44651e-05 -1.8127e-05
6.39 0 -7.45981e-06 -1.39146e-05 -1.74159e-05
6.4 0 -7.00787e-06 -1.30053e-05 -1.6232e-05
6.41 0 -6.42652e-06 -1.18371e-05 -1.47127e-05
6.42 0 -5.77283e-06 -1.0532e-05 -1.30233e-05
6.43 0 -5.10756e-06 -9.21708e-06 -1.13315e-05
6.44 0 -4.48211e-06 -8.001e-06 -9.77912e-06
6.45 0 -3.92584e-06 -6.95132e-06 -8.45656e-06
6.46 0 -3.43932e-06 -6.07916e-06 -7.38436e-06
6.47 0 -2.99885e-06 -5.34097e-06 -6.51144e-06
6.48 0 -2.57073e-06 -4.65851e-06 -5.73392e-06
6.49 0 -2.12468e-06 -3.94659e-06 -4.92754e-06
6.5 0 -1.63678e-06 -3.13249e-06 -3.97886e-06
6.51 0 -1.08449e-06 -2.16162e-06 -2.80482e-06
6.52 0 -4.47698e-07 -1.00047e-06 -1.36381e-06
6.53 0 2.81469e-07 3.55893e-07 3.38873e-07
6.54 0 1.0874e-06 1.87345e-06 2.24984e-06
6.55 0 1.92945e-06 3.47691e-06 4.27274e-06
6.56 0 2.75839e-06 5.06915e-06 6.28861e-06
6.57 0 3.53041e-06 6.55498e-06 8.17679e-06
6.58 0 4.20454e-06 7.84867e-06 9.82306e-06
6.59 0 4.7412e-06 8.87562e-06 1.11272e-05
6.6 0 5.10379e-06 9.57178e-06 1.2008e-05
6.61 0 5.25873e-06 9.88086e-06 1.24016e-05
6.62 0 5.1748e-06 9.75227e-06 1.22536e-05
6.63 0 4.82101e-06 9.13684e-06 1.15099e-05
6.64 0 4.17335e-06 7.99166e-06 1.0118e-05
6.65 0 3.2302e-06 6.299e-06 8.04709e-06
6.66 0 2.02332e-06 4.0891e-06 5.31729e-06
6.67 0 6.23847e-07 1.46231e-06 2.03156e-06
6.68 0 -8.58656e-07 -1.39906e-06 -1.60052e-06
6.69 0 -2.29297e-06 -4.24633e-06 -5.27058e-06
6.7 0 -3.55391e-06 -6.80799e-06 -8.6179e-06
6.71 0 -4.54133e-06 -8.83878e-06 -1.12952e-05
6.72 0 -5.18408e-06 -1.01552e-05 -1.30308e-05
6.73 0 -5.43828e-06 -1.06538e-05 -1.36724e-05
6.74 0 -5.28828e-06 -1.03158e-05 -1.32024e-05
6.75 0 -4.74786e-06 -9.19958e-06 -1.17221e-05
6.76 0 -3.85704e-06 -7.42064e-06 -9.41077e-06
6.77 0 -2.6846e-06 -5.13589e-06 -6.48829e-06
6.78 0 -1.33143e-06 -2.5359e-06 -3.19525e-06
6.79 0 7.89979e-08 1.66233e-07 2.17283e-07
6.8 0 1.41324e-06 2.7435e-06 3.48625e-06
6.81 0 2.53849e-06 4.96197e-06 6.33248e-06
6.82 0 3.33549e-06 6.59504e-06 8.47077e-06
6.83 0 3.7155e-06 7.45082e-06 9.64283e-06
6.84 0 3.6358e-06 7.40746e-06 9.6669e-06
6.85 0 3.09723e-06 6.432e-06 8.47453e-06
6.86 0 2.13252e-06 4.57923e-06 6.12387e-06
6.87 0 8.08571e-07 1.98997e-06 2.80124e-06
6.88 0 -7.69941e-07 -1.11658e-06 -1.19682e-06
6.89 0 -2.46948e-06 -4.46565e-06 -5.50381e-06
6.9 0 -4.14199e-06 -7.75754e-06 -9.72938e-06
6.91 0 -5.64737e-06 -1.07088e-05 -1.35097e-05
6.92 0 -6.87637e-06 -1.30947e-05 -1.65548e-05
6.93 0 -7.75726e-06 -1.477e-05 -1.86743e-05
6.94 0 -8.2548e-06 -1.5672e-05 -1.97869e-05
6.95 0 -8.36957e-06 -1.58147e-05 -1.99162e-05
6.96 0 -8.12881e-06 -1.52697e-05 -1.91668e-05
6.97 0 -7.57193e-06 -1.41382e-05 -1.76856e-05
6.98 0 -6.74728e-06 -1.25328e-05 -1.5631e-05
6.99 0 -5.71428e-06 -1.05708e-05 -1.3156e-05
7 0 -4.53588e-06 -8.36344e-06 -1.03948e-05
7.01 0 -3.27074e-06 -6.00955e-06 -7.46029e-06
7.02 0 -1.96868e-06 -3.59312e-06 -4.44822e-06
7.03 0 -6.61799e-07 -1.17444e-06 -1.4327e-06
7.04 0 6.39578e-07 1.21718e-06 1.54205e-06
7.05 0 1.93306e-06 3.57248e-06 4.45636e-06
7.06 0 3.20952e-06 5.88427e-06 7.30233e-06
7.07 0 4.45723e-06 8.14424e-06 1.00798e-05
7.08 0 5.66447e-06 1.03406e-05 1.27867e-05
7.09 0 6.8139e-06 1.24497e-05 1.54019e-05
7.1 0 7.8852e-06 1.44363e-05 1.78821e-05
7.11 0 8.85961e-06 1.62585e-05 2.01685e-05
7.12 0 9.71707e-06 1.78688e-05 2.21928e-05
7.13 0 1.04314e-05 1.92131e-05 2.38824e-05
7.14 0 1.0975e-05 2.02384e-05 2.51701e-05
7.15 0 1.1331e-05 2.09079e-05 2.60103e-05
7.16 0 1.15018e-05 2.12167e-05 2.63928e-05
7.17 0 1.15096e-05 2.11968e-05 2.6351e-05
7.18 0 1.13774e-05 2.08985e-05 2.59461e-05
7.19 0 1.11149e-05 2.03639e-05 2.5242e-05
7.2 0 1.07273e-05 1.96229e-05 2.4294e-05
7.21 0 1.02275e-05 1.87012e-05 2.31448e-05
7.22 0 9.64512e-06 1.76362e-05 2.18342e-05
7.23 0 9.03402e-06 1.64972e-05 2.04249e-05
7.24 0 8.46066e-06 1.53848e-05 1.90177e-05
7.25 0 7.97741e-06 1.44035e-05 1.77377e-05
7.26 0 7.60598e-06 1.36302e-05 1.67035e-05
7.27 0 7.34358e-06 1.31003e-05 1.59964e-05
7.28 0 7.17994e-06 1.28132e-05 1.56418e-05
7.29 0 7.10047e-06 1.27358e-05 1.5598e-05
7.3 0 7.0774e-06 1.27985e-05 1.57572e-05
7.31 0 7.06642e-06 1.28982e-05 1.59657e-05
7.32 0 7.00886e-06 1.29081e-05 1.60509e-05
7.33 0 6.84055e-06 1.26975e-05 1.58467e-05
7.34 0 6.5077e-06 1.2158e-05 1.52201e-05
7.35 0 5.9807e-06 1.12273e-05 1.40912e-05
7.36 0 5.25225e-06 9.89067e-06 1.24369e-05
7.37 0 4.32242e-06 8.16073e-06 1.02745e-05
7.38 0 3.1941e-06 6.06208e-06 7.64557e-06
7.39 0 1.869e-06 3.61649e-06 4.59412e-06
7.4 0 3.38147e-07 8.24931e-07 1.13697e-06
7.41 0 -1.41232e-06 -2.33207e-06 -2.74411e-06
7.42 0 -3.39246e-06 -5.88455e-06 -7.09394e-06
7.43 0 -5.60406e-06 -9.85978e-06 -1.19642e-05
7.44 0 -8.03278e-06 -1.42607e-05 -1.738e-05
7.45 0 -1.06463e-05 -1.90501e-05 -2.33125e-05
7.46 0 -1.33985e-05 -2.41478e-05 -2.96673e-05
7.47 0 -1.62327e-05 -2.94359e-05 -3.62889e-05
7.48 0 -1.90853e-05 -3.47726e-05 -4.29828e-05
7.49 0 -2.18918e-05 -4.00127e-05 -4.95476e-05
7.5 0 -2.45831e-05 -4.5015e-05 -5.57951e-05
7.51 0 -2.70862e-05 -4.96469e-05 -6.15611e-05
7.52 0 -2.93384e-05 -5.37998e-05 -6.67191e-05
7.53 0 -3.12981e-05 -5.73995e-05 -7.11844e-05
7.54 0 -3.29475e-05 -6.04119e-05 -7.49151e-05
7.55 0 -3.42964e-05 -6.28483e-05 -7.79186e-05
7.56 0 -3.5373e-05 -6.47575e-05 -8.02487e-05
7.57 0 -3.62065e-05 -6.62037e-05 -8.19873e-05
7.58 0 -3.68127e-05 -6.72406e-05 -8.32169e-05
7.59 0 -3.71914e-05 -6.78954e-05 -8.39932e-05
7.6 0 -3.73388e-05 -6.81711e-05 -8.43347e-05
7.61 0 -3.72607e-05 -6.80643e-05 -8.42324e-05
7.62 0 -3.69768e-05 -6.75807e-05 -8.36706e-05
7.63 0 -3.65145e-05 -6.67429e-05 -8.265e-05
7.64 0 -3.58972e-05 -6.55852e-05 -8.11992e-05
7.65 0 -3.51282e-05 -6.4133e-05 -7.93604e-05
7.66 0 -3.41869e-05 -6.23848e-05 -7.71615e-05
7.67 0 -3.30393e-05 -6.03082e-05 -7.45921e-05
7.68 0 -3.16498e-05 -5.78449e-05 -7.15914e-05
7.69 0 -2.99912e-05 -5.49245e-05 -6.80586e-05
7.7 0 -2.80443e-05 -5.14778e-05 -6.38777e-05
7.71 0 -2.57941e-05 -4.74467e-05 -5.89479e-05
7.72 0 -2.32341e-05 -4.28007e-05 -5.32165e-05
7.73 0 -2.03727e-05 -3.75509e-05 -4.66987e-05
7.74 0 -1.72461e-05 -3.17674e-05 -3.94899e-05
7.75 0 -1.39289e-05 -2.55902e-05 -3.17701e-05
7.76 0 -1.05223e-05 -1.92147e-05 -2.3785e-05
7.77 0 -7.13745e-06 -1.28633e-05 -1.58165e-05
7.78 0 -3.88488e-06 -6.76048e-06 -8.15512e-06
7.79 0 -8.6644e-07 -1.11126e-06 -1.07079e-06
7.8 0 1.835e-06 3.9179e-06 5.21686e-06
7.81 0 4.16796e-06 8.21956e-06 1.05665e-05
7.82 0 6.11924e-06 1.17602e-05 1.49334e-05
7.83 0 7.72126e-06 1.45936e-05 1.83827e-05
7.84 0 9.0537e-06 1.68656e-05 2.10943e-05
7.85 0 1.02257e-05 1.87903e-05 2.3339e-05
7.86 0 1.13558e-05 2.06159e-05 2.54404e-05
7.87 0 1.25583e-05 2.25887e-05 2.77296e-05
7.88 0 1.3928e-05 2.49175e-05 3.04928e-05
7.89 0 1.55276e-05 2.77435e-05 3.39255e-05
7.9 0 1.73789e-05 3.11196e-05 3.81015e-05
7.91 0 1.94662e-05 3.50099e-05 4.29707e-05
7.92 0 2.17487e-05 3.93108e-05 4.83858e-05
7.93 0 2.4166e-05 4.38749e-05 5.41387e-05
7.94 0 2.66422e-05 4.85338e-05 5.99976e-05
7.95 0 2.90946e-05 5.31202e-05 6.57425e-05
7.96 0 3.14387e-05 5.7479e-05 7.1181e-05
7.97 0 3.35871e-05 6.14646e-05 7.61447e-05
7.98 0 3.54574e-05 6.49425e-05 8.04812e-05
7.99 0 3.69875e-05 6.78018e-05 8.40599e-05
8 0 3.81484e-05 6.99727e-05 8.67857e-05
8.01 0 3.89373e-05 7.14298e-05 8.86096e-05
8.02 0 3.93665e-05 7.21869e-05 8.95344e-05
8.03 0 3.9466e-05 7.22991e-05 8.96264e-05
8.04 0 3.92918e-05 7.18713e-05 8.9022e-05
8.05 0 3.89229e-05 7.1055e-05 8.79187e-05
8.06 0 3.84498e-05 7.00314e-05 8.65505e-05
8.07 0 3.79563e-05 6.89803e-05 8.51521e-05
8.08 0 3.75068e-05 6.80483e-05 8.39216e-05
8.09 0 3.71429e-05 6.73302e-05 8.29923e-05
8.1 0 3.68815e-05 6.68616e-05 8.24166e-05
8.11 0 3.67228e-05 6.66295e-05 8.21723e-05
8.12 0 3.6663e-05 6.65975e-05 8.21932e-05
8.13 0 3.66927e-05 6.6719e-05 8.23965e-05
8.14 0 3.6789e-05 6.69391e-05 8.26993e-05
8.15 0 3.69194e-05 6.72014e-05 8.30328e-05
8.16 0 3.70421e-05 6.74444e-05 8.33355e-05
8.17 0 3.70967e-05 6.75842e-05 8.35245e-05
8.18 0 3.70068e-05 6.75043e-05 8.34733e-05
8.19 0 3.66864e-05 6.70544e-05 8.30017e-05
8.2 0 3.60474e-05 6.60589e-05 8.18838e-05
8.21 0 3.50115e-05 6.43423e-05 7.98804e-05
8.22 0 3.35197e-05 6.17578e-05 7.67816e-05
8.23 0 3.15453e-05 5.82216e-05 7.24575e-05
8.24 0 2.91053e-05 5.3741e-05 6.69005e-05
8.25 0 2.62608e-05 4.8424e-05 6.02415e-05
8.26 0 2.31269e-05 4.24893e-05 5.27591e-05
8.27 0 1.9867e-05 3.62546e-05 4.4861e-05
8.28 0 1.66543e-05 3.00792e-05 3.70166e-05
8.29 0 1.36427e-05 2.43041e-05 2.96828e-05
8.3 0 1.09691e-05 1.92221e-05 2.32554e-05
8.31 0 8.75866e-06 1.50693e-05 1.80419e-05
8.32 0 7.11573e-06 1.20191e-05 1.42481e-05
8.33 0 6.11071e-06 1.01782e-05 1.19816e-05
8.34 0 5.76798e-06 9.57852e-06 1.12621e-05
8.35 0 6.04294e-06 1.01506e-05 1.20055e-05
8.36 0 6.81611e-06 1.17061e-05 1.4003e-05
8.37 0 7.92122e-06 1.39579e-05 1.69241e-05
8.38 0 9.17437e-06 1.65546e-05 2.0336e-05
8.39 0 1.03995e-05 1.91274e-05 2.37515e-05
8.4 0 1.14507e-05 2.1343e-05 2.6705e-05
8.41 0 1.22088e-05 2.29303e-05 2.88126e-05
8.42 0 1.25761e-05 2.36931e-05 2.98119e-05
8.43 0 1.24935e-05 2.35313e-05 2.959e-05
8.44 0 1.19571e-05 2.2457e-05 2.81871e-05
8.45 0 1.10189e-05 2.05884e-05 2.57722e-05
8.46 0 9.77638e-06 1.81278e-05 2.26082e-05
8.47 0 8.36745e-06 1.53413e-05 1.90281e-05
8.48 0 6.95631e-06 1.2535e-05 1.54118e-05
8.49 0 5.70922e-06 1.00228e-05 1.21532e-05
8.5 0 4.77135e-06 8.09284e-06 9.62222e-06
8.51 0 4.24687e-06 6.96984e-06 8.11918e-06
8.52 0 4.19166e-06 6.78853e-06 7.83467e-06
8.53 0 4.61611e-06 7.58283e-06 8.82587e-06
8.54 0 5.48795e-06 9.28703e-06 1.10101e-05
8.55 0 6.73253e-06 1.17434e-05 1.41756e-05
8.56 0 8.22768e-06 1.47073e-05 1.79985e-05
8.57 0 9.8089e-06 1.78612e-05 2.20707e-05
8.58 0 1.12909e-05 2.08476e-05 2.59408e-05
8.59 0 1.24937e-05 2.33116e-05 2.91598e-05
8.6 0 1.32737e-05 2.49545e-05 3.13393e-05
8.61 0 1.35429e-05 2.55772e-05 3.22052e-05
8.62 0 1.3268e-05 2.50955e-05 3.16305e-05
8.63 0 1.24726e-05 2.35491e-05 2.96562e-05
8.64 0 1.12374e-05 2.10983e-05 2.64913e-05
8.65 0 9.68618e-06 1.8e-05 2.24787e-05
8.66 0 7.9732e-06 1.45766e-05 1.80466e-05
8.67 0 6.27213e-06 1.11825e-05 1.36594e-05
8.68 0 4.75175e-06 8.15792e-06 9.75712e-06
8.69 0 3.54515e-06 5.77668e-06 6.6948e-06
8.7 0 2.74095e-06 4.21981e-06 4.70872e-06
8.71 0 2.37734e-06 3.56138e-06 3.89629e-06
8.72 0 2.43615e-06 3.76282e-06 4.20751e-06
8.73 0 2.85807e-06 4.6954e-06 5.47023e-06
8.74 0 3.54796e-06 6.15877e-06 7.41721e-06
8.75 0 4.37015e-06 7.88815e-06 9.70486e-06
8.76 0 5.16104e-06 9.57459e-06 1.19428e-05
8.77 0 5.7509e-06 1.08952e-05 1.37277e-05
8.78 0 5.99128e-06 1.15549e-05 1.46857e-05
8.79 0 5.77719e-06 1.13284e-05 1.45189e-05
8.8 0 5.05521e-06 1.00879e-05 1.30444e-05
8.81 0 3.82517e-06 7.81624e-06 1.02227e-05
8.82 0 2.1309e-06 4.59942e-06 6.15987e-06
8.83 0 5.28264e-08 6.10202e-07 1.08872e-06
8.84 0 -2.29185e-06 -3.90584e-06 -4.65922e-06
8.85 0 -4.75809e-06 -8.65441e-06 -1.06955e-05
8.86 0 -7.18333e-06 -1.33174e-05 -1.66127e-05
8.87 0 -9.40844e-06 -1.75875e-05 -2.20249e-05
8.88 0 -1.13119e-05 -2.12189e-05 -2.66193e-05
8.89 0 -1.28139e-05 -2.40467e-05 -3.01792e-05
8.9 0 -1.38534e-05 -2.59673e-05 -3.25715e-05
8.91 0 -1.43824e-05 -2.69198e-05 -3.37323e-05
8.92 0 -1.43877e-05 -2.68956e-05 -3.36695e-05
8.93 0 -1.39015e-05 -2.59493e-05 -3.24602e-05
8.94 0 -1.29855e-05 -2.41888e-05 -3.02346e-05
8.95 0 -1.1726e-05 -2.17698e-05 -2.71747e-05
8.96 0 -1.02417e-05 -1.8902e-05 -2.35301e-05
8.97 0 -8.66995e-06 -1.58353e-05 -1.9609e-05
8.98 0 -7.14982e-06 -1.28383e-05 -1.57552e-05
8.99 0 -5.8071e-06 -1.01723e-05 -1.23127e-05
9 0 -4.72964e-06 -8.04325e-06 -9.56524e-06
9.01 0 -3.95797e-06 -6.56702e-06 -7.68524e-06
9.02 0 -3.48976e-06 -5.75638e-06 -6.70573e-06
9.03 0 -3.27965e-06 -5.51906e-06 -6.50997e-06
9.04 0 -3.25201e-06 -5.68247e-06 -6.86073e-06
9.05 0 -3.31391e-06 -6.02864e-06 -7.45173e-06
9.06 0 -3.36303e-06 -6.32668e-06 -7.96258e-06
9.07 0 -3.31621e-06 -6.38528e-06 -8.13062e-06
9.08 0 -3.13103e-06 -6.09691e-06 -7.80704e-06
9.09 0 -2.78811e-06 -5.43075e-06 -6.95464e-06
9.1 0 -2.26899e-06 -4.39757e-06 -5.60971e-06
9.11 0 -1.56345e-06 -3.02952e-06 -3.84832e-06
9.12 0 -6.77335e-07 -1.3667e-06 -1.75109e-06
9.13 0 3.7808e-07 5.61649e-07 6.3376e-07
9.14 0 1.58736e-06 2.73818e-06 3.29538e-06
9.15 0 2.92533e-06 5.14472e-06 6.23682e-06
9.16 0 4.36492e-06 7.75876e-06 9.4544e-06
9.17 0 5.8888e-06 1.05569e-05 1.29282e-05
9.18 0 7.49262e-06 1.35186e-05 1.66232e-05
9.19 0 9.17502e-06 1.66225e-05 2.04942e-05
9.2 0 1.09211e-05 1.98339e-05 2.44857e-05
9.21 0 1.26973e-05 2.30981e-05 2.85319e-05
9.22 0 1.44572e-05 2.63421e-05 3.25559e-05
9.23 0 1.61525e-05 2.94841e-05 3.64682e-05
9.24 0 1.77399e-05 3.24418e-05 4.01688e-05
9.25 0 1.91907e-05 3.51484e-05 4.35628e-05
9.26 0 2.05046e-05 3.75754e-05 4.65938e-05
9.27 0 2.16965e-05 3.97317e-05 4.92553e-05
9.28 0 2.27777e-05 4.16457e-05 5.15819e-05
9.29 0 2.37551e-05 4.33552e-05 5.36379e-05
9.3 0 2.46315e-05 4.48944e-05 5.54915e-05
9.31 0 2.54071e-05 4.62837e-05 5.71884e-05
9.32 0 2.60875e-05 4.75343e-05 5.87455e-05
9.33 0 2.66857e-05 4.86526e-05 6.01564e-05
9.34 0 2.72198e-05 4.96472e-05 6.14099e-05
9.35 0 2.77116e-05 5.05377e-05 6.25121e-05
9.36 0 2.81765e-05 5.13499e-05 6.34912e-05
9.37 0 2.8607e-05 5.20937e-05 6.43746e-05
9.38 0 2.89707e-05 5.27462e-05 6.51609e-05
9.39 0 2.92328e-05 5.3261e-05 6.58135e-05
9.4 0 2.93804e-05 5.35959e-05 6.62768e-05
9.41 0 2.94156e-05 5.37214e-05 6.64882e-05
9.42 0 2.93403e-05 5.36176e-05 6.63943e-05
9.43 0 2.91534e-05 5.32756e-05 6.597e-05
9.44 0 2.88457e-05 5.26891e-05 6.5217e-05
9.45 0 2.83992e-05 5.18485e-05 6.41472e-05
9.46 0 2.77901e-05 5.07347e-05 6.27602e-05
9.47 0 2.69987e-05 4.93213e-05 6.10327e-05
9.48 0 2.60249e-05 4.7592e-05 5.89331e-05
9.49 0 2.48888e-05 4.55516e-05 5.64427e-05
9.5 0 2.36237e-05 4.32339e-05 5.35791e-05
9.51 0 2.22691e-05 4.07025e-05 5.04103e-05
9.52 0 2.08597e-05 3.80374e-05 4.70452e-05
9.53 0 1.94278e-05 3.53262e-05 4.36164e-05
9.54 0 1.80098e-05 3.26589e-05 4.02585e-05
9.55 0 1.66458e-05 3.01196e-05 3.70863e-05
9.56 0 1.53685e-05 2.77708e-05 3.41753e-05
9.57 0 1.41976e-05 2.56447e-05 3.15568e-05
9.58 0 1.31376e-05 2.37412e-05 2.92229e-05
9.59 0 1.21699e-05 2.20229e-05 2.71255e-05
9.6 0 1.12481e-05 2.04105e-05 2.51709e-05
9.61 0 1.03078e-05 1.87915e-05 2.32258e-05
9.62 0 9.28356e-06 1.70388e-05 2.11322e-05
9.63 0 8.11476e-06 1.50253e-05 1.87226e-05
9.64 0 6.75762e-06 1.2647e-05 1.58507e-05
9.65 0 5.1965e-06 9.84813e-06 1.24275e-05
9.66 0 3.43211e-06 6.6198e-06 8.43071e-06
9.67 0 1.47434e-06 2.99162e-06 3.90149e-06
9.68 0 -6.52335e-07 -9.71204e-07 -1.06258e-06
9.69 0 -2.90337e-06 -5.17069e-06 -6.32228e-06
9.7 0 -5.20102e-06 -9.46523e-06 -1.16967e-05
9.71 0 -7.4426e-06 -1.36753e-05 -1.69712e-05
9.72 0 -9.53383e-06 -1.76203e-05 -2.19282e-05
9.73 0 -1.13972e-05 -2.11396e-05 -2.63628e-05
9.74 0 -1.29724e-05 -2.4105e-05 -3.00994e-05
9.75 0 -1.42331e-05 -2.64467e-05 -3.30307e-05
9.76 0 -1.51885e-05 -2.81636e-05 -3.51407e-05
9.77 0 -1.58707e-05 -2.93156e-05 -3.65035e-05
9.78 0 -1.63351e-05 -3.00201e-05 -3.72772e-05
9.79 0 -1.66708e-05 -3.04554e-05 -3.76982e-05
9.8 0 -1.70018e-05 -3.08568e-05 -3.8067e-05
9.81 0 -1.74632e-05 -3.14852e-05 -3.8712e-05
9.82 0 -1.81731e-05 -3.2584e-05 -3.99446e-05
9.83 0 -1.922e-05 -3.4346e-05 -4.20214e-05
9.84 0 -2.06571e-05 -3.68911e-05 -4.51116e-05
9.85 0 -2.24935e-05 -4.02489e-05 -4.92661e-05
9.86 0 -2.46925e-05 -4.43539e-05 -5.44058e-05
9.87 0 -2.71788e-05 -4.90553e-05 -6.03324e-05
9.88 0 -2.98388e-05 -5.41244e-05 -6.67454e-05
9.89 0 -3.25189e-05 -5.92635e-05 -7.32618e-05
9.9 0 -3.50474e-05 -6.41386e-05 -7.94574e-05
9.91 0 -3.72658e-05 -6.8429e-05 -8.49209e-05
9.92 0 -3.90384e-05 -7.18572e-05 -8.92913e-05
9.93 0 -4.02627e-05 -7.42159e-05 -9.22943e-05
9.94 0 -4.0885e-05 -7.53921e-05 -9.37776e-05
9.95 0 -4.0882e-05 -7.53516e-05 -9.37009e-05
9.96 0 -4.02514e-05 -7.41184e-05 -9.21124e-05
9.97 0 -3.90266e-05 -7.17771e-05 -8.91391e-05
9.98 0 -3.72682e-05 -6.84546e-05 -8.49544e-05
9.99 0 -3.5053e-05 -6.43021e-05 -7.97509e-05
10 0 -3.24847e-05 -5.95021e-05 -7.37482e-05
