0.01 0 6.06812e-07 5.11581e-07 -3.67972e-07
0.02 0 1.60724e-06 1.99701e-06 1.36122e-06
0.03 0 3.012e-06 4.45603e-06 4.30534e-06
0.04 0 4.20076e-06 7.06654e-06 7.70652e-06
0.05 0 5.05427e-06 9.28941e-06 1.09386e-05
0.06 0 5.69108e-06 1.09418e-05 1.34961e-05
0.07 0 6.13327e-06 1.19473e-05 1.50054e-05
0.08 0 6.31666e-06 1.22436e-05 1.53329e-05
0.09 0 6.16045e-06 1.17866e-05 1.45582e-05
0.1 0 5.6335e-06 1.06114e-05 1.28819e-05
0.11 0 4.78767e-06 8.86357e-06 1.05502e-05
0.12 0 3.74858e-06 6.77536e-06 7.82895e-06
0.13 0 2.67333e-06 4.61222e-06 5.00199e-06
0.14 0 1.70357e-06 2.6248e-06 2.36414e-06
0.15 0 9.38558e-07 1.01792e-06 1.9322e-07
0.16 0 4.33573e-07 -6.48114e-08 -1.28964e-06
0.17 0 2.10747e-07 -5.47549e-07 -1.95578e-06
0.18 0 2.68285e-07 -4.22923e-07 -1.78579e-06
0.19 0 5.82427e-07 2.51483e-07 -8.64437e-07
0.2 0 1.10603e-06 1.36206e-06 6.41977e-07
0.21 0 1.76964e-06 2.75374e-06 2.51583e-06
0.22 0 2.48879e-06 4.24959e-06 4.51901e-06
0.23 0 3.17576e-06 5.67265e-06 6.41949e-06
0.24 0 3.75231e-06 6.86655e-06 8.01385e-06
0.25 0 4.15928e-06 7.71171e-06 9.14493e-06
0.26 0 4.36154e-06 8.13521e-06 9.71471e-06
0.27 0 4.34825e-06 8.11355e-06 9.69013e-06
0.28 0 4.1298e-06 7.66887e-06 9.10038e-06
0.29 0 3.73278e-06 6.8597e-06 8.02577e-06
0.3 0 3.19555e-06 5.76996e-06 6.58186e-06
0.31 0 2.56556e-06 4.49953e-06 4.90417e-06
0.32 0 1.89853e-06 3.15904e-06 3.1385e-06
0.33 0 1.2582e-06 1.86844e-06 1.43784e-06
0.34 0 7.13714e-07 7.55305e-07 -3.78998e-08
0.35 0 3.32386e-07 -5.2788e-08 -1.12725e-06
0.36 0 1.68438e-07 -4.44325e-07 -1.68329e-06
0.37 0 2.52115e-07 -3.44771e-07 -1.59929e-06
0.38 0 5.84011e-07 2.66004e-07 -8.35078e-07
0.39 0 1.13622e-06 1.34664e-06 5.66739e-07
0.4 0 1.8582e-06 2.79932e-06 2.48147e-06
0.41 0 2.68345e-06 4.48344e-06 4.71924e-06
0.42 0 3.53508e-06 6.23288e-06 7.05181e-06
0.43 0 4.33048e-06 7.87258e-06 9.24057e-06
0.44 0 4.98663e-06 9.23319e-06 1.10599e-05
0.45 0 5.42768e-06 1.01649e-05 1.23147e-05
0.46 0 5.59546e-06 1.05526e-05 1.28566e-05
0.47 0 5.46105e-06 1.03338e-05 1.26017e-05
0.48 0 5.03308e-06 9.51356e-06 1.15493e-05
0.49 0 4.35893e-06 8.17212e-06 9.79423e-06
0.5 0 3.51739e-06 6.45875e-06 7.52492e-06
0.51 0 2.60595e-06 4.57174e-06 5.00264e-06
0.52 0 1.72663e-06 2.72979e-06 2.52446e-06
0.53 0 9.73541e-07 1.141e-06 3.78485e-07
0.54 0 4.23076e-07 -2.42805e-08 -1.19797e-06
0.55 0 1.259e-07 -6.54134e-07 -2.04999e-06
0.56 0 9.9514e-08 -7.09395e-07 -2.12395e-06
0.57 0 3.23625e-07 -2.30064e-07 -1.47333e-06
0.58 0 7.42777e-07 6.70498e-07 -2.4926e-07
0.59 0 1.27904e-06 1.82765e-06 1.32714e-06
0.6 0 1.85047e-06 3.06001e-06 3.00742e-06
0.61 0 2.38638e-06 4.20423e-06 4.56237e-06
0.62 0 2.83466e-06 5.13881e-06 5.81898e-06
0.63 0 3.16165e-06 5.79212e-06 6.67788e-06
0.64 0 3.34761e-06 6.13569e-06 7.10805e-06
0.65 0 3.38213e-06 6.16991e-06 7.12512e-06
0.66 0 3.26262e-06 5.91045e-06 6.76597e-06
0.67 0 2.99566e-06 5.38122e-06 6.07143e-06
0.68 0 2.59878e-06 4.61429e-06 5.08233e-06
0.69 0 2.10083e-06 3.65405e-06 3.8471e-06
0.7 0 1.5413e-06 2.56273e-06 2.43464e-06
0.71 0 9.69116e-07 1.42454e-06 9.45247e-07
0.72 0 4.40872e-07 3.45661e-07 -4.86442e-07
0.73 0 1.63258e-08 -5.53125e-07 -1.70061e-06
0.74 0 -2.49585e-07 -1.15243e-06 -2.53395e-06
0.75 0 -3.15225e-07 -1.35449e-06 -2.84804e-06
0.76 0 -1.58786e-07 -1.10128e-06 -2.55631e-06
0.77 0 2.17509e-07 -3.86649e-07 -1.64304e-06
0.78 0 7.86602e-07 7.39853e-07 -1.70202e-07
0.79 0 1.49816e-06 2.17655e-06 1.72765e-06
0.8 0 2.28215e-06 3.7794e-06 3.85792e-06
0.81 0 3.05594e-06 5.37775e-06 5.99237e-06
0.82 0 3.73422e-06 6.79455e-06 7.89412e-06
0.83 0 4.23974e-06 7.86795e-06 9.34602e-06
0.84 0 4.51325e-06 8.47163e-06 1.01771e-05
0.85 0 4.5211e-06 8.53081e-06 1.0284e-05
0.86 0 4.2598e-06 8.03235e-06 9.64541e-06
0.87 0 3.75577e-06 7.02617e-06 8.32454e-06
0.88 0 3.06091e-06 5.61765e-06 6.46068e-06
0.89 0 2.24724e-06 3.95526e-06 4.25207e-06
0.9 0 1.40063e-06 2.21548e-06 1.93442e-06
0.91 0 6.11792e-07 5.84269e-07 -2.44584e-07
0.92 0 -3.36675e-08 -7.62533e-07 -2.05108e-06
0.93 0 -4.63217e-07 -1.67611e-06 -3.28719e-06
0.94 0 -6.2337e-07 -2.04726e-06 -3.80783e-06
0.95 0 -4.8307e-07 -1.81354e-06 -3.53051e-06
0.96 0 -3.44599e-08 -9.60762e-07 -2.43753e-06
0.97 0 7.07518e-07 4.79015e-07 -5.72701e-07
0.98 0 1.70558e-06 2.4306e-06 1.96423e-06
0.99 0 2.89593e-06 4.77274e-06 5.01689e-06
1 0 4.17378e-06 7.3188e-06 8.35264e-06
1.01 0 5.37736e-06 9.78746e-06 1.16276e-05
1.02 0 6.29284e-06 1.17943e-05 1.43674e-05
1.03 0 6.69607e-06 1.28987e-05 1.60064e-05
1.04 0 6.42243e-06 1.27141e-05 1.60078e-05
1.05 0 5.43222e-06 1.10441e-05 1.40386e-05
1.06 0 3.83352e-06 7.97907e-06 1.01249e-05
1.07 0 1.85032e-06 3.90194e-06 4.71016e-06
1.08 0 -2.40569e-07 -5.99363e-07 -1.42202e-06
1.09 0 -2.16955e-06 -4.869e-06 -7.32962e-06
1.1 0 -3.70801e-06 -8.31292e-06 -1.21261e-05
1.11 0 -4.67685e-06 -1.04835e-05 -1.51469e-05
1.12 0 -4.94863e-06 -1.11144e-05 -1.60276e-05
1.13 0 -4.45977e-06 -1.01252e-05 -1.47007e-05
1.14 0 -3.23979e-06 -7.62737e-06 -1.13631e-05
1.15 0 -1.44222e-06 -3.93848e-06 -6.45228e-06
1.16 0 6.56907e-07 4.22101e-07 -6.29754e-07
1.17 0 2.71143e-06 4.79353e-06 5.26986e-06
1.18 0 4.39063e-06 8.49415e-06 1.03538e-05
1.19 0 5.45907e-06 1.0968e-05 1.38416e-05
1.2 0 5.81826e-06 1.1904e-05 1.52408e-05
1.21 0 5.50324e-06 1.12888e-05 1.44624e-05
1.22 0 4.64851e-06 9.38222e-06 1.18295e-05
1.23 0 3.44643e-06 6.63618e-06 7.98052e-06
1.24 0 2.11357e-06 3.59052e-06 3.70584e-06
1.25 0 8.67163e-07 7.7534e-07 -2.21968e-07
1.26 0 -9.29324e-08 -1.36104e-06 -3.17438e-06
1.27 0 -6.03374e-07 -2.49544e-06 -4.73041e-06
1.28 0 -5.59536e-07 -2.45192e-06 -4.68854e-06
1.29 0 6.55074e-08 -1.20936e-06 -3.05102e-06
1.3 0 1.20763e-06 1.09515e-06 -8.5918e-09
1.31 0 2.69946e-06 4.15413e-06 4.0515e-06
1.32 0 4.26807e-06 7.47695e-06 8.52307e-06
1.33 0 5.56663e-06 1.0416e-05 1.25926e-05
1.34 0 6.25238e-06 1.22704e-05 1.53408e-05
1.35 0 6.08832e-06 1.24606e-05 1.59456e-05
1.36 0 5.01815e-06 1.07075e-05 1.39285e-05
1.37 0 3.17283e-06 7.12929e-06 9.33193e-06
1.38 0 8.12197e-07 2.20805e-06 2.74275e-06
1.39 0 -1.75959e-06 -3.35303e-06 -4.86143e-06
1.4 0 -4.26321e-06 -8.81457e-06 -1.23789e-05
1.41 0 -6.47675e-06 -1.35566e-05 -1.8856e-05
1.42 0 -8.23861e-06 -1.71647e-05 -2.36686e-05
1.43 0 -9.4429e-06 -1.94461e-05 -2.65719e-05
1.44 0 -1.00407e-05 -2.0399e-05 -2.7638e-05
1.45 0 -1.00395e-05 -2.01528e-05 -2.7129e-05
1.46 0 -9.48826e-06 -1.88948e-05 -2.53598e-05
1.47 0 -8.45409e-06 -1.68033e-05 -2.25936e-05
1.48 0 -7.00543e-06 -1.40121e-05 -1.89996e-05
1.49 0 -5.208e-06 -1.06137e-05 -1.46697e-05
1.5 0 -3.1323e-06 -6.69191e-06 -9.67409e-06
1.51 0 -8.67652e-07 -2.36681e-06 -4.1308e-06
1.52 0 1.46395e-06 2.16583e-06 1.73522e-06
1.53 0 3.70565e-06 6.61979e-06 7.56675e-06
1.54 0 5.68062e-06 1.06398e-05 1.28973e-05
1.55 0 7.21849e-06 1.3854e-05 1.72185e-05
1.56 0 8.18481e-06 1.59426e-05 2.00753e-05
1.57 0 8.50266e-06 1.66999e-05 2.11598e-05
1.58 0 8.15904e-06 1.60676e-05 2.03698e-05
1.59 0 7.20141e-06 1.41376e-05 1.7822e-05
1.6 0 5.73151e-06 1.1133e-05 1.38246e-05
1.61 0 3.8935e-06 7.37226e-06 8.81931e-06
1.62 0 1.85153e-06 3.21586e-06 3.30343e-06
1.63 0 -2.41584e-07 -9.97656e-07 -2.25739e-06
1.64 0 -2.27125e-06 -5.00991e-06 -7.50563e-06
1.65 0 -4.15749e-06 -8.65597e-06 -1.22182e-05
1.66 0 -5.81408e-06 -1.18101e-05 -1.62531e-05
1.67 0 -7.10312e-06 -1.42949e-05 -1.94376e-05
1.68 0 -7.82945e-06 -1.58232e-05 -2.14696e-05
1.69 0 -7.78864e-06 -1.60261e-05 -2.19074e-05
1.7 0 -6.83833e-06 -1.45588e-05 -2.02712e-05
1.71 0 -4.94766e-06 -1.12264e-05 -1.62135e-05
1.72 0 -2.21003e-06 -6.07568e-06 -9.68627e-06
1.73 0 1.16499e-06 5.63986e-07 -1.04758e-06
1.74 0 4.85822e-06 8.07956e-06 8.9158e-06
1.75 0 8.4415e-06 1.55995e-05 1.90378e-05
1.76 0 1.13989e-05 2.20594e-05 2.78877e-05
1.77 0 1.31934e-05 2.63347e-05 3.39536e-05
1.78 0 1.33781e-05 2.74408e-05 3.58917e-05
1.79 0 1.17169e-05 2.47644e-05 3.28129e-05
1.8 0 8.26102e-06 1.82471e-05 2.45332e-05
1.81 0 3.34375e-06 8.44498e-06 1.16954e-05
1.82 0 -2.49439e-06 -3.56085e-06 -4.29728e-06
1.83 0 -8.61089e-06 -1.63679e-05 -2.15293e-05
1.84 0 -1.43568e-05 -2.84954e-05 -3.79226e-05
1.85 0 -1.91401e-05 -3.8596e-05 -5.15782e-05
1.86 0 -2.24622e-05 -4.55962e-05 -6.10183e-05
1.87 0 -2.39378e-05 -4.8754e-05 -6.52844e-05
1.88 0 -2.33046e-05 -4.7649e-05 -6.39028e-05
1.89 0 -2.04604e-05 -4.21758e-05 -5.68192e-05
1.9 0 -1.55557e-05 -3.26237e-05 -4.44302e-05
1.91 0 -9.088e-06 -1.98226e-05 -2.77319e-05
1.92 0 -1.88882e-06 -5.20899e-06 -8.44665e-06
1.93 0 5.05058e-06 9.33823e-06 1.10688e-05
1.94 0 1.08476e-05 2.18972e-05 2.8228e-05
1.95 0 1.49474e-05 3.09776e-05 4.08233e-05
1.96 0 1.71914e-05 3.58568e-05 4.75914e-05
1.97 0 1.77414e-05 3.66545e-05 4.84936e-05
1.98 0 1.6946e-05 3.41664e-05 4.4611e-05
1.99 0 1.52205e-05 2.95592e-05 3.77178e-05
2 0 1.295e-05 2.40174e-05 2.96895e-05
2.01 0 1.04137e-05 1.84313e-05 2.19527e-05
2.02 0 7.74698e-06 1.32139e-05 1.51582e-05
2.03 0 4.95606e-06 8.3021e-06 9.16796e-06
2.04 0 1.99624e-06 3.34749e-06 3.3408e-06
2.05 0 -1.10946e-06 -1.96486e-06 -2.98758e-06
2.06 0 -4.17187e-06 -7.60426e-06 -1.00204e-05
2.07 0 -6.81363e-06 -1.30285e-05 -1.72035e-05
2.08 0 -8.52958e-06 -1.72296e-05 -2.32283e-05
2.09 0 -8.79096e-06 -1.89549e-05 -2.63195e-05
2.1 0 -7.1531e-06 -1.70133e-05 -2.46941e-05
2.11 0 -3.36915e-06 -1.06006e-05 -1.70694e-05
2.12 0 2.47526e-06 3.82344e-07 -3.13025e-06
2.13 0 9.85386e-06 1.50924e-05 1.61455e-05
2.14 0 1.78221e-05 3.17291e-05 3.84501e-05
2.15 0 2.52154e-05 4.78404e-05 6.05012e-05
2.16 0 3.0933e-05 6.08749e-05 7.87334e-05
2.17 0 3.41588e-05 6.87486e-05 9.00951e-05
2.18 0 3.44286e-05 7.01912e-05 9.26448e-05
2.19 0 3.15684e-05 6.47917e-05 8.57565e-05
2.2 0 2.56196e-05 5.28475e-05 6.99572e-05
2.21 0 1.68536e-05 3.52062e-05 4.66083e-05
2.22 0 5.8639e-06 1.32164e-05 1.76536e-05
2.23 0 -6.38697e-06 -1.1271e-05 -1.44922e-05
2.24 0 -1.8664e-05 -3.59883e-05 -4.70119e-05
2.25 0 -2.96759e-05 -5.84888e-05 -7.68416e-05
2.26 0 -3.83055e-05 -7.64858e-05 -0.000100984
2.27 0 -4.37472e-05 -8.81656e-05 -0.00011691
2.28 0 -4.55228e-05 -9.23645e-05 -0.000122906
2.29 0 -4.34509e-05 -8.86238e-05 -0.000118267
2.3 0 -3.76581e-05 -7.72088e-05 -0.000103351
2.31 0 -2.86341e-05 -5.91353e-05 -7.95514e-05
2.32 0 -1.7252e-05 -3.61491e-05 -4.9192e-05
2.33 0 -4.6882e-06 -1.0583e-05 -1.53224e-05
2.34 0 7.73495e-06 1.49067e-05 1.85826e-05
2.35 0 1.87055e-05 3.76372e-05 4.89739e-05
2.36 0 2.70192e-05 5.51354e-05 7.25496e-05
2.37 0 3.16425e-05 6.53041e-05 8.65146e-05
2.38 0 3.18019e-05 6.65838e-05 8.88077e-05
2.39 0 2.7129e-05 5.81727e-05 7.83527e-05
2.4 0 1.78318e-05 4.03045e-05 5.53634e-05
2.41 0 4.79873e-06 1.44751e-05 2.16281e-05
2.42 0 -1.04744e-05 -1.65634e-05 -1.94224e-05
2.43 0 -2.61435e-05 -4.91435e-05 -6.30297e-05
2.44 0 -4.03649e-05 -7.92986e-05 -0.000103827
2.45 0 -5.16039e-05 -0.000103467 -0.000136797
2.46 0 -5.88016e-05 -0.00011905 -0.000158153
2.47 0 -6.137e-05 -0.000124648 -0.00016585
2.48 0 -5.90648e-05 -0.000119936 -0.000159533
2.49 0 -5.18561e-05 -0.000105317 -0.000140059
2.5 0 -3.99583e-05 -8.16732e-05 -0.000108958
2.51 0 -2.4054e-05 -5.04549e-05 -6.82819e-05
2.52 0 -5.52339e-06 -1.40028e-05 -2.08742e-05
2.53 0 1.35876e-05 2.42535e-05 2.92464e-05
2.54 0 3.09179e-05 6.0029e-05 7.68583e-05
2.55 0 4.4276e-05 8.88343e-05 0.000116089
2.56 0 5.20295e-05 0.000106798 0.000141446
2.57 0 5.32902e-05 0.000111372 0.000148978
2.58 0 4.79402e-05 0.000101748 0.000137142
2.59 0 3.65955e-05 7.89767e-05 0.000107162
2.6 0 2.05446e-05 4.58142e-05 6.28082e-05
2.61 0 1.63558e-06 6.33008e-06 9.73591e-06
2.62 0 -1.79206e-05 -3.4662e-05 -4.54276e-05
2.63 0 -3.5806e-05 -7.22359e-05 -9.60064e-05
2.64 0 -4.98236e-05 -0.000101879 -0.000135997
2.65 0 -5.80775e-05 -0.000119849 -0.000160522
2.66 0 -5.92033e-05 -0.000123493 -0.00016617
2.67 0 -5.27088e-05 -0.000111703 -0.000151455
2.68 0 -3.92639e-05 -8.54114e-05 -0.000117371
2.69 0 -2.06875e-05 -4.77778e-05 -6.77219e-05
2.7 0 4.23365e-07 -3.80198e-06 -8.85908e-06
2.71 0 2.12471e-05 4.056e-05 5.12581e-05
2.72 0 3.92112e-05 7.94511e-05 0.000104454
2.73 0 5.22362e-05 0.000107973 0.00014371
2.74 0 5.88076e-05 0.000122684 0.000164133
2.75 0 5.80339e-05 0.000121815 0.00016338
2.76 0 4.97921e-05 0.000105366 0.000141674
2.77 0 3.4892e-05 7.51514e-05 0.000101625
2.78 0 1.50829e-05 3.46945e-05 4.79213e-05
2.79 0 -7.18474e-06 -1.11639e-05 -1.31503e-05
2.8 0 -2.91816e-05 -5.69253e-05 -7.44081e-05
2.81 0 -4.83484e-05 -9.72267e-05 -0.000128687
2.82 0 -6.26279e-05 -0.000127569 -0.000169807
2.83 0 -7.06387e-05 -0.000144833 -0.000193383
2.84 0 -7.17274e-05 -0.00014754 -0.00019731
2.85 0 -6.59589e-05 -0.00013587 -0.000181852
2.86 0 -5.40791e-05 -0.000111509 -0.000149383
2.87 0 -3.74414e-05 -7.73825e-05 -0.000103928
2.88 0 -1.789e-05 -3.7318e-05 -5.06309e-05
2.89 0 2.41042e-06 4.32352e-06 4.75649e-06
2.9 0 2.12159e-05 4.30698e-05 5.63889e-05
2.91 0 3.64792e-05 7.47995e-05 9.88587e-05
2.92 0 4.66004e-05 9.61949e-05 0.000127743
2.93 0 5.06037e-05 0.00010512 0.000140106
2.94 0 4.82168e-05 0.000100851 0.00013486
2.95 0 3.98548e-05 8.41241e-05 0.000112891
2.96 0 2.65539e-05 5.70237e-05 7.694e-05
2.97 0 9.87861e-06 2.27566e-05 3.12874e-05
2.98 0 -8.21886e-06 -1.46729e-05 -1.87228e-05
2.99 0 -2.55966e-05 -5.08784e-05 -6.72536e-05
3 0 -4.01541e-05 -8.15539e-05 -0.000108583
3.01 0 -5.00513e-05 -0.000102915 -0.000137676
3.02 0 -5.39299e-05 -0.000112122 -0.000150724
3.03 0 -5.11869e-05 -0.000107746 -0.000145722
3.04 0 -4.22122e-05 -9.02175e-05 -0.000123022
3.05 0 -2.8364e-05 -6.19426e-05 -8.556e-05
3.06 0 -1.15757e-05 -2.68234e-05 -3.84176e-05
3.07 0 6.2139e-06 1.07205e-05 1.23051e-05
3.08 0 2.3434e-05 4.67323e-05 6.0845e-05
3.09 0 3.88473e-05 7.81752e-05 0.000102716
3.1 0 5.12621e-05 0.000102768 0.000134859
3.11 0 5.93593e-05 0.000118568 0.000155173
3.12 0 6.18663e-05 0.000123806 0.000161971
3.13 0 5.8006e-05 0.000117196 0.000153914
3.14 0 4.79391e-05 9.8589e-05 0.000130575
3.15 0 3.28972e-05 6.95212e-05 9.32882e-05
3.16 0 1.49207e-05 3.32916e-05 4.57078e-05
3.17 0 -3.6171e-06 -5.51096e-06 -6.37609e-06
3.18 0 -2.04603e-05 -4.18419e-05 -5.59952e-05
3.19 0 -3.37385e-05 -7.10728e-05 -9.63786e-05
3.2 0 -4.20589e-05 -8.96558e-05 -0.000122228
3.21 0 -4.45377e-05 -9.55023e-05 -0.000130514
3.22 0 -4.087e-05 -8.81253e-05 -0.000120703
3.23 0 -3.14539e-05 -6.86414e-05 -9.4558e-05
3.24 0 -1.74851e-05 -3.96802e-05 -5.57744e-05
3.25 0 -8.90325e-07 -5.14391e-06 -9.53447e-06
3.26 0 1.59677e-05 3.02684e-05 3.80499e-05
3.27 0 3.07579e-05 6.17847e-05 8.07088e-05
3.28 0 4.16662e-05 8.54111e-05 0.000112998
3.29 0 4.7713e-05 9.86607e-05 0.000131282
3.3 0 4.87994e-05 0.000100912 0.000134397
3.31 0 4.55092e-05 9.32761e-05 0.000123695
3.32 0 3.87494e-05 7.80005e-05 0.000102378
3.33 0 2.93557e-05 5.75725e-05 7.42772e-05
3.34 0 1.78926e-05 3.39612e-05 4.2608e-05
3.35 0 4.82311e-06 8.44277e-06 9.3908e-06
3.36 0 -9.10331e-06 -1.79246e-05 -2.4192e-05
3.37 0 -2.26203e-05 -4.36262e-05 -5.68498e-05
3.38 0 -3.41028e-05 -6.63762e-05 -8.63607e-05
3.39 0 -4.19881e-05 -8.33754e-05 -0.000109421
3.4 0 -4.51728e-05 -9.19601e-05 -0.000122276
3.41 0 -4.31943e-05 -9.02918e-05 -0.000121815
3.42 0 -3.61823e-05 -7.77985e-05 -0.000106586
3.43 0 -2.47047e-05 -5.52663e-05 -7.72899e-05
3.44 0 -9.67062e-06 -2.46872e-05 -3.66682e-05
3.45 0 7.64195e-06 1.09647e-05 1.09981e-05
3.46 0 2.55213e-05 4.79499e-05 6.04811e-05
3.47 0 4.18806e-05 8.20325e-05 0.000106136
3.48 0 5.45256e-05 0.000108906 0.000142405
3.49 0 6.15648e-05 0.000124782 0.000164389
3.5 0 6.1805e-05 0.000127041 0.000168545
3.51 0 5.49897e-05 0.000114752 0.00015336
3.52 0 4.18101e-05 8.89014e-05 0.000119812
3.53 0 2.37166e-05 5.22427e-05 7.13572e-05
3.54 0 2.63496e-06 8.81906e-06 1.34134e-05
3.55 0 -1.92993e-05 -3.66703e-05 -4.7532e-05
3.56 0 -3.9931e-05 -7.94765e-05 -0.000104889
3.57 0 -5.71952e-05 -0.000115242 -0.000152729
3.58 0 -6.92057e-05 -0.000140256 -0.000186202
3.59 0 -7.44025e-05 -0.000151636 -0.000201707
3.6 0 -7.17684e-05 -0.000147533 -0.000197
3.61 0 -6.10374e-05 -0.000127385 -0.000171367
3.62 0 -4.28157e-05 -9.21422e-05 -0.000125887
3.63 0 -1.86173e-05 -4.44286e-05 -6.37145e-05
3.64 0 9.10015e-06 1.13075e-05 9.63588e-06
3.65 0 3.69557e-05 6.87538e-05 8.61679e-05
3.66 0 6.09766e-05 0.000120158 0.000155847
3.67 0 7.73332e-05 0.000157481 0.000207927
3.68 0 8.32124e-05 0.000174059 0.000233023
3.69 0 7.74704e-05 0.000166221 0.000225367
3.7 0 6.08885e-05 0.000134332 0.000184531
3.71 0 3.60084e-05 8.29379e-05 0.000116025
3.72 0 6.63989e-06 2e-05 3.0489e-05
3.73 0 -2.27847e-05 -4.45614e-05 -5.83016e-05
3.74 0 -4.7852e-05 -0.000100591 -0.000136025
3.75 0 -6.47303e-05 -0.000139301 -0.000190291
3.76 0 -7.06767e-05 -0.00015454 -0.000212543
3.77 0 -6.45061e-05 -0.000143691 -0.000199215
3.78 0 -4.68871e-05 -0.000108082 -0.000152123
3.79 0 -2.02705e-05 -5.27741e-05 -7.80578e-05
3.8 0 1.15977e-05 1.43606e-05 1.24157e-05
3.81 0 4.44231e-05 8.40808e-05 0.000106772
3.82 0 7.40897e-05 0.000147334 0.000192583
3.83 0 9.71465e-05 0.000196507 0.000259324
3.84 0 0.000110996 0.000226107 0.0002995
3.85 0 0.000113905 0.000232893 0.000308959
3.86 0 0.000105096 0.000215817 0.000286703
3.87 0 8.50507e-05 0.000176127 0.000234693
3.88 0 5.57825e-05 0.000117627 0.000157882
3.89 0 2.07562e-05 4.66822e-05 6.42369e-05
3.9 0 -1.5666e-05 -2.83913e-05 -3.5721e-05
3.91 0 -4.90417e-05 -9.85302e-05 -0.000130104
3.92 0 -7.55961e-05 -0.00015539 -0.000207448
3.93 0 -9.26749e-05 -0.000192621 -0.000258622
3.94 0 -9.8866e-05 -0.00020663 -0.000278258
3.95 0 -9.39307e-05 -0.000196781 -0.000265321
3.96 0 -7.87208e-05 -0.000165152 -0.000222825
3.97 0 -5.51218e-05 -0.000116098 -0.000156986
3.98 0 -2.5969e-05 -5.57268e-05 -7.62159e-05
3.99 0 5.15482e-06 8.67736e-06 9.80125e-06
4 0 3.43415e-05 6.93759e-05 9.09981e-05
4.01 0 5.79827e-05 0.000119128 0.000157936
4.02 0 7.3435e-05 0.000152287 0.000203031
4.03 0 7.94718e-05 0.000165759 0.000221794
4.04 0 7.63515e-05 0.000159471 0.000213652
4.05 0 6.55437e-05 0.000136185 0.00018202
4.06 0 4.92866e-05 0.000100767 0.0001335
4.07 0 3.01523e-05 5.9154e-05 7.64564e-05
4.08 0 1.07191e-05 1.7341e-05 1.94144e-05
4.09 0 -6.65017e-06 -1.94054e-05 -3.02674e-05
4.1 0 -1.99829e-05 -4.70401e-05 -6.71846e-05
4.11 0 -2.78853e-05 -6.30047e-05 -8.817e-05
4.12 0 -2.97577e-05 -6.63865e-05 -9.22906e-05
4.13 0 -2.59476e-05 -5.79979e-05 -8.07505e-05
4.14 0 -1.77039e-05 -4.02748e-05 -5.67085e-05
4.15 0 -6.87568e-06 -1.68656e-05 -2.48653e-05
4.16 0 4.56813e-06 8.10121e-06 9.30303e-06
4.17 0 1.50007e-05 3.08869e-05 4.05923e-05
4.18 0 2.33891e-05 4.88415e-05 6.50917e-05
4.19 0 2.92809e-05 6.06982e-05 8.08115e-05
4.2 0 3.26394e-05 6.64489e-05 8.77224e-05
4.21 0 3.36696e-05 6.69567e-05 8.72645e-05
4.22 0 3.26941e-05 6.34796e-05 8.15585e-05
4.23 0 3.00847e-05 5.7263e-05 7.26407e-05
4.24 0 2.6237e-05 4.93022e-05 6.19896e-05
4.25 0 2.15592e-05 4.02958e-05 5.04361e-05
4.26 0 1.64503e-05 3.07259e-05 3.83667e-05
4.27 0 1.12643e-05 2.09755e-05 2.6026e-05
4.28 0 6.26263e-06 1.13906e-05 1.37225e-05
4.29 0 1.5537e-06 2.2289e-06 1.81547e-06
4.3 0 -2.95793e-06 -6.4804e-06 -9.49739e-06
4.31 0 -7.55688e-06 -1.5049e-05 -2.04247e-05
4.32 0 -1.25788e-05 -2.40514e-05 -3.16151e-05
4.33 0 -1.81714e-05 -3.39909e-05 -4.38315e-05
4.34 0 -2.41058e-05 -4.48726e-05 -5.73874e-05
4.35 0 -2.978e-05 -5.59562e-05 -7.16692e-05
4.36 0 -3.43998e-05 -6.5837e-05 -8.50243e-05
4.37 0 -3.72047e-05 -7.27923e-05 -9.50903e-05
4.38 0 -3.76075e-05 -7.51975e-05 -9.94031e-05
4.39 0 -3.52314e-05 -7.18546e-05 -9.60241e-05
4.4 0 -2.99301e-05 -6.22102e-05 -8.40049e-05
4.41 0 -2.18793e-05 -4.65347e-05 -6.36574e-05
4.42 0 -1.17394e-05 -2.6111e-05 -3.66964e-05
4.43 0 -7.68158e-07 -3.35407e-06 -6.27598e-06
4.44 0 9.27468e-06 1.8321e-05 2.3192e-05
4.45 0 1.64724e-05 3.50078e-05 4.6583e-05
4.46 0 1.92374e-05 4.31367e-05 5.90049e-05
4.47 0 1.67583e-05 4.04009e-05 5.6986e-05
4.48 0 9.23729e-06 2.64661e-05 3.95505e-05
4.49 0 -2.17263e-06 3.18229e-06 8.74868e-06
4.5 0 -1.56773e-05 -2.57903e-05 -3.06237e-05
4.51 0 -2.92325e-05 -5.57806e-05 -7.2044e-05
4.52 0 -4.08693e-05 -8.20323e-05 -0.000108658
4.53 0 -4.89091e-05 -0.000100494 -0.000134596
4.54 0 -5.2101e-05 -0.000108336 -0.000145875
4.55 0 -4.97317e-05 -0.000104191 -0.000140745
4.56 0 -4.17371e-05 -8.81967e-05 -0.000119622
4.57 0 -2.87982e-05 -6.19497e-05 -8.48232e-05
4.58 0 -1.23479e-05 -2.83701e-05 -4.02547e-05
4.59 0 5.58252e-06 8.56534e-06 8.93193e-06
4.6 0 2.26809e-05 4.42894e-05 5.68258e-05
4.61 0 3.67401e-05 7.42679e-05 9.74368e-05
4.62 0 4.5984e-05 9.46424e-05 0.000125499
4.63 0 4.92725e-05 0.000102759 0.000137246
4.64 0 4.62162e-05 9.75312e-05 0.000131006
4.65 0 3.72466e-05 7.96399e-05 0.000107543
4.66 0 2.36328e-05 5.15584e-05 7.00798e-05
4.67 0 7.3645e-06 1.73172e-05 2.39629e-05
4.68 0 -9.1651e-06 -1.80772e-05 -2.40936e-05
4.69 0 -2.36549e-05 -4.95654e-05 -6.71704e-05
4.7 0 -3.44246e-05 -7.31123e-05 -9.95404e-05
4.71 0 -4.0749e-05 -8.65756e-05 -0.000117907
4.72 0 -4.28281e-05 -8.99885e-05 -0.000121996
4.73 0 -4.14215e-05 -8.51121e-05 -0.000114204
4.74 0 -3.73857e-05 -7.4495e-05 -9.8412e-05
4.75 0 -3.13904e-05 -6.05255e-05 -7.85267e-05
4.76 0 -2.39109e-05 -4.48844e-05 -5.73665e-05
4.77 0 -1.53831e-05 -2.85114e-05 -3.63009e-05
4.78 0 -6.35708e-06 -1.19404e-05 -1.56489e-05
4.79 0 2.42066e-06 4.21666e-06 4.45522e-06
4.8 0 9.98003e-06 1.88265e-05 2.31519e-05
4.81 0 1.51689e-05 3.00198e-05 3.83245e-05
4.82 0 1.68039e-05 3.53552e-05 4.67194e-05
4.83 0 1.39048e-05 3.23441e-05 4.46916e-05
4.84 0 5.9367e-06 1.91574e-05 2.92932e-05
4.85 0 -6.98212e-06 -4.6978e-06 -6.47265e-07
4.86 0 -2.39221e-05 -3.78855e-05 -4.3742e-05
4.87 0 -4.31045e-05 -7.70839e-05 -9.57794e-05
4.88 0 -6.20804e-05 -0.000117297 -0.000150124
4.89 0 -7.81255e-05 -0.000152638 -0.000198757
4.9 0 -8.87373e-05 -0.000177414 -0.000233738
4.91 0 -9.20785e-05 -0.000187195 -0.000248729
4.92 0 -8.72504e-05 -0.0001796 -0.000240175
4.93 0 -7.43587e-05 -0.000154609 -0.00020786
4.94 0 -5.44227e-05 -0.000114417 -0.000154762
4.95 0 -2.92201e-05 -6.29785e-05 -8.63786e-05
4.96 0 -1.13988e-06 -5.47222e-06 -9.83506e-06
4.97 0 2.69693e-05 5.22073e-05 6.69434e-05
4.98 0 5.20399e-05 0.000103947 0.000135936
4.99 0 7.11701e-05 0.000144012 0.000189701
5 0 8.20768e-05 0.00016775 0.000222133
5.01 0 8.34724e-05 0.000172271 0.000229254
5.02 0 7.52424e-05 0.000156921 0.000209898
5.03 0 5.83852e-05 0.000123384 0.00016601
5.04 0 3.47843e-05 7.54009e-05 0.000102439
5.05 0 6.94001e-06 1.82227e-05 2.62538e-05
5.06 0 -2.22614e-05 -4.20139e-05 -5.41931e-05
5.07 0 -4.97425e-05 -9.88804e-05 -0.000130217
5.08 0 -7.24761e-05 -0.000146219 -0.000193635
5.09 0 -8.78238e-05 -0.000178736 -0.00023751
5.1 0 -9.3902e-05 -0.000192595 -0.000256807
5.11 0 -8.98593e-05 -0.000185913 -0.000248957
5.12 0 -7.60062e-05 -0.00015905 -0.000214255
5.13 0 -5.38147e-05 -0.000114695 -0.000156036
5.14 0 -2.58276e-05 -5.77387e-05 -8.05826e-05
5.15 0 4.54505e-06 5.07991e-06 3.30308e-06
5.16 0 3.34026e-05 6.58532e-05 8.51643e-05
5.17 0 5.68828e-05 0.000116501 0.000154164
5.18 0 7.17197e-05 0.00014992 0.000200601
5.19 0 7.57055e-05 0.000161051 0.000217385
5.2 0 6.79984e-05 0.000147664 0.000201191
5.21 0 4.92499e-05 0.000110735 0.000153066
5.22 0 2.15245e-05 5.43576e-05 7.83557e-05
5.23 0 -1.20025e-05 -1.48613e-05 -1.40809e-05
5.24 0 -4.75161e-05 -8.8792e-05 -0.000113222
5.25 0 -8.10821e-05 -0.000158961 -0.000207517
5.26 0 -0.000109103 -0.000217643 -0.000286438
5.27 0 -0.000128625 -0.000258648 -0.000341634
5.28 0 -0.0001375 -0.000277729 -0.000367533
5.29 0 -0.00013452 -0.000272731 -0.000361493
5.3 0 -0.000119631 -0.000243729 -0.000323804
5.31 0 -9.41221e-05 -0.000193192 -0.000257708
5.32 0 -6.05755e-05 -0.000125961 -0.000169349
5.33 0 -2.25095e-05 -4.88083e-05 -6.73794e-05
5.34 0 1.62454e-05 3.04922e-05 3.80081e-05
5.35 0 5.22177e-05 0.000104416 0.00013658
5.36 0 8.27654e-05 0.000166853 0.000219715
5.37 0 0.000106213 0.000213821 0.000281648
5.38 0 0.000121688 0.000243513 0.000319869
5.39 0 0.000128844 0.000255821 0.000334601
5.4 0 0.000127684 0.000251687 0.000327763
5.41 0 0.000118618 0.000232667 0.000302017
5.42 0 0.000102633 0.000200871 0.000260329
5.43 0 8.13838e-05 0.000159124 0.000206099
5.44 0 5.70891e-05 0.000111102 0.000143563
5.45 0 3.2232e-05 6.12003e-05 7.7996e-05
5.46 0 9.19495e-06 1.4106e-05 1.54335e-05
5.47 0 -1.00399e-05 -2.58149e-05 -3.81041e-05
5.48 0 -2.40556e-05 -5.51145e-05 -7.75988e-05
5.49 0 -3.20512e-05 -7.16943e-05 -9.98802e-05
5.5 0 -3.38363e-05 -7.49978e-05 -0.000104062
5.51 0 -2.98192e-05 -6.59797e-05 -9.15097e-05
5.52 0 -2.09958e-05 -4.69182e-05 -6.54612e-05
5.53 0 -8.88585e-06 -2.11117e-05 -3.0469e-05
5.54 0 4.62035e-06 7.51492e-06 8.2006e-06
5.55 0 1.74926e-05 3.48534e-05 4.51369e-05
5.56 0 2.78206e-05 5.70619e-05 7.53066e-05
5.57 0 3.40415e-05 7.09647e-05 9.45202e-05
5.58 0 3.5097e-05 7.43577e-05 9.98218e-05
5.59 0 3.05448e-05 6.62386e-05 8.98076e-05
5.6 0 2.06931e-05 4.7041e-05 6.49323e-05
5.61 0 6.79163e-06 1.89426e-05 2.78712e-05
5.62 0 -8.87937e-06 -1.3922e-05 -1.6209e-05
5.63 0 -2.3298e-05 -4.57553e-05 -5.98987e-05
5.64 0 -3.33746e-05 -7.00925e-05 -9.46088e-05
5.65 0 -3.66756e-05 -8.11937e-05 -0.000112273
5.66 0 -3.18978e-05 -7.53227e-05 -0.000107182
5.67 0 -1.90485e-05 -5.15711e-05 -7.7417e-05
5.68 0 5.75726e-07 -1.21209e-05 -2.54918e-05
5.69 0 2.45712e-05 3.80572e-05 4.19522e-05
5.7 0 4.97735e-05 9.20217e-05 0.000115334
5.71 0 7.27327e-05 0.000142036 0.000183879
5.72 0 9.02267e-05 0.000180844 0.000237482
5.73 0 9.97049e-05 0.000202764 0.000268274
5.74 0 9.95965e-05 0.000204397 0.00027162
5.75 0 8.94707e-05 0.000184925 0.000246483
5.76 0 7.00564e-05 0.000146024 0.000195238
5.77 0 4.31282e-05 9.15097e-05 0.000123103
5.78 0 1.13042e-05 2.68248e-05 3.73838e-05
5.79 0 -2.21955e-05 -4.15109e-05 -5.32911e-05
5.8 0 -5.38426e-05 -0.000106467 -0.000139707
5.81 0 -8.01762e-05 -0.00016114 -0.000212831
5.82 0 -9.82351e-05 -0.000199492 -0.000264685
5.83 0 -0.000105955 -0.000217095 -0.000289269
5.84 0 -0.000102417 -0.000211718 -0.00028338
5.85 0 -8.79054e-05 -0.000183617 -0.000247104
5.86 0 -6.37908e-05 -0.000135435 -0.000183818
5.87 0 -3.23149e-05 -7.18097e-05 -9.97073e-05
5.88 0 3.65244e-06 1.22337e-06 -2.92936e-06
5.89 0 4.08223e-05 7.68278e-05 9.7315e-05
5.9 0 7.5664e-05 0.000147876 0.000191576
5.91 0 0.000104638 0.00020741 0.000270792
5.92 0 0.000124546 0.000249181 0.000326886
5.93 0 0.000132953 0.000268281 0.000353446
5.94 0 0.0001285 0.00026174 0.000346421
5.95 0 0.000111027 0.000228889 0.000304672
5.96 0 8.15327e-05 0.000171449 0.000230231
5.97 0 4.21008e-05 9.3447e-05 0.000128274
5.98 0 -4.17523e-06 9.9995e-07 6.82017e-06
5.99 0 -5.33412e-05 -9.80419e-05 -0.000123815
6 0 -0.00010089 -0.00019469 -0.000251829
6.01 0 -0.000142238 -0.000279676 -0.000365005
6.02 0 -0.000173303 -0.000344524 -0.000452039
6.03 0 -0.00019104 -0.00038265 -0.000503962
6.04 0 -0.000193795 -0.000390234 -0.000515369
6.05 0 -0.00018144 -0.000366647 -0.00048515
6.06 0 -0.000155307 -0.000314445 -0.000416578
6.07 0 -0.000118002 -0.000238998 -0.000316821
6.08 0 -7.32409e-05 -0.000147969 -0.000196143
6.09 0 -2.56932e-05 -5.07707e-05 -6.70225e-05
6.1 0 1.93398e-05 4.20954e-05 5.67875e-05
6.11 0 5.65409e-05 0.000120033 0.000161442
6.12 0 8.13696e-05 0.000173667 0.000234517
6.13 0 9.082e-05 0.000196279 0.000266764
6.14 0 8.39822e-05 0.000185075 0.000253844
6.15 0 6.22896e-05 0.000141987 0.00019761
6.16 0 2.9312e-05 7.366e-05 0.00010638
6.17 0 -9.93901e-06 -9.60364e-06 -6.1914e-06
6.18 0 -4.99738e-05 -9.57276e-05 -0.000123529
6.19 0 -8.56998e-05 -0.000173004 -0.000229177
6.2 0 -0.000112982 -0.000231852 -0.000309547
6.21 0 -0.000128913 -0.000265857 -0.000355697
6.22 0 -0.000131969 -0.000272145 -0.000363959
6.23 0 -0.00012215 -0.000251333 -0.000335645
6.24 0 -0.000101067 -0.000207226 -0.000276274
6.25 0 -7.18095e-05 -0.000146298 -0.000194615
6.26 0 -3.84976e-05 -7.68586e-05 -0.000101592
6.27 0 -5.59101e-06 -7.9233e-06 -9.02145e-06
6.28 0 2.28509e-05 5.20598e-05 7.18549e-05
6.29 0 4.37434e-05 9.63761e-05 0.000131854
6.3 0 5.52574e-05 0.000120835 0.000165051
6.31 0 5.68248e-05 0.000124049 0.000169379
6.32 0 4.89661e-05 0.000107228 0.000146504
6.33 0 3.30317e-05 7.35952e-05 0.000101026
6.34 0 1.09461e-05 2.76439e-05 3.93336e-05
6.35 0 -1.49241e-05 -2.54596e-05 -3.14252e-05
6.36 0 -4.17351e-05 -8.00944e-05 -0.000103846
6.37 0 -6.6123e-05 -0.00013012 -0.000170235
6.38 0 -8.44348e-05 -0.000168959 -0.000222502
6.39 0 -9.33715e-05 -0.000190279 -0.000252645
6.4 0 -9.08418e-05 -0.000189288 -0.000254086
6.41 0 -7.65733e-05 -0.000164131 -0.000223514
6.42 0 -5.2151e-05 -0.000116664 -0.00016234
6.43 0 -2.05472e-05 -5.22596e-05 -7.70495e-05
6.44 0 1.45032e-05 2.11791e-05 2.17673e-05
6.45 0 4.89901e-05 9.45321e-05 0.000121306
6.46 0 7.89522e-05 0.00015873 0.000208712
6.47 0 0.000100795 0.00020585 0.000272968
6.48 0 0.000111702 0.000230027 0.000306222
6.49 0 0.000110092 0.000228154 0.00030453
6.5 0 9.5936e-05 0.000200274 0.000268108
6.51 0 7.07842e-05 0.000149532 0.000201139
6.52 0 3.74712e-05 8.16569e-05 0.000111148
6.53 0 -3.72052e-07 4.09824e-06 7.98934e-06
6.54 0 -3.88226e-05 -7.49711e-05 -9.73959e-05
6.55 0 -7.40468e-05 -0.000147544 -0.000194228
6.56 0 -0.000102551 -0.000206445 -0.000272897
6.57 0 -0.000121406 -0.00024582 -0.000325694
6.58 0 -0.000128532 -0.000261584 -0.000347335
6.59 0 -0.000123015 -0.000251875 -0.000335407
6.6 0 -0.00010533 -0.000217409 -0.000290737
6.61 0 -7.73335e-05 -0.000161577 -0.000217543
6.62 0 -4.19949e-05 -9.01133e-05 -0.00012317
6.63 0 -2.93344e-06 -1.03605e-05 -1.7279e-05
6.64 0 3.61027e-05 6.9752e-05 8.94341e-05
6.65 0 7.16835e-05 0.000142763 0.000186728
6.66 0 0.000101001 0.000202543 0.000266148
6.67 0 0.000122048 0.000244848 0.000321919
6.68 0 0.00013373 0.000267564 0.000351314
6.69 0 0.000135932 0.000270716 0.000354573
6.7 0 0.000129524 0.000256301 0.00033454
6.71 0 0.000116259 0.000227979 0.000296147
6.72 0 9.8527e-05 0.000190591 0.000245789
6.73 0 7.89417e-05 0.000149482 0.000190519
6.74 0 5.98395e-05 0.000109631 0.000137034
6.75 0 4.28458e-05 7.47766e-05 9.05573e-05
6.76 0 2.867e-05 4.68212e-05 5.39497e-05
6.77 0 1.71746e-05 2.57055e-05 2.73432e-05
6.78 0 7.58529e-06 9.70175e-06 8.39074e-06
6.79 0 -1.30328e-06 -4.06912e-06 -7.02145e-06
6.8 0 -1.09259e-05 -1.9026e-05 -2.38073e-05
6.81 0 -2.26843e-05 -3.84562e-05 -4.66452e-05
6.82 0 -3.76361e-05 -6.48481e-05 -7.90454e-05
6.83 0 -5.61806e-05 -9.92942e-05 -0.000122604
6.84 0 -7.78024e-05 -0.000141037 -0.000176473
6.85 0 -0.000100992 -0.000187293 -0.000237147
6.86 0 -0.000123437 -0.000233515 -0.000298729
6.87 0 -0.000142468 -0.000274121 -0.000353773
6.88 0 -0.000155595 -0.000303546 -0.000394605
6.89 0 -0.000160944 -0.000317286 -0.000414782
6.9 0 -0.000157503 -0.000312675 -0.000410312
6.91 0 -0.000145186 -0.000289233 -0.000380307
6.92 0 -0.000124751 -0.000248583 -0.000326959
6.93 0 -9.76637e-05 -0.000194053 -0.000254939
6.94 0 -6.59777e-05 -0.000130182 -0.000170557
6.95 0 -3.22555e-05 -6.23005e-05 -8.10176e-05
6.96 0 5.35666e-07 3.77079e-06 6.08683e-06
6.97 0 2.92628e-05 6.20609e-05 8.31392e-05
6.98 0 5.10413e-05 0.00010698 0.000142989
6.99 0 6.36942e-05 0.000134025 0.000179681
7 0 6.60774e-05 0.000140455 0.000189318
7.01 0 5.81951e-05 0.000125752 0.000170809
7.02 0 4.11161e-05 9.17131e-05 0.000126221
7.03 0 1.67808e-05 4.22044e-05 6.05923e-05
7.04 0 -1.21913e-05 -1.72965e-05 -1.86947e-05
7.05 0 -4.26648e-05 -8.02306e-05 -0.000102768
7.06 0 -7.12035e-05 -0.000139538 -0.000182182
7.07 0 -9.44136e-05 -0.000188339 -0.000247838
7.08 0 -0.000109366 -0.000220676 -0.000291886
7.09 0 -0.000113962 -0.000232185 -0.000308518
7.1 0 -0.000107161 -0.000220575 -0.000294581
7.11 0 -8.9057e-05 -0.000185853 -0.000249936
7.12 0 -6.08173e-05 -0.000130266 -0.000177459
7.13 0 -2.44902e-05 -5.7976e-05 -8.26519e-05
7.14 0 1.72384e-05 2.54579e-05 2.70488e-05
7.15 0 6.1323e-05 0.000113711 0.000143157
7.16 0 0.000104658 0.00020036 0.000257075
7.17 0 0.000144359 0.000279494 0.000360937
7.18 0 0.000178002 0.000346204 0.000448263
7.19 0 0.000203757 0.00039689 0.000514352
7.2 0 0.000220376 0.000429272 0.000556327
7.21 0 0.000227091 0.000442159 0.000572839
7.22 0 0.000223516 0.000435148 0.000563627
7.23 0 0.000209673 0.000408502 0.000529221
7.24 0 0.000186069 0.000363185 0.000470885
7.25 0 0.00015365 0.00030086 0.000390643
7.26 0 0.000113621 0.000223746 0.000291225
7.27 0 6.72856e-05 0.000134392 0.000175905
7.28 0 1.60105e-05 3.55451e-05 4.83189e-05
7.29 0 -3.8583e-05 -6.96928e-05 -8.74812e-05
7.3 0 -9.41484e-05 -0.000177232 -0.000226423
7.31 0 -0.000147103 -0.000281061 -0.000361314
7.32 0 -0.000192577 -0.000372727 -0.000481955
7.33 0 -0.000225133 -0.000441943 -0.000575403
7.34 0 -0.000239952 -0.000478393 -0.000627834
7.35 0 -0.000233914 -0.000474052 -0.000627522
7.36 0 -0.000206179 -0.000425113 -0.000567894
7.37 0 -0.000158153 -0.00033292 -0.000449507
7.38 0 -9.30198e-05 -0.000203675 -0.000280239
7.39 0 -1.52436e-05 -4.7273e-05 -7.37807e-05
7.4 0 6.98136e-05 0.000124172 0.000152815
7.41 0 0.000156091 0.000297561 0.00038147
7.42 0 0.00023693 0.000459565 0.00059455
7.43 0 0.000305429 0.00059718 0.00077555
7.44 0 0.000355198 0.000698515 0.00090962
7.45 0 0.00038127 0.000753935 0.000984481
7.46 0 0.000380923 0.000757399 0.000991866
7.47 0 0.000354054 0.00070751 0.000929082
7.48 0 0.000302943 0.000607804 0.000799911
7.49 0 0.000231608 0.000466104 0.000614311
7.5 0 0.000145097 0.000293184 0.000386865
7.51 0 4.89741e-05 0.000101286 0.000134531
7.52 0 -5.08e-05 -9.69224e-05 -0.000125334
7.53 0 -0.000147711 -0.000288652 -0.000375921
7.54 0 -0.000234559 -0.000460786 -0.000600819
7.55 0 -0.000303791 -0.000599844 -0.000783547
7.56 0 -0.000348491 -0.00069288 -0.000907938
7.57 0 -0.000363634 -0.000729323 -0.000959934
7.58 0 -0.000347057 -0.000703073 -0.000930321
7.59 0 -0.000299766 -0.000614016 -0.000817334
7.6 0 -0.000225606 -0.000468436 -0.000628043
7.61 0 -0.00013059 -0.000278266 -0.000377931
7.62 0 -2.22876e-05 -5.95952e-05 -8.88548e-05
7.63 0 9.07053e-05 0.000169114 0.000213864
7.64 0 0.000199328 0.000388827 0.00050442
7.65 0 0.000294765 0.000581619 0.000759027
7.66 0 0.00036931 0.000732219 0.000957809
7.67 0 0.000417223 0.000829349 0.0010862
7.68 0 0.000435307 0.000866625 0.0011359
7.69 0 0.000423058 0.000842891 0.00110526
7.7 0 0.000382558 0.000762135 0.000999356
7.71 0 0.000318245 0.00063307 0.000829474
7.72 0 0.000236496 0.000468349 0.000612189
7.73 0 0.000145038 0.000283465 0.0003679
7.74 0 5.21809e-05 9.52639e-05 0.000118897
7.75 0 -3.41825e-05 -7.99408e-05 -0.000113072
7.76 0 -0.000107602 -0.000228422 -0.00030945
7.77 0 -0.000163766 -0.000340689 -0.000457162
7.78 0 -0.000200572 -0.000412139 -0.000549787
7.79 0 -0.000217741 -0.000442629 -0.000587301
7.8 0 -0.000216359 -0.000435418 -0.000574703
7.81 0 -0.000198636 -0.000396092 -0.000520238
7.82 0 -0.000167832 -0.00033182 -0.000433919
7.83 0 -0.000128139 -0.000250876 -0.000326617
7.84 0 -8.42546e-05 -0.000162107 -0.000209508
7.85 0 -4.06964e-05 -7.41134e-05 -9.34402e-05
7.86 0 -1.11796e-06 5.74005e-06 1.19843e-05
7.87 0 3.20689e-05 7.21526e-05 9.94629e-05
7.88 0 5.77155e-05 0.000122311 0.000164833
7.89 0 7.56905e-05 0.0001558 0.000207323
7.9 0 8.64845e-05 0.000174017 0.000228992
7.91 0 9.08328e-05 0.000179302 0.000233528
7.92 0 8.94847e-05 0.0001741 0.000224864
7.93 0 8.31654e-05 0.000160447 0.000206158
7.94 0 7.2682e-05 0.00013992 0.000179508
7.95 0 5.89993e-05 0.000113873 0.000146293
7.96 0 4.31706e-05 8.3688e-05 0.000107753
7.97 0 2.61905e-05 5.08632e-05 6.54398e-05
7.98 0 8.89007e-06 1.6971e-05 2.13264e-05
7.99 0 -8.09572e-06 -1.64889e-05 -2.24257e-05
8 0 -2.43003e-05 -4.82512e-05 -6.38632e-05
8.01 0 -3.93381e-05 -7.73509e-05 -0.000101531
8.02 0 -5.27675e-05 -0.000103007 -0.000134444
8.03 0 -6.38797e-05 -0.00012425 -0.000161622
8.04 0 -7.14759e-05 -0.000139393 -0.00018133
8.05 0 -7.3853e-05 -0.000145698 -0.000190459
8.06 0 -6.91451e-05 -0.000139637 -0.000184594
8.07 0 -5.59534e-05 -0.000117856 -0.00015904
8.08 0 -3.49498e-05 -8.82746e-05 -0.000158429
8.09 0 -1.36837e-05 -7.53314e-05 -0.000207886
8.1 0 -7.32904e-06 -9.42623e-05 -0.00026029
8.11 0 -2.55217e-05 -0.000134482 -0.000290429
8.12 0 -5.96104e-05 -0.000170832 -0.000277881
8.13 0 -8.70178e-05 -0.000178363 -0.000223346
8.14 0 -8.73582e-05 -0.000147862 -0.000157553
8.15 0 -5.69093e-05 -8.84878e-05 -9.07687e-05
8.16 0 -9.32471e-06 -1.58647e-05 -2.02395e-05
8.17 0 3.69629e-05 5.68955e-05 5.77913e-05
8.18 0 7.12058e-05 0.000121784 0.000140761
8.19 0 9.32153e-05 0.000175184 0.00021984
8.2 0 0.000108128 0.000216155 0.000284293
8.21 0 0.000120082 0.000244705 0.000326749
8.22 0 0.000129683 0.000260916 0.000345769
8.23 0 0.000135264 0.000265225 0.000345297
8.24 0 0.000135331 0.000259119 0.000331723
8.25 0 0.000129927 0.000245189 0.000310974
8.26 0 0.000120317 0.00022617 0.000286556
8.27 0 0.0001078 0.000203629 0.000259167
8.28 0 9.27593e-05 0.000177228 0.000227139
8.29 0 7.45234e-05 0.000144995 0.000187464
8.3 0 5.19797e-05 0.0001044 0.00013685
8.31 0 2.44883e-05 5.37498e-05 7.30536e-05
8.32 0 -7.43875e-06 -6.64642e-06 -3.94818e-06
8.33 0 -4.20203e-05 -7.39947e-05 -9.1085e-05
8.34 0 -7.65831e-05 -0.000143313 -0.00018222
8.35 0 -0.000108108 -0.000208285 -0.000268935
8.36 0 -0.000133685 -0.000262315 -0.000342018
8.37 0 -0.000150814 -0.000299525 -0.000393036
8.38 0 -0.000157579 -0.000315485 -0.000415685
8.39 0 -0.0001528 -0.000307672 -0.00040651
8.4 0 -0.000136232 -0.000275727 -0.000365196
8.41 0 -0.000108801 -0.000221629 -0.000294514
8.42 0 -7.27218e-05 -0.000149734 -0.000200205
8.43 0 -3.13592e-05 -6.65355e-05 -9.06268e-05
8.44 0 1.12238e-05 1.99863e-05 2.38981e-05
8.45 0 5.09247e-05 0.000101425 0.000132276
8.46 0 8.42807e-05 0.000170239 0.000224215
8.47 0 0.000108943 0.000220916 0.000291889
8.48 0 0.000123766 0.000250578 0.000331025
8.49 0 0.00012851 0.000258811 0.000341017
8.5 0 0.000123477 0.000246948 0.000324075
8.51 0 0.000109341 0.00021732 0.000284006
8.52 0 8.71828e-05 0.000172771 0.000225137
8.53 0 5.85883e-05 0.000116523 0.000151831
8.54 0 2.57231e-05 5.23302e-05 6.8625e-05
8.55 0 -8.73016e-06 -1.53186e-05 -1.92486e-05
8.56 0 -4.18428e-05 -8.12572e-05 -0.000105574
8.57 0 -7.08538e-05 -0.000140095 -0.00018343
8.58 0 -9.35982e-05 -0.000187005 -0.000246155
8.59 0 -0.000108821 -0.00021861 -0.000288667
8.6 0 -0.000116273 -0.000233611 -0.000308634
8.61 0 -0.000116626 -0.000232984 -0.000307015
8.62 0 -0.000111256 -0.000219677 -0.000287797
8.63 0 -0.000101903 -0.000197847 -0.000256923
8.64 0 -9.03332e-05 -0.000171906 -0.000220831
8.65 0 -7.81561e-05 -0.000145748 -0.000185159
8.66 0 -6.6747e-05 -0.000122339 -0.000153999
8.67 0 -5.71863e-05 -0.000103602 -0.000129715
8.68 0 -5.02322e-05 -9.05554e-05 -0.000113261
8.69 0 -4.62859e-05 -8.35146e-05 -0.000104666
8.7 0 -4.53156e-05 -8.21883e-05 -0.000103348
8.71 0 -4.68349e-05 -8.56925e-05 -0.0001082
8.72 0 -4.99912e-05 -9.2583e-05 -0.000117538
8.73 0 -5.37306e-05 -0.000100973 -0.000129085
8.74 0 -5.69894e-05 -0.000108767 -0.000140144
8.75 0 -5.89249e-05 -0.000114049 -0.000148055
8.76 0 -5.91411e-05 -0.000115587 -0.000150891
8.77 0 -5.77263e-05 -0.000113133 -0.000148007
8.78 0 -5.51058e-05 -0.000107399 -0.000140183
8.79 0 -5.18729e-05 -9.97751e-05 -0.000129356
8.8 0 -4.86372e-05 -9.1915e-05 -0.000118018
8.81 0 -4.58849e-05 -8.52801e-05 -0.000108458
8.82 0 -4.3897e-05 -8.07881e-05 -0.000102157
8.83 0 -4.27691e-05 -7.87098e-05 -9.95438e-05
8.84 0 -4.2454e-05 -7.8762e-05 -0.000100114
8.85 0 -4.3153e-05 -8.52821e-05 -0.000130024
8.86 0 -4.84376e-05 -0.000114881 -0.000221826
8.87 0 -6.83679e-05 -0.000185166 -0.000359442
8.88 0 -0.000112872 -0.000292927 -0.000504004
8.89 0 -0.000178975 -0.000415179 -0.000633889
8.9 0 -0.000248642 -0.000526283 -0.000743208
8.91 0 -0.000300746 -0.000608336 -0.000829339
8.92 0 -0.000324027 -0.000653032 -0.000888516
8.93 0 -0.000320181 -0.000660436 -0.000916686
8.94 0 -0.000298229 -0.000636797 -0.000911834
8.95 0 -0.00026742 -0.000591171 -0.000875184
8.96 0 -0.000233598 -0.000531867 -0.000810971
8.97 0 -0.000199242 -0.000464529 -0.000725102
8.98 0 -0.000165123 -0.000392515 -0.000624157
8.99 0 -0.000131753 -0.000318493 -0.000515049
9 0 -9.99928e-05 -0.000245653 -0.00040505
9.01 0 -7.09552e-05 -0.000177732 -0.000301195
9.02 0 -4.56072e-05 -0.000118047 -0.000209006
9.03 0 -2.43288e-05 -6.82197e-05 -0.000130849
9.04 0 -6.62796e-06 -2.73009e-05 -6.49719e-05
9.05 0 8.8698e-06 8.23969e-06 -5.77934e-06
9.06 0 2.41152e-05 4.27041e-05 4.97328e-05
9.07 0 4.07514e-05 7.8488e-05 0.000102206
9.08 0 5.89333e-05 0.000115059 0.000151081
9.09 0 7.6913e-05 0.000149403 0.000193686
9.1 0 9.17654e-05 0.000177365 0.000227885
9.11 0 0.000100724 0.000195208 0.000250886
9.12 0 0.000102212 0.000200272 0.000259261
9.13 0 9.59101e-05 0.000190967 0.000249694
9.14 0 8.21354e-05 0.000166579 0.000220018
9.15 0 6.13418e-05 0.000127272 0.000169862
9.16 0 3.43525e-05 7.45562e-05 0.000101265
9.17 0 3.04947e-06 1.20778e-05 1.91497e-05
9.18 0 -2.92697e-05 -5.39398e-05 -6.84237e-05
9.19 0 -5.82856e-05 -0.000115162 -0.000150801
9.2 0 -7.96103e-05 -0.000162547 -0.000216108
9.21 0 -8.9789e-05 -0.000188196 -0.000253426
9.22 0 -8.68862e-05 -0.00018692 -0.000254978
9.23 0 -7.05765e-05 -0.000157055 -0.000217735
9.24 0 -4.19667e-05 -0.00010053 -0.000143908
9.25 0 -3.35689e-06 -2.23729e-05 -4.04077e-05
9.26 0 4.1939e-05 7.00403e-05 8.2457e-05
9.27 0 8.97301e-05 0.000167745 0.000212376
9.28 0 0.000135207 0.000260956 0.000336328
9.29 0 0.000173456 0.00033996 0.000441674
9.3 0 0.000200201 0.000396227 0.00051735
9.31 0 0.000212488 0.000423551 0.000555078
9.32 0 0.000209073 0.000418892 0.000550493
9.33 0 0.000190511 0.000382814 0.000503885
9.34 0 0.000159019 0.000319439 0.000420398
9.35 0 0.000118226 0.000236025 0.00030956
9.36 0 7.29046e-05 0.000142314 0.000184351
9.37 0 2.85138e-05 4.95375e-05 5.9779e-05
9.38 0 -9.54984e-06 -3.10129e-05 -4.90034e-05
9.39 0 -3.68842e-05 -8.97484e-05 -0.000128939
9.4 0 -5.0976e-05 -0.000120584 -0.000171372
9.41 0 -5.17244e-05 -0.000122251 -0.000173901
9.42 0 -4.13053e-05 -9.85304e-05 -0.000141007
9.43 0 -2.34881e-05 -5.72919e-05 -8.31363e-05
9.44 0 -2.74385e-06 -8.68585e-06 -1.43989e-05
9.45 0 1.66106e-05 3.69878e-05 5.04806e-05
9.46 0 3.10359e-05 7.11481e-05 9.90961e-05
9.47 0 3.80758e-05 8.80928e-05 0.000123317
9.48 0 3.64553e-05 8.53706e-05 0.000119967
9.49 0 2.61195e-05 6.3589e-05 9.03932e-05
9.5 0 8.29067e-06 2.59934e-05 3.95267e-05
9.51 0 -1.45364e-05 -2.19917e-05 -2.51121e-05
9.52 0 -3.88465e-05 -7.33354e-05 -9.42765e-05
9.53 0 -6.06393e-05 -0.000120198 -0.000157864
9.54 0 -7.61089e-05 -0.000154947 -0.000205941
9.55 0 -8.22396e-05 -0.000171198 -0.000229937
9.56 0 -7.71515e-05 -0.000164652 -0.000223799
9.57 0 -6.02184e-05 -0.000133576 -0.000184856
9.58 0 -3.20925e-05 -7.90151e-05 -0.00011426
9.59 0 5.19128e-06 -4.9007e-06 -1.71216e-05
9.6 0 4.8061e-05 8.18504e-05 9.75358e-05
9.61 0 9.14949e-05 0.000171527 0.000217128
9.62 0 0.000129565 0.000252442 0.000326464
9.63 0 0.000156332 0.000312407 0.000409431
9.64 0 0.00016674 0.000340496 0.000451179
9.65 0 0.000157282 0.000328645 0.000440366
9.66 0 0.000126465 0.000272902 0.00037107
9.67 0 7.51692e-05 0.000174296 0.000244125
9.68 0 6.8439e-06 3.9239e-05 6.76718e-05
9.69 0 -7.25834e-05 -0.000120673 -0.000143174
9.7 0 -0.000155263 -0.000289684 -0.000367671
9.71 0 -0.000232493 -0.000449834 -0.000581909
9.72 0 -0.000296068 -0.000583579 -0.000762144
9.73 0 -0.000339571 -0.000676543 -0.00088847
9.74 0 -0.000359278 -0.000719773 -0.000948053
9.75 0 -0.00035451 -0.000710954 -0.000937104
9.76 0 -0.000328792 -0.000669461 -0.000935984
9.77 0 -0.000296303 -0.000645186 -0.00101668
9.78 0 -0.000284344 -0.000680825 -0.00114562
9.79 0 -0.000314978 -0.000775948 -0.00128031
9.8 0 -0.000382283 -0.000897222 -0.00139875
9.81 0 -0.000454409 -0.00100391 -0.00148852
9.82 0 -0.000496768 -0.00106349 -0.00153611
9.83 0 -0.00049214 -0.00105798 -0.00152899
9.84 0 -0.000444196 -0.000986293 -0.00146019
9.85 0 -0.000368809 -0.000862616 -0.00133351
9.86 0 -0.000283745 -0.0007102 -0.00116334
9.87 0 -0.000202847 -0.000553244 -0.000971587
9.88 0 -0.000134658 -0.000410819 -0.000781052
9.89 0 -8.31342e-05 -0.000294558 -0.000610839
9.9 0 -4.89615e-05 -0.000209434 -0.000473507
9.91 0 -3.09515e-05 -0.000156017 -0.000375843
9.92 0 -2.73136e-05 -0.000132778 -0.000319984
9.93 0 -3.647e-05 -0.000137558 -0.000305137
9.94 0 -5.71857e-05 -0.000167857 -0.000327719
9.95 0 -8.80932e-05 -0.00022017 -0.000381471
9.96 0 -0.000127 -0.000289039 -0.000456987
9.97 0 -0.000170467 -0.000366932 -0.000544097
9.98 0 -0.0002139 -0.000444042 -0.000626621
9.99 0 -0.000251841 -0.000509861 -0.000696017
10 0 -0.000278778 -0.0005544 -0.000736045
