3.19543e-17 3.00831e-06 -0.000691294 -5.26036e-05 -3.00831e-06 -0.000691294 5.26036e-05
0.636776 0.00300301 2.32109e-05 -0.000765393 0.00298584 -0.00131716 -0.000678732
0.850911 0.00600301 0.00108101 -0.00137597 0.00594875 -0.00152301 -0.0013747
0.891363 0.00900301 0.00215635 -0.00190647 0.00893942 -0.00153307 -0.00194883
0.905483 0.012003 0.00317762 -0.00241749 0.0119322 -0.00157465 -0.00250862
0.908841 0.015003 0.00414167 -0.00293926 0.0149319 -0.00166446 -0.00304452
0.478128 0.012003 0.0031033 -0.00233797 0.0119587 -0.00149792 -0.00237239
0.130806 0.00900301 0.00209296 -0.00176092 0.00898205 -0.00134649 -0.00172983
-0.0664263 0.00600301 0.00100482 -0.00118909 0.00600805 -0.00126158 -0.00108843
-0.171239 0.00300301 -4.73785e-05 -0.000619204 0.00302698 -0.00113676 -0.000454332
-0.298013 3.00831e-06 -0.000931495 -2.69001e-05 3.56549e-05 -0.000832661 0.000173996
-0.655227 -0.00299699 -0.00131919 0.000708816 -0.00301404 8.15128e-05 0.000801985
-0.824442 -0.00599699 -0.00146007 0.001408 -0.00605022 0.0012185 0.0014139
-0.867969 -0.00899699 -0.00145276 0.00198603 -0.00906027 0.00231686 0.00194281
-0.889509 -0.011997 -0.00152615 0.00257193 -0.0120661 0.00336598 0.00248963
-0.89626 -0.014997 -0.00160011 0.00311064 -0.0150659 0.00435339 0.00301656
-0.482036 -0.011997 -0.00145634 0.00242762 -0.0120367 0.00327328 0.00241028
-0.14929 -0.00899699 -0.00132331 0.00177838 -0.0090122 0.0022322 0.0018303
0.0449113 -0.00599699 -0.00120518 0.00113129 -0.00599079 0.00115825 0.00124635
0.149649 -0.00299699 -0.00105654 0.000484777 -0.00297418 9.44336e-05 0.000654348
0.224232 3.00831e-06 -0.000812005 -0.000165479 3.91702e-05 -0.000898589 4.73841e-05
0.224232 3.00831e-06 -0.000812005 -0.000165479 3.91702e-05 -0.000898589 4.73841e-05
0.391729 0.00300301 -0.000193393 -0.000774253 0.00303671 -0.00147199 -0.000569571
0.531031 0.00600301 0.000752401 -0.00138005 0.00601649 -0.00176321 -0.00122979
0.650881 0.00900301 0.00183548 -0.00196526 0.00899102 -0.00189801 -0.00188896
0.781037 0.012003 0.00299483 -0.00249679 0.0119594 -0.00186704 -0.00251213
0.868837 0.015003 0.00414151 -0.0030172 0.0149368 -0.00181705 -0.00310877
0.452054 0.012003 0.00309127 -0.00241606 0.011965 -0.00165897 -0.00243524
0.120933 0.00900301 0.00207566 -0.00183098 0.00898934 -0.00149206 -0.00178317
-0.0626357 0.00600301 0.00102567 -0.00124329 0.00601034 -0.00134013 -0.00113204
-0.163133 0.00300301 2.1137e-06 -0.000643391 0.00302735 -0.00113137 -0.000475595
-0.234257 3.00831e-06 -0.000945527 -3.20769e-05 4.03808e-05 -0.000830608 0.000179734
-0.401939 -0.00299699 -0.00146389 0.0005823 -0.00296573 -0.000164857 0.00078219
-0.537949 -0.00599699 -0.0017532 0.00125426 -0.00598451 0.000809459 0.00140197
-0.655806 -0.00899699 -0.00188125 0.00191979 -0.00900965 0.00191278 0.00199431
-0.785947 -0.011997 -0.0018472 0.00255356 -0.012041 0.00309737 0.00253763
-0.869952 -0.014997 -0.00180091 0.00315211 -0.0150625 0.00424731 0.00306286
-0.45654 -0.011997 -0.0016509 0.00246755 -0.0120333 0.00316989 0.00245487
-0.124961 -0.00899699 -0.0014861 0.00180872 -0.00900863 0.00214012 0.0018646
0.061504 -0.00599699 -0.00133251 0.00115211 -0.00598814 0.00107985 0.00126995
0.163091 -0.00299699 -0.00112698 0.000487969 -0.0029718 3.52499e-05 0.000659819
0.234064 3.00831e-06 -0.000829996 -0.000177676 4.11361e-05 -0.00093799 3.72203e-05
0.234064 3.00831e-06 -0.000829996 -0.000177676 4.11361e-05 -0.00093799 3.72203e-05
0.381508 0.00300301 -0.000195893 -0.0007931 0.00303828 -0.00151191 -0.000586253
0.514137 0.00600301 0.000726802 -0.0014028 0.00602021 -0.00183055 -0.00124587
0.629589 0.00900301 0.00179494 -0.00199549 0.0089961 -0.00199242 -0.0019091
0.761195 0.012003 0.00294568 -0.00253737 0.0119645 -0.00198923 -0.00254122
0.863415 0.015003 0.00409908 -0.0030555 0.0149385 -0.00193243 -0.0031418
0.44613 0.012003 0.00305087 -0.00245118 0.0119669 -0.00176554 -0.00246478
0.116103 0.00900301 0.00203789 -0.00186398 0.008991 -0.00159237 -0.00181132
-0.0683044 0.00600301 0.000995548 -0.00126682 0.00601209 -0.00141395 -0.00115115
-0.16782 0.00300301 -1.92982e-05 -0.000661258 0.00302868 -0.00118629 -0.000490537
-0.23874 3.00831e-06 -0.000954737 -3.95324e-05 4.14579e-05 -0.000853315 0.000174096
-0.38723 -0.00299699 -0.00150584 0.000586809 -0.00296266 -0.000191253 0.000791284
-0.518952 -0.00599699 -0.00182404 0.00125976 -0.00597993 0.000760599 0.00141577
-0.63231 -0.00899699 -0.00198783 0.00193283 -0.00900382 0.00184758 0.00201921
-0.764027 -0.011997 -0.00198612 0.00257585 -0.0120353 0.00301883 0.00257238
-0.864208 -0.014997 -0.00193271 0.00318537 -0.0150608 0.00418857 0.00310111
-0.449893 -0.011997 -0.00177118 0.00249616 -0.0120313 0.00311369 0.0024889
-0.119241 -0.00899699 -0.00159861 0.00183617 -0.00900689 0.0020885 0.00189676
0.0679635 -0.00599699 -0.00141504 0.00116959 -0.00598628 0.00103746 0.0012917
0.168671 -0.00299699 -0.00118499 0.000498306 -0.0029703 1.49055e-06 0.000673141
0.239194 3.00831e-06 -0.000854478 -0.000175337 4.23073e-05 -0.000955531 4.13224e-05
0.239194 3.00831e-06 -0.000854478 -0.000175337 4.23073e-05 -0.000955531 4.13224e-05
0.376257 0.00300301 -0.000210477 -0.000800864 0.00303986 -0.00154073 -0.000591917
0.504706 0.00600301 0.000702922 -0.00141642 0.00602263 -0.0018787 -0.00125509
0.620066 0.00900301 0.00176418 -0.00201381 0.00899864 -0.00205592 -0.00192199
0.752589 0.012003 0.00291008 -0.00256254 0.0119669 -0.00207079 -0.00256046
0.86046 0.015003 0.00407014 -0.00307756 0.0149395 -0.00200323 -0.00316081
0.872881 0.018003 0.00507933 -0.00362154 0.0179385 -0.00209211 -0.00372172
0.86881 0.021003 0.00599442 -0.00418603 0.0209427 -0.00230022 -0.00428213
0.846798 0.024003 0.00678143 -0.00490422 0.0239497 -0.00294569 -0.00499731
0.803411 0.027003 0.00749576 -0.00571866 0.0269609 -0.00385599 -0.00580757
0.792064 0.030003 0.00828423 -0.0064763 0.0299644 -0.00458721 -0.00657216
0.422343 0.027003 0.00723223 -0.00585823 0.0269874 -0.00440189 -0.00589422
0.156346 0.024003 0.00623942 -0.00524672 0.0240003 -0.00417202 -0.00523673
-0.00610917 0.021003 0.00528532 -0.0046211 0.0210105 -0.00386651 -0.00457033
-0.0964579 0.018003 0.00430963 -0.0039894 0.0180208 -0.00356148 -0.00389862
-0.154984 0.015003 0.00333392 -0.00337268 0.0150299 -0.00328209 -0.00324279
-0.198061 0.012003 0.0023954 -0.00274383 0.0120376 -0.00294165 -0.00257964
-0.233138 0.00900301 0.00148735 -0.00210439 0.00904404 -0.00255294 -0.00191243
-0.260985 0.00600301 0.0005945 -0.00146104 0.00604901 -0.00214395 -0.00124595
-0.287493 0.00300301 -0.00027011 -0.00079604 0.00305361 -0.00166539 -0.000560692
-0.320613 3.00831e-06 -0.00107423 -0.000107634 5.69493e-05 -0.00108878 0.0001415
-0.417892 -0.00299699 -0.00158138 0.000579045 -0.00295468 -0.000269055 0.000804193
-0.526045 -0.00599699 -0.00190118 0.00126413 -0.00597447 0.000704607 0.00143601
-0.631718 -0.00899699 -0.0020699 0.00194218 -0.0089997 0.0017939 0.00203928
-0.759991 -0.011997 -0.00207819 0.00259149 -0.0120322 0.00296553 0.00259501
-0.864163 -0.014997 -0.0020008 0.00320224 -0.0150597 0.00415696 0.00312018
-0.875618 -0.017997 -0.00209792 0.00376272 -0.0180615 0.0051533 0.00366041
-0.870206 -0.020997 -0.00231468 0.00431868 -0.0210574 0.00605058 0.00422018
-0.847633 -0.023997 -0.00295434 0.00502895 -0.0240504 0.00683365 0.00493347
-0.804528 -0.026997 -0.00385767 0.00583533 -0.0270395 0.007547 0.00574387
-0.792581 -0.029997 -0.0045852 0.00659529 -0.0300357 0.00833174 0.00649839
-0.42199 -0.026997 -0.00440043 0.00591186 -0.0270124 0.00726941 0.00587607
-0.157193 -0.023997 -0.00417081 0.00525133 -0.0239993 0.00627066 0.0052622
0.00370939 -0.020997 -0.00386314 0.00458217 -0.0209892 0.0053134 0.00463439
0.093944 -0.017997 -0.00355325 0.00390731 -0.017979 0.0043364 0.00399981
0.152659 -0.014997 -0.00327028 0.00324756 -0.01497 0.00335568 0.0033785
0.195733 -0.011997 -0.00292806 0.00258121 -0.0119626 0.00241154 0.0027455
0.230945 -0.00899699 -0.0025378 0.001911 -0.00895626 0.00149806 0.00210216
0.258902 -0.00599699 -0.00212737 0.00124318 -0.00595141 0.000603112 0.0014567
0.284895 -0.00299699 -0.0016505 0.000554363 -0.00294679 -0.000269924 0.00078873
0.312882 3.00831e-06 -0.00109216 -0.000160126 5.81448e-05 -0.001111 9.6006e-05
0.312882 3.00831e-06 -0.00109216 -0.000160126 5.81448e-05 -0.001111 9.6006e-05
0.354423 0.00300301 -0.000387756 -0.000878028 0.00305842 -0.00183009 -0.000623378
0.397099 0.00600301 0.000373356 -0.00157024 0.00605464 -0.00245389 -0.00132962
0.439939 0.00900301 0.00120615 -0.00226133 0.00904768 -0.00301503 -0.00204484
0.484946 0.012003 0.0020876 -0.00294656 0.0120396 -0.00352209 -0.00276023
0.529359 0.015003 0.00301478 -0.00363096 0.0150302 -0.0039871 -0.00347965
0.576753 0.018003 0.0039588 -0.00430286 0.0180193 -0.00441556 -0.00419225
0.631674 0.021003 0.00492642 -0.00495612 0.021006 -0.00478864 -0.00489249
0.688504 0.024003 0.00591308 -0.00559171 0.0239922 -0.00510822 -0.00557563
0.754517 0.027003 0.00692196 -0.00619636 0.0269762 -0.00534534 -0.00622959
0.756114 0.030003 0.0077385 -0.00694511 0.0299761 -0.00603831 -0.00699527
0.375284 0.027003 0.00670078 -0.00629319 0.0270024 -0.00576609 -0.00627944
0.113154 0.024003 0.00575409 -0.00563753 0.024015 -0.00540279 -0.00558133
-0.0384614 0.021003 0.00484411 -0.00498075 0.0210225 -0.00499452 -0.00488951
-0.121692 0.018003 0.00391439 -0.00432129 0.0180305 -0.00459214 -0.00419564
-0.178764 0.015003 0.00300303 -0.00364047 0.0150383 -0.00412589 -0.00348356
-0.21996 0.012003 0.00211351 -0.00295768 0.0120446 -0.00363453 -0.0027739
-0.250357 0.00900301 0.00124555 -0.00227254 0.00904938 -0.00311863 -0.00206617
-0.275766 0.00600301 0.000394 -0.0015783 0.00605333 -0.00256975 -0.00135272
-0.302202 0.00300301 -0.000431302 -0.000865321 0.00305766 -0.00195625 -0.000620088
-0.329232 3.00831e-06 -0.00120093 -0.00014568 6.02975e-05 -0.00127987 0.000114578
-0.366206 -0.00299699 -0.00188077 0.00058752 -0.00294208 -0.000513905 0.000840485
-0.404777 -0.00599699 -0.00249213 0.00131056 -0.00594675 0.00029241 0.00154785
-0.447028 -0.00899699 -0.00306735 0.00203812 -0.00895321 0.00113699 0.00225209
-0.490746 -0.011997 -0.0035915 0.00276943 -0.0119612 0.00203477 0.00295435
-0.534838 -0.014997 -0.0040538 0.00348977 -0.0149705 0.00296664 0.00363985
-0.582964 -0.017997 -0.00447402 0.00420223 -0.0179816 0.00391808 0.00431122
-0.636657 -0.020997 -0.00485446 0.00490706 -0.0209946 0.00488811 0.00496956
-0.692453 -0.023997 -0.00518665 0.00559542 -0.0240084 0.00587315 0.00561078
-0.755761 -0.026997 -0.00543554 0.00625119 -0.0270241 0.00687438 0.00621764
-0.755835 -0.029997 -0.00612602 0.0070154 -0.0300239 0.00769092 0.0069653
-0.373335 -0.026997 -0.00585276 0.00629302 -0.0269972 0.00664237 0.00630795
-0.112127 -0.023997 -0.00549502 0.00559449 -0.0239848 0.00568951 0.00565215
0.0387635 -0.020997 -0.00508819 0.00490182 -0.0209773 0.00477661 0.00499471
0.123077 -0.017997 -0.00467032 0.00420089 -0.017969 0.00384829 0.00432824
0.180953 -0.014997 -0.00417729 0.00347824 -0.0149611 0.0029421 0.0036365
0.221172 -0.011997 -0.00368384 0.00276619 -0.0119551 0.00204947 0.00295087
0.250809 -0.00899699 -0.00316179 0.0020553 -0.00895049 0.00118107 0.00226228
0.276035 -0.00599699 -0.00261509 0.00134161 -0.00594656 0.000327151 0.001568
0.301758 -0.00299699 -0.00200047 0.000603718 -0.00294216 -0.000507427 0.000849948
0.327338 3.00831e-06 -0.00131911 -0.000140836 6.09295e-05 -0.00129139 0.000121335
0.327338 3.00831e-06 -0.00131911 -0.000140836 6.09295e-05 -0.00129139 0.000121335
0.355069 0.00300301 -0.000583508 -0.000885306 0.00306063 -0.00203596 -0.000625623
0.384852 0.00600301 0.000189389 -0.00161665 0.00605806 -0.00272548 -0.00136818
0.4142 0.00900301 0.000979081 -0.00233557 0.00905422 -0.00338062 -0.00210502
0.447767 0.012003 0.00183397 -0.00305959 0.0120491 -0.00398709 -0.00285291
0.483618 0.015003 0.00272102 -0.00377701 0.0150422 -0.00455307 -0.00359891
0.522894 0.018003 0.00362582 -0.00448394 0.0180337 -0.00508489 -0.0043391
0.569977 0.021003 0.00455188 -0.00517626 0.0210228 -0.00557203 -0.0050713
0.623536 0.024003 0.00550397 -0.00584559 0.0240098 -0.00599189 -0.00578604
0.697578 0.027003 0.00649848 -0.0064742 0.0269915 -0.00629484 -0.0064685
0.739869 0.030003 0.00742665 -0.00713575 0.0299812 -0.00671746 -0.00716744
0.361381 0.027003 0.00639289 -0.00648263 0.027007 -0.00643973 -0.0064516
0.098934 0.024003 0.0054554 -0.00581796 0.0240197 -0.00604904 -0.00574456
-0.054653 0.021003 0.0045697 -0.00513341 0.0210278 -0.00556038 -0.00502526
-0.13855 0.018003 0.00367542 -0.00443676 0.0180357 -0.00504998 -0.0042973
-0.189342 0.015003 0.00278347 -0.00374277 0.0150415 -0.00454216 -0.003577
-0.225381 0.012003 0.00190669 -0.00304979 0.0120464 -0.00402021 -0.00285997
-0.256673 0.00900301 0.00105841 -0.00233953 0.00905108 -0.00343576 -0.00212878
-0.28322 0.00600301 0.00022361 -0.00161998 0.00605522 -0.00281966 -0.0013902
-0.306445 0.00300301 -0.00058548 -0.000890994 0.00305868 -0.00215925 -0.000643068
-0.330533 3.00831e-06 -0.00136004 -0.000164233 6.0951e-05 -0.00147526 9.71099e-05
-0.357037 -0.00299699 -0.00210324 0.000585228 -0.00293973 -0.000734165 0.000843282
-0.386837 -0.00599699 -0.0027887 0.00132489 -0.00594265 3.5517e-05 0.00157037
-0.416686 -0.00899699 -0.00343974 0.00208015 -0.00894609 0.000867275 0.00230826
-0.448725 -0.011997 -0.00404923 0.00283359 -0.0119512 0.00173097 0.00303835
-0.483886 -0.014997 -0.00462042 0.00358335 -0.014958 0.0026205 0.00375965
-0.522837 -0.017997 -0.00515485 0.00432591 -0.0179664 0.00352752 0.00446907
-0.569403 -0.020997 -0.00564456 0.00506086 -0.0209772 0.00445663 0.00516428
-0.622698 -0.023997 -0.00607918 0.00578052 -0.0239903 0.00540388 0.00583859
-0.697052 -0.026997 -0.00638556 0.00646729 -0.0270088 0.00640326 0.00647127
-0.73849 -0.029997 -0.00681477 0.0071696 -0.0300189 0.00733215 0.00713668
-0.359184 -0.026997 -0.00654105 0.0064496 -0.0269931 0.00628697 0.00648018
-0.0949929 -0.023997 -0.00613885 0.00573445 -0.0239798 0.00534606 0.00580879
0.0566336 -0.020997 -0.00564007 0.00501138 -0.0209718 0.00446233 0.0051201
0.139111 -0.017997 -0.00513751 0.00428562 -0.0179643 0.00356425 0.00442519
0.18952 -0.014997 -0.00463322 0.00356567 -0.0149586 0.0026696 0.00373156
0.226107 -0.011997 -0.00410185 0.00284286 -0.0119537 0.00179061 0.00303274
0.257819 -0.00899699 -0.00351028 0.00210778 -0.00894882 0.000942021 0.00231887
0.283794 -0.00599699 -0.00288734 0.00136616 -0.00594481 0.000107819 0.00159615
0.306349 -0.00299699 -0.00222956 0.000615065 -0.00294127 -0.000711756 0.000863334
0.329793 3.00831e-06 -0.00155423 -0.000126285 6.1059e-05 -0.00149694 0.000135946
0.329793 3.00831e-06 -0.00155423 -0.000126285 6.1059e-05 -0.00149694 0.000135946
0.355889 0.00300301 -0.000819876 -0.000870644 0.00306034 -0.00224369 -0.000611998
0.382092 0.00600301 -6.39413e-05 -0.00160723 0.00605828 -0.0029606 -0.00135932
0.411041 0.00900301 0.000760341 -0.00235041 0.00905531 -0.00362826 -0.00211823
0.439707 0.012003 0.00160662 -0.00309257 0.0120511 -0.00427788 -0.00288178
0.469372 0.015003 0.00247582 -0.00382425 0.0150457 -0.00488753 -0.00363863
0.503795 0.018003 0.00336646 -0.00454181 0.0180386 -0.00545221 -0.00438628
0.545312 0.021003 0.00427911 -0.00524291 0.0210292 -0.00596753 -0.00512384
0.595415 0.024003 0.00520893 -0.00592395 0.0240168 -0.00643168 -0.00584854
0.666893 0.027003 0.00618163 -0.00656761 0.0269991 -0.00678547 -0.00654476
0.730304 0.030003 0.0071465 -0.00721092 0.0299835 -0.00714212 -0.00723475
0.739747 0.033003 0.00798258 -0.00794681 0.0329814 -0.00779249 -0.00799102
0.748586 0.036003 0.00881899 -0.00868606 0.0359796 -0.00844842 -0.00874945
0.759318 0.039003 0.00966022 -0.00941643 0.0389777 -0.00907907 -0.00949556
0.767041 0.042003 0.0104775 -0.010124 0.0419785 -0.00967535 -0.0102029
0.775382 0.045003 0.0113027 -0.0108299 0.0449791 -0.0102593 -0.0109071
0.773664 0.048003 0.0123292 -0.0116587 0.0479783 -0.010887 -0.0117331
0.774513 0.051003 0.0133673 -0.0124932 0.050978 -0.0115142 -0.0125646
0.778763 0.054003 0.0143955 -0.0133172 0.0539779 -0.0121302 -0.0133854
0.784391 0.057003 0.0154064 -0.0141317 0.0569781 -0.0127441 -0.0141963
0.790024 0.060003 0.0164174 -0.0149467 0.0599784 -0.0133591 -0.0150075
0.795688 0.063003 0.0174275 -0.0157611 0.0629786 -0.0139737 -0.0158181
0.801603 0.066003 0.0184371 -0.0165733 0.0659789 -0.0145844 -0.0166265
0.807974 0.069003 0.0194035 -0.0173607 0.068979 -0.0151884 -0.0174098
0.813999 0.072003 0.0203324 -0.0181417 0.0719792 -0.0158168 -0.0181859
0.819837 0.075003 0.0212495 -0.0189305 0.0749796 -0.0164719 -0.0189691
0.825056 0.078003 0.0221308 -0.0197384 0.0779806 -0.0171984 -0.0197681
0.830988 0.081003 0.0230563 -0.0205195 0.0809809 -0.0178302 -0.0205442
0.836716 0.084003 0.0239772 -0.0212938 0.0839814 -0.0184521 -0.0213122
0.84242 0.087003 0.0248975 -0.0220676 0.0869819 -0.0190735 -0.0220798
0.848218 0.090003 0.0258134 -0.0228435 0.0899824 -0.019703 -0.0228489
0.854198 0.093003 0.026729 -0.0236212 0.0929829 -0.0203363 -0.0236196
0.860018 0.096003 0.0276356 -0.0244042 0.0959836 -0.0209886 -0.0243948
0.864382 0.099003 0.0284782 -0.0251991 0.0989857 -0.0217227 -0.0251742
0.867431 0.102003 0.0292782 -0.0259805 0.101989 -0.0224666 -0.0259329
0.873824 0.105003 0.0301963 -0.0267838 0.104989 -0.0231513 -0.0267324
0.544572 0.102003 0.029039 -0.0261022 0.102012 -0.0229367 -0.0259928
0.32205 0.099003 0.0279528 -0.0253831 0.0990254 -0.0225889 -0.0252433
0.18459 0.096003 0.026907 -0.0246395 0.0960314 -0.0221549 -0.0244825
0.0960644 0.093003 0.0258918 -0.023887 0.0930352 -0.0216702 -0.0237162
0.0419737 0.090003 0.0249104 -0.0231251 0.0900368 -0.0211309 -0.0229435
0.00358258 0.087003 0.0239446 -0.0223672 0.0870384 -0.020581 -0.0221743
-0.0260292 0.084003 0.0230121 -0.0215896 0.0840404 -0.0199558 -0.0213855
-0.0504795 0.081003 0.0220882 -0.0208143 0.0810424 -0.019325 -0.0205989
-0.0710941 0.078003 0.0211776 -0.020037 0.0780444 -0.0186765 -0.0198111
-0.0892645 0.075003 0.0202736 -0.0192602 0.0750463 -0.0180219 -0.0190243
-0.105319 0.072003 0.0193737 -0.0184827 0.072048 -0.0173625 -0.0182381
-0.120219 0.069003 0.0184726 -0.0177071 0.0690497 -0.0167082 -0.0174543
-0.134016 0.066003 0.0175749 -0.0169351 0.0660513 -0.0160583 -0.0166752
-0.147082 0.063003 0.016673 -0.0161633 0.0630527 -0.0154131 -0.0158968
-0.159461 0.060003 0.0157697 -0.0153926 0.0600541 -0.0147723 -0.0151206
-0.171152 0.057003 0.0148654 -0.0146195 0.0570553 -0.0141282 -0.0143428
-0.182363 0.054003 0.0139581 -0.0138461 0.0540564 -0.0134867 -0.0135651
-0.193154 0.051003 0.0130484 -0.0130722 0.0510574 -0.0128475 -0.0127877
-0.203521 0.048003 0.0121387 -0.0122996 0.0480584 -0.0122107 -0.012012
-0.213676 0.045003 0.0112258 -0.0115228 0.0450594 -0.0115686 -0.011232
-0.223677 0.042003 0.0103094 -0.0107409 0.0420605 -0.0109196 -0.0104467
-0.233715 0.039003 0.00941192 -0.00996804 0.0390615 -0.0102699 -0.00967053
-0.243529 0.036003 0.00851316 -0.00919539 0.0360625 -0.00962224 -0.00889502
-0.253114 0.033003 0.00761402 -0.00842248 0.0330634 -0.00897482 -0.0081198
-0.262481 0.030003 0.00671314 -0.00765078 0.0300642 -0.00833187 -0.0073462
-0.271648 0.027003 0.00581236 -0.0068786 0.0270649 -0.00768823 -0.00657262
-0.280594 0.024003 0.00491198 -0.00610703 0.0240657 -0.00704558 -0.00579985
-0.289017 0.021003 0.00397718 -0.00540708 0.0210663 -0.00658058 -0.00509845
-0.296668 0.018003 0.00296233 -0.00487309 0.0180667 -0.00652694 -0.00456171
-0.307196 0.015003 0.00209795 -0.00410182 0.0150678 -0.00584805 -0.00378829
-0.317863 0.012003 0.00125188 -0.00333812 0.0120687 -0.0051665 -0.00302309
-0.329203 0.00900301 0.000428894 -0.00258466 0.00906943 -0.00448253 -0.00226828
-0.341379 0.00600301 -0.000365736 -0.00183907 0.00607021 -0.00378547 -0.00152055
-0.354327 0.00300301 -0.00114107 -0.00109774 0.00307093 -0.00307769 -0.000776799
-0.369555 3.00831e-06 -0.0018864 -0.000353348 7.02121e-05 -0.00234266 -3.64813e-05
-0.389839 -0.00299699 -0.00260368 0.000410677 -0.00293287 -0.00155672 0.00071067
-0.413742 -0.00599699 -0.00328271 0.00117197 -0.00593686 -0.000742451 0.00145202
-0.436923 -0.00899699 -0.00394963 0.00193431 -0.00894151 8.29449e-05 0.00219062
-0.463186 -0.011997 -0.00455923 0.0026875 -0.0119481 0.000939713 0.00291238
-0.490956 -0.014997 -0.00514431 0.00343817 -0.0149554 0.00181283 0.00362851
-0.524092 -0.017997 -0.00567996 0.00417807 -0.0179644 0.00270903 0.00432975
-0.564358 -0.020997 -0.00617612 0.00491181 -0.0209753 0.00362636 0.00501983
-0.613515 -0.023997 -0.00661426 0.00563331 -0.0239885 0.00457226 0.00569353
-0.696492 -0.026997 -0.00690311 0.00632101 -0.0270097 0.00558489 0.00632111
-0.732209 -0.029997 -0.00735058 0.00702621 -0.0300188 0.00650407 0.00699107
-0.74084 -0.032997 -0.00800936 0.00778485 -0.0330208 0.00733719 0.0077295
-0.75001 -0.035997 -0.00866283 0.00854313 -0.0360228 0.00817617 0.00846863
-0.758592 -0.038997 -0.00926839 0.00926107 -0.039023 0.00899887 0.00918116
-0.766161 -0.041997 -0.00985737 0.0099625 -0.0420223 0.00981248 0.00988326
-0.774415 -0.044997 -0.0104497 0.0106655 -0.0450216 0.0106276 0.0105884
-0.775897 -0.047997 -0.0110757 0.0114855 -0.0480217 0.0116441 0.0114114
-0.776884 -0.050997 -0.0116976 0.0123138 -0.0510221 0.0126814 0.0122428
-0.780975 -0.053997 -0.0123092 0.013135 -0.0540222 0.0137153 0.0130675
-0.786442 -0.056997 -0.0129222 0.0139463 -0.0570219 0.0147283 0.0138826
-0.791985 -0.059997 -0.013536 0.0147568 -0.0600217 0.0157393 0.0146971
-0.797223 -0.062997 -0.0141482 0.0155453 -0.0630214 0.0167079 0.0154896
-0.803022 -0.065997 -0.0147508 0.0163209 -0.0660213 0.0176606 0.0162694
-0.808889 -0.068997 -0.0153644 0.0170988 -0.0690211 0.0186074 0.0170519
-0.814757 -0.071997 -0.0160019 0.0178765 -0.0720207 0.0195308 0.0178349
-0.819384 -0.074997 -0.0167386 0.0186679 -0.0750192 0.0203908 0.0186384
-0.825683 -0.077997 -0.0173923 0.0194612 -0.0780194 0.0213258 0.0194342
-0.83136 -0.080997 -0.0180127 0.0202283 -0.0810188 0.0222464 0.0202078
-0.83702 -0.083997 -0.0186331 0.0209953 -0.0840183 0.0231667 0.0209811
-0.842606 -0.086997 -0.0192618 0.0217642 -0.0870178 0.0240829 0.0217567
-0.848531 -0.089997 -0.0198946 0.0225327 -0.0900172 0.024995 0.0225324
-0.854319 -0.092997 -0.0205421 0.0233044 -0.0930165 0.0258993 0.0233118
-0.858874 -0.095997 -0.021272 0.0240842 -0.0960147 0.0267454 0.0241059
-0.861381 -0.098997 -0.0220257 0.0248334 -0.0990108 0.0275199 0.0248805
-0.867797 -0.101997 -0.022711 0.025633 -0.102011 0.0284373 0.0256837
-0.873593 -0.104997 -0.0234004 0.0264232 -0.10501 0.029336 0.0264809
-0.543696 -0.101997 -0.0231874 0.0256817 -0.101987 0.0281725 0.0257965
-0.328028 -0.098997 -0.022834 0.0249295 -0.0989756 0.027086 0.0250744
-0.19507 -0.095997 -0.0223736 0.0241591 -0.0959698 0.0260494 0.0243232
-0.104872 -0.092997 -0.0218564 0.0233776 -0.0929652 0.0250389 0.023558
-0.0479805 -0.089997 -0.0213057 0.0225994 -0.0899628 0.0240594 0.0227919
-0.00850537 -0.086997 -0.020742 0.0218263 -0.0869609 0.0230992 0.02203
0.0208615 -0.083997 -0.0201303 0.021044 -0.0839591 0.0221657 0.0212583
0.0444827 -0.080997 -0.0195203 0.0202675 -0.0809574 0.0212402 0.0204921
0.0651694 -0.077997 -0.018898 0.0194906 -0.0779555 0.0203247 0.0197251
0.0837194 -0.074997 -0.01827 0.0187158 -0.0749536 0.0194173 0.0189595
0.0999998 -0.071997 -0.0176173 0.0179342 -0.071952 0.0185191 0.018186
0.1146 -0.068997 -0.0169607 0.0171527 -0.0689505 0.0176234 0.0174115
0.128289 -0.065997 -0.0163089 0.0163729 -0.0659492 0.0167252 0.016638
0.141084 -0.062997 -0.0156621 0.0155963 -0.0629479 0.0158275 0.015867
0.153231 -0.059997 -0.0150205 0.0148216 -0.0599467 0.0149273 0.0150972
0.164839 -0.056997 -0.0143817 0.0140471 -0.0569456 0.0140239 0.014327
0.176055 -0.053997 -0.0137386 0.0132691 -0.0539445 0.0131174 0.0135532
0.186845 -0.050997 -0.0130807 0.0124836 -0.0509434 0.0122105 0.0127716
0.19718 -0.047997 -0.0124195 0.0116967 -0.0479424 0.0113036 0.0119884
0.207203 -0.044997 -0.0117612 0.0109099 -0.0449414 0.0103937 0.0112052
0.217138 -0.041997 -0.011103 0.0101294 -0.0419404 0.00949604 0.0104279
0.226882 -0.038997 -0.0104453 0.00935131 -0.0389394 0.00860219 0.00965275
0.23627 -0.035997 -0.0097843 0.0085732 -0.0359387 0.00771039 0.00887654
0.245484 -0.032997 -0.00912457 0.00779493 -0.032938 0.00681669 0.00809995
0.25454 -0.029997 -0.00846598 0.00701647 -0.0299373 0.00592123 0.00732299
0.263452 -0.026997 -0.00780801 0.00623765 -0.0269366 0.0050242 0.00654549
0.272169 -0.023997 -0.0071478 0.00545998 -0.0239359 0.00413152 0.00576898
0.281166 -0.020997 -0.00648816 0.00469668 -0.0209353 0.00326702 0.00500686
0.290177 -0.017997 -0.00582234 0.00392947 -0.0179346 0.0024015 0.00424135
0.299352 -0.014997 -0.00514456 0.00316132 -0.0149339 0.00154639 0.00347521
0.308744 -0.011997 -0.00451248 0.00242265 -0.0119334 0.000704419 0.00273841
0.315981 -0.00899699 -0.00478522 0.00203058 -0.00893329 -0.000345687 0.00235033
0.326301 -0.00599699 -0.00419113 0.00131647 -0.00593253 -0.00117428 0.00163995
0.337387 -0.00299699 -0.00357064 0.000603252 -0.00293189 -0.00197502 0.000930056
0.350796 3.00831e-06 -0.00284134 -0.000147355 6.90085e-05 -0.00274122 0.00018282
0.350796 3.00831e-06 -0.00284134 -0.000147355 6.90085e-05 -0.00274122 0.00018282
0.368406 0.00300301 -0.00207206 -0.000917591 0.00307047 -0.00350067 -0.000581029
0.383689 0.00600301 -0.00130464 -0.00167021 0.0060702 -0.00423705 -0.00133628
0.398983 0.00900301 -0.000529523 -0.00241854 0.00906939 -0.00496027 -0.00209028
0.413569 0.012003 0.000246269 -0.00316196 0.0120684 -0.00567487 -0.00284065
0.427521 0.015003 0.00102718 -0.0039056 0.0150672 -0.00638597 -0.00359186
0.441037 0.018003 0.0018035 -0.00464657 0.018066 -0.00709634 -0.00434037
0.454269 0.021003 0.00259166 -0.00538755 0.0210643 -0.00779698 -0.00509109
0.467101 0.024003 0.00337678 -0.00612769 0.0240629 -0.00849771 -0.00583936
0.479761 0.027003 0.00416246 -0.00686633 0.0270615 -0.00919444 -0.00658557
0.492268 0.030003 0.00494866 -0.0076041 0.0300603 -0.00988857 -0.00733046
0.504764 0.033003 0.00573663 -0.00834102 0.033059 -0.0105793 -0.00807457
0.51754 0.036003 0.00652495 -0.00907366 0.0360576 -0.0112611 -0.00881451
0.530071 0.039003 0.00731618 -0.00980709 0.0390563 -0.0119412 -0.00955461
0.542307 0.042003 0.00812603 -0.0105472 0.042055 -0.0126157 -0.010301
0.555001 0.045003 0.0089524 -0.0112897 0.0450533 -0.0132805 -0.0110523
0.567522 0.048003 0.00978813 -0.0120344 0.0480515 -0.0139406 -0.011806
0.579685 0.051003 0.0106342 -0.0127841 0.0510499 -0.0145992 -0.0125634
0.59173 0.054003 0.0114953 -0.0135415 0.0540482 -0.0152582 -0.0133288
0.603514 0.057003 0.0123719 -0.0143044 0.0570463 -0.0159131 -0.0141
0.614965 0.060003 0.0132652 -0.0150705 0.0600445 -0.0165574 -0.0148743
0.625793 0.063003 0.0141731 -0.015845 0.0630426 -0.0172041 -0.0156571
0.636784 0.066003 0.0150942 -0.0166216 0.0660406 -0.0178416 -0.0164418
0.648177 0.069003 0.0160312 -0.0174027 0.0690383 -0.0184725 -0.0172317
0.65905 0.072003 0.0170034 -0.0181993 0.072036 -0.0190992 -0.0180367
0.669906 0.075003 0.0179891 -0.0190014 0.0750335 -0.0197241 -0.0188481
0.680347 0.078003 0.0189827 -0.0198094 0.078031 -0.0203532 -0.0196659
0.691446 0.081003 0.0199838 -0.0206181 0.0810284 -0.0209761 -0.0204844
0.703919 0.084003 0.0209977 -0.021427 0.0840252 -0.0215881 -0.0213046
0.717687 0.087003 0.0220181 -0.0222335 0.0870217 -0.0221886 -0.0221227
0.736133 0.090003 0.0230591 -0.0230316 0.090017 -0.0227537 -0.0229346
0.764621 0.093003 0.0241294 -0.0238122 0.09301 -0.0232563 -0.0237315
0.807973 0.096003 0.025222 -0.0245644 0.0960001 -0.0236798 -0.0245001
0.84181 0.099003 0.0262155 -0.0252743 0.0989947 -0.0241033 -0.025208
0.861004 0.102003 0.0271445 -0.0259756 0.101994 -0.0245664 -0.0258973
0.866824 0.105003 0.0280614 -0.0267245 0.104995 -0.025139 -0.0266369
0.536828 0.102003 0.026916 -0.0260357 0.102018 -0.0248986 -0.0258913
0.319863 0.099003 0.0258479 -0.0253057 0.0990301 -0.0245111 -0.0251318
0.186715 0.096003 0.0248297 -0.0245472 0.0960358 -0.0240183 -0.0243551
0.0977851 0.093003 0.0238315 -0.0237779 0.0930397 -0.0234824 -0.0235715
0.0425095 0.090003 0.0228727 -0.022998 0.0900415 -0.0228855 -0.0227822
0.00441324 0.087003 0.0219443 -0.0222099 0.0870427 -0.0222398 -0.0219859
-0.0246975 0.084003 0.0210272 -0.0214274 0.084044 -0.0215922 -0.0211952
-0.0480853 0.081003 0.0201262 -0.0206396 0.0810454 -0.0209161 -0.0203992
-0.0678159 0.078003 0.0192347 -0.019853 0.0780469 -0.0202321 -0.0196046
-0.0852692 0.075003 0.0183468 -0.0190699 0.0750483 -0.0195507 -0.0188135
-0.101122 0.072003 0.0174589 -0.0182893 0.0720498 -0.0188743 -0.0180255
-0.115755 0.069003 0.0165707 -0.017509 0.0690512 -0.0181989 -0.0172384
-0.129421 0.066003 0.0156809 -0.0167301 0.0660525 -0.0175281 -0.0164534
-0.142277 0.063003 0.0147906 -0.0159531 0.0630537 -0.0168619 -0.0156707
-0.154477 0.060003 0.0138986 -0.0151769 0.0600549 -0.0161992 -0.0148895
-0.165971 0.057003 0.0130066 -0.0143985 0.057056 -0.0155329 -0.014107
-0.177006 0.054003 0.0121112 -0.0136193 0.0540569 -0.0148683 -0.013324
-0.187662 0.051003 0.0112119 -0.0128397 0.0510579 -0.0142071 -0.012541
-0.197927 0.048003 0.0103142 -0.0120598 0.0480587 -0.0135443 -0.0117585
-0.208082 0.045003 0.00943083 -0.0112839 0.0450596 -0.0128747 -0.0109796
-0.21807 0.042003 0.00854491 -0.010505 0.0420606 -0.0122015 -0.0101975
-0.227847 0.039003 0.00765645 -0.00972549 0.0390615 -0.0115298 -0.00941506
-0.237435 0.036003 0.0067656 -0.00894543 0.0360624 -0.0108595 -0.00863226
-0.24674 0.033003 0.00587475 -0.00816517 0.0330632 -0.0101893 -0.00784997
-0.255773 0.030003 0.00498465 -0.00738408 0.0300639 -0.00951716 -0.00706748
-0.264562 0.027003 0.0040965 -0.00660385 0.0270646 -0.00884494 -0.00628603
-0.273688 0.024003 0.0032375 -0.00583692 0.0240652 -0.00817016 -0.00551788
-0.282658 0.021003 0.00237455 -0.00507538 0.0210657 -0.00751024 -0.00475528
-0.291314 0.018003 0.00149431 -0.0043434 0.0180662 -0.0069268 -0.00402224
-0.300693 0.015003 0.000644412 -0.00363499 0.0150666 -0.00636009 -0.00331243
-0.309942 0.012003 -0.000212676 -0.00295157 0.012067 -0.00585039 -0.0026273
-0.319016 0.00900301 -0.00109182 -0.0023505 0.00906717 -0.00552763 -0.00202444
-0.329143 0.00600301 -0.00194218 -0.00173543 0.00606721 -0.00514898 -0.00140802
-0.341034 0.00300301 -0.00270373 -0.000995572 0.00306728 -0.00443322 -0.000668152
-0.354508 3.00831e-06 -0.00344394 -0.0002368 6.70733e-05 -0.0036609 8.88241e-05
-0.368195 -0.00299699 -0.0041727 0.000521907 -0.00293343 -0.00287885 0.000844225
-0.381791 -0.00599699 -0.00489504 0.00127925 -0.00593407 -0.00209375 0.00159757
-0.395808 -0.00899699 -0.00561135 0.00203919 -0.00893521 -0.0013005 0.00235075
-0.409338 -0.011997 -0.00631887 0.00279843 -0.0119365 -0.00050003 0.00310258
-0.422689 -0.014997 -0.00701305 0.0035517 -0.0149376 0.000303409 0.0038497
-0.435539 -0.017997 -0.00770041 0.00430959 -0.0179388 0.0011231 0.00460128
-0.448365 -0.020997 -0.00838656 0.00506879 -0.0209401 0.00194635 0.00535391
-0.460843 -0.023997 -0.00907368 0.00582667 -0.0239414 0.00276594 0.00610517
-0.473016 -0.026997 -0.00975986 0.00658323 -0.0269427 0.00358421 0.00685541
-0.485062 -0.029997 -0.0104449 0.00733985 -0.029944 0.0044041 0.00760605
-0.496938 -0.032997 -0.0111278 0.00809617 -0.0329452 0.00522607 0.00835672
-0.508848 -0.035997 -0.011799 0.00885054 -0.0359466 0.00605515 0.00910496
-0.520307 -0.038997 -0.0124722 0.00961007 -0.0389478 0.00689369 0.00985919
-0.531268 -0.041997 -0.0131533 0.0103733 -0.0419489 0.00773227 0.0106175
-0.542104 -0.044997 -0.0138318 0.0111375 -0.04495 0.00857563 0.0113771
-0.5535 -0.047997 -0.0145021 0.0119082 -0.0479514 0.00943737 0.0121409
-0.564753 -0.050997 -0.0151698 0.0126799 -0.0509529 0.0103037 0.0129058
-0.575838 -0.053997 -0.0158358 0.0134528 -0.0539544 0.0111747 0.0136722
-0.586939 -0.056997 -0.0164972 0.0142304 -0.0569558 0.0120604 0.014444
-0.598792 -0.059997 -0.0171444 0.0150101 -0.0599576 0.012963 0.0152166
-0.610466 -0.062997 -0.0177893 0.0157915 -0.0629594 0.0138715 0.0159911
-0.622432 -0.065997 -0.0184317 0.0165809 -0.0659616 0.0147961 0.0167715
-0.633816 -0.068997 -0.0190757 0.0173735 -0.0689637 0.0157256 0.0175554
-0.643943 -0.071997 -0.0197259 0.0181657 -0.0719653 0.0166507 0.0183409
-0.655466 -0.074997 -0.0203584 0.0189594 -0.0749674 0.0175942 0.0191261
-0.667212 -0.077997 -0.0209851 0.0197536 -0.0779697 0.0185449 0.019912
-0.679759 -0.080997 -0.0216088 0.0205554 -0.0809724 0.0195111 0.0207034
-0.693454 -0.083997 -0.0222223 0.0213538 -0.0839753 0.0204816 0.021492
-0.70924 -0.086997 -0.0228247 0.022156 -0.0869789 0.0214679 0.0222823
-0.730143 -0.089997 -0.0233927 0.0229521 -0.0899838 0.0224748 0.023065
-0.761554 -0.092997 -0.023895 0.0237367 -0.0929912 0.02352 0.0238326
-0.80484 -0.095997 -0.0243368 0.0245038 -0.0960012 0.0245887 0.024581
-0.838715 -0.098997 -0.0247922 0.0252356 -0.0990075 0.0255892 0.0253073
-0.852991 -0.101997 -0.0253015 0.0259376 -0.102008 0.026496 0.0260203
-0.85879 -0.104997 -0.0258864 0.0266685 -0.105006 0.0273846 0.0267615
-0.528023 -0.101997 -0.0256429 0.0259157 -0.101983 0.0262291 0.0260664
-0.311524 -0.098997 -0.0252542 0.0251539 -0.0989705 0.0251575 0.025334
-0.17951 -0.095997 -0.0247559 0.0243731 -0.0959647 0.0241358 0.024571
-0.0915413 -0.092997 -0.024219 0.023587 -0.0929608 0.0231325 0.0237985
-0.037146 -0.089997 -0.0236043 0.0227902 -0.0899592 0.022175 0.0230099
0.000434931 -0.086997 -0.0229605 0.0219917 -0.0869581 0.0212397 0.0222191
0.029141 -0.083997 -0.0223162 0.0211995 -0.0839569 0.0203153 0.0214344
0.0520271 -0.080997 -0.0216336 0.0203982 -0.0809556 0.0194095 0.0206406
0.0713865 -0.077997 -0.0209485 0.0196001 -0.0779543 0.0185115 0.0198502
0.0885591 -0.074997 -0.0202654 0.0188047 -0.0749528 0.0176164 0.0190625
0.104102 -0.071997 -0.0195858 0.0180122 -0.0719514 0.016722 0.0182769
0.118498 -0.068997 -0.0189088 0.0172204 -0.06895 0.0158259 0.0174918
0.131893 -0.065997 -0.0182345 0.0164302 -0.0659488 0.0149289 0.0167074
0.144564 -0.062997 -0.0175639 0.0156406 -0.0629475 0.0140288 0.0159232
0.156538 -0.059997 -0.0168958 0.0148528 -0.0599463 0.0131288 0.0151403
0.167814 -0.056997 -0.0162269 0.0140646 -0.0569453 0.0122279 0.0143562
0.178785 -0.053997 -0.0155518 0.0132712 -0.0539441 0.0113228 0.0135671
0.189385 -0.050997 -0.0148786 0.0124771 -0.050943 0.0104143 0.0127772
0.199548 -0.047997 -0.0142056 0.0116831 -0.047942 0.00950472 0.0119865
0.209593 -0.044997 -0.0135307 0.0108967 -0.044941 0.0086119 0.0112034
0.219429 -0.041997 -0.0128572 0.0101109 -0.04194 0.00771896 0.0104208
0.228975 -0.038997 -0.012182 0.00932484 -0.0389392 0.00682614 0.00963727
0.238265 -0.035997 -0.0115051 0.00853852 -0.0359384 0.00593381 0.00885285
0.247355 -0.032997 -0.0108298 0.00775264 -0.0329377 0.00504035 0.00806852
0.256218 -0.029997 -0.0101617 0.00696954 -0.029937 0.00414497 0.0072868
0.265006 -0.026997 -0.00949552 0.00619173 -0.0269363 0.00325815 0.00651025
0.27406 -0.023997 -0.00882647 0.00542425 -0.0239356 0.00239483 0.00574404
0.283013 -0.020997 -0.00815805 0.00465695 -0.020935 0.00153107 0.00497788
0.292312 -0.017997 -0.00747992 0.00389141 -0.0179344 0.000681323 0.00421415
0.302004 -0.014997 -0.00678622 0.00313158 -0.0149338 -0.000141639 0.00345589
0.311927 -0.011997 -0.00608702 0.00238082 -0.0119334 -0.000941176 0.00270647
0.3221 -0.00899699 -0.00538574 0.00163519 -0.00893297 -0.00172837 0.0019622
0.330427 -0.00599699 -0.00561609 0.00125142 -0.00593332 -0.00272069 0.00158082
0.341672 -0.00299699 -0.00512689 0.000600426 -0.00293339 -0.00353067 0.000930172
0.354703 3.00831e-06 -0.00438404 -0.000141754 6.63386e-05 -0.00427253 0.000185324
0.354703 3.00831e-06 -0.00438404 -0.000141754 6.63386e-05 -0.00427253 0.000185324
0.372277 0.00300301 -0.00360974 -0.00090689 0.00306681 -0.00501988 -0.000576107
0.385987 0.00600301 -0.00284495 -0.00165433 0.00606654 -0.00574953 -0.00132596
0.399689 0.00900301 -0.00208122 -0.00239881 0.0090661 -0.00647524 -0.00207378
0.412958 0.012003 -0.00131378 -0.00314313 0.0120655 -0.00719802 -0.0028221
0.426013 0.015003 -0.000543196 -0.003887 0.0150649 -0.00791739 -0.00357041
0.439351 0.018003 0.000229907 -0.0046281 0.0180642 -0.00862872 -0.00431599
0.452581 0.021003 0.00101423 -0.00537022 0.021063 -0.00933305 -0.00506487
0.46508 0.024003 0.00179227 -0.00610857 0.024062 -0.0100352 -0.00580871
0.47748 0.027003 0.00256684 -0.00684495 0.0270611 -0.0107366 -0.00655032
0.489785 0.030003 0.00334239 -0.00758103 0.0300601 -0.0114363 -0.00729136
0.502191 0.033003 0.00412147 -0.00831701 0.0330591 -0.0121326 -0.00803278
0.514703 0.036003 0.00490422 -0.00905379 0.036058 -0.0128272 -0.00877558
0.526848 0.039003 0.00568985 -0.00979285 0.039057 -0.0135228 -0.00951963
0.538812 0.042003 0.00648277 -0.010534 0.042056 -0.0142154 -0.0102657
0.551224 0.045003 0.00728738 -0.0112767 0.0450546 -0.0149014 -0.0110159
0.563313 0.048003 0.00809539 -0.0120239 0.0480531 -0.015593 -0.0117707
0.57514 0.051003 0.00891479 -0.0127752 0.0510517 -0.0162812 -0.0125293
0.586808 0.054003 0.00974414 -0.0135316 0.0540503 -0.0169696 -0.013293
0.59819 0.057003 0.0105862 -0.014289 0.0570488 -0.0176472 -0.0140576
0.609173 0.060003 0.0114413 -0.0150483 0.0600474 -0.0183151 -0.0148233
0.6204 0.063003 0.0123196 -0.015815 0.0630456 -0.0189759 -0.0155983
0.631988 0.066003 0.0132177 -0.0165847 0.0660437 -0.0196224 -0.0163757
0.643371 0.069003 0.0141305 -0.0173612 0.0690417 -0.0202678 -0.0171602
0.654561 0.072003 0.0150557 -0.0181427 0.0720396 -0.0209112 -0.01795
0.664633 0.075003 0.0159876 -0.018936 0.0750375 -0.0215718 -0.018752
0.675788 0.078003 0.0169635 -0.0197409 0.078035 -0.0222121 -0.0195663
0.687035 0.081003 0.0179482 -0.0205487 0.0810325 -0.0228492 -0.0203832
0.699157 0.084003 0.0189449 -0.0213555 0.0840296 -0.0234728 -0.0211999
0.713763 0.087003 0.019955 -0.0221578 0.0870261 -0.0240747 -0.0220129
0.73176 0.090003 0.0209843 -0.0229574 0.0900217 -0.0246534 -0.022825
0.759126 0.093003 0.0220439 -0.0237399 0.0930151 -0.0251696 -0.0236226
0.801775 0.096003 0.0231409 -0.0245056 0.096005 -0.0256179 -0.0244073
0.838134 0.099003 0.0241948 -0.0252377 0.0989976 -0.0260337 -0.0251481
0.858397 0.102003 0.0251353 -0.0259461 0.101996 -0.0264997 -0.0258452
0.86461 0.105003 0.0260575 -0.0267005 0.104997 -0.0270777 -0.0265902
0.5372 0.102003 0.0249133 -0.0260122 0.10202 -0.0268375 -0.0258454
0.318346 0.099003 0.0238566 -0.0252854 0.0990326 -0.026445 -0.0250891
0.184396 0.096003 0.022847 -0.0245268 0.0960382 -0.0259442 -0.0243133
0.0956887 0.093003 0.0218595 -0.02376 0.0930419 -0.025404 -0.0235342
0.0407601 0.090003 0.0209174 -0.0229742 0.0900434 -0.0247795 -0.0227404
0.00333303 0.087003 0.0199976 -0.0221885 0.0870444 -0.0241313 -0.0219481
-0.025046 0.084003 0.0190926 -0.0214043 0.0840455 -0.0234692 -0.0211571
-0.0477446 0.081003 0.0182054 -0.0206142 0.0810466 -0.0227759 -0.0203603
-0.0670124 0.078003 0.0173267 -0.0198268 0.0780479 -0.0220781 -0.0195657
-0.0841899 0.075003 0.0164489 -0.0190423 0.0750492 -0.0213845 -0.0187741
-0.0998953 0.072003 0.0155704 -0.0182593 0.0720505 -0.0206942 -0.0179842
-0.114423 0.069003 0.014691 -0.0174775 0.0690518 -0.0200075 -0.0171961
-0.128034 0.066003 0.0138111 -0.016696 0.0660531 -0.0193217 -0.0164085
-0.140793 0.063003 0.0129318 -0.0159148 0.0630543 -0.0186364 -0.0156221
-0.152896 0.060003 0.0120514 -0.0151335 0.0600554 -0.0179523 -0.0148362
-0.164421 0.057003 0.0111681 -0.014351 0.0570564 -0.0172689 -0.0140495
-0.175503 0.054003 0.0102917 -0.0135718 0.0540573 -0.0165855 -0.0132669
-0.186287 0.051003 0.00941972 -0.0127954 0.0510582 -0.0159036 -0.0124873
-0.196715 0.048003 0.00854658 -0.0120196 0.0480591 -0.0152241 -0.0117085
-0.206798 0.045003 0.00767232 -0.0112427 0.0450599 -0.0145438 -0.0109291
-0.216591 0.042003 0.0067964 -0.0104653 0.0420606 -0.0138646 -0.0101497
-0.226239 0.039003 0.00591757 -0.00968495 0.0390614 -0.0131821 -0.0093672
-0.235788 0.036003 0.0050358 -0.00890079 0.0360622 -0.0124947 -0.00858056
-0.245123 0.033003 0.00415321 -0.00811565 0.0330631 -0.0118063 -0.00779315
-0.254604 0.030003 0.00329593 -0.00734152 0.0300639 -0.0111146 -0.0070168
-0.263952 0.027003 0.00244288 -0.0065708 0.0270646 -0.0104259 -0.0062443
-0.273063 0.024003 0.00158948 -0.00580203 0.0240652 -0.0097418 -0.00547431
-0.282494 0.021003 0.000758528 -0.00504389 0.0210657 -0.00905657 -0.004715
-0.291982 0.018003 -6.36575e-05 -0.00428979 0.0180661 -0.00837067 -0.00395979
-0.301785 0.015003 -0.000862561 -0.00354558 0.0150665 -0.00768154 -0.00321473
-0.311952 0.012003 -0.00164641 -0.00280354 0.0120668 -0.0069817 -0.00247175
-0.322616 0.00900301 -0.00241826 -0.0020599 0.00906723 -0.00626579 -0.0017261
-0.332665 0.00600301 -0.00323977 -0.00141617 0.00606731 -0.00579988 -0.00108067
-0.341886 0.00300301 -0.00418091 -0.000994178 0.00306649 -0.0059006 -0.00065903
-0.35425 3.00831e-06 -0.00491714 -0.000243459 6.62169e-05 -0.00513944 8.99097e-05
-0.366718 -0.00299699 -0.00564644 0.000509533 -0.00293398 -0.00436623 0.000841614
-0.378884 -0.00599699 -0.00637061 0.00126131 -0.00593419 -0.0035901 0.0015921
-0.391333 -0.00899699 -0.00708964 0.00201546 -0.00893474 -0.00280615 0.00234309
-0.403944 -0.011997 -0.00780558 0.00277078 -0.0119355 -0.00201788 0.00309436
-0.416609 -0.014997 -0.00851719 0.0035241 -0.0149361 -0.00122866 0.00384413
-0.42912 -0.017997 -0.00922541 0.00427789 -0.0179368 -0.000435044 0.00459429
-0.441309 -0.020997 -0.0099287 0.00503413 -0.0209376 0.000368314 0.00534657
-0.453592 -0.023997 -0.0106218 0.00579145 -0.0239386 0.0011831 0.00609913
-0.465464 -0.026997 -0.0113166 0.00654541 -0.0269396 0.00198923 0.00684822
-0.477096 -0.029997 -0.0120134 0.00729946 -0.0299405 0.00279454 0.00759819
-0.488579 -0.032997 -0.012709 0.00805223 -0.0329415 0.00359868 0.00834691
-0.499941 -0.035997 -0.0134032 0.00880486 -0.0359424 0.00440408 0.00909564
-0.511684 -0.038997 -0.0140898 0.00956062 -0.0389437 0.00522097 0.00984556
-0.523393 -0.041997 -0.0147729 0.010317 -0.041945 0.00604243 0.0105959
-0.534324 -0.044997 -0.015471 0.0110755 -0.044946 0.00685542 0.0113503
-0.545264 -0.047997 -0.016167 0.0118416 -0.047947 0.00768501 0.0121118
-0.55654 -0.050997 -0.0168546 0.0126154 -0.0509484 0.00853665 0.0128794
-0.567673 -0.053997 -0.0175403 0.0133903 -0.0539497 0.00939239 0.0136482
-0.578784 -0.056997 -0.0182239 0.0141674 -0.0569512 0.0102543 0.0144189
-0.590009 -0.059997 -0.0188993 0.0149463 -0.0599528 0.0111265 0.0151903
-0.600711 -0.062997 -0.0195685 0.0157228 -0.0629541 0.0120026 0.0159613
-0.612079 -0.065997 -0.0202202 0.0165033 -0.0659558 0.012903 0.0167352
-0.62358 -0.068997 -0.0208673 0.0172874 -0.0689576 0.013814 0.0175118
-0.634944 -0.071997 -0.0215139 0.0180752 -0.0719595 0.0147327 0.0182919
-0.645908 -0.074997 -0.0221703 0.018873 -0.0749616 0.0156602 0.019081
-0.657786 -0.077997 -0.0228108 0.0196669 -0.0779638 0.0165963 0.0198664
-0.670184 -0.080997 -0.023444 0.0204662 -0.0809664 0.0175482 0.0206554
-0.683195 -0.083997 -0.0240698 0.0212665 -0.0839692 0.0185092 0.0214452
-0.698503 -0.086997 -0.024666 0.022063 -0.0869727 0.0194905 0.0222297
-0.716734 -0.089997 -0.0252348 0.0228549 -0.0899769 0.0204886 0.0230086
-0.743454 -0.092997 -0.0257493 0.0236376 -0.0929832 0.0215188 0.0237751
-0.78539 -0.095997 -0.0261646 0.0244017 -0.0959932 0.0226045 0.0245177
-0.823832 -0.098997 -0.0265548 0.0251448 -0.099002 0.0236787 0.0252439
-0.846891 -0.101997 -0.0269458 0.0258089 -0.102004 0.024625 0.0259165
-0.854193 -0.104997 -0.0274708 0.0265217 -0.105003 0.0255356 0.0266384
-0.526695 -0.101997 -0.0272348 0.025774 -0.10198 0.0243815 0.0259471
-0.309325 -0.098997 -0.0268491 0.0250173 -0.098968 0.0233171 0.0252198
-0.176993 -0.095997 -0.0263575 0.0242416 -0.0959623 0.0222982 0.024461
-0.0896549 -0.092997 -0.0258206 0.023461 -0.0929587 0.0213036 0.0236922
-0.0353491 -0.089997 -0.0252437 0.0226802 -0.0899573 0.0203396 0.0229188
0.00168768 -0.086997 -0.0246137 0.0218908 -0.0869565 0.0194068 0.0221356
0.029641 -0.083997 -0.0239774 0.0211054 -0.0839555 0.0184865 0.0213565
0.0526015 -0.080997 -0.0233351 0.0203215 -0.0809543 0.0175747 0.0205797
0.0719345 -0.077997 -0.0226627 0.0195317 -0.077953 0.0166798 0.0197969
0.088768 -0.074997 -0.0219745 0.0187377 -0.0749517 0.0157915 0.0190098
0.104087 -0.071997 -0.021292 0.0179464 -0.0719504 0.0149018 0.018225
0.11826 -0.068997 -0.0206155 0.0171572 -0.0689491 0.0140098 0.017442
0.131468 -0.065997 -0.0199411 0.0163696 -0.0659478 0.0131179 0.0166601
0.143825 -0.062997 -0.019269 0.0155837 -0.0629467 0.0122259 0.015879
0.15561 -0.059997 -0.0186016 0.0147987 -0.0599456 0.0113303 0.0150984
0.16685 -0.056997 -0.0179381 0.0140146 -0.0569446 0.0104318 0.0143181
0.177596 -0.053997 -0.0172781 0.0132314 -0.0539436 0.00953069 0.0135381
0.188117 -0.050997 -0.0166149 0.0124528 -0.0509427 0.00864167 0.0127625
0.198331 -0.047997 -0.0159491 0.0116742 -0.0479419 0.00775498 0.0119866
0.208135 -0.044997 -0.0152857 0.0108977 -0.0449411 0.00686915 0.0112123
0.217713 -0.041997 -0.0146212 0.0101197 -0.0419404 0.0059814 0.0104363
0.227227 -0.038997 -0.0139482 0.00933591 -0.0389395 0.005091 0.00965508
0.236562 -0.035997 -0.0132765 0.00855176 -0.0359387 0.00419838 0.00887332
0.245663 -0.032997 -0.0126055 0.00776776 -0.0329378 0.00330512 0.00809153
0.25492 -0.029997 -0.0119305 0.00699595 -0.0299371 0.00244 0.00732169
0.264052 -0.026997 -0.0112518 0.00622632 -0.0269364 0.00158217 0.00655345
0.273171 -0.023997 -0.0105687 0.00545855 -0.0239359 0.000731737 0.00578631
0.282786 -0.020997 -0.00988089 0.00470313 -0.0209355 -8.92658e-05 0.00503157
0.292366 -0.017997 -0.00919343 0.00395028 -0.0179351 -0.000905628 0.00427928
0.302339 -0.014997 -0.00851308 0.00321297 -0.0149349 -0.00169805 0.00354251
0.312243 -0.011997 -0.00797028 0.00253014 -0.0119346 -0.00251757 0.00286133
0.322284 -0.00899699 -0.00748632 0.00187529 -0.00893449 -0.00334001 0.00220792
0.332796 -0.00599699 -0.00704646 0.00124508 -0.00593479 -0.00415864 0.0015774
0.343645 -0.00299699 -0.00646751 0.000563219 -0.002935 -0.00494174 0.00089529
0.354628 3.00831e-06 -0.00582055 -0.000142929 6.49005e-05 -0.0057051 0.000189356
0.354628 3.00831e-06 -0.00582055 -0.000142929 6.49005e-05 -0.0057051 0.000189356
0.366494 0.00300301 -0.00513893 -0.000858904 0.00306454 -0.0064544 -0.000527946
0.378748 0.00600301 -0.00439218 -0.00159857 0.00606431 -0.00718652 -0.00126906
0.390757 0.00900301 -0.0036187 -0.0023477 0.0090641 -0.00791076 -0.00201941
0.402653 0.012003 -0.0028424 -0.00309776 0.0120639 -0.00863403 -0.00277063
0.414534 0.015003 -0.00206462 -0.00384807 0.0150636 -0.00935635 -0.00352213
0.426974 0.018003 -0.00127463 -0.00459682 0.0180629 -0.0100653 -0.00427439
0.439133 0.021003 -0.000476144 -0.0053472 0.0210622 -0.0107697 -0.00502876
0.450985 0.024003 0.000321699 -0.00609977 0.0240615 -0.0114783 -0.00578436
0.462684 0.027003 0.00112449 -0.00685423 0.0270609 -0.0121857 -0.00654172
0.474032 0.030003 0.00192121 -0.00760591 0.0300602 -0.0128937 -0.00729631
0.485584 0.033003 0.00272166 -0.00835665 0.0330592 -0.0135972 -0.0080514
0.497106 0.036003 0.0035245 -0.0091086 0.0360582 -0.0143009 -0.00880788
0.508314 0.039003 0.00432607 -0.00986069 0.0390573 -0.0150054 -0.00956354
0.519355 0.042003 0.00513043 -0.0106099 0.0420565 -0.0157012 -0.010316
0.530606 0.045003 0.00593961 -0.0113584 0.0450554 -0.0163916 -0.0110689
0.540001 0.048003 0.00586751 -0.0117438 0.0480522 -0.0172422 -0.0114667
0.552172 0.051003 0.00654854 -0.0124393 0.0510508 -0.0179568 -0.0121694
0.564598 0.054003 0.00725316 -0.013145 0.0540495 -0.0186683 -0.0128822
0.577282 0.057003 0.00796735 -0.0138532 0.057048 -0.0193758 -0.0135984
0.590334 0.060003 0.00869536 -0.0145655 0.0600463 -0.020079 -0.0143203
0.603627 0.063003 0.00943462 -0.0152816 0.0630444 -0.0207793 -0.015047
0.617515 0.066003 0.0101817 -0.0159941 0.0660424 -0.0214647 -0.01577
0.63167 0.069003 0.0109422 -0.0167072 0.0690402 -0.0221386 -0.0164948
0.645651 0.072003 0.0117137 -0.0174229 0.0720379 -0.0228068 -0.0172223
0.659367 0.075003 0.0125043 -0.01815 0.0750355 -0.0234795 -0.0179621
0.67363 0.078003 0.0133315 -0.0188887 0.0780327 -0.0241393 -0.0187141
0.687825 0.081003 0.0142091 -0.0196449 0.0810297 -0.024783 -0.0194831
0.701785 0.084003 0.0151668 -0.0204329 0.0840265 -0.0254104 -0.0202838
0.717602 0.087003 0.016178 -0.0212343 0.0870225 -0.0260115 -0.0210985
0.736882 0.090003 0.0172081 -0.0220322 0.0900178 -0.0265867 -0.0219099
0.765112 0.093003 0.0182358 -0.0228037 0.0930119 -0.027108 -0.0226904
0.798386 0.096003 0.0191891 -0.02352 0.0960076 -0.027579 -0.0233979
0.827754 0.099003 0.0201486 -0.0242196 0.099004 -0.0280111 -0.0240894
0.850532 0.102003 0.0211114 -0.0249152 0.102001 -0.0284328 -0.024778
0.857915 0.105003 0.0220432 -0.0256618 0.105002 -0.0289878 -0.0255178
0.864313 0.108003 0.0229519 -0.0264042 0.108002 -0.0295585 -0.0262546
0.870642 0.111003 0.0238359 -0.0271397 0.111002 -0.0301406 -0.0269853
0.876818 0.114003 0.0247055 -0.0278627 0.114003 -0.0307122 -0.0277035
0.882824 0.117003 0.0255918 -0.0285818 0.117003 -0.0312591 -0.0284176
0.88909 0.120003 0.0265027 -0.0293073 0.120003 -0.0317955 -0.0291397
0.895259 0.123003 0.027416 -0.0300331 0.123003 -0.0323301 -0.0298622
0.900547 0.126003 0.0282825 -0.0307652 0.126003 -0.0329222 -0.0305885
0.905428 0.129003 0.0291257 -0.0314914 0.129004 -0.0335249 -0.0313076
0.910627 0.132003 0.030009 -0.0322096 0.132005 -0.0340725 -0.0320204
0.915736 0.135003 0.0309003 -0.0329197 0.135005 -0.0345962 -0.0327251
0.920779 0.138003 0.0317917 -0.0336296 0.138006 -0.0351194 -0.0334298
0.925776 0.141003 0.0326831 -0.0343395 0.141006 -0.0356425 -0.0341343
0.931559 0.144003 0.0336308 -0.0350602 0.144006 -0.0361332 -0.0348528
0.937491 0.147003 0.0345932 -0.0357843 0.147006 -0.036617 -0.0355756
0.943338 0.150003 0.0355522 -0.0365057 0.150005 -0.0370986 -0.0362957
0.949151 0.153003 0.0365122 -0.0372272 0.153005 -0.0375797 -0.0370159
0.954909 0.156003 0.0374761 -0.0379496 0.156005 -0.0380584 -0.037737
0.960605 0.159003 0.0384421 -0.0386717 0.159005 -0.0385347 -0.0384578
0.966054 0.162003 0.0394077 -0.0393909 0.162004 -0.0390055 -0.0391755
