0.01 -1.11716e-08
0.02 -4.53194e-08
0.03 -1.02471e-07
0.04 -1.82579e-07
0.05 -2.85654e-07
0.06 -4.11642e-07
0.07 -5.6054e-07
0.08 -7.32283e-07
0.09 -9.26856e-07
0.1 -1.14419e-06
0.11 -1.38424e-06
0.12 -1.64695e-06
0.13 -1.93225e-06
0.14 -2.24006e-06
0.15 -2.57033e-06
0.16 -2.92295e-06
0.17 -3.29786e-06
0.18 -3.69495e-06
0.19 -4.11412e-06
0.2 -4.55527e-06
0.21 -5.01831e-06
0.22 -5.50309e-06
0.23 -6.00952e-06
0.24 -6.53746e-06
0.25 -7.08679e-06
0.26 -7.65737e-06
0.27 -8.24906e-06
0.28 -8.8617e-06
0.29 -9.49516e-06
0.3 -1.01493e-05
0.31 -1.08239e-05
0.32 -1.15188e-05
0.33 -1.22339e-05
0.34 -1.2969e-05
0.35 -1.37238e-05
0.36 -1.44983e-05
0.37 -1.52922e-05
0.38 -1.61053e-05
0.39 -1.69375e-05
0.4 -1.77884e-05
0.41 -1.8658e-05
0.42 -1.9546e-05
0.43 -2.04521e-05
0.44 -2.13762e-05
0.45 -2.2318e-05
0.46 -2.32773e-05
0.47 -2.42539e-05
0.48 -2.52475e-05
0.49 -2.62578e-05
0.5 -2.72847e-05
0.51 -2.83278e-05
0.52 -2.93869e-05
0.53 -3.04618e-05
0.54 -3.15522e-05
0.55 -3.26577e-05
0.56 -3.37783e-05
0.57 -3.49134e-05
0.58 -3.6063e-05
0.59 -3.72267e-05
0.6 -3.84041e-05
0.61 -3.95951e-05
0.62 -4.07994e-05
0.63 -4.20165e-05
0.64 -4.32463e-05
0.65 -4.44884e-05
0.66 -4.57425e-05
0.67 -4.70084e-05
0.68 -4.82856e-05
0.69 -4.95739e-05
0.7 -5.0873e-05
0.71 -5.21826e-05
0.72 -5.35022e-05
0.73 -5.48317e-05
0.74 -5.61706e-05
0.75 -5.75187e-05
0.76 -5.88756e-05
0.77 -6.02409e-05
0.78 -6.16144e-05
0.79 -6.29956e-05
0.8 -6.43844e-05
0.81 -6.57802e-05
0.82 -6.71828e-05
0.83 -6.85918e-05
0.84 -7.00069e-05
0.85 -7.14277e-05
0.86 -7.28539e-05
0.87 -7.42851e-05
0.88 -7.5721e-05
0.89 -7.71612e-05
0.9 -7.86054e-05
0.91 -8.00532e-05
0.92 -8.15042e-05
0.93 -8.29581e-05
0.94 -8.44145e-05
0.95 -8.58731e-05
0.96 -8.73335e-05
0.97 -8.87953e-05
0.98 -9.02583e-05
0.99 -9.17219e-05
1 -9.3186e-05
1.01 -9.465e-05
1.02 -9.61137e-05
1.03 -9.75767e-05
1.04 -9.90386e-05
1.05 -0.000100499
1.06 -0.000101958
1.07 -0.000103414
1.08 -0.000104868
1.09 -0.000106319
1.1 -0.000107767
1.11 -0.000109211
1.12 -0.000110652
1.13 -0.000112088
1.14 -0.000113519
1.15 -0.000114945
1.16 -0.000116366
1.17 -0.000117782
1.18 -0.000119191
1.19 -0.000120594
1.2 -0.00012199
1.21 -0.000123379
1.22 -0.00012476
1.23 -0.000126134
1.24 -0.000127499
1.25 -0.000128857
1.26 -0.000130205
1.27 -0.000131544
1.28 -0.000132874
1.29 -0.000134194
1.3 -0.000135504
1.31 -0.000136803
1.32 -0.000138092
1.33 -0.000139369
1.34 -0.000140635
1.35 -0.00014189
1.36 -0.000143132
1.37 -0.000144363
1.38 -0.00014558
1.39 -0.000146785
1.4 -0.000147976
1.41 -0.000149154
1.42 -0.000150318
1.43 -0.000151468
1.44 -0.000152604
1.45 -0.000153724
1.46 -0.000154831
1.47 -0.000155921
1.48 -0.000156997
1.49 -0.000158056
1.5 -0.0001591
1.51 -0.000160127
1.52 -0.000161138
1.53 -0.000162132
1.54 -0.000163109
1.55 -0.000164069
1.56 -0.000165011
1.57 -0.000165936
1.58 -0.000166843
1.59 -0.000167731
1.6 -0.000168601
1.61 -0.000169453
1.62 -0.000170285
1.63 -0.000171099
1.64 -0.000171894
1.65 -0.000172669
1.66 -0.000173424
1.67 -0.00017416
1.68 -0.000174875
1.69 -0.000175571
1.7 -0.000176246
1.71 -0.000176901
1.72 -0.000177535
1.73 -0.000178148
1.74 -0.00017874
1.75 -0.000179312
1.76 -0.000179862
1.77 -0.00018039
1.78 -0.000180897
1.79 -0.000181383
1.8 -0.000181846
1.81 -0.000182288
1.82 -0.000182708
1.83 -0.000183106
1.84 -0.000183481
1.85 -0.000183835
1.86 -0.000184165
1.87 -0.000184474
1.88 -0.00018476
1.89 -0.000185023
1.9 -0.000185264
1.91 -0.000185482
1.92 -0.000185677
1.93 -0.00018585
1.94 -0.000185999
1.95 -0.000186126
1.96 -0.00018623
1.97 -0.00018631
1.98 -0.000186368
1.99 -0.000186403
2 -0.000186415
2.01 -0.000186404
2.02 -0.00018637
2.03 -0.000186312
2.04 -0.000186232
2.05 -0.000186129
2.06 -0.000186003
2.07 -0.000185854
2.08 -0.000185683
2.09 -0.000185488
2.1 -0.000185271
2.11 -0.000185031
2.12 -0.000184768
2.13 -0.000184483
2.14 -0.000184175
2.15 -0.000183845
2.16 -0.000183492
2.17 -0.000183117
2.18 -0.00018272
2.19 -0.000182301
2.2 -0.00018186
2.21 -0.000181397
2.22 -0.000180912
2.23 -0.000180405
2.24 -0.000179877
2.25 -0.000179328
2.26 -0.000178757
2.27 -0.000178166
2.28 -0.000177553
2.29 -0.00017692
2.3 -0.000176266
2.31 -0.000175591
2.32 -0.000174896
2.33 -0.000174181
2.34 -0.000173446
2.35 -0.000172691
2.36 -0.000171917
2.37 -0.000171123
2.38 -0.00017031
2.39 -0.000169477
2.4 -0.000168626
2.41 -0.000167757
2.42 -0.000166869
2.43 -0.000165963
2.44 -0.000165039
2.45 -0.000164097
2.46 -0.000163138
2.47 -0.000162161
2.48 -0.000161167
2.49 -0.000160157
2.5 -0.00015913
2.51 -0.000158087
2.52 -0.000157028
2.53 -0.000155953
2.54 -0.000154863
2.55 -0.000153757
2.56 -0.000152637
2.57 -0.000151501
2.58 -0.000150352
2.59 -0.000149188
2.6 -0.000148011
2.61 -0.00014682
2.62 -0.000145615
2.63 -0.000144398
2.64 -0.000143169
2.65 -0.000141926
2.66 -0.000140672
2.67 -0.000139406
2.68 -0.000138129
2.69 -0.000136841
2.7 -0.000135542
2.71 -0.000134232
2.72 -0.000132913
2.73 -0.000131583
2.74 -0.000130244
2.75 -0.000128896
2.76 -0.000127539
2.77 -0.000126174
2.78 -0.0001248
2.79 -0.000123419
2.8 -0.00012203
2.81 -0.000120635
2.82 -0.000119232
2.83 -0.000117823
2.84 -0.000116408
2.85 -0.000114987
2.86 -0.000113561
2.87 -0.00011213
2.88 -0.000110694
2.89 -0.000109254
2.9 -0.000107809
2.91 -0.000106362
2.92 -0.000104911
2.93 -0.000103457
2.94 -0.000102
2.95 -0.000100542
2.96 -9.90814e-05
2.97 -9.76195e-05
2.98 -9.61566e-05
2.99 -9.46929e-05
3 -9.32289e-05
3.01 -9.17648e-05
3.02 -9.03011e-05
3.03 -8.88382e-05
3.04 -8.73763e-05
3.05 -8.59158e-05
3.06 -8.44572e-05
3.07 -8.30007e-05
3.08 -8.15467e-05
3.09 -8.00956e-05
3.1 -7.86477e-05
3.11 -7.72035e-05
3.12 -7.57631e-05
3.13 -7.43271e-05
3.14 -7.28958e-05
3.15 -7.14694e-05
3.16 -7.00484e-05
3.17 -6.86332e-05
3.18 -6.7224e-05
3.19 -6.58212e-05
3.2 -6.44251e-05
3.21 -6.30362e-05
3.22 -6.16547e-05
3.23 -6.0281e-05
3.24 -5.89154e-05
3.25 -5.75583e-05
3.26 -5.621e-05
3.27 -5.48708e-05
3.28 -5.3541e-05
3.29 -5.22211e-05
3.3 -5.09112e-05
3.31 -4.96118e-05
3.32 -4.83232e-05
3.33 -4.70456e-05
3.34 -4.57794e-05
3.35 -4.4525e-05
3.36 -4.32825e-05
3.37 -4.20523e-05
3.38 -4.08348e-05
3.39 -3.96302e-05
3.4 -3.84388e-05
3.41 -3.72609e-05
3.42 -3.60969e-05
3.43 -3.49469e-05
3.44 -3.38113e-05
3.45 -3.26903e-05
3.46 -3.15843e-05
3.47 -3.04935e-05
3.48 -2.94182e-05
3.49 -2.83586e-05
3.5 -2.7315e-05
3.51 -2.62876e-05
3.52 -2.52768e-05
3.53 -2.42827e-05
3.54 -2.33057e-05
3.55 -2.23459e-05
3.56 -2.14035e-05
3.57 -2.04789e-05
3.58 -1.95723e-05
3.59 -1.86838e-05
3.6 -1.78136e-05
3.61 -1.69621e-05
3.62 -1.61294e-05
3.63 -1.53157e-05
3.64 -1.45213e-05
3.65 -1.37462e-05
3.66 -1.29908e-05
3.67 -1.22551e-05
3.68 -1.15395e-05
3.69 -1.08439e-05
3.7 -1.01687e-05
3.71 -9.51402e-06
3.72 -8.87996e-06
3.73 -8.2667e-06
3.74 -7.6744e-06
3.75 -7.1032e-06
3.76 -6.55325e-06
3.77 -6.02468e-06
3.78 -5.51762e-06
3.79 -5.03219e-06
3.8 -4.56852e-06
3.81 -4.12673e-06
3.82 -3.70691e-06
3.83 -3.30917e-06
3.84 -2.93362e-06
3.85 -2.58034e-06
3.86 -2.24942e-06
3.87 -1.94094e-06
3.88 -1.65498e-06
3.89 -1.39161e-06
3.9 -1.1509e-06
3.91 -9.32894e-07
3.92 -7.3766e-07
3.93 -5.65241e-07
3.94 -4.1568e-07
3.95 -2.89014e-07
3.96 -1.85274e-07
3.97 -1.04487e-07
3.98 -4.66705e-08
3.99 -1.18404e-08
4 -4.93022e-12
4.01 -1.1167e-08
4.02 -4.53238e-08
4.03 -1.02467e-07
4.04 -1.82582e-07
4.05 -2.8565e-07
4.06 -4.11645e-07
4.07 -5.60536e-07
4.08 -7.32287e-07
4.09 -9.26854e-07
4.1 -1.14419e-06
4.11 -1.38424e-06
4.12 -1.64695e-06
4.13 -1.93225e-06
4.14 -2.24007e-06
4.15 -2.57033e-06
4.16 -2.92296e-06
4.17 -3.29786e-06
4.18 -3.69495e-06
4.19 -4.11412e-06
4.2 -4.55528e-06
4.21 -5.01831e-06
4.22 -5.50309e-06
4.23 -6.00952e-06
4.24 -6.53747e-06
4.25 -7.08679e-06
4.26 -7.65737e-06
4.27 -8.24906e-06
4.28 -8.8617e-06
4.29 -9.49516e-06
4.3 -1.01493e-05
4.31 -1.08239e-05
4.32 -1.15188e-05
4.33 -1.22339e-05
4.34 -1.2969e-05
4.35 -1.37238e-05
4.36 -1.44983e-05
4.37 -1.52922e-05
4.38 -1.61053e-05
4.39 -1.69375e-05
4.4 -1.77884e-05
4.41 -1.8658e-05
4.42 -1.9546e-05
4.43 -2.04521e-05
4.44 -2.13762e-05
4.45 -2.2318e-05
4.46 -2.32773e-05
4.47 -2.42539e-05
4.48 -2.52475e-05
4.49 -2.62578e-05
4.5 -2.72847e-05
4.51 -2.83278e-05
4.52 -2.93869e-05
4.53 -3.04618e-05
4.54 -3.15522e-05
4.55 -3.26577e-05
4.56 -3.37783e-05
4.57 -3.49134e-05
4.58 -3.6063e-05
4.59 -3.72267e-05
4.6 -3.84041e-05
4.61 -3.95951e-05
4.62 -4.07994e-05
4.63 -4.20165e-05
4.64 -4.32463e-05
4.65 -4.44884e-05
4.66 -4.57425e-05
4.67 -4.70084e-05
4.68 -4.82856e-05
4.69 -4.95739e-05
4.7 -5.0873e-05
4.71 -5.21826e-05
4.72 -5.35022e-05
4.73 -5.48317e-05
4.74 -5.61706e-05
4.75 -5.75187e-05
4.76 -5.88756e-05
4.77 -6.02409e-05
4.78 -6.16144e-05
4.79 -6.29956e-05
4.8 -6.43844e-05
4.81 -6.57802e-05
4.82 -6.71828e-05
4.83 -6.85918e-05
4.84 -7.00069e-05
4.85 -7.14277e-05
4.86 -7.28539e-05
4.87 -7.42851e-05
4.88 -7.5721e-05
4.89 -7.71612e-05
4.9 -7.86054e-05
4.91 -8.00532e-05
4.92 -8.15042e-05
4.93 -8.29581e-05
4.94 -8.44145e-05
4.95 -8.58731e-05
4.96 -8.73335e-05
4.97 -8.87953e-05
4.98 -9.02583e-05
4.99 -9.17219e-05
5 -9.3186e-05
5.01 -9.465e-05
5.02 -9.61137e-05
5.03 -9.75767e-05
5.04 -9.90386e-05
5.05 -0.000100499
5.06 -0.000101958
5.07 -0.000103414
5.08 -0.000104868
5.09 -0.000106319
5.1 -0.000107767
5.11 -0.000109211
5.12 -0.000110652
5.13 -0.000112088
5.14 -0.000113519
5.15 -0.000114945
5.16 -0.000116366
5.17 -0.000117782
5.18 -0.000119191
5.19 -0.000120594
5.2 -0.00012199
5.21 -0.000123379
5.22 -0.00012476
5.23 -0.000126134
5.24 -0.000127499
5.25 -0.000128857
5.26 -0.000130205
5.27 -0.000131544
5.28 -0.000132874
5.29 -0.000134194
5.3 -0.000135504
5.31 -0.000136803
5.32 -0.000138092
5.33 -0.000139369
5.34 -0.000140635
5.35 -0.00014189
5.36 -0.000143132
5.37 -0.000144363
5.38 -0.00014558
5.39 -0.000146785
5.4 -0.000147976
5.41 -0.000149154
5.42 -0.000150318
5.43 -0.000151468
5.44 -0.000152604
5.45 -0.000153724
5.46 -0.000154831
5.47 -0.000155921
5.48 -0.000156997
5.49 -0.000158056
5.5 -0.0001591
5.51 -0.000160127
5.52 -0.000161138
5.53 -0.000162132
5.54 -0.000163109
5.55 -0.000164069
5.56 -0.000165011
5.57 -0.000165936
5.58 -0.000166843
5.59 -0.000167731
5.6 -0.000168601
5.61 -0.000169453
5.62 -0.000170285
5.63 -0.000171099
5.64 -0.000171894
5.65 -0.000172669
5.66 -0.000173424
5.67 -0.00017416
5.68 -0.000174875
5.69 -0.000175571
5.7 -0.000176246
5.71 -0.000176901
5.72 -0.000177535
5.73 -0.000178148
5.74 -0.00017874
5.75 -0.000179312
5.76 -0.000179862
5.77 -0.00018039
5.78 -0.000180897
5.79 -0.000181383
5.8 -0.000181846
5.81 -0.000182288
5.82 -0.000182708
5.83 -0.000183106
5.84 -0.000183481
5.85 -0.000183835
5.86 -0.000184165
5.87 -0.000184474
5.88 -0.00018476
5.89 -0.000185023
5.9 -0.000185264
5.91 -0.000185482
5.92 -0.000185677
5.93 -0.00018585
5.94 -0.000185999
5.95 -0.000186126
5.96 -0.00018623
5.97 -0.00018631
5.98 -0.000186368
5.99 -0.000186403
6 -0.000186415
6.01 -0.000186404
6.02 -0.00018637
6.03 -0.000186312
6.04 -0.000186232
6.05 -0.000186129
6.06 -0.000186003
6.07 -0.000185854
6.08 -0.000185683
6.09 -0.000185488
6.1 -0.000185271
6.11 -0.000185031
6.12 -0.000184768
6.13 -0.000184483
6.14 -0.000184175
6.15 -0.000183845
6.16 -0.000183492
6.17 -0.000183117
6.18 -0.00018272
6.19 -0.000182301
6.2 -0.00018186
6.21 -0.000181397
6.22 -0.000180912
6.23 -0.000180405
6.24 -0.000179877
6.25 -0.000179328
6.26 -0.000178757
6.27 -0.000178166
6.28 -0.000177553
6.29 -0.00017692
6.3 -0.000176266
6.31 -0.000175591
6.32 -0.000174896
6.33 -0.000174181
6.34 -0.000173446
6.35 -0.000172691
6.36 -0.000171917
6.37 -0.000171123
6.38 -0.00017031
6.39 -0.000169477
6.4 -0.000168626
6.41 -0.000167757
6.42 -0.000166869
6.43 -0.000165963
6.44 -0.000165039
6.45 -0.000164097
6.46 -0.000163138
6.47 -0.000162161
6.48 -0.000161167
6.49 -0.000160157
6.5 -0.00015913
6.51 -0.000158087
6.52 -0.000157028
6.53 -0.000155953
6.54 -0.000154863
6.55 -0.000153757
6.56 -0.000152637
6.57 -0.000151501
6.58 -0.000150352
6.59 -0.000149188
6.6 -0.000148011
6.61 -0.00014682
6.62 -0.000145615
6.63 -0.000144398
6.64 -0.000143169
6.65 -0.000141926
6.66 -0.000140672
6.67 -0.000139406
6.68 -0.000138129
6.69 -0.000136841
6.7 -0.000135542
6.71 -0.000134232
6.72 -0.000132913
6.73 -0.000131583
6.74 -0.000130244
6.75 -0.000128896
6.76 -0.000127539
6.77 -0.000126174
6.78 -0.0001248
6.79 -0.000123419
6.8 -0.00012203
6.81 -0.000120635
6.82 -0.000119232
6.83 -0.000117823
6.84 -0.000116408
6.85 -0.000114987
6.86 -0.000113561
6.87 -0.00011213
6.88 -0.000110694
6.89 -0.000109254
6.9 -0.000107809
6.91 -0.000106362
6.92 -0.000104911
6.93 -0.000103457
6.94 -0.000102
6.95 -0.000100542
6.96 -9.90814e-05
6.97 -9.76195e-05
6.98 -9.61566e-05
6.99 -9.46929e-05
7 -9.32289e-05
7.01 -9.17648e-05
7.02 -9.03011e-05
7.03 -8.88382e-05
7.04 -8.73763e-05
7.05 -8.59158e-05
7.06 -8.44572e-05
7.07 -8.30007e-05
7.08 -8.15467e-05
7.09 -8.00956e-05
7.1 -7.86477e-05
7.11 -7.72035e-05
7.12 -7.57631e-05
7.13 -7.43271e-05
7.14 -7.28958e-05
7.15 -7.14694e-05
7.16 -7.00484e-05
7.17 -6.86332e-05
7.18 -6.7224e-05
7.19 -6.58212e-05
7.2 -6.44251e-05
7.21 -6.30362e-05
7.22 -6.16547e-05
7.23 -6.0281e-05
7.24 -5.89154e-05
7.25 -5.75583e-05
7.26 -5.621e-05
7.27 -5.48708e-05
7.28 -5.3541e-05
7.29 -5.22211e-05
7.3 -5.09112e-05
7.31 -4.96118e-05
7.32 -4.83232e-05
7.33 -4.70456e-05
7.34 -4.57794e-05
7.35 -4.4525e-05
7.36 -4.32825e-05
7.37 -4.20523e-05
7.38 -4.08348e-05
7.39 -3.96302e-05
7.4 -3.84388e-05
7.41 -3.72609e-05
7.42 -3.60969e-05
7.43 -3.49469e-05
7.44 -3.38113e-05
7.45 -3.26903e-05
7.46 -3.15843e-05
7.47 -3.04935e-05
7.48 -2.94182e-05
7.49 -2.83586e-05
7.5 -2.7315e-05
7.51 -2.62876e-05
7.52 -2.52768e-05
7.53 -2.42827e-05
7.54 -2.33057e-05
7.55 -2.23459e-05
7.56 -2.14035e-05
7.57 -2.04789e-05
7.58 -1.95723e-05
7.59 -1.86838e-05
7.6 -1.78136e-05
7.61 -1.69621e-05
7.62 -1.61294e-05
7.63 -1.53157e-05
7.64 -1.45213e-05
7.65 -1.37462e-05
7.66 -1.29908e-05
7.67 -1.22551e-05
7.68 -1.15395e-05
7.69 -1.08439e-05
7.7 -1.01687e-05
7.71 -9.51402e-06
7.72 -8.87996e-06
7.73 -8.2667e-06
7.74 -7.6744e-06
7.75 -7.1032e-06
7.76 -6.55325e-06
7.77 -6.02468e-06
7.78 -5.51762e-06
7.79 -5.03219e-06
7.8 -4.56852e-06
7.81 -4.12673e-06
7.82 -3.70691e-06
7.83 -3.30917e-06
7.84 -2.93362e-06
7.85 -2.58034e-06
7.86 -2.24942e-06
7.87 -1.94094e-06
7.88 -1.65498e-06
7.89 -1.39161e-06
7.9 -1.1509e-06
7.91 -9.32894e-07
7.92 -7.3766e-07
7.93 -5.65241e-07
7.94 -4.1568e-07
7.95 -2.89014e-07
7.96 -1.85274e-07
7.97 -1.04487e-07
7.98 -4.66705e-08
7.99 -1.18404e-08
8 -4.93022e-12
8.01 -1.1167e-08
8.02 -4.53238e-08
8.03 -1.02467e-07
8.04 -1.82582e-07
8.05 -2.8565e-07
8.06 -4.11645e-07
8.07 -5.60536e-07
8.08 -7.32287e-07
8.09 -9.26854e-07
8.1 -1.14419e-06
8.11 -1.38424e-06
8.12 -1.64695e-06
8.13 -1.93225e-06
8.14 -2.24007e-06
8.15 -2.57033e-06
8.16 -2.92296e-06
8.17 -3.29786e-06
8.18 -3.69495e-06
8.19 -4.11412e-06
8.2 -4.55528e-06
8.21 -5.01831e-06
8.22 -5.50309e-06
8.23 -6.00952e-06
8.24 -6.53747e-06
8.25 -7.08679e-06
8.26 -7.65737e-06
8.27 -8.24906e-06
8.28 -8.8617e-06
8.29 -9.49516e-06
8.3 -1.01493e-05
8.31 -1.08239e-05
8.32 -1.15188e-05
8.33 -1.22339e-05
8.34 -1.2969e-05
8.35 -1.37238e-05
8.36 -1.44983e-05
8.37 -1.52922e-05
8.38 -1.61053e-05
8.39 -1.69375e-05
8.4 -1.77884e-05
8.41 -1.8658e-05
8.42 -1.9546e-05
8.43 -2.04521e-05
8.44 -2.13762e-05
8.45 -2.2318e-05
8.46 -2.32773e-05
8.47 -2.42539e-05
8.48 -2.52475e-05
8.49 -2.62578e-05
8.5 -2.72847e-05
8.51 -2.83278e-05
8.52 -2.93869e-05
8.53 -3.04618e-05
8.54 -3.15522e-05
8.55 -3.26577e-05
8.56 -3.37783e-05
8.57 -3.49134e-05
8.58 -3.6063e-05
8.59 -3.72267e-05
8.6 -3.84041e-05
8.61 -3.95951e-05
8.62 -4.07994e-05
8.63 -4.20165e-05
8.64 -4.32463e-05
8.65 -4.44884e-05
8.66 -4.57425e-05
8.67 -4.70084e-05
8.68 -4.82856e-05
8.69 -4.95739e-05
8.7 -5.0873e-05
8.71 -5.21826e-05
8.72 -5.35022e-05
8.73 -5.48317e-05
8.74 -5.61706e-05
8.75 -5.75187e-05
8.76 -5.88756e-05
8.77 -6.02409e-05
8.78 -6.16144e-05
8.79 -6.29956e-05
8.8 -6.43844e-05
8.81 -6.57802e-05
8.82 -6.71828e-05
8.83 -6.85918e-05
8.84 -7.00069e-05
8.85 -7.14277e-05
8.86 -7.28539e-05
8.87 -7.42851e-05
8.88 -7.5721e-05
8.89 -7.71612e-05
8.9 -7.86054e-05
8.91 -8.00532e-05
8.92 -8.15042e-05
8.93 -8.29581e-05
8.94 -8.44145e-05
8.95 -8.58731e-05
8.96 -8.73335e-05
8.97 -8.87953e-05
8.98 -9.02583e-05
8.99 -9.17219e-05
9 -9.3186e-05
9.01 -9.465e-05
9.02 -9.61137e-05
9.03 -9.75767e-05
9.04 -9.90386e-05
9.05 -0.000100499
9.06 -0.000101958
9.07 -0.000103414
9.08 -0.000104868
9.09 -0.000106319
9.1 -0.000107767
9.11 -0.000109211
9.12 -0.000110652
9.13 -0.000112088
9.14 -0.000113519
9.15 -0.000114945
9.16 -0.000116366
9.17 -0.000117782
9.18 -0.000119191
9.19 -0.000120594
9.2 -0.00012199
9.21 -0.000123379
9.22 -0.00012476
9.23 -0.000126134
9.24 -0.000127499
9.25 -0.000128857
9.26 -0.000130205
9.27 -0.000131544
9.28 -0.000132874
9.29 -0.000134194
9.3 -0.000135504
9.31 -0.000136803
9.32 -0.000138092
9.33 -0.000139369
9.34 -0.000140635
9.35 -0.00014189
9.36 -0.000143132
9.37 -0.000144363
9.38 -0.00014558
9.39 -0.000146785
9.4 -0.000147976
9.41 -0.000149154
9.42 -0.000150318
9.43 -0.000151468
9.44 -0.000152604
9.45 -0.000153724
9.46 -0.000154831
9.47 -0.000155921
9.48 -0.000156997
9.49 -0.000158056
9.5 -0.0001591
9.51 -0.000160127
9.52 -0.000161138
9.53 -0.000162132
9.54 -0.000163109
9.55 -0.000164069
9.56 -0.000165011
9.57 -0.000165936
9.58 -0.000166843
9.59 -0.000167731
9.6 -0.000168601
9.61 -0.000169453
9.62 -0.000170285
9.63 -0.000171099
9.64 -0.000171894
9.65 -0.000172669
9.66 -0.000173424
9.67 -0.00017416
9.68 -0.000174875
9.69 -0.000175571
9.7 -0.000176246
9.71 -0.000176901
9.72 -0.000177535
9.73 -0.000178148
9.74 -0.00017874
9.75 -0.000179312
9.76 -0.000179862
9.77 -0.00018039
9.78 -0.000180897
9.79 -0.000181383
9.8 -0.000181846
9.81 -0.000182288
9.82 -0.000182708
9.83 -0.000183106
9.84 -0.000183481
9.85 -0.000183835
9.86 -0.000184165
9.87 -0.000184474
9.88 -0.00018476
9.89 -0.000185023
9.9 -0.000185264
9.91 -0.000185482
9.92 -0.000185677
9.93 -0.00018585
9.94 -0.000185999
9.95 -0.000186126
9.96 -0.00018623
9.97 -0.00018631
9.98 -0.000186368
9.99 -0.000186403
10 -0.000186415
10.01 -0.000186404
10.02 -0.00018637
10.03 -0.000186312
10.04 -0.000186232
10.05 -0.000186129
10.06 -0.000186003
10.07 -0.000185854
10.08 -0.000185683
10.09 -0.000185488
10.1 -0.000185271
10.11 -0.000185031
10.12 -0.000184768
10.13 -0.000184483
10.14 -0.000184175
10.15 -0.000183845
10.16 -0.000183492
10.17 -0.000183117
10.18 -0.00018272
10.19 -0.000182301
10.2 -0.00018186
10.21 -0.000181397
10.22 -0.000180912
10.23 -0.000180405
10.24 -0.000179877
10.25 -0.000179328
10.26 -0.000178757
10.27 -0.000178166
10.28 -0.000177553
10.29 -0.00017692
10.3 -0.000176266
10.31 -0.000175591
10.32 -0.000174896
10.33 -0.000174181
10.34 -0.000173446
10.35 -0.000172691
10.36 -0.000171917
10.37 -0.000171123
10.38 -0.00017031
10.39 -0.000169477
10.4 -0.000168626
10.41 -0.000167757
10.42 -0.000166869
10.43 -0.000165963
10.44 -0.000165039
10.45 -0.000164097
10.46 -0.000163138
10.47 -0.000162161
10.48 -0.000161167
10.49 -0.000160157
10.5 -0.00015913
10.51 -0.000158087
10.52 -0.000157028
10.53 -0.000155953
10.54 -0.000154863
10.55 -0.000153757
10.56 -0.000152637
10.57 -0.000151501
10.58 -0.000150352
10.59 -0.000149188
10.6 -0.000148011
10.61 -0.00014682
10.62 -0.000145615
10.63 -0.000144398
10.64 -0.000143169
10.65 -0.000141926
10.66 -0.000140672
10.67 -0.000139406
10.68 -0.000138129
10.69 -0.000136841
10.7 -0.000135542
10.71 -0.000134232
10.72 -0.000132913
10.73 -0.000131583
10.74 -0.000130244
10.75 -0.000128896
10.76 -0.000127539
10.77 -0.000126174
10.78 -0.0001248
10.79 -0.000123419
10.8 -0.00012203
10.81 -0.000120635
10.82 -0.000119232
10.83 -0.000117823
10.84 -0.000116408
10.85 -0.000114987
10.86 -0.000113561
10.87 -0.00011213
10.88 -0.000110694
10.89 -0.000109254
10.9 -0.000107809
10.91 -0.000106362
10.92 -0.000104911
10.93 -0.000103457
10.94 -0.000102
10.95 -0.000100542
10.96 -9.90814e-05
10.97 -9.76195e-05
10.98 -9.61566e-05
10.99 -9.46929e-05
11 -9.32289e-05
11.01 -9.17648e-05
11.02 -9.03011e-05
11.03 -8.88382e-05
11.04 -8.73763e-05
11.05 -8.59158e-05
11.06 -8.44572e-05
11.07 -8.30007e-05
11.08 -8.15467e-05
11.09 -8.00956e-05
11.1 -7.86477e-05
11.11 -7.72035e-05
11.12 -7.57631e-05
11.13 -7.43271e-05
11.14 -7.28958e-05
11.15 -7.14694e-05
11.16 -7.00484e-05
11.17 -6.86332e-05
11.18 -6.7224e-05
11.19 -6.58212e-05
11.2 -6.44251e-05
11.21 -6.30362e-05
11.22 -6.16547e-05
11.23 -6.0281e-05
11.24 -5.89154e-05
11.25 -5.75583e-05
11.26 -5.621e-05
11.27 -5.48708e-05
11.28 -5.3541e-05
11.29 -5.22211e-05
11.3 -5.09112e-05
11.31 -4.96118e-05
11.32 -4.83232e-05
11.33 -4.70456e-05
11.34 -4.57794e-05
11.35 -4.4525e-05
11.36 -4.32825e-05
11.37 -4.20523e-05
11.38 -4.08348e-05
11.39 -3.96302e-05
11.4 -3.84388e-05
11.41 -3.72609e-05
11.42 -3.60969e-05
11.43 -3.49469e-05
11.44 -3.38113e-05
11.45 -3.26903e-05
11.46 -3.15843e-05
11.47 -3.04935e-05
11.48 -2.94182e-05
11.49 -2.83586e-05
11.5 -2.7315e-05
11.51 -2.62876e-05
11.52 -2.52768e-05
11.53 -2.42827e-05
11.54 -2.33057e-05
11.55 -2.23459e-05
11.56 -2.14035e-05
11.57 -2.04789e-05
11.58 -1.95723e-05
11.59 -1.86838e-05
11.6 -1.78136e-05
11.61 -1.69621e-05
11.62 -1.61294e-05
11.63 -1.53157e-05
11.64 -1.45213e-05
11.65 -1.37462e-05
11.66 -1.29908e-05
11.67 -1.22551e-05
11.68 -1.15395e-05
11.69 -1.08439e-05
11.7 -1.01687e-05
11.71 -9.51402e-06
11.72 -8.87996e-06
11.73 -8.2667e-06
11.74 -7.6744e-06
11.75 -7.1032e-06
11.76 -6.55325e-06
11.77 -6.02468e-06
11.78 -5.51762e-06
11.79 -5.03219e-06
11.8 -4.56852e-06
11.81 -4.12673e-06
11.82 -3.70691e-06
11.83 -3.30917e-06
11.84 -2.93362e-06
11.85 -2.58034e-06
11.86 -2.24942e-06
11.87 -1.94094e-06
11.88 -1.65498e-06
11.89 -1.39161e-06
11.9 -1.1509e-06
11.91 -9.32894e-07
11.92 -7.3766e-07
11.93 -5.65241e-07
11.94 -4.1568e-07
11.95 -2.89014e-07
11.96 -1.85274e-07
11.97 -1.04487e-07
11.98 -4.66705e-08
11.99 -1.18404e-08
12 -4.93022e-12
12.01 -1.1167e-08
12.02 -4.53238e-08
12.03 -1.02467e-07
12.04 -1.82582e-07
12.05 -2.8565e-07
12.06 -4.11645e-07
12.07 -5.60536e-07
12.08 -7.32287e-07
12.09 -9.26854e-07
12.1 -1.14419e-06
12.11 -1.38424e-06
12.12 -1.64695e-06
12.13 -1.93225e-06
12.14 -2.24007e-06
12.15 -2.57033e-06
12.16 -2.92296e-06
12.17 -3.29786e-06
12.18 -3.69495e-06
12.19 -4.11412e-06
12.2 -4.55528e-06
12.21 -5.01831e-06
12.22 -5.50309e-06
12.23 -6.00952e-06
12.24 -6.53747e-06
12.25 -7.08679e-06
12.26 -7.65737e-06
12.27 -8.24906e-06
12.28 -8.8617e-06
12.29 -9.49516e-06
12.3 -1.01493e-05
12.31 -1.08239e-05
12.32 -1.15188e-05
12.33 -1.22339e-05
12.34 -1.2969e-05
12.35 -1.37238e-05
12.36 -1.44983e-05
12.37 -1.52922e-05
12.38 -1.61053e-05
12.39 -1.69375e-05
12.4 -1.77884e-05
12.41 -1.8658e-05
12.42 -1.9546e-05
12.43 -2.04521e-05
12.44 -2.13762e-05
12.45 -2.2318e-05
12.46 -2.32773e-05
12.47 -2.42539e-05
12.48 -2.52475e-05
12.49 -2.62578e-05
12.5 -2.72847e-05
12.51 -2.83278e-05
12.52 -2.93869e-05
12.53 -3.04618e-05
12.54 -3.15522e-05
12.55 -3.26577e-05
12.56 -3.37783e-05
12.57 -3.49134e-05
12.58 -3.6063e-05
12.59 -3.72267e-05
12.6 -3.84041e-05
12.61 -3.95951e-05
12.62 -4.07994e-05
12.63 -4.20165e-05
12.64 -4.32463e-05
12.65 -4.44884e-05
12.66 -4.57425e-05
12.67 -4.70084e-05
12.68 -4.82856e-05
12.69 -4.95739e-05
12.7 -5.0873e-05
12.71 -5.21826e-05
12.72 -5.35022e-05
12.73 -5.48317e-05
12.74 -5.61706e-05
12.75 -5.75187e-05
12.76 -5.88756e-05
12.77 -6.02409e-05
12.78 -6.16144e-05
12.79 -6.29956e-05
12.8 -6.43844e-05
12.81 -6.57802e-05
12.82 -6.71828e-05
12.83 -6.85918e-05
12.84 -7.00069e-05
12.85 -7.14277e-05
12.86 -7.28539e-05
12.87 -7.42851e-05
12.88 -7.5721e-05
12.89 -7.71612e-05
12.9 -7.86054e-05
12.91 -8.00532e-05
12.92 -8.15042e-05
12.93 -8.29581e-05
12.94 -8.44145e-05
12.95 -8.58731e-05
12.96 -8.73335e-05
12.97 -8.87953e-05
12.98 -9.02583e-05
12.99 -9.17219e-05
13 -9.3186e-05
13.01 -9.465e-05
13.02 -9.61137e-05
13.03 -9.75767e-05
13.04 -9.90386e-05
13.05 -0.000100499
13.06 -0.000101958
13.07 -0.000103414
13.08 -0.000104868
13.09 -0.000106319
13.1 -0.000107767
13.11 -0.000109211
13.12 -0.000110652
13.13 -0.000112088
13.14 -0.000113519
13.15 -0.000114945
13.16 -0.000116366
13.17 -0.000117782
13.18 -0.000119191
13.19 -0.000120594
13.2 -0.00012199
13.21 -0.000123379
13.22 -0.00012476
13.23 -0.000126134
13.24 -0.000127499
13.25 -0.000128857
13.26 -0.000130205
13.27 -0.000131544
13.28 -0.000132874
13.29 -0.000134194
13.3 -0.000135504
13.31 -0.000136803
13.32 -0.000138092
13.33 -0.000139369
13.34 -0.000140635
13.35 -0.00014189
13.36 -0.000143132
13.37 -0.000144363
13.38 -0.00014558
13.39 -0.000146785
13.4 -0.000147976
13.41 -0.000149154
13.42 -0.000150318
13.43 -0.000151468
13.44 -0.000152604
13.45 -0.000153724
13.46 -0.000154831
13.47 -0.000155921
13.48 -0.000156997
13.49 -0.000158056
13.5 -0.0001591
13.51 -0.000160127
13.52 -0.000161138
13.53 -0.000162132
13.54 -0.000163109
13.55 -0.000164069
13.56 -0.000165011
13.57 -0.000165936
13.58 -0.000166843
13.59 -0.000167731
13.6 -0.000168601
13.61 -0.000169453
13.62 -0.000170285
13.63 -0.000171099
13.64 -0.000171894
13.65 -0.000172669
13.66 -0.000173424
13.67 -0.00017416
13.68 -0.000174875
13.69 -0.000175571
13.7 -0.000176246
13.71 -0.000176901
13.72 -0.000177535
13.73 -0.000178148
13.74 -0.00017874
13.75 -0.000179312
13.76 -0.000179862
13.77 -0.00018039
13.78 -0.000180897
13.79 -0.000181383
13.8 -0.000181846
13.81 -0.000182288
13.82 -0.000182708
13.83 -0.000183106
13.84 -0.000183481
13.85 -0.000183835
13.86 -0.000184165
13.87 -0.000184474
13.88 -0.00018476
13.89 -0.000185023
13.9 -0.000185264
13.91 -0.000185482
13.92 -0.000185677
13.93 -0.00018585
13.94 -0.000185999
13.95 -0.000186126
13.96 -0.00018623
13.97 -0.00018631
13.98 -0.000186368
13.99 -0.000186403
14 -0.000186415
14.01 -0.000186404
14.02 -0.00018637
14.03 -0.000186312
14.04 -0.000186232
14.05 -0.000186129
14.06 -0.000186003
14.07 -0.000185854
14.08 -0.000185683
14.09 -0.000185488
14.1 -0.000185271
14.11 -0.000185031
14.12 -0.000184768
14.13 -0.000184483
14.14 -0.000184175
14.15 -0.000183845
14.16 -0.000183492
14.17 -0.000183117
14.18 -0.00018272
14.19 -0.000182301
14.2 -0.00018186
14.21 -0.000181397
14.22 -0.000180912
14.23 -0.000180405
14.24 -0.000179877
14.25 -0.000179328
14.26 -0.000178757
14.27 -0.000178166
14.28 -0.000177553
14.29 -0.00017692
14.3 -0.000176266
14.31 -0.000175591
14.32 -0.000174896
14.33 -0.000174181
14.34 -0.000173446
14.35 -0.000172691
14.36 -0.000171917
14.37 -0.000171123
14.38 -0.00017031
14.39 -0.000169477
14.4 -0.000168626
14.41 -0.000167757
14.42 -0.000166869
14.43 -0.000165963
14.44 -0.000165039
14.45 -0.000164097
14.46 -0.000163138
14.47 -0.000162161
14.48 -0.000161167
14.49 -0.000160157
14.5 -0.00015913
14.51 -0.000158087
14.52 -0.000157028
14.53 -0.000155953
14.54 -0.000154863
14.55 -0.000153757
14.56 -0.000152637
14.57 -0.000151501
14.58 -0.000150352
14.59 -0.000149188
14.6 -0.000148011
14.61 -0.00014682
14.62 -0.000145615
14.63 -0.000144398
14.64 -0.000143169
14.65 -0.000141926
14.66 -0.000140672
14.67 -0.000139406
14.68 -0.000138129
14.69 -0.000136841
14.7 -0.000135542
14.71 -0.000134232
14.72 -0.000132913
14.73 -0.000131583
14.74 -0.000130244
14.75 -0.000128896
14.76 -0.000127539
14.77 -0.000126174
14.78 -0.0001248
14.79 -0.000123419
14.8 -0.00012203
14.81 -0.000120635
14.82 -0.000119232
14.83 -0.000117823
14.84 -0.000116408
14.85 -0.000114987
14.86 -0.000113561
14.87 -0.00011213
14.88 -0.000110694
14.89 -0.000109254
14.9 -0.000107809
14.91 -0.000106362
14.92 -0.000104911
14.93 -0.000103457
14.94 -0.000102
14.95 -0.000100542
14.96 -9.90814e-05
14.97 -9.76195e-05
14.98 -9.61566e-05
14.99 -9.46929e-05
15 -9.32289e-05
15.01 -9.17648e-05
15.02 -9.03011e-05
15.03 -8.88382e-05
15.04 -8.73763e-05
15.05 -8.59158e-05
15.06 -8.44572e-05
15.07 -8.30007e-05
15.08 -8.15467e-05
15.09 -8.00956e-05
15.1 -7.86477e-05
15.11 -7.72035e-05
15.12 -7.57631e-05
15.13 -7.43271e-05
15.14 -7.28958e-05
15.15 -7.14694e-05
15.16 -7.00484e-05
15.17 -6.86332e-05
15.18 -6.7224e-05
15.19 -6.58212e-05
15.2 -6.44251e-05
15.21 -6.30362e-05
15.22 -6.16547e-05
15.23 -6.0281e-05
15.24 -5.89154e-05
15.25 -5.75583e-05
15.26 -5.621e-05
15.27 -5.48708e-05
15.28 -5.3541e-05
15.29 -5.22211e-05
15.3 -5.09112e-05
15.31 -4.96118e-05
15.32 -4.83232e-05
15.33 -4.70456e-05
15.34 -4.57794e-05
15.35 -4.4525e-05
15.36 -4.32825e-05
15.37 -4.20523e-05
15.38 -4.08348e-05
15.39 -3.96302e-05
15.4 -3.84388e-05
15.41 -3.72609e-05
15.42 -3.60969e-05
15.43 -3.49469e-05
15.44 -3.38113e-05
15.45 -3.26903e-05
15.46 -3.15843e-05
15.47 -3.04935e-05
15.48 -2.94182e-05
15.49 -2.83586e-05
15.5 -2.7315e-05
15.51 -2.62876e-05
15.52 -2.52768e-05
15.53 -2.42827e-05
15.54 -2.33057e-05
15.55 -2.23459e-05
15.56 -2.14035e-05
15.57 -2.04789e-05
15.58 -1.95723e-05
15.59 -1.86838e-05
15.6 -1.78136e-05
15.61 -1.69621e-05
15.62 -1.61294e-05
15.63 -1.53157e-05
15.64 -1.45213e-05
15.65 -1.37462e-05
15.66 -1.29908e-05
15.67 -1.22551e-05
15.68 -1.15395e-05
15.69 -1.08439e-05
15.7 -1.01687e-05
15.71 -9.51402e-06
15.72 -8.87996e-06
15.73 -8.2667e-06
15.74 -7.6744e-06
15.75 -7.1032e-06
15.76 -6.55325e-06
15.77 -6.02468e-06
15.78 -5.51762e-06
15.79 -5.03219e-06
15.8 -4.56852e-06
15.81 -4.12673e-06
15.82 -3.70691e-06
15.83 -3.30917e-06
15.84 -2.93362e-06
15.85 -2.58034e-06
15.86 -2.24942e-06
15.87 -1.94094e-06
15.88 -1.65498e-06
15.89 -1.39161e-06
15.9 -1.1509e-06
15.91 -9.32894e-07
15.92 -7.3766e-07
15.93 -5.65241e-07
15.94 -4.1568e-07
15.95 -2.89014e-07
15.96 -1.85274e-07
15.97 -1.04487e-07
15.98 -4.66705e-08
15.99 -1.18404e-08
16 -4.93022e-12
16.01 -1.1167e-08
16.02 -4.53238e-08
16.03 -1.02467e-07
16.04 -1.82582e-07
16.05 -2.8565e-07
16.06 -4.11645e-07
16.07 -5.60536e-07
16.08 -7.32287e-07
16.09 -9.26854e-07
16.1 -1.14419e-06
16.11 -1.38424e-06
16.12 -1.64695e-06
16.13 -1.93225e-06
16.14 -2.24007e-06
16.15 -2.57033e-06
16.16 -2.92296e-06
16.17 -3.29786e-06
16.18 -3.69495e-06
16.19 -4.11412e-06
16.2 -4.55528e-06
16.21 -5.01831e-06
16.22 -5.50309e-06
16.23 -6.00952e-06
16.24 -6.53747e-06
16.25 -7.08679e-06
16.26 -7.65737e-06
16.27 -8.24906e-06
16.28 -8.8617e-06
16.29 -9.49516e-06
16.3 -1.01493e-05
16.31 -1.08239e-05
16.32 -1.15188e-05
16.33 -1.22339e-05
16.34 -1.2969e-05
16.35 -1.37238e-05
16.36 -1.44983e-05
16.37 -1.52922e-05
16.38 -1.61053e-05
16.39 -1.69375e-05
16.4 -1.77884e-05
16.41 -1.8658e-05
16.42 -1.9546e-05
16.43 -2.04521e-05
16.44 -2.13762e-05
16.45 -2.2318e-05
16.46 -2.32773e-05
16.47 -2.42539e-05
16.48 -2.52475e-05
16.49 -2.62578e-05
16.5 -2.72847e-05
16.51 -2.83278e-05
16.52 -2.93869e-05
16.53 -3.04618e-05
16.54 -3.15522e-05
16.55 -3.26577e-05
16.56 -3.37783e-05
16.57 -3.49134e-05
16.58 -3.6063e-05
16.59 -3.72267e-05
16.6 -3.84041e-05
16.61 -3.95951e-05
16.62 -4.07994e-05
16.63 -4.20165e-05
16.64 -4.32463e-05
16.65 -4.44884e-05
16.66 -4.57425e-05
16.67 -4.70084e-05
16.68 -4.82856e-05
16.69 -4.95739e-05
16.7 -5.0873e-05
16.71 -5.21826e-05
16.72 -5.35022e-05
16.73 -5.48317e-05
16.74 -5.61706e-05
16.75 -5.75187e-05
16.76 -5.88756e-05
16.77 -6.02409e-05
16.78 -6.16144e-05
16.79 -6.29956e-05
16.8 -6.43844e-05
16.81 -6.57802e-05
16.82 -6.71828e-05
16.83 -6.85918e-05
16.84 -7.00069e-05
16.85 -7.14277e-05
16.86 -7.28539e-05
16.87 -7.42851e-05
16.88 -7.5721e-05
16.89 -7.71612e-05
16.9 -7.86054e-05
16.91 -8.00532e-05
16.92 -8.15042e-05
16.93 -8.29581e-05
16.94 -8.44145e-05
16.95 -8.58731e-05
16.96 -8.73335e-05
16.97 -8.87953e-05
16.98 -9.02583e-05
16.99 -9.17219e-05
17 -9.3186e-05
17.01 -9.465e-05
17.02 -9.61137e-05
17.03 -9.75767e-05
17.04 -9.90386e-05
17.05 -0.000100499
17.06 -0.000101958
17.07 -0.000103414
17.08 -0.000104868
17.09 -0.000106319
17.1 -0.000107767
17.11 -0.000109211
17.12 -0.000110652
17.13 -0.000112088
17.14 -0.000113519
17.15 -0.000114945
17.16 -0.000116366
17.17 -0.000117782
17.18 -0.000119191
17.19 -0.000120594
17.2 -0.00012199
17.21 -0.000123379
17.22 -0.00012476
17.23 -0.000126134
17.24 -0.000127499
17.25 -0.000128857
17.26 -0.000130205
17.27 -0.000131544
17.28 -0.000132874
17.29 -0.000134194
17.3 -0.000135504
17.31 -0.000136803
17.32 -0.000138092
17.33 -0.000139369
17.34 -0.000140635
17.35 -0.00014189
17.36 -0.000143132
17.37 -0.000144363
17.38 -0.00014558
17.39 -0.000146785
17.4 -0.000147976
17.41 -0.000149154
17.42 -0.000150318
17.43 -0.000151468
17.44 -0.000152604
17.45 -0.000153724
17.46 -0.000154831
17.47 -0.000155921
17.48 -0.000156997
17.49 -0.000158056
17.5 -0.0001591
17.51 -0.000160127
17.52 -0.000161138
17.53 -0.000162132
17.54 -0.000163109
17.55 -0.000164069
17.56 -0.000165011
17.57 -0.000165936
17.58 -0.000166843
17.59 -0.000167731
17.6 -0.000168601
17.61 -0.000169453
17.62 -0.000170285
17.63 -0.000171099
17.64 -0.000171894
17.65 -0.000172669
17.66 -0.000173424
17.67 -0.00017416
17.68 -0.000174875
17.69 -0.000175571
17.7 -0.000176246
17.71 -0.000176901
17.72 -0.000177535
17.73 -0.000178148
17.74 -0.00017874
17.75 -0.000179312
17.76 -0.000179862
17.77 -0.00018039
17.78 -0.000180897
17.79 -0.000181383
17.8 -0.000181846
17.81 -0.000182288
17.82 -0.000182708
17.83 -0.000183106
17.84 -0.000183481
17.85 -0.000183835
17.86 -0.000184165
17.87 -0.000184474
17.88 -0.00018476
17.89 -0.000185023
17.9 -0.000185264
17.91 -0.000185482
17.92 -0.000185677
17.93 -0.00018585
17.94 -0.000185999
17.95 -0.000186126
17.96 -0.00018623
17.97 -0.00018631
17.98 -0.000186368
17.99 -0.000186403
18 -0.000186415
18.01 -0.000186404
18.02 -0.00018637
18.03 -0.000186312
18.04 -0.000186232
18.05 -0.000186129
18.06 -0.000186003
18.07 -0.000185854
18.08 -0.000185683
18.09 -0.000185488
18.1 -0.000185271
18.11 -0.000185031
18.12 -0.000184768
18.13 -0.000184483
18.14 -0.000184175
18.15 -0.000183845
18.16 -0.000183492
18.17 -0.000183117
18.18 -0.00018272
18.19 -0.000182301
18.2 -0.00018186
18.21 -0.000181397
18.22 -0.000180912
18.23 -0.000180405
18.24 -0.000179877
18.25 -0.000179328
18.26 -0.000178757
18.27 -0.000178166
18.28 -0.000177553
18.29 -0.00017692
18.3 -0.000176266
18.31 -0.000175591
18.32 -0.000174896
18.33 -0.000174181
18.34 -0.000173446
18.35 -0.000172691
18.36 -0.000171917
18.37 -0.000171123
18.38 -0.00017031
18.39 -0.000169477
18.4 -0.000168626
18.41 -0.000167757
18.42 -0.000166869
18.43 -0.000165963
18.44 -0.000165039
18.45 -0.000164097
18.46 -0.000163138
18.47 -0.000162161
18.48 -0.000161167
18.49 -0.000160157
18.5 -0.00015913
18.51 -0.000158087
18.52 -0.000157028
18.53 -0.000155953
18.54 -0.000154863
18.55 -0.000153757
18.56 -0.000152637
18.57 -0.000151501
18.58 -0.000150352
18.59 -0.000149188
18.6 -0.000148011
18.61 -0.00014682
18.62 -0.000145615
18.63 -0.000144398
18.64 -0.000143169
18.65 -0.000141926
18.66 -0.000140672
18.67 -0.000139406
18.68 -0.000138129
18.69 -0.000136841
18.7 -0.000135542
18.71 -0.000134232
18.72 -0.000132913
18.73 -0.000131583
18.74 -0.000130244
18.75 -0.000128896
18.76 -0.000127539
18.77 -0.000126174
18.78 -0.0001248
18.79 -0.000123419
18.8 -0.00012203
18.81 -0.000120635
18.82 -0.000119232
18.83 -0.000117823
18.84 -0.000116408
18.85 -0.000114987
18.86 -0.000113561
18.87 -0.00011213
18.88 -0.000110694
18.89 -0.000109254
18.9 -0.000107809
18.91 -0.000106362
18.92 -0.000104911
18.93 -0.000103457
18.94 -0.000102
18.95 -0.000100542
18.96 -9.90814e-05
18.97 -9.76195e-05
18.98 -9.61566e-05
18.99 -9.46929e-05
19 -9.32289e-05
19.01 -9.17648e-05
19.02 -9.03011e-05
19.03 -8.88382e-05
19.04 -8.73763e-05
19.05 -8.59158e-05
19.06 -8.44572e-05
19.07 -8.30007e-05
19.08 -8.15467e-05
19.09 -8.00956e-05
19.1 -7.86477e-05
19.11 -7.72035e-05
19.12 -7.57631e-05
19.13 -7.43271e-05
19.14 -7.28958e-05
19.15 -7.14694e-05
19.16 -7.00484e-05
19.17 -6.86332e-05
19.18 -6.7224e-05
19.19 -6.58212e-05
19.2 -6.44251e-05
19.21 -6.30362e-05
19.22 -6.16547e-05
19.23 -6.0281e-05
19.24 -5.89154e-05
19.25 -5.75583e-05
19.26 -5.621e-05
19.27 -5.48708e-05
19.28 -5.3541e-05
19.29 -5.22211e-05
19.3 -5.09112e-05
19.31 -4.96118e-05
19.32 -4.83232e-05
19.33 -4.70456e-05
19.34 -4.57794e-05
19.35 -4.4525e-05
19.36 -4.32825e-05
19.37 -4.20523e-05
19.38 -4.08348e-05
19.39 -3.96302e-05
19.4 -3.84388e-05
19.41 -3.72609e-05
19.42 -3.60969e-05
19.43 -3.49469e-05
19.44 -3.38113e-05
19.45 -3.26903e-05
19.46 -3.15843e-05
19.47 -3.04935e-05
19.48 -2.94182e-05
19.49 -2.83586e-05
19.5 -2.7315e-05
19.51 -2.62876e-05
19.52 -2.52768e-05
19.53 -2.42827e-05
19.54 -2.33057e-05
19.55 -2.23459e-05
19.56 -2.14035e-05
19.57 -2.04789e-05
19.58 -1.95723e-05
19.59 -1.86838e-05
19.6 -1.78136e-05
19.61 -1.69621e-05
19.62 -1.61294e-05
19.63 -1.53157e-05
19.64 -1.45213e-05
19.65 -1.37462e-05
19.66 -1.29908e-05
19.67 -1.22551e-05
19.68 -1.15395e-05
19.69 -1.08439e-05
19.7 -1.01687e-05
19.71 -9.51402e-06
19.72 -8.87996e-06
19.73 -8.2667e-06
19.74 -7.6744e-06
19.75 -7.1032e-06
19.76 -6.55325e-06
19.77 -6.02468e-06
19.78 -5.51762e-06
19.79 -5.03219e-06
19.8 -4.56852e-06
19.81 -4.12673e-06
19.82 -3.70691e-06
19.83 -3.30917e-06
19.84 -2.93362e-06
19.85 -2.58034e-06
19.86 -2.24942e-06
19.87 -1.94094e-06
19.88 -1.65498e-06
19.89 -1.39161e-06
19.9 -1.1509e-06
19.91 -9.32894e-07
19.92 -7.3766e-07
19.93 -5.65241e-07
19.94 -4.1568e-07
19.95 -2.89014e-07
19.96 -1.85274e-07
19.97 -1.04487e-07
19.98 -4.66705e-08
19.99 -1.18404e-08
20 -4.93022e-12
20.01 -1.1167e-08
20.02 -4.53238e-08
20.03 -1.02467e-07
20.04 -1.82582e-07
20.05 -2.8565e-07
20.06 -4.11645e-07
20.07 -5.60536e-07
20.08 -7.32287e-07
20.09 -9.26854e-07
20.1 -1.14419e-06
20.11 -1.38424e-06
20.12 -1.64695e-06
20.13 -1.93225e-06
20.14 -2.24007e-06
20.15 -2.57033e-06
20.16 -2.92296e-06
20.17 -3.29786e-06
20.18 -3.69495e-06
20.19 -4.11412e-06
20.2 -4.55528e-06
20.21 -5.01831e-06
20.22 -5.50309e-06
20.23 -6.00952e-06
20.24 -6.53747e-06
20.25 -7.08679e-06
20.26 -7.65737e-06
20.27 -8.24906e-06
20.28 -8.8617e-06
20.29 -9.49516e-06
20.3 -1.01493e-05
20.31 -1.08239e-05
20.32 -1.15188e-05
20.33 -1.22339e-05
20.34 -1.2969e-05
20.35 -1.37238e-05
20.36 -1.44983e-05
20.37 -1.52922e-05
20.38 -1.61053e-05
20.39 -1.69375e-05
20.4 -1.77884e-05
20.41 -1.8658e-05
20.42 -1.9546e-05
20.43 -2.04521e-05
20.44 -2.13762e-05
20.45 -2.2318e-05
20.46 -2.32773e-05
20.47 -2.42539e-05
20.48 -2.52475e-05
20.49 -2.62578e-05
20.5 -2.72847e-05
20.51 -2.83278e-05
20.52 -2.93869e-05
20.53 -3.04618e-05
20.54 -3.15522e-05
20.55 -3.26577e-05
20.56 -3.37783e-05
20.57 -3.49134e-05
20.58 -3.6063e-05
20.59 -3.72267e-05
20.6 -3.84041e-05
20.61 -3.95951e-05
20.62 -4.07994e-05
20.63 -4.20165e-05
20.64 -4.32463e-05
20.65 -4.44884e-05
20.66 -4.57425e-05
20.67 -4.70084e-05
20.68 -4.82856e-05
20.69 -4.95739e-05
20.7 -5.0873e-05
20.71 -5.21826e-05
20.72 -5.35022e-05
20.73 -5.48317e-05
20.74 -5.61706e-05
20.75 -5.75187e-05
20.76 -5.88756e-05
20.77 -6.02409e-05
20.78 -6.16144e-05
20.79 -6.29956e-05
20.8 -6.43844e-05
20.81 -6.57802e-05
20.82 -6.71828e-05
20.83 -6.85918e-05
20.84 -7.00069e-05
20.85 -7.14277e-05
20.86 -7.28539e-05
20.87 -7.42851e-05
20.88 -7.5721e-05
20.89 -7.71612e-05
20.9 -7.86054e-05
20.91 -8.00532e-05
20.92 -8.15042e-05
20.93 -8.29581e-05
20.94 -8.44145e-05
20.95 -8.58731e-05
20.96 -8.73335e-05
20.97 -8.87953e-05
20.98 -9.02583e-05
20.99 -9.17219e-05
21 -9.3186e-05
21.01 -9.465e-05
21.02 -9.61137e-05
21.03 -9.75767e-05
21.04 -9.90386e-05
21.05 -0.000100499
21.06 -0.000101958
21.07 -0.000103414
21.08 -0.000104868
21.09 -0.000106319
21.1 -0.000107767
21.11 -0.000109211
21.12 -0.000110652
21.13 -0.000112088
21.14 -0.000113519
21.15 -0.000114945
21.16 -0.000116366
21.17 -0.000117782
21.18 -0.000119191
21.19 -0.000120594
21.2 -0.00012199
21.21 -0.000123379
21.22 -0.00012476
21.23 -0.000126134
21.24 -0.000127499
21.25 -0.000128857
21.26 -0.000130205
21.27 -0.000131544
21.28 -0.000132874
21.29 -0.000134194
21.3 -0.000135504
21.31 -0.000136803
21.32 -0.000138092
21.33 -0.000139369
21.34 -0.000140635
21.35 -0.00014189
21.36 -0.000143132
21.37 -0.000144363
21.38 -0.00014558
21.39 -0.000146785
21.4 -0.000147976
21.41 -0.000149154
21.42 -0.000150318
21.43 -0.000151468
21.44 -0.000152604
21.45 -0.000153724
21.46 -0.000154831
21.47 -0.000155921
21.48 -0.000156997
21.49 -0.000158056
21.5 -0.0001591
21.51 -0.000160127
21.52 -0.000161138
21.53 -0.000162132
21.54 -0.000163109
21.55 -0.000164069
21.56 -0.000165011
21.57 -0.000165936
21.58 -0.000166843
21.59 -0.000167731
21.6 -0.000168601
21.61 -0.000169453
21.62 -0.000170285
21.63 -0.000171099
21.64 -0.000171894
21.65 -0.000172669
21.66 -0.000173424
21.67 -0.00017416
21.68 -0.000174875
21.69 -0.000175571
21.7 -0.000176246
21.71 -0.000176901
21.72 -0.000177535
21.73 -0.000178148
21.74 -0.00017874
21.75 -0.000179312
21.76 -0.000179862
21.77 -0.00018039
21.78 -0.000180897
21.79 -0.000181383
21.8 -0.000181846
21.81 -0.000182288
21.82 -0.000182708
21.83 -0.000183106
21.84 -0.000183481
21.85 -0.000183835
21.86 -0.000184165
21.87 -0.000184474
21.88 -0.00018476
21.89 -0.000185023
21.9 -0.000185264
21.91 -0.000185482
21.92 -0.000185677
21.93 -0.00018585
21.94 -0.000185999
21.95 -0.000186126
21.96 -0.00018623
21.97 -0.00018631
21.98 -0.000186368
21.99 -0.000186403
22 -0.000186415
22.01 -0.000186404
22.02 -0.00018637
22.03 -0.000186312
22.04 -0.000186232
22.05 -0.000186129
22.06 -0.000186003
22.07 -0.000185854
22.08 -0.000185683
22.09 -0.000185488
22.1 -0.000185271
22.11 -0.000185031
22.12 -0.000184768
22.13 -0.000184483
22.14 -0.000184175
22.15 -0.000183845
22.16 -0.000183492
22.17 -0.000183117
22.18 -0.00018272
22.19 -0.000182301
22.2 -0.00018186
22.21 -0.000181397
22.22 -0.000180912
22.23 -0.000180405
22.24 -0.000179877
22.25 -0.000179328
22.26 -0.000178757
22.27 -0.000178166
22.28 -0.000177553
22.29 -0.00017692
22.3 -0.000176266
22.31 -0.000175591
22.32 -0.000174896
22.33 -0.000174181
22.34 -0.000173446
22.35 -0.000172691
22.36 -0.000171917
22.37 -0.000171123
22.38 -0.00017031
22.39 -0.000169477
22.4 -0.000168626
22.41 -0.000167757
22.42 -0.000166869
22.43 -0.000165963
22.44 -0.000165039
22.45 -0.000164097
22.46 -0.000163138
22.47 -0.000162161
22.48 -0.000161167
22.49 -0.000160157
22.5 -0.00015913
22.51 -0.000158087
22.52 -0.000157028
22.53 -0.000155953
22.54 -0.000154863
22.55 -0.000153757
22.56 -0.000152637
22.57 -0.000151501
22.58 -0.000150352
22.59 -0.000149188
22.6 -0.000148011
22.61 -0.00014682
22.62 -0.000145615
22.63 -0.000144398
22.64 -0.000143169
22.65 -0.000141926
22.66 -0.000140672
22.67 -0.000139406
22.68 -0.000138129
22.69 -0.000136841
22.7 -0.000135542
22.71 -0.000134232
22.72 -0.000132913
22.73 -0.000131583
22.74 -0.000130244
22.75 -0.000128896
22.76 -0.000127539
22.77 -0.000126174
22.78 -0.0001248
22.79 -0.000123419
22.8 -0.00012203
22.81 -0.000120635
22.82 -0.000119232
22.83 -0.000117823
22.84 -0.000116408
22.85 -0.000114987
22.86 -0.000113561
22.87 -0.00011213
22.88 -0.000110694
22.89 -0.000109254
22.9 -0.000107809
22.91 -0.000106362
22.92 -0.000104911
22.93 -0.000103457
22.94 -0.000102
22.95 -0.000100542
22.96 -9.90814e-05
22.97 -9.76195e-05
22.98 -9.61566e-05
22.99 -9.46929e-05
23 -9.32289e-05
23.01 -9.17648e-05
23.02 -9.03011e-05
23.03 -8.88382e-05
23.04 -8.73763e-05
23.05 -8.59158e-05
23.06 -8.44572e-05
23.07 -8.30007e-05
23.08 -8.15467e-05
23.09 -8.00956e-05
23.1 -7.86477e-05
23.11 -7.72035e-05
23.12 -7.57631e-05
23.13 -7.43271e-05
23.14 -7.28958e-05
23.15 -7.14694e-05
23.16 -7.00484e-05
23.17 -6.86332e-05
23.18 -6.7224e-05
23.19 -6.58212e-05
23.2 -6.44251e-05
23.21 -6.30362e-05
23.22 -6.16547e-05
23.23 -6.0281e-05
23.24 -5.89154e-05
23.25 -5.75583e-05
23.26 -5.621e-05
23.27 -5.48708e-05
23.28 -5.3541e-05
23.29 -5.22211e-05
23.3 -5.09112e-05
23.31 -4.96118e-05
23.32 -4.83232e-05
23.33 -4.70456e-05
23.34 -4.57794e-05
23.35 -4.4525e-05
23.36 -4.32825e-05
23.37 -4.20523e-05
23.38 -4.08348e-05
23.39 -3.96302e-05
23.4 -3.84388e-05
23.41 -3.72609e-05
23.42 -3.60969e-05
23.43 -3.49469e-05
23.44 -3.38113e-05
23.45 -3.26903e-05
23.46 -3.15843e-05
23.47 -3.04935e-05
23.48 -2.94182e-05
23.49 -2.83586e-05
23.5 -2.7315e-05
23.51 -2.62876e-05
23.52 -2.52768e-05
23.53 -2.42827e-05
23.54 -2.33057e-05
23.55 -2.23459e-05
23.56 -2.14035e-05
23.57 -2.04789e-05
23.58 -1.95723e-05
23.59 -1.86838e-05
23.6 -1.78136e-05
23.61 -1.69621e-05
23.62 -1.61294e-05
23.63 -1.53157e-05
23.64 -1.45213e-05
23.65 -1.37462e-05
23.66 -1.29908e-05
23.67 -1.22551e-05
23.68 -1.15395e-05
23.69 -1.08439e-05
23.7 -1.01687e-05
23.71 -9.51402e-06
23.72 -8.87996e-06
23.73 -8.2667e-06
23.74 -7.6744e-06
23.75 -7.1032e-06
23.76 -6.55325e-06
23.77 -6.02468e-06
23.78 -5.51762e-06
23.79 -5.03219e-06
23.8 -4.56852e-06
23.81 -4.12673e-06
23.82 -3.70691e-06
23.83 -3.30917e-06
23.84 -2.93362e-06
23.85 -2.58034e-06
23.86 -2.24942e-06
23.87 -1.94094e-06
23.88 -1.65498e-06
23.89 -1.39161e-06
23.9 -1.1509e-06
23.91 -9.32894e-07
23.92 -7.3766e-07
23.93 -5.65241e-07
23.94 -4.1568e-07
23.95 -2.89014e-07
23.96 -1.85274e-07
23.97 -1.04487e-07
23.98 -4.66705e-08
23.99 -1.18404e-08
24 -4.93022e-12
24.01 -1.1167e-08
24.02 -4.53238e-08
24.03 -1.02467e-07
24.04 -1.82582e-07
24.05 -2.8565e-07
24.06 -4.11645e-07
24.07 -5.60536e-07
24.08 -7.32287e-07
24.09 -9.26854e-07
24.1 -1.14419e-06
24.11 -1.38424e-06
24.12 -1.64695e-06
24.13 -1.93225e-06
24.14 -2.24007e-06
24.15 -2.57033e-06
24.16 -2.92296e-06
24.17 -3.29786e-06
24.18 -3.69495e-06
24.19 -4.11412e-06
24.2 -4.55528e-06
24.21 -5.01831e-06
24.22 -5.50309e-06
24.23 -6.00952e-06
24.24 -6.53747e-06
24.25 -7.08679e-06
24.26 -7.65737e-06
24.27 -8.24906e-06
24.28 -8.8617e-06
24.29 -9.49516e-06
24.3 -1.01493e-05
24.31 -1.08239e-05
24.32 -1.15188e-05
24.33 -1.22339e-05
24.34 -1.2969e-05
24.35 -1.37238e-05
24.36 -1.44983e-05
24.37 -1.52922e-05
24.38 -1.61053e-05
24.39 -1.69375e-05
24.4 -1.77884e-05
24.41 -1.8658e-05
24.42 -1.9546e-05
24.43 -2.04521e-05
24.44 -2.13762e-05
24.45 -2.2318e-05
24.46 -2.32773e-05
24.47 -2.42539e-05
24.48 -2.52475e-05
24.49 -2.62578e-05
24.5 -2.72847e-05
24.51 -2.83278e-05
24.52 -2.93869e-05
24.53 -3.04618e-05
24.54 -3.15522e-05
24.55 -3.26577e-05
24.56 -3.37783e-05
24.57 -3.49134e-05
24.58 -3.6063e-05
24.59 -3.72267e-05
24.6 -3.84041e-05
24.61 -3.95951e-05
24.62 -4.07994e-05
24.63 -4.20165e-05
24.64 -4.32463e-05
24.65 -4.44884e-05
24.66 -4.57425e-05
24.67 -4.70084e-05
24.68 -4.82856e-05
24.69 -4.95739e-05
24.7 -5.0873e-05
24.71 -5.21826e-05
24.72 -5.35022e-05
24.73 -5.48317e-05
24.74 -5.61706e-05
24.75 -5.75187e-05
24.76 -5.88756e-05
24.77 -6.02409e-05
24.78 -6.16144e-05
24.79 -6.29956e-05
24.8 -6.43844e-05
24.81 -6.57802e-05
24.82 -6.71828e-05
24.83 -6.85918e-05
24.84 -7.00069e-05
24.85 -7.14277e-05
24.86 -7.28539e-05
24.87 -7.42851e-05
24.88 -7.5721e-05
24.89 -7.71612e-05
24.9 -7.86054e-05
24.91 -8.00532e-05
24.92 -8.15042e-05
24.93 -8.29581e-05
24.94 -8.44145e-05
24.95 -8.58731e-05
24.96 -8.73335e-05
24.97 -8.87953e-05
24.98 -9.02583e-05
24.99 -9.17219e-05
25 -9.3186e-05
25.01 -9.465e-05
25.02 -9.61137e-05
25.03 -9.75767e-05
25.04 -9.90386e-05
25.05 -0.000100499
25.06 -0.000101958
25.07 -0.000103414
25.08 -0.000104868
25.09 -0.000106319
25.1 -0.000107767
25.11 -0.000109211
25.12 -0.000110652
25.13 -0.000112088
25.14 -0.000113519
25.15 -0.000114945
25.16 -0.000116366
25.17 -0.000117782
25.18 -0.000119191
25.19 -0.000120594
25.2 -0.00012199
25.21 -0.000123379
25.22 -0.00012476
25.23 -0.000126134
25.24 -0.000127499
25.25 -0.000128857
25.26 -0.000130205
25.27 -0.000131544
25.28 -0.000132874
25.29 -0.000134194
25.3 -0.000135504
25.31 -0.000136803
25.32 -0.000138092
25.33 -0.000139369
25.34 -0.000140635
25.35 -0.00014189
25.36 -0.000143132
25.37 -0.000144363
25.38 -0.00014558
25.39 -0.000146785
25.4 -0.000147976
25.41 -0.000149154
25.42 -0.000150318
25.43 -0.000151468
25.44 -0.000152604
25.45 -0.000153724
25.46 -0.000154831
25.47 -0.000155921
25.48 -0.000156997
25.49 -0.000158056
25.5 -0.0001591
25.51 -0.000160127
25.52 -0.000161138
25.53 -0.000162132
25.54 -0.000163109
25.55 -0.000164069
25.56 -0.000165011
25.57 -0.000165936
25.58 -0.000166843
25.59 -0.000167731
25.6 -0.000168601
25.61 -0.000169453
25.62 -0.000170285
25.63 -0.000171099
25.64 -0.000171894
25.65 -0.000172669
25.66 -0.000173424
25.67 -0.00017416
25.68 -0.000174875
25.69 -0.000175571
25.7 -0.000176246
25.71 -0.000176901
25.72 -0.000177535
25.73 -0.000178148
25.74 -0.00017874
25.75 -0.000179312
25.76 -0.000179862
25.77 -0.00018039
25.78 -0.000180897
25.79 -0.000181383
25.8 -0.000181846
25.81 -0.000182288
25.82 -0.000182708
25.83 -0.000183106
25.84 -0.000183481
25.85 -0.000183835
25.86 -0.000184165
25.87 -0.000184474
25.88 -0.00018476
25.89 -0.000185023
25.9 -0.000185264
25.91 -0.000185482
25.92 -0.000185677
25.93 -0.00018585
25.94 -0.000185999
25.95 -0.000186126
25.96 -0.00018623
25.97 -0.00018631
25.98 -0.000186368
25.99 -0.000186403
26 -0.000186415
26.01 -0.000186404
26.02 -0.00018637
26.03 -0.000186312
26.04 -0.000186232
26.05 -0.000186129
26.06 -0.000186003
26.07 -0.000185854
26.08 -0.000185683
26.09 -0.000185488
26.1 -0.000185271
26.11 -0.000185031
26.12 -0.000184768
26.13 -0.000184483
26.14 -0.000184175
26.15 -0.000183845
26.16 -0.000183492
26.17 -0.000183117
26.18 -0.00018272
26.19 -0.000182301
26.2 -0.00018186
26.21 -0.000181397
26.22 -0.000180912
26.23 -0.000180405
26.24 -0.000179877
26.25 -0.000179328
26.26 -0.000178757
26.27 -0.000178166
26.28 -0.000177553
26.29 -0.00017692
26.3 -0.000176266
26.31 -0.000175591
26.32 -0.000174896
26.33 -0.000174181
26.34 -0.000173446
26.35 -0.000172691
26.36 -0.000171917
26.37 -0.000171123
26.38 -0.00017031
26.39 -0.000169477
26.4 -0.000168626
26.41 -0.000167757
26.42 -0.000166869
26.43 -0.000165963
26.44 -0.000165039
26.45 -0.000164097
26.46 -0.000163138
26.47 -0.000162161
26.48 -0.000161167
26.49 -0.000160157
26.5 -0.00015913
26.51 -0.000158087
26.52 -0.000157028
26.53 -0.000155953
26.54 -0.000154863
26.55 -0.000153757
26.56 -0.000152637
26.57 -0.000151501
26.58 -0.000150352
26.59 -0.000149188
26.6 -0.000148011
26.61 -0.00014682
26.62 -0.000145615
26.63 -0.000144398
26.64 -0.000143169
26.65 -0.000141926
26.66 -0.000140672
26.67 -0.000139406
26.68 -0.000138129
26.69 -0.000136841
26.7 -0.000135542
26.71 -0.000134232
26.72 -0.000132913
26.73 -0.000131583
26.74 -0.000130244
26.75 -0.000128896
26.76 -0.000127539
26.77 -0.000126174
26.78 -0.0001248
26.79 -0.000123419
26.8 -0.00012203
26.81 -0.000120635
26.82 -0.000119232
26.83 -0.000117823
26.84 -0.000116408
26.85 -0.000114987
26.86 -0.000113561
26.87 -0.00011213
26.88 -0.000110694
26.89 -0.000109254
26.9 -0.000107809
26.91 -0.000106362
26.92 -0.000104911
26.93 -0.000103457
26.94 -0.000102
26.95 -0.000100542
26.96 -9.90814e-05
26.97 -9.76195e-05
26.98 -9.61566e-05
26.99 -9.46929e-05
27 -9.32289e-05
27.01 -9.17648e-05
27.02 -9.03011e-05
27.03 -8.88382e-05
27.04 -8.73763e-05
27.05 -8.59158e-05
27.06 -8.44572e-05
27.07 -8.30007e-05
27.08 -8.15467e-05
27.09 -8.00956e-05
27.1 -7.86477e-05
27.11 -7.72035e-05
27.12 -7.57631e-05
27.13 -7.43271e-05
27.14 -7.28958e-05
27.15 -7.14694e-05
27.16 -7.00484e-05
27.17 -6.86332e-05
27.18 -6.7224e-05
27.19 -6.58212e-05
27.2 -6.44251e-05
27.21 -6.30362e-05
27.22 -6.16547e-05
27.23 -6.0281e-05
27.24 -5.89154e-05
27.25 -5.75583e-05
27.26 -5.621e-05
27.27 -5.48708e-05
27.28 -5.3541e-05
27.29 -5.22211e-05
27.3 -5.09112e-05
27.31 -4.96118e-05
27.32 -4.83232e-05
27.33 -4.70456e-05
27.34 -4.57794e-05
27.35 -4.4525e-05
27.36 -4.32825e-05
27.37 -4.20523e-05
27.38 -4.08348e-05
27.39 -3.96302e-05
27.4 -3.84388e-05
27.41 -3.72609e-05
27.42 -3.60969e-05
27.43 -3.49469e-05
27.44 -3.38113e-05
27.45 -3.26903e-05
27.46 -3.15843e-05
27.47 -3.04935e-05
27.48 -2.94182e-05
27.49 -2.83586e-05
27.5 -2.7315e-05
27.51 -2.62876e-05
27.52 -2.52768e-05
27.53 -2.42827e-05
27.54 -2.33057e-05
27.55 -2.23459e-05
27.56 -2.14035e-05
27.57 -2.04789e-05
27.58 -1.95723e-05
27.59 -1.86838e-05
27.6 -1.78136e-05
27.61 -1.69621e-05
27.62 -1.61294e-05
27.63 -1.53157e-05
27.64 -1.45213e-05
27.65 -1.37462e-05
27.66 -1.29908e-05
27.67 -1.22551e-05
27.68 -1.15395e-05
27.69 -1.08439e-05
27.7 -1.01687e-05
27.71 -9.51402e-06
27.72 -8.87996e-06
27.73 -8.2667e-06
27.74 -7.6744e-06
27.75 -7.1032e-06
27.76 -6.55325e-06
27.77 -6.02468e-06
27.78 -5.51762e-06
27.79 -5.03219e-06
27.8 -4.56852e-06
27.81 -4.12673e-06
27.82 -3.70691e-06
27.83 -3.30917e-06
27.84 -2.93362e-06
27.85 -2.58034e-06
27.86 -2.24942e-06
27.87 -1.94094e-06
27.88 -1.65498e-06
27.89 -1.39161e-06
27.9 -1.1509e-06
27.91 -9.32894e-07
27.92 -7.3766e-07
27.93 -5.65241e-07
27.94 -4.1568e-07
27.95 -2.89014e-07
27.96 -1.85274e-07
27.97 -1.04487e-07
27.98 -4.66705e-08
27.99 -1.18404e-08
28 -4.93022e-12
28.01 -1.1167e-08
28.02 -4.53238e-08
28.03 -1.02467e-07
28.04 -1.82582e-07
28.05 -2.8565e-07
28.06 -4.11645e-07
28.07 -5.60536e-07
28.08 -7.32287e-07
28.09 -9.26854e-07
28.1 -1.14419e-06
28.11 -1.38424e-06
28.12 -1.64695e-06
28.13 -1.93225e-06
28.14 -2.24007e-06
28.15 -2.57033e-06
28.16 -2.92296e-06
28.17 -3.29786e-06
28.18 -3.69495e-06
28.19 -4.11412e-06
28.2 -4.55528e-06
28.21 -5.01831e-06
28.22 -5.50309e-06
28.23 -6.00952e-06
28.24 -6.53747e-06
28.25 -7.08679e-06
28.26 -7.65737e-06
28.27 -8.24906e-06
28.28 -8.8617e-06
28.29 -9.49516e-06
28.3 -1.01493e-05
28.31 -1.08239e-05
28.32 -1.15188e-05
28.33 -1.22339e-05
28.34 -1.2969e-05
28.35 -1.37238e-05
28.36 -1.44983e-05
28.37 -1.52922e-05
28.38 -1.61053e-05
28.39 -1.69375e-05
28.4 -1.77884e-05
28.41 -1.8658e-05
28.42 -1.9546e-05
28.43 -2.04521e-05
28.44 -2.13762e-05
28.45 -2.2318e-05
28.46 -2.32773e-05
28.47 -2.42539e-05
28.48 -2.52475e-05
28.49 -2.62578e-05
28.5 -2.72847e-05
28.51 -2.83278e-05
28.52 -2.93869e-05
28.53 -3.04618e-05
28.54 -3.15522e-05
28.55 -3.26577e-05
28.56 -3.37783e-05
28.57 -3.49134e-05
28.58 -3.6063e-05
28.59 -3.72267e-05
28.6 -3.84041e-05
28.61 -3.95951e-05
28.62 -4.07994e-05
28.63 -4.20165e-05
28.64 -4.32463e-05
28.65 -4.44884e-05
28.66 -4.57425e-05
28.67 -4.70084e-05
28.68 -4.82856e-05
28.69 -4.95739e-05
28.7 -5.0873e-05
28.71 -5.21826e-05
28.72 -5.35022e-05
28.73 -5.48317e-05
28.74 -5.61706e-05
28.75 -5.75187e-05
28.76 -5.88756e-05
28.77 -6.02409e-05
28.78 -6.16144e-05
28.79 -6.29956e-05
28.8 -6.43844e-05
28.81 -6.57802e-05
28.82 -6.71828e-05
28.83 -6.85918e-05
28.84 -7.00069e-05
28.85 -7.14277e-05
28.86 -7.28539e-05
28.87 -7.42851e-05
28.88 -7.5721e-05
28.89 -7.71612e-05
28.9 -7.86054e-05
28.91 -8.00532e-05
28.92 -8.15042e-05
28.93 -8.29581e-05
28.94 -8.44145e-05
28.95 -8.58731e-05
28.96 -8.73335e-05
28.97 -8.87953e-05
28.98 -9.02583e-05
28.99 -9.17219e-05
29 -9.3186e-05
29.01 -9.465e-05
29.02 -9.61137e-05
29.03 -9.75767e-05
29.04 -9.90386e-05
29.05 -0.000100499
29.06 -0.000101958
29.07 -0.000103414
29.08 -0.000104868
29.09 -0.000106319
29.1 -0.000107767
29.11 -0.000109211
29.12 -0.000110652
29.13 -0.000112088
29.14 -0.000113519
29.15 -0.000114945
29.16 -0.000116366
29.17 -0.000117782
29.18 -0.000119191
29.19 -0.000120594
29.2 -0.00012199
29.21 -0.000123379
29.22 -0.00012476
29.23 -0.000126134
29.24 -0.000127499
29.25 -0.000128857
29.26 -0.000130205
29.27 -0.000131544
29.28 -0.000132874
29.29 -0.000134194
29.3 -0.000135504
29.31 -0.000136803
29.32 -0.000138092
29.33 -0.000139369
29.34 -0.000140635
29.35 -0.00014189
29.36 -0.000143132
29.37 -0.000144363
29.38 -0.00014558
29.39 -0.000146785
29.4 -0.000147976
29.41 -0.000149154
29.42 -0.000150318
29.43 -0.000151468
29.44 -0.000152604
29.45 -0.000153724
29.46 -0.000154831
29.47 -0.000155921
29.48 -0.000156997
29.49 -0.000158056
29.5 -0.0001591
29.51 -0.000160127
29.52 -0.000161138
29.53 -0.000162132
29.54 -0.000163109
29.55 -0.000164069
29.56 -0.000165011
29.57 -0.000165936
29.58 -0.000166843
29.59 -0.000167731
29.6 -0.000168601
29.61 -0.000169453
29.62 -0.000170285
29.63 -0.000171099
29.64 -0.000171894
29.65 -0.000172669
29.66 -0.000173424
29.67 -0.00017416
29.68 -0.000174875
29.69 -0.000175571
29.7 -0.000176246
29.71 -0.000176901
29.72 -0.000177535
29.73 -0.000178148
29.74 -0.00017874
29.75 -0.000179312
29.76 -0.000179862
29.77 -0.00018039
29.78 -0.000180897
29.79 -0.000181383
29.8 -0.000181846
29.81 -0.000182288
29.82 -0.000182708
29.83 -0.000183106
29.84 -0.000183481
29.85 -0.000183835
29.86 -0.000184165
29.87 -0.000184474
29.88 -0.00018476
29.89 -0.000185023
29.9 -0.000185264
29.91 -0.000185482
29.92 -0.000185677
29.93 -0.00018585
29.94 -0.000185999
29.95 -0.000186126
29.96 -0.00018623
29.97 -0.00018631
29.98 -0.000186368
29.99 -0.000186403
30 -0.000186415
30.01 -0.000186404
30.02 -0.00018637
30.03 -0.000186312
30.04 -0.000186232
30.05 -0.000186129
30.06 -0.000186003
30.07 -0.000185854
30.08 -0.000185683
30.09 -0.000185488
30.1 -0.000185271
30.11 -0.000185031
30.12 -0.000184768
30.13 -0.000184483
30.14 -0.000184175
30.15 -0.000183845
30.16 -0.000183492
30.17 -0.000183117
30.18 -0.00018272
30.19 -0.000182301
30.2 -0.00018186
30.21 -0.000181397
30.22 -0.000180912
30.23 -0.000180405
30.24 -0.000179877
30.25 -0.000179328
30.26 -0.000178757
30.27 -0.000178166
30.28 -0.000177553
30.29 -0.00017692
30.3 -0.000176266
30.31 -0.000175591
30.32 -0.000174896
30.33 -0.000174181
30.34 -0.000173446
30.35 -0.000172691
30.36 -0.000171917
30.37 -0.000171123
30.38 -0.00017031
30.39 -0.000169477
30.4 -0.000168626
30.41 -0.000167757
30.42 -0.000166869
30.43 -0.000165963
30.44 -0.000165039
30.45 -0.000164097
30.46 -0.000163138
30.47 -0.000162161
30.48 -0.000161167
30.49 -0.000160157
30.5 -0.00015913
30.51 -0.000158087
30.52 -0.000157028
30.53 -0.000155953
30.54 -0.000154863
30.55 -0.000153757
30.56 -0.000152637
30.57 -0.000151501
30.58 -0.000150352
30.59 -0.000149188
30.6 -0.000148011
30.61 -0.00014682
30.62 -0.000145615
30.63 -0.000144398
30.64 -0.000143169
30.65 -0.000141926
30.66 -0.000140672
30.67 -0.000139406
30.68 -0.000138129
30.69 -0.000136841
30.7 -0.000135542
30.71 -0.000134232
30.72 -0.000132913
30.73 -0.000131583
30.74 -0.000130244
30.75 -0.000128896
30.76 -0.000127539
30.77 -0.000126174
30.78 -0.0001248
30.79 -0.000123419
30.8 -0.00012203
30.81 -0.000120635
30.82 -0.000119232
30.83 -0.000117823
30.84 -0.000116408
30.85 -0.000114987
30.86 -0.000113561
30.87 -0.00011213
30.88 -0.000110694
30.89 -0.000109254
30.9 -0.000107809
30.91 -0.000106362
30.92 -0.000104911
30.93 -0.000103457
30.94 -0.000102
30.95 -0.000100542
30.96 -9.90814e-05
30.97 -9.76195e-05
30.98 -9.61566e-05
30.99 -9.46929e-05
31 -9.32289e-05
31.01 -9.17648e-05
31.02 -9.03011e-05
31.03 -8.88382e-05
31.04 -8.73763e-05
31.05 -8.59158e-05
31.06 -8.44572e-05
31.07 -8.30007e-05
31.08 -8.15467e-05
31.09 -8.00956e-05
31.1 -7.86477e-05
31.11 -7.72035e-05
31.12 -7.57631e-05
31.13 -7.43271e-05
31.14 -7.28958e-05
31.15 -7.14694e-05
31.16 -7.00484e-05
31.17 -6.86332e-05
31.18 -6.7224e-05
31.19 -6.58212e-05
31.2 -6.44251e-05
31.21 -6.30362e-05
31.22 -6.16547e-05
31.23 -6.0281e-05
31.24 -5.89154e-05
31.25 -5.75583e-05
31.26 -5.621e-05
31.27 -5.48708e-05
31.28 -5.3541e-05
31.29 -5.22211e-05
31.3 -5.09112e-05
31.31 -4.96118e-05
31.32 -4.83232e-05
31.33 -4.70456e-05
31.34 -4.57794e-05
31.35 -4.4525e-05
31.36 -4.32825e-05
31.37 -4.20523e-05
31.38 -4.08348e-05
31.39 -3.96302e-05
31.4 -3.84388e-05
31.41 -3.72609e-05
31.42 -3.60969e-05
31.43 -3.49469e-05
31.44 -3.38113e-05
31.45 -3.26903e-05
31.46 -3.15843e-05
31.47 -3.04935e-05
31.48 -2.94182e-05
31.49 -2.83586e-05
31.5 -2.7315e-05
31.51 -2.62876e-05
31.52 -2.52768e-05
31.53 -2.42827e-05
31.54 -2.33057e-05
31.55 -2.23459e-05
31.56 -2.14035e-05
31.57 -2.04789e-05
31.58 -1.95723e-05
31.59 -1.86838e-05
31.6 -1.78136e-05
31.61 -1.69621e-05
31.62 -1.61294e-05
31.63 -1.53157e-05
31.64 -1.45213e-05
31.65 -1.37462e-05
31.66 -1.29908e-05
31.67 -1.22551e-05
31.68 -1.15395e-05
31.69 -1.08439e-05
31.7 -1.01687e-05
31.71 -9.51402e-06
31.72 -8.87996e-06
31.73 -8.2667e-06
31.74 -7.6744e-06
31.75 -7.1032e-06
31.76 -6.55325e-06
31.77 -6.02468e-06
31.78 -5.51762e-06
31.79 -5.03219e-06
31.8 -4.56852e-06
31.81 -4.12673e-06
31.82 -3.70691e-06
31.83 -3.30917e-06
31.84 -2.93362e-06
31.85 -2.58034e-06
31.86 -2.24942e-06
31.87 -1.94094e-06
31.88 -1.65498e-06
31.89 -1.39161e-06
31.9 -1.1509e-06
31.91 -9.32894e-07
31.92 -7.3766e-07
31.93 -5.65241e-07
31.94 -4.1568e-07
31.95 -2.89014e-07
31.96 -1.85274e-07
31.97 -1.04487e-07
31.98 -4.66705e-08
31.99 -1.18404e-08
32 -4.93022e-12
32.01 -1.1167e-08
32.02 -4.53238e-08
32.03 -1.02467e-07
32.04 -1.82582e-07
32.05 -2.8565e-07
32.06 -4.11645e-07
32.07 -5.60536e-07
32.08 -7.32287e-07
32.09 -9.26854e-07
32.1 -1.14419e-06
32.11 -1.38424e-06
32.12 -1.64695e-06
32.13 -1.93225e-06
32.14 -2.24007e-06
32.15 -2.57033e-06
32.16 -2.92296e-06
32.17 -3.29786e-06
32.18 -3.69495e-06
32.19 -4.11412e-06
32.2 -4.55528e-06
32.21 -5.01831e-06
32.22 -5.50309e-06
32.23 -6.00952e-06
32.24 -6.53747e-06
32.25 -7.08679e-06
32.26 -7.65737e-06
32.27 -8.24906e-06
32.28 -8.8617e-06
32.29 -9.49516e-06
32.3 -1.01493e-05
32.31 -1.08239e-05
32.32 -1.15188e-05
32.33 -1.22339e-05
32.34 -1.2969e-05
32.35 -1.37238e-05
32.36 -1.44983e-05
32.37 -1.52922e-05
32.38 -1.61053e-05
32.39 -1.69375e-05
32.4 -1.77884e-05
32.41 -1.8658e-05
32.42 -1.9546e-05
32.43 -2.04521e-05
32.44 -2.13762e-05
32.45 -2.2318e-05
32.46 -2.32773e-05
32.47 -2.42539e-05
32.48 -2.52475e-05
32.49 -2.62578e-05
32.5 -2.72847e-05
32.51 -2.83278e-05
32.52 -2.93869e-05
32.53 -3.04618e-05
32.54 -3.15522e-05
32.55 -3.26577e-05
32.56 -3.37783e-05
32.57 -3.49134e-05
32.58 -3.6063e-05
32.59 -3.72267e-05
32.6 -3.84041e-05
32.61 -3.95951e-05
32.62 -4.07994e-05
32.63 -4.20165e-05
32.64 -4.32463e-05
32.65 -4.44884e-05
32.66 -4.57425e-05
32.67 -4.70084e-05
32.68 -4.82856e-05
32.69 -4.95739e-05
32.7 -5.0873e-05
32.71 -5.21826e-05
32.72 -5.35022e-05
32.73 -5.48317e-05
32.74 -5.61706e-05
32.75 -5.75187e-05
32.76 -5.88756e-05
32.77 -6.02409e-05
32.78 -6.16144e-05
32.79 -6.29956e-05
32.8 -6.43844e-05
32.81 -6.57802e-05
32.82 -6.71828e-05
32.83 -6.85918e-05
32.84 -7.00069e-05
32.85 -7.14277e-05
32.86 -7.28539e-05
32.87 -7.42851e-05
32.88 -7.5721e-05
32.89 -7.71612e-05
32.9 -7.86054e-05
32.91 -8.00532e-05
32.92 -8.15042e-05
32.93 -8.29581e-05
32.94 -8.44145e-05
32.95 -8.58731e-05
32.96 -8.73335e-05
32.97 -8.87953e-05
32.98 -9.02583e-05
32.99 -9.17219e-05
33 -9.3186e-05
33.01 -9.465e-05
33.02 -9.61137e-05
33.03 -9.75767e-05
33.04 -9.90386e-05
33.05 -0.000100499
33.06 -0.000101958
33.07 -0.000103414
33.08 -0.000104868
33.09 -0.000106319
33.1 -0.000107767
33.11 -0.000109211
33.12 -0.000110652
33.13 -0.000112088
33.14 -0.000113519
33.15 -0.000114945
33.16 -0.000116366
33.17 -0.000117782
33.18 -0.000119191
33.19 -0.000120594
33.2 -0.00012199
33.21 -0.000123379
33.22 -0.00012476
33.23 -0.000126134
33.24 -0.000127499
33.25 -0.000128857
33.26 -0.000130205
33.27 -0.000131544
33.28 -0.000132874
33.29 -0.000134194
33.3 -0.000135504
33.31 -0.000136803
33.32 -0.000138092
33.33 -0.000139369
33.34 -0.000140635
33.35 -0.00014189
33.36 -0.000143132
33.37 -0.000144363
33.38 -0.00014558
33.39 -0.000146785
33.4 -0.000147976
33.41 -0.000149154
33.42 -0.000150318
33.43 -0.000151468
33.44 -0.000152604
33.45 -0.000153724
33.46 -0.000154831
33.47 -0.000155921
33.48 -0.000156997
33.49 -0.000158056
33.5 -0.0001591
33.51 -0.000160127
33.52 -0.000161138
33.53 -0.000162132
33.54 -0.000163109
33.55 -0.000164069
33.56 -0.000165011
33.57 -0.000165936
33.58 -0.000166843
33.59 -0.000167731
33.6 -0.000168601
33.61 -0.000169453
33.62 -0.000170285
33.63 -0.000171099
33.64 -0.000171894
33.65 -0.000172669
33.66 -0.000173424
33.67 -0.00017416
33.68 -0.000174875
33.69 -0.000175571
33.7 -0.000176246
33.71 -0.000176901
33.72 -0.000177535
33.73 -0.000178148
33.74 -0.00017874
33.75 -0.000179312
33.76 -0.000179862
33.77 -0.00018039
33.78 -0.000180897
33.79 -0.000181383
33.8 -0.000181846
33.81 -0.000182288
33.82 -0.000182708
33.83 -0.000183106
33.84 -0.000183481
33.85 -0.000183835
33.86 -0.000184165
33.87 -0.000184474
33.88 -0.00018476
33.89 -0.000185023
33.9 -0.000185264
33.91 -0.000185482
33.92 -0.000185677
33.93 -0.00018585
33.94 -0.000185999
33.95 -0.000186126
33.96 -0.00018623
33.97 -0.00018631
33.98 -0.000186368
33.99 -0.000186403
34 -0.000186415
34.01 -0.000186404
34.02 -0.00018637
34.03 -0.000186312
34.04 -0.000186232
34.05 -0.000186129
34.06 -0.000186003
34.07 -0.000185854
34.08 -0.000185683
34.09 -0.000185488
34.1 -0.000185271
34.11 -0.000185031
34.12 -0.000184768
34.13 -0.000184483
34.14 -0.000184175
34.15 -0.000183845
34.16 -0.000183492
34.17 -0.000183117
34.18 -0.00018272
34.19 -0.000182301
34.2 -0.00018186
34.21 -0.000181397
34.22 -0.000180912
34.23 -0.000180405
34.24 -0.000179877
34.25 -0.000179328
34.26 -0.000178757
34.27 -0.000178166
34.28 -0.000177553
34.29 -0.00017692
34.3 -0.000176266
34.31 -0.000175591
34.32 -0.000174896
34.33 -0.000174181
34.34 -0.000173446
34.35 -0.000172691
34.36 -0.000171917
34.37 -0.000171123
34.38 -0.00017031
34.39 -0.000169477
34.4 -0.000168626
34.41 -0.000167757
34.42 -0.000166869
34.43 -0.000165963
34.44 -0.000165039
34.45 -0.000164097
34.46 -0.000163138
34.47 -0.000162161
34.48 -0.000161167
34.49 -0.000160157
34.5 -0.00015913
34.51 -0.000158087
34.52 -0.000157028
34.53 -0.000155953
34.54 -0.000154863
34.55 -0.000153757
34.56 -0.000152637
34.57 -0.000151501
34.58 -0.000150352
34.59 -0.000149188
34.6 -0.000148011
34.61 -0.00014682
34.62 -0.000145615
34.63 -0.000144398
34.64 -0.000143169
34.65 -0.000141926
34.66 -0.000140672
34.67 -0.000139406
34.68 -0.000138129
34.69 -0.000136841
34.7 -0.000135542
34.71 -0.000134232
34.72 -0.000132913
34.73 -0.000131583
34.74 -0.000130244
34.75 -0.000128896
34.76 -0.000127539
34.77 -0.000126174
34.78 -0.0001248
34.79 -0.000123419
34.8 -0.00012203
34.81 -0.000120635
34.82 -0.000119232
34.83 -0.000117823
34.84 -0.000116408
34.85 -0.000114987
34.86 -0.000113561
34.87 -0.00011213
34.88 -0.000110694
34.89 -0.000109254
34.9 -0.000107809
34.91 -0.000106362
34.92 -0.000104911
34.93 -0.000103457
34.94 -0.000102
34.95 -0.000100542
34.96 -9.90814e-05
34.97 -9.76195e-05
34.98 -9.61566e-05
34.99 -9.46929e-05
35 -9.32289e-05
35.01 -9.17648e-05
35.02 -9.03011e-05
35.03 -8.88382e-05
35.04 -8.73763e-05
35.05 -8.59158e-05
35.06 -8.44572e-05
35.07 -8.30007e-05
35.08 -8.15467e-05
35.09 -8.00956e-05
35.1 -7.86477e-05
35.11 -7.72035e-05
35.12 -7.57631e-05
35.13 -7.43271e-05
35.14 -7.28958e-05
35.15 -7.14694e-05
35.16 -7.00484e-05
35.17 -6.86332e-05
35.18 -6.7224e-05
35.19 -6.58212e-05
35.2 -6.44251e-05
35.21 -6.30362e-05
35.22 -6.16547e-05
35.23 -6.0281e-05
35.24 -5.89154e-05
35.25 -5.75583e-05
35.26 -5.621e-05
35.27 -5.48708e-05
35.28 -5.3541e-05
35.29 -5.22211e-05
35.3 -5.09112e-05
35.31 -4.96118e-05
35.32 -4.83232e-05
35.33 -4.70456e-05
35.34 -4.57794e-05
35.35 -4.4525e-05
35.36 -4.32825e-05
35.37 -4.20523e-05
35.38 -4.08348e-05
35.39 -3.96302e-05
35.4 -3.84388e-05
35.41 -3.72609e-05
35.42 -3.60969e-05
35.43 -3.49469e-05
35.44 -3.38113e-05
35.45 -3.26903e-05
35.46 -3.15843e-05
35.47 -3.04935e-05
35.48 -2.94182e-05
35.49 -2.83586e-05
35.5 -2.7315e-05
35.51 -2.62876e-05
35.52 -2.52768e-05
35.53 -2.42827e-05
35.54 -2.33057e-05
35.55 -2.23459e-05
35.56 -2.14035e-05
35.57 -2.04789e-05
35.58 -1.95723e-05
35.59 -1.86838e-05
35.6 -1.78136e-05
35.61 -1.69621e-05
35.62 -1.61294e-05
35.63 -1.53157e-05
35.64 -1.45213e-05
35.65 -1.37462e-05
35.66 -1.29908e-05
35.67 -1.22551e-05
35.68 -1.15395e-05
35.69 -1.08439e-05
35.7 -1.01687e-05
35.71 -9.51402e-06
35.72 -8.87996e-06
35.73 -8.2667e-06
35.74 -7.6744e-06
35.75 -7.1032e-06
35.76 -6.55325e-06
35.77 -6.02468e-06
35.78 -5.51762e-06
35.79 -5.03219e-06
35.8 -4.56852e-06
35.81 -4.12673e-06
35.82 -3.70691e-06
35.83 -3.30917e-06
35.84 -2.93362e-06
35.85 -2.58034e-06
35.86 -2.24942e-06
35.87 -1.94094e-06
35.88 -1.65498e-06
35.89 -1.39161e-06
35.9 -1.1509e-06
35.91 -9.32894e-07
35.92 -7.3766e-07
35.93 -5.65241e-07
35.94 -4.1568e-07
35.95 -2.89014e-07
35.96 -1.85274e-07
35.97 -1.04487e-07
35.98 -4.66705e-08
35.99 -1.18404e-08
36 -4.93022e-12
36.01 -1.1167e-08
36.02 -4.53238e-08
36.03 -1.02467e-07
36.04 -1.82582e-07
36.05 -2.8565e-07
36.06 -4.11645e-07
36.07 -5.60536e-07
36.08 -7.32287e-07
36.09 -9.26854e-07
36.1 -1.14419e-06
36.11 -1.38424e-06
36.12 -1.64695e-06
36.13 -1.93225e-06
36.14 -2.24007e-06
36.15 -2.57033e-06
36.16 -2.92296e-06
36.17 -3.29786e-06
36.18 -3.69495e-06
36.19 -4.11412e-06
36.2 -4.55528e-06
36.21 -5.01831e-06
36.22 -5.50309e-06
36.23 -6.00952e-06
36.24 -6.53747e-06
36.25 -7.08679e-06
36.26 -7.65737e-06
36.27 -8.24906e-06
36.28 -8.8617e-06
36.29 -9.49516e-06
36.3 -1.01493e-05
36.31 -1.08239e-05
36.32 -1.15188e-05
36.33 -1.22339e-05
36.34 -1.2969e-05
36.35 -1.37238e-05
36.36 -1.44983e-05
36.37 -1.52922e-05
36.38 -1.61053e-05
36.39 -1.69375e-05
36.4 -1.77884e-05
36.41 -1.8658e-05
36.42 -1.9546e-05
36.43 -2.04521e-05
36.44 -2.13762e-05
36.45 -2.2318e-05
36.46 -2.32773e-05
36.47 -2.42539e-05
36.48 -2.52475e-05
36.49 -2.62578e-05
36.5 -2.72847e-05
36.51 -2.83278e-05
36.52 -2.93869e-05
36.53 -3.04618e-05
36.54 -3.15522e-05
36.55 -3.26577e-05
36.56 -3.37783e-05
36.57 -3.49134e-05
36.58 -3.6063e-05
36.59 -3.72267e-05
36.6 -3.84041e-05
36.61 -3.95951e-05
36.62 -4.07994e-05
36.63 -4.20165e-05
36.64 -4.32463e-05
36.65 -4.44884e-05
36.66 -4.57425e-05
36.67 -4.70084e-05
36.68 -4.82856e-05
36.69 -4.95739e-05
36.7 -5.0873e-05
36.71 -5.21826e-05
36.72 -5.35022e-05
36.73 -5.48317e-05
36.74 -5.61706e-05
36.75 -5.75187e-05
36.76 -5.88756e-05
36.77 -6.02409e-05
36.78 -6.16144e-05
36.79 -6.29956e-05
36.8 -6.43844e-05
36.81 -6.57802e-05
36.82 -6.71828e-05
36.83 -6.85918e-05
36.84 -7.00069e-05
36.85 -7.14277e-05
36.86 -7.28539e-05
36.87 -7.42851e-05
36.88 -7.5721e-05
36.89 -7.71612e-05
36.9 -7.86054e-05
36.91 -8.00532e-05
36.92 -8.15042e-05
36.93 -8.29581e-05
36.94 -8.44145e-05
36.95 -8.58731e-05
36.96 -8.73335e-05
36.97 -8.87953e-05
36.98 -9.02583e-05
36.99 -9.17219e-05
37 -9.3186e-05
37.01 -9.465e-05
37.02 -9.61137e-05
37.03 -9.75767e-05
37.04 -9.90386e-05
37.05 -0.000100499
37.06 -0.000101958
37.07 -0.000103414
37.08 -0.000104868
37.09 -0.000106319
37.1 -0.000107767
37.11 -0.000109211
37.12 -0.000110652
37.13 -0.000112088
37.14 -0.000113519
37.15 -0.000114945
37.16 -0.000116366
37.17 -0.000117782
37.18 -0.000119191
37.19 -0.000120594
37.2 -0.00012199
37.21 -0.000123379
37.22 -0.00012476
37.23 -0.000126134
37.24 -0.000127499
37.25 -0.000128857
37.26 -0.000130205
37.27 -0.000131544
37.28 -0.000132874
37.29 -0.000134194
37.3 -0.000135504
37.31 -0.000136803
37.32 -0.000138092
37.33 -0.000139369
37.34 -0.000140635
37.35 -0.00014189
37.36 -0.000143132
37.37 -0.000144363
37.38 -0.00014558
37.39 -0.000146785
37.4 -0.000147976
37.41 -0.000149154
37.42 -0.000150318
37.43 -0.000151468
37.44 -0.000152604
37.45 -0.000153724
37.46 -0.000154831
37.47 -0.000155921
37.48 -0.000156997
37.49 -0.000158056
37.5 -0.0001591
37.51 -0.000160127
37.52 -0.000161138
37.53 -0.000162132
37.54 -0.000163109
37.55 -0.000164069
37.56 -0.000165011
37.57 -0.000165936
37.58 -0.000166843
37.59 -0.000167731
37.6 -0.000168601
37.61 -0.000169453
37.62 -0.000170285
37.63 -0.000171099
37.64 -0.000171894
37.65 -0.000172669
37.66 -0.000173424
37.67 -0.00017416
37.68 -0.000174875
37.69 -0.000175571
37.7 -0.000176246
37.71 -0.000176901
37.72 -0.000177535
37.73 -0.000178148
37.74 -0.00017874
37.75 -0.000179312
37.76 -0.000179862
37.77 -0.00018039
37.78 -0.000180897
37.79 -0.000181383
37.8 -0.000181846
37.81 -0.000182288
37.82 -0.000182708
37.83 -0.000183106
37.84 -0.000183481
37.85 -0.000183835
37.86 -0.000184165
37.87 -0.000184474
37.88 -0.00018476
37.89 -0.000185023
37.9 -0.000185264
37.91 -0.000185482
37.92 -0.000185677
37.93 -0.00018585
37.94 -0.000185999
37.95 -0.000186126
37.96 -0.00018623
37.97 -0.00018631
37.98 -0.000186368
37.99 -0.000186403
38 -0.000186415
38.01 -0.000186404
38.02 -0.00018637
38.03 -0.000186312
38.04 -0.000186232
38.05 -0.000186129
38.06 -0.000186003
38.07 -0.000185854
38.08 -0.000185683
38.09 -0.000185488
38.1 -0.000185271
38.11 -0.000185031
38.12 -0.000184768
38.13 -0.000184483
38.14 -0.000184175
38.15 -0.000183845
38.16 -0.000183492
38.17 -0.000183117
38.18 -0.00018272
38.19 -0.000182301
38.2 -0.00018186
38.21 -0.000181397
38.22 -0.000180912
38.23 -0.000180405
38.24 -0.000179877
38.25 -0.000179328
38.26 -0.000178757
38.27 -0.000178166
38.28 -0.000177553
38.29 -0.00017692
38.3 -0.000176266
38.31 -0.000175591
38.32 -0.000174896
38.33 -0.000174181
38.34 -0.000173446
38.35 -0.000172691
38.36 -0.000171917
38.37 -0.000171123
38.38 -0.00017031
38.39 -0.000169477
38.4 -0.000168626
38.41 -0.000167757
38.42 -0.000166869
38.43 -0.000165963
38.44 -0.000165039
38.45 -0.000164097
38.46 -0.000163138
38.47 -0.000162161
38.48 -0.000161167
38.49 -0.000160157
38.5 -0.00015913
38.51 -0.000158087
38.52 -0.000157028
38.53 -0.000155953
38.54 -0.000154863
38.55 -0.000153757
38.56 -0.000152637
38.57 -0.000151501
38.58 -0.000150352
38.59 -0.000149188
38.6 -0.000148011
38.61 -0.00014682
38.62 -0.000145615
38.63 -0.000144398
38.64 -0.000143169
38.65 -0.000141926
38.66 -0.000140672
38.67 -0.000139406
38.68 -0.000138129
38.69 -0.000136841
38.7 -0.000135542
38.71 -0.000134232
38.72 -0.000132913
38.73 -0.000131583
38.74 -0.000130244
38.75 -0.000128896
38.76 -0.000127539
38.77 -0.000126174
38.78 -0.0001248
38.79 -0.000123419
38.8 -0.00012203
38.81 -0.000120635
38.82 -0.000119232
38.83 -0.000117823
38.84 -0.000116408
38.85 -0.000114987
38.86 -0.000113561
38.87 -0.00011213
38.88 -0.000110694
38.89 -0.000109254
38.9 -0.000107809
38.91 -0.000106362
38.92 -0.000104911
38.93 -0.000103457
38.94 -0.000102
38.95 -0.000100542
38.96 -9.90814e-05
38.97 -9.76195e-05
38.98 -9.61566e-05
38.99 -9.46929e-05
39 -9.32289e-05
39.01 -9.17648e-05
39.02 -9.03011e-05
39.03 -8.88382e-05
39.04 -8.73763e-05
39.05 -8.59158e-05
39.06 -8.44572e-05
39.07 -8.30007e-05
39.08 -8.15467e-05
39.09 -8.00956e-05
39.1 -7.86477e-05
39.11 -7.72035e-05
39.12 -7.57631e-05
39.13 -7.43271e-05
39.14 -7.28958e-05
39.15 -7.14694e-05
39.16 -7.00484e-05
39.17 -6.86332e-05
39.18 -6.7224e-05
39.19 -6.58212e-05
39.2 -6.44251e-05
39.21 -6.30362e-05
39.22 -6.16547e-05
39.23 -6.0281e-05
39.24 -5.89154e-05
39.25 -5.75583e-05
39.26 -5.621e-05
39.27 -5.48708e-05
39.28 -5.3541e-05
39.29 -5.22211e-05
39.3 -5.09112e-05
39.31 -4.96118e-05
39.32 -4.83232e-05
39.33 -4.70456e-05
39.34 -4.57794e-05
39.35 -4.4525e-05
39.36 -4.32825e-05
39.37 -4.20523e-05
39.38 -4.08348e-05
39.39 -3.96302e-05
39.4 -3.84388e-05
39.41 -3.72609e-05
39.42 -3.60969e-05
39.43 -3.49469e-05
39.44 -3.38113e-05
39.45 -3.26903e-05
39.46 -3.15843e-05
39.47 -3.04935e-05
39.48 -2.94182e-05
39.49 -2.83586e-05
39.5 -2.7315e-05
39.51 -2.62876e-05
39.52 -2.52768e-05
39.53 -2.42827e-05
39.54 -2.33057e-05
39.55 -2.23459e-05
39.56 -2.14035e-05
39.57 -2.04789e-05
39.58 -1.95723e-05
39.59 -1.86838e-05
39.6 -1.78136e-05
39.61 -1.69621e-05
39.62 -1.61294e-05
39.63 -1.53157e-05
39.64 -1.45213e-05
39.65 -1.37462e-05
39.66 -1.29908e-05
39.67 -1.22551e-05
39.68 -1.15395e-05
39.69 -1.08439e-05
39.7 -1.01687e-05
39.71 -9.51402e-06
39.72 -8.87996e-06
39.73 -8.2667e-06
39.74 -7.6744e-06
39.75 -7.1032e-06
39.76 -6.55325e-06
39.77 -6.02468e-06
39.78 -5.51762e-06
39.79 -5.03219e-06
39.8 -4.56852e-06
39.81 -4.12673e-06
39.82 -3.70691e-06
39.83 -3.30917e-06
39.84 -2.93362e-06
39.85 -2.58034e-06
39.86 -2.24942e-06
39.87 -1.94094e-06
39.88 -1.65498e-06
39.89 -1.39161e-06
39.9 -1.1509e-06
39.91 -9.32894e-07
39.92 -7.3766e-07
39.93 -5.65241e-07
39.94 -4.1568e-07
39.95 -2.89014e-07
39.96 -1.85274e-07
39.97 -1.04487e-07
39.98 -4.66705e-08
39.99 -1.18404e-08
40 -4.93022e-12
