0.01 1.52605
0.02 3.13854
0.03 4.66838
0.04 6.27429
0.05 7.80582
0.06 9.40412
0.07 10.9353
0.08 12.5249
0.09 14.0538
0.1 15.6335
0.11 17.1582
0.12 18.7269
0.13 20.2455
0.14 21.802
0.15 23.3126
0.16 24.8557
0.17 26.3566
0.18 27.885
0.19 29.3745
0.2 30.887
0.21 32.3633
0.22 33.8585
0.23 35.32
0.24 36.7967
0.25 38.2418
0.26 39.6987
0.27 41.1257
0.28 42.5616
0.29 43.9691
0.3 45.3825
0.31 46.7689
0.32 48.1587
0.33 49.5226
0.34 50.8875
0.35 52.2273
0.36 53.566
0.37 54.8804
0.38 56.1918
0.39 57.4794
0.4 58.7621
0.41 60.0215
0.42 61.2745
0.43 62.5045
0.44 63.7264
0.45 64.9257
0.46 66.1155
0.47 67.2828
0.48 68.4393
0.49 69.5735
0.5 70.6956
0.51 71.7955
0.52 72.8822
0.53 73.9466
0.54 74.9969
0.55 76.0247
0.56 77.0375
0.57 78.0278
0.58 79.0022
0.59 79.9539
0.6 80.8889
0.61 81.8011
0.62 82.6957
0.63 83.5675
0.64 84.421
0.65 85.2515
0.66 86.063
0.67 86.8513
0.68 87.62
0.69 88.3654
0.7 89.0906
0.71 89.7923
0.72 90.4732
0.73 91.1305
0.74 91.7666
0.75 92.3789
0.76 92.9694
0.77 93.536
0.78 94.0805
0.79 94.6009
0.8 95.0988
0.81 95.5723
0.82 96.0231
0.83 96.4495
0.84 96.8528
0.85 97.2315
0.86 97.5868
0.87 97.9175
0.88 98.2245
0.89 98.5068
0.9 98.7653
0.91 98.999
0.92 99.2087
0.93 99.3935
0.94 99.5541
0.95 99.6898
0.96 99.8013
0.97 99.8878
0.98 99.95
0.99 99.9872
1 100
1.01 99.988
1.02 99.9514
1.03 99.89
1.04 99.8042
1.05 99.6935
1.06 99.5584
1.07 99.3986
1.08 99.2144
1.09 99.0056
1.1 98.7725
1.11 98.5148
1.12 98.2331
1.13 97.9269
1.14 97.5967
1.15 97.2423
1.16 96.8641
1.17 96.4618
1.18 96.0358
1.19 95.586
1.2 95.1128
1.21 94.616
1.22 94.0959
1.23 93.5525
1.24 92.9861
1.25 92.3967
1.26 91.7846
1.27 91.1498
1.28 90.4925
1.29 89.8129
1.3 89.1111
1.31 88.3873
1.32 87.6418
1.33 86.8745
1.34 86.0859
1.35 85.276
1.36 84.4451
1.37 83.5934
1.38 82.721
1.39 81.8282
1.4 80.9152
1.41 79.9823
1.42 79.0296
1.43 78.0574
1.44 77.066
1.45 76.0555
1.46 75.0263
1.47 73.9786
1.48 72.9126
1.49 71.8286
1.5 70.7269
1.51 69.6078
1.52 68.4715
1.53 67.3183
1.54 66.1484
1.55 64.9623
1.56 63.7601
1.57 62.5422
1.58 61.3089
1.59 60.0604
1.6 58.7971
1.61 57.5193
1.62 56.2274
1.63 54.9215
1.64 53.6021
1.65 52.2695
1.66 50.9239
1.67 49.5658
1.68 48.1955
1.69 46.8133
1.7 45.4195
1.71 44.0146
1.72 42.5987
1.73 41.1724
1.74 39.7359
1.75 38.2896
1.76 36.8338
1.77 35.369
1.78 33.8954
1.79 32.4135
1.8 30.9236
1.81 29.426
1.82 27.9212
1.83 26.4095
1.84 24.8913
1.85 23.3669
1.86 21.8368
1.87 20.3012
1.88 18.7607
1.89 17.2156
1.9 15.6662
1.91 14.1129
1.92 12.5561
1.93 10.9963
1.94 9.43373
1.95 7.86884
1.96 6.30201
1.97 4.73362
1.98 3.16406
1.99 1.59373
2 0.0229991
2.01 -1.54774
2.02 -3.11809
2.03 -4.68767
2.04 -6.2561
2.05 -7.82298
2.06 -9.38793
2.07 -10.9506
2.08 -12.5105
2.09 -14.0674
2.1 -15.6207
2.11 -17.1703
2.12 -18.7155
2.13 -20.2562
2.14 -21.7919
2.15 -23.3222
2.16 -24.8467
2.17 -26.3651
2.18 -27.877
2.19 -29.382
2.2 -30.8798
2.21 -32.37
2.22 -33.8522
2.23 -35.326
2.24 -36.7911
2.25 -38.2471
2.26 -39.6937
2.27 -41.1305
2.28 -42.5571
2.29 -43.9733
2.3 -45.3786
2.31 -46.7727
2.32 -48.1552
2.33 -49.5259
2.34 -50.8843
2.35 -52.2302
2.36 -53.5633
2.37 -54.8831
2.38 -56.1893
2.39 -57.4817
2.4 -58.7599
2.41 -60.0236
2.42 -61.2725
2.43 -62.5063
2.44 -63.7247
2.45 -64.9273
2.46 -66.1139
2.47 -67.2842
2.48 -68.4379
2.49 -69.5748
2.5 -70.6944
2.51 -71.7966
2.52 -72.8811
2.53 -73.9476
2.54 -74.9959
2.55 -76.0257
2.56 -77.0367
2.57 -78.0287
2.58 -79.0014
2.59 -79.9547
2.6 -80.8882
2.61 -81.8017
2.62 -82.6951
2.63 -83.5681
2.64 -84.4205
2.65 -85.252
2.66 -86.0625
2.67 -86.8518
2.68 -87.6196
2.69 -88.3658
2.7 -89.0902
2.71 -89.7926
2.72 -90.4729
2.73 -91.1309
2.74 -91.7663
2.75 -92.3791
2.76 -92.9692
2.77 -93.5363
2.78 -94.0803
2.79 -94.6011
2.8 -95.0985
2.81 -95.5725
2.82 -96.0229
2.83 -96.4497
2.84 -96.8526
2.85 -97.2316
2.86 -97.5867
2.87 -97.9176
2.88 -98.2244
2.89 -98.507
2.9 -98.7652
2.91 -98.9991
2.92 -99.2086
2.93 -99.3936
2.94 -99.554
2.95 -99.6899
2.96 -99.8012
2.97 -99.8879
2.98 -99.9499
2.99 -99.9873
3 -100
3.01 -99.988
3.02 -99.9514
3.03 -99.8901
3.04 -99.8041
3.05 -99.6935
3.06 -99.5584
3.07 -99.3986
3.08 -99.2143
3.09 -99.0056
3.1 -98.7724
3.11 -98.5149
3.12 -98.233
3.13 -97.9269
3.14 -97.5967
3.15 -97.2424
3.16 -96.864
3.17 -96.4618
3.18 -96.0358
3.19 -95.5861
3.2 -95.1128
3.21 -94.616
3.22 -94.0959
3.23 -93.5525
3.24 -92.9861
3.25 -92.3967
3.26 -91.7846
3.27 -91.1498
3.28 -90.4925
3.29 -89.8129
3.3 -89.1111
3.31 -88.3873
3.32 -87.6417
3.33 -86.8745
3.34 -86.0859
3.35 -85.276
3.36 -84.4451
3.37 -83.5934
3.38 -82.721
3.39 -81.8282
3.4 -80.9152
3.41 -79.9823
3.42 -79.0296
3.43 -78.0574
3.44 -77.066
3.45 -76.0555
3.46 -75.0263
3.47 -73.9786
3.48 -72.9126
3.49 -71.8286
3.5 -70.7269
3.51 -69.6078
3.52 -68.4715
3.53 -67.3183
3.54 -66.1484
3.55 -64.9623
3.56 -63.7601
3.57 -62.5422
3.58 -61.3089
3.59 -60.0604
3.6 -58.7971
3.61 -57.5193
3.62 -56.2274
3.63 -54.9215
3.64 -53.6021
3.65 -52.2695
3.66 -50.9239
3.67 -49.5658
3.68 -48.1955
3.69 -46.8133
3.7 -45.4195
3.71 -44.0146
3.72 -42.5987
3.73 -41.1724
3.74 -39.7359
3.75 -38.2896
3.76 -36.8338
3.77 -35.369
3.78 -33.8954
3.79 -32.4135
3.8 -30.9236
3.81 -29.426
3.82 -27.9212
3.83 -26.4095
3.84 -24.8913
3.85 -23.3669
3.86 -21.8368
3.87 -20.3012
3.88 -18.7607
3.89 -17.2156
3.9 -15.6662
3.91 -14.1129
3.92 -12.5561
3.93 -10.9963
3.94 -9.43373
3.95 -7.86884
3.96 -6.30201
3.97 -4.73362
3.98 -3.16406
3.99 -1.59373
4 -0.022999
4.01 1.54774
4.02 3.11809
4.03 4.68767
4.04 6.2561
4.05 7.82298
4.06 9.38793
4.07 10.9506
4.08 12.5105
4.09 14.0674
4.1 15.6207
4.11 17.1703
4.12 18.7155
4.13 20.2562
4.14 21.7919
4.15 23.3222
4.16 24.8467
4.17 26.3651
4.18 27.877
4.19 29.382
4.2 30.8798
4.21 32.37
4.22 33.8522
4.23 35.326
4.24 36.7911
4.25 38.2471
4.26 39.6937
4.27 41.1305
4.28 42.5571
4.29 43.9733
4.3 45.3786
4.31 46.7727
4.32 48.1552
4.33 49.5259
4.34 50.8843
4.35 52.2302
4.36 53.5633
4.37 54.8831
4.38 56.1893
4.39 57.4817
4.4 58.7599
4.41 60.0236
4.42 61.2725
4.43 62.5063
4.44 63.7247
4.45 64.9273
4.46 66.1139
4.47 67.2842
4.48 68.4379
4.49 69.5748
4.5 70.6944
4.51 71.7966
4.52 72.8811
4.53 73.9476
4.54 74.9959
4.55 76.0257
4.56 77.0367
4.57 78.0287
4.58 79.0014
4.59 79.9547
4.6 80.8882
4.61 81.8017
4.62 82.6951
4.63 83.5681
4.64 84.4205
4.65 85.252
4.66 86.0625
4.67 86.8518
4.68 87.6196
4.69 88.3658
4.7 89.0902
4.71 89.7926
4.72 90.4729
4.73 91.1309
4.74 91.7663
4.75 92.3791
4.76 92.9692
4.77 93.5363
4.78 94.0803
4.79 94.6011
4.8 95.0985
4.81 95.5725
4.82 96.0229
4.83 96.4497
4.84 96.8526
4.85 97.2316
4.86 97.5867
4.87 97.9176
4.88 98.2244
4.89 98.507
4.9 98.7652
4.91 98.9991
4.92 99.2086
4.93 99.3936
4.94 99.554
4.95 99.6899
4.96 99.8012
4.97 99.8879
4.98 99.9499
4.99 99.9873
5 100
5.01 99.988
5.02 99.9514
5.03 99.8901
5.04 99.8041
5.05 99.6935
5.06 99.5584
5.07 99.3986
5.08 99.2143
5.09 99.0056
5.1 98.7724
5.11 98.5149
5.12 98.233
5.13 97.9269
5.14 97.5967
5.15 97.2424
5.16 96.864
5.17 96.4618
5.18 96.0358
5.19 95.5861
5.2 95.1128
5.21 94.616
5.22 94.0959
5.23 93.5525
5.24 92.9861
5.25 92.3967
5.26 91.7846
5.27 91.1498
5.28 90.4925
5.29 89.8129
5.3 89.1111
5.31 88.3873
5.32 87.6417
5.33 86.8745
5.34 86.0859
5.35 85.276
5.36 84.4451
5.37 83.5934
5.38 82.721
5.39 81.8282
5.4 80.9152
5.41 79.9823
5.42 79.0296
5.43 78.0574
5.44 77.066
5.45 76.0555
5.46 75.0263
5.47 73.9786
5.48 72.9126
5.49 71.8286
5.5 70.7269
5.51 69.6078
5.52 68.4715
5.53 67.3183
5.54 66.1484
5.55 64.9623
5.56 63.7601
5.57 62.5422
5.58 61.3089
5.59 60.0604
5.6 58.7971
5.61 57.5193
5.62 56.2274
5.63 54.9215
5.64 53.6021
5.65 52.2695
5.66 50.9239
5.67 49.5658
5.68 48.1955
5.69 46.8133
5.7 45.4195
5.71 44.0146
5.72 42.5987
5.73 41.1724
5.74 39.7359
5.75 38.2896
5.76 36.8338
5.77 35.369
5.78 33.8954
5.79 32.4135
5.8 30.9236
5.81 29.426
5.82 27.9212
5.83 26.4095
5.84 24.8913
5.85 23.3669
5.86 21.8368
5.87 20.3012
5.88 18.7607
5.89 17.2156
5.9 15.6662
5.91 14.1129
5.92 12.5561
5.93 10.9963
5.94 9.43373
5.95 7.86884
5.96 6.30201
5.97 4.73362
5.98 3.16406
5.99 1.59373
6 0.022999
6.01 -1.54774
6.02 -3.11809
6.03 -4.68767
6.04 -6.2561
6.05 -7.82298
6.06 -9.38793
6.07 -10.9506
6.08 -12.5105
6.09 -14.0674
6.1 -15.6207
6.11 -17.1703
6.12 -18.7155
6.13 -20.2562
6.14 -21.7919
6.15 -23.3222
6.16 -24.8467
6.17 -26.3651
6.18 -27.877
6.19 -29.382
6.2 -30.8798
6.21 -32.37
6.22 -33.8522
6.23 -35.326
6.24 -36.7911
6.25 -38.2471
6.26 -39.6937
6.27 -41.1305
6.28 -42.5571
6.29 -43.9733
6.3 -45.3786
6.31 -46.7727
6.32 -48.1552
6.33 -49.5259
6.34 -50.8843
6.35 -52.2302
6.36 -53.5633
6.37 -54.8831
6.38 -56.1893
6.39 -57.4817
6.4 -58.7599
6.41 -60.0236
6.42 -61.2725
6.43 -62.5063
6.44 -63.7247
6.45 -64.9273
6.46 -66.1139
6.47 -67.2842
6.48 -68.4379
6.49 -69.5748
6.5 -70.6944
6.51 -71.7966
6.52 -72.8811
6.53 -73.9476
6.54 -74.9959
6.55 -76.0257
6.56 -77.0367
6.57 -78.0287
6.58 -79.0014
6.59 -79.9547
6.6 -80.8882
6.61 -81.8017
6.62 -82.6951
6.63 -83.5681
6.64 -84.4205
6.65 -85.252
6.66 -86.0625
6.67 -86.8518
6.68 -87.6196
6.69 -88.3658
6.7 -89.0902
6.71 -89.7926
6.72 -90.4729
6.73 -91.1309
6.74 -91.7663
6.75 -92.3791
6.76 -92.9692
6.77 -93.5363
6.78 -94.0803
6.79 -94.6011
6.8 -95.0985
6.81 -95.5725
6.82 -96.0229
6.83 -96.4497
6.84 -96.8526
6.85 -97.2316
6.86 -97.5867
6.87 -97.9176
6.88 -98.2244
6.89 -98.507
6.9 -98.7652
6.91 -98.9991
6.92 -99.2086
6.93 -99.3936
6.94 -99.554
6.95 -99.6899
6.96 -99.8012
6.97 -99.8879
6.98 -99.9499
6.99 -99.9873
7 -100
7.01 -99.988
7.02 -99.9514
7.03 -99.8901
7.04 -99.8041
7.05 -99.6935
7.06 -99.5584
7.07 -99.3986
7.08 -99.2143
7.09 -99.0056
7.1 -98.7724
7.11 -98.5149
7.12 -98.233
7.13 -97.9269
7.14 -97.5967
7.15 -97.2424
7.16 -96.864
7.17 -96.4618
7.18 -96.0358
7.19 -95.5861
7.2 -95.1128
7.21 -94.616
7.22 -94.0959
7.23 -93.5525
7.24 -92.9861
7.25 -92.3967
7.26 -91.7846
7.27 -91.1498
7.28 -90.4925
7.29 -89.8129
7.3 -89.1111
7.31 -88.3873
7.32 -87.6417
7.33 -86.8745
7.34 -86.0859
7.35 -85.276
7.36 -84.4451
7.37 -83.5934
7.38 -82.721
7.39 -81.8282
7.4 -80.9152
7.41 -79.9823
7.42 -79.0296
7.43 -78.0574
7.44 -77.066
7.45 -76.0555
7.46 -75.0263
7.47 -73.9786
7.48 -72.9126
7.49 -71.8286
7.5 -70.7269
7.51 -69.6078
7.52 -68.4715
7.53 -67.3183
7.54 -66.1484
7.55 -64.9623
7.56 -63.7601
7.57 -62.5422
7.58 -61.3089
7.59 -60.0604
7.6 -58.7971
7.61 -57.5193
7.62 -56.2274
7.63 -54.9215
7.64 -53.6021
7.65 -52.2695
7.66 -50.9239
7.67 -49.5658
7.68 -48.1955
7.69 -46.8133
7.7 -45.4195
7.71 -44.0146
7.72 -42.5987
7.73 -41.1724
7.74 -39.7359
7.75 -38.2896
7.76 -36.8338
7.77 -35.369
7.78 -33.8954
7.79 -32.4135
7.8 -30.9236
7.81 -29.426
7.82 -27.9212
7.83 -26.4095
7.84 -24.8913
7.85 -23.3669
7.86 -21.8368
7.87 -20.3012
7.88 -18.7607
7.89 -17.2156
7.9 -15.6662
7.91 -14.1129
7.92 -12.5561
7.93 -10.9963
7.94 -9.43373
7.95 -7.86884
7.96 -6.30201
7.97 -4.73362
7.98 -3.16406
7.99 -1.59373
8 -0.022999
8.01 1.54774
8.02 3.11809
8.03 4.68767
8.04 6.2561
8.05 7.82298
8.06 9.38793
8.07 10.9506
8.08 12.5105
8.09 14.0674
8.1 15.6207
8.11 17.1703
8.12 18.7155
8.13 20.2562
8.14 21.7919
8.15 23.3222
8.16 24.8467
8.17 26.3651
8.18 27.877
8.19 29.382
8.2 30.8798
8.21 32.37
8.22 33.8522
8.23 35.326
8.24 36.7911
8.25 38.2471
8.26 39.6937
8.27 41.1305
8.28 42.5571
8.29 43.9733
8.3 45.3786
8.31 46.7727
8.32 48.1552
8.33 49.5259
8.34 50.8843
8.35 52.2302
8.36 53.5633
8.37 54.8831
8.38 56.1893
8.39 57.4817
8.4 58.7599
8.41 60.0236
8.42 61.2725
8.43 62.5063
8.44 63.7247
8.45 64.9273
8.46 66.1139
8.47 67.2842
8.48 68.4379
8.49 69.5748
8.5 70.6944
8.51 71.7966
8.52 72.8811
8.53 73.9476
8.54 74.9959
8.55 76.0257
8.56 77.0367
8.57 78.0287
8.58 79.0014
8.59 79.9547
8.6 80.8882
8.61 81.8017
8.62 82.6951
8.63 83.5681
8.64 84.4205
8.65 85.252
8.66 86.0625
8.67 86.8518
8.68 87.6196
8.69 88.3658
8.7 89.0902
8.71 89.7926
8.72 90.4729
8.73 91.1309
8.74 91.7663
8.75 92.3791
8.76 92.9692
8.77 93.5363
8.78 94.0803
8.79 94.6011
8.8 95.0985
8.81 95.5725
8.82 96.0229
8.83 96.4497
8.84 96.8526
8.85 97.2316
8.86 97.5867
8.87 97.9176
8.88 98.2244
8.89 98.507
8.9 98.7652
8.91 98.9991
8.92 99.2086
8.93 99.3936
8.94 99.554
8.95 99.6899
8.96 99.8012
8.97 99.8879
8.98 99.9499
8.99 99.9873
9 100
9.01 99.988
9.02 99.9514
9.03 99.8901
9.04 99.8041
9.05 99.6935
9.06 99.5584
9.07 99.3986
9.08 99.2143
9.09 99.0056
9.1 98.7724
9.11 98.5149
9.12 98.233
9.13 97.9269
9.14 97.5967
9.15 97.2424
9.16 96.864
9.17 96.4618
9.18 96.0358
9.19 95.5861
9.2 95.1128
9.21 94.616
9.22 94.0959
9.23 93.5525
9.24 92.9861
9.25 92.3967
9.26 91.7846
9.27 91.1498
9.28 90.4925
9.29 89.8129
9.3 89.1111
9.31 88.3873
9.32 87.6417
9.33 86.8745
9.34 86.0859
9.35 85.276
9.36 84.4451
9.37 83.5934
9.38 82.721
9.39 81.8282
9.4 80.9152
9.41 79.9823
9.42 79.0296
9.43 78.0574
9.44 77.066
9.45 76.0555
9.46 75.0263
9.47 73.9786
9.48 72.9126
9.49 71.8286
9.5 70.7269
9.51 69.6078
9.52 68.4715
9.53 67.3183
9.54 66.1484
9.55 64.9623
9.56 63.7601
9.57 62.5422
9.58 61.3089
9.59 60.0604
9.6 58.7971
9.61 57.5193
9.62 56.2274
9.63 54.9215
9.64 53.6021
9.65 52.2695
9.66 50.9239
9.67 49.5658
9.68 48.1955
9.69 46.8133
9.7 45.4195
9.71 44.0146
9.72 42.5987
9.73 41.1724
9.74 39.7359
9.75 38.2896
9.76 36.8338
9.77 35.369
9.78 33.8954
9.79 32.4135
9.8 30.9236
9.81 29.426
9.82 27.9212
9.83 26.4095
9.84 24.8913
9.85 23.3669
9.86 21.8368
9.87 20.3012
9.88 18.7607
9.89 17.2156
9.9 15.6662
9.91 14.1129
9.92 12.5561
9.93 10.9963
9.94 9.43373
9.95 7.86884
9.96 6.30201
9.97 4.73362
9.98 3.16406
9.99 1.59373
10 0.022999
10.01 -1.54774
10.02 -3.11809
10.03 -4.68767
10.04 -6.2561
10.05 -7.82298
10.06 -9.38793
10.07 -10.9506
10.08 -12.5105
10.09 -14.0674
10.1 -15.6207
10.11 -17.1703
10.12 -18.7155
10.13 -20.2562
10.14 -21.7919
10.15 -23.3222
10.16 -24.8467
10.17 -26.3651
10.18 -27.877
10.19 -29.382
10.2 -30.8798
10.21 -32.37
10.22 -33.8522
10.23 -35.326
10.24 -36.7911
10.25 -38.2471
10.26 -39.6937
10.27 -41.1305
10.28 -42.5571
10.29 -43.9733
10.3 -45.3786
10.31 -46.7727
10.32 -48.1552
10.33 -49.5259
10.34 -50.8843
10.35 -52.2302
10.36 -53.5633
10.37 -54.8831
10.38 -56.1893
10.39 -57.4817
10.4 -58.7599
10.41 -60.0236
10.42 -61.2725
10.43 -62.5063
10.44 -63.7247
10.45 -64.9273
10.46 -66.1139
10.47 -67.2842
10.48 -68.4379
10.49 -69.5748
10.5 -70.6944
10.51 -71.7966
10.52 -72.8811
10.53 -73.9476
10.54 -74.9959
10.55 -76.0257
10.56 -77.0367
10.57 -78.0287
10.58 -79.0014
10.59 -79.9547
10.6 -80.8882
10.61 -81.8017
10.62 -82.6951
10.63 -83.5681
10.64 -84.4205
10.65 -85.252
10.66 -86.0625
10.67 -86.8518
10.68 -87.6196
10.69 -88.3658
10.7 -89.0902
10.71 -89.7926
10.72 -90.4729
10.73 -91.1309
10.74 -91.7663
10.75 -92.3791
10.76 -92.9692
10.77 -93.5363
10.78 -94.0803
10.79 -94.6011
10.8 -95.0985
10.81 -95.5725
10.82 -96.0229
10.83 -96.4497
10.84 -96.8526
10.85 -97.2316
10.86 -97.5867
10.87 -97.9176
10.88 -98.2244
10.89 -98.507
10.9 -98.7652
10.91 -98.9991
10.92 -99.2086
10.93 -99.3936
10.94 -99.554
10.95 -99.6899
10.96 -99.8012
10.97 -99.8879
10.98 -99.9499
10.99 -99.9873
11 -100
11.01 -99.988
11.02 -99.9514
11.03 -99.8901
11.04 -99.8041
11.05 -99.6935
11.06 -99.5584
11.07 -99.3986
11.08 -99.2143
11.09 -99.0056
11.1 -98.7724
11.11 -98.5149
11.12 -98.233
11.13 -97.9269
11.14 -97.5967
11.15 -97.2424
11.16 -96.864
11.17 -96.4618
11.18 -96.0358
11.19 -95.5861
11.2 -95.1128
11.21 -94.616
11.22 -94.0959
11.23 -93.5525
11.24 -92.9861
11.25 -92.3967
11.26 -91.7846
11.27 -91.1498
11.28 -90.4925
11.29 -89.8129
11.3 -89.1111
11.31 -88.3873
11.32 -87.6417
11.33 -86.8745
11.34 -86.0859
11.35 -85.276
11.36 -84.4451
11.37 -83.5934
11.38 -82.721
11.39 -81.8282
11.4 -80.9152
11.41 -79.9823
11.42 -79.0296
11.43 -78.0574
11.44 -77.066
11.45 -76.0555
11.46 -75.0263
11.47 -73.9786
11.48 -72.9126
11.49 -71.8286
11.5 -70.7269
11.51 -69.6078
11.52 -68.4715
11.53 -67.3183
11.54 -66.1484
11.55 -64.9623
11.56 -63.7601
11.57 -62.5422
11.58 -61.3089
11.59 -60.0604
11.6 -58.7971
11.61 -57.5193
11.62 -56.2274
11.63 -54.9215
11.64 -53.6021
11.65 -52.2695
11.66 -50.9239
11.67 -49.5658
11.68 -48.1955
11.69 -46.8133
11.7 -45.4195
11.71 -44.0146
11.72 -42.5987
11.73 -41.1724
11.74 -39.7359
11.75 -38.2896
11.76 -36.8338
11.77 -35.369
11.78 -33.8954
11.79 -32.4135
11.8 -30.9236
11.81 -29.426
11.82 -27.9212
11.83 -26.4095
11.84 -24.8913
11.85 -23.3669
11.86 -21.8368
11.87 -20.3012
11.88 -18.7607
11.89 -17.2156
11.9 -15.6662
11.91 -14.1129
11.92 -12.5561
11.93 -10.9963
11.94 -9.43373
11.95 -7.86884
11.96 -6.30201
11.97 -4.73362
11.98 -3.16406
11.99 -1.59373
12 -0.022999
12.01 1.54774
12.02 3.11809
12.03 4.68767
12.04 6.2561
12.05 7.82298
12.06 9.38793
12.07 10.9506
12.08 12.5105
12.09 14.0674
12.1 15.6207
12.11 17.1703
12.12 18.7155
12.13 20.2562
12.14 21.7919
12.15 23.3222
12.16 24.8467
12.17 26.3651
12.18 27.877
12.19 29.382
12.2 30.8798
12.21 32.37
12.22 33.8522
12.23 35.326
12.24 36.7911
12.25 38.2471
12.26 39.6937
12.27 41.1305
12.28 42.5571
12.29 43.9733
12.3 45.3786
12.31 46.7727
12.32 48.1552
12.33 49.5259
12.34 50.8843
12.35 52.2302
12.36 53.5633
12.37 54.8831
12.38 56.1893
12.39 57.4817
12.4 58.7599
12.41 60.0236
12.42 61.2725
12.43 62.5063
12.44 63.7247
12.45 64.9273
12.46 66.1139
12.47 67.2842
12.48 68.4379
12.49 69.5748
12.5 70.6944
12.51 71.7966
12.52 72.8811
12.53 73.9476
12.54 74.9959
12.55 76.0257
12.56 77.0367
12.57 78.0287
12.58 79.0014
12.59 79.9547
12.6 80.8882
12.61 81.8017
12.62 82.6951
12.63 83.5681
12.64 84.4205
12.65 85.252
12.66 86.0625
12.67 86.8518
12.68 87.6196
12.69 88.3658
12.7 89.0902
12.71 89.7926
12.72 90.4729
12.73 91.1309
12.74 91.7663
12.75 92.3791
12.76 92.9692
12.77 93.5363
12.78 94.0803
12.79 94.6011
12.8 95.0985
12.81 95.5725
12.82 96.0229
12.83 96.4497
12.84 96.8526
12.85 97.2316
12.86 97.5867
12.87 97.9176
12.88 98.2244
12.89 98.507
12.9 98.7652
12.91 98.9991
12.92 99.2086
12.93 99.3936
12.94 99.554
12.95 99.6899
12.96 99.8012
12.97 99.8879
12.98 99.9499
12.99 99.9873
13 100
13.01 99.988
13.02 99.9514
13.03 99.8901
13.04 99.8041
13.05 99.6935
13.06 99.5584
13.07 99.3986
13.08 99.2143
13.09 99.0056
13.1 98.7724
13.11 98.5149
13.12 98.233
13.13 97.9269
13.14 97.5967
13.15 97.2424
13.16 96.864
13.17 96.4618
13.18 96.0358
13.19 95.5861
13.2 95.1128
13.21 94.616
13.22 94.0959
13.23 93.5525
13.24 92.9861
13.25 92.3967
13.26 91.7846
13.27 91.1498
13.28 90.4925
13.29 89.8129
13.3 89.1111
13.31 88.3873
13.32 87.6417
13.33 86.8745
13.34 86.0859
13.35 85.276
13.36 84.4451
13.37 83.5934
13.38 82.721
13.39 81.8282
13.4 80.9152
13.41 79.9823
13.42 79.0296
13.43 78.0574
13.44 77.066
13.45 76.0555
13.46 75.0263
13.47 73.9786
13.48 72.9126
13.49 71.8286
13.5 70.7269
13.51 69.6078
13.52 68.4715
13.53 67.3183
13.54 66.1484
13.55 64.9623
13.56 63.7601
13.57 62.5422
13.58 61.3089
13.59 60.0604
13.6 58.7971
13.61 57.5193
13.62 56.2274
13.63 54.9215
13.64 53.6021
13.65 52.2695
13.66 50.9239
13.67 49.5658
13.68 48.1955
13.69 46.8133
13.7 45.4195
13.71 44.0146
13.72 42.5987
13.73 41.1724
13.74 39.7359
13.75 38.2896
13.76 36.8338
13.77 35.369
13.78 33.8954
13.79 32.4135
13.8 30.9236
13.81 29.426
13.82 27.9212
13.83 26.4095
13.84 24.8913
13.85 23.3669
13.86 21.8368
13.87 20.3012
13.88 18.7607
13.89 17.2156
13.9 15.6662
13.91 14.1129
13.92 12.5561
13.93 10.9963
13.94 9.43373
13.95 7.86884
13.96 6.30201
13.97 4.73362
13.98 3.16406
13.99 1.59373
14 0.022999
14.01 -1.54774
14.02 -3.11809
14.03 -4.68767
14.04 -6.2561
14.05 -7.82298
14.06 -9.38793
14.07 -10.9506
14.08 -12.5105
14.09 -14.0674
14.1 -15.6207
14.11 -17.1703
14.12 -18.7155
14.13 -20.2562
14.14 -21.7919
14.15 -23.3222
14.16 -24.8467
14.17 -26.3651
14.18 -27.877
14.19 -29.382
14.2 -30.8798
14.21 -32.37
14.22 -33.8522
14.23 -35.326
14.24 -36.7911
14.25 -38.2471
14.26 -39.6937
14.27 -41.1305
14.28 -42.5571
14.29 -43.9733
14.3 -45.3786
14.31 -46.7727
14.32 -48.1552
14.33 -49.5259
14.34 -50.8843
14.35 -52.2302
14.36 -53.5633
14.37 -54.8831
14.38 -56.1893
14.39 -57.4817
14.4 -58.7599
14.41 -60.0236
14.42 -61.2725
14.43 -62.5063
14.44 -63.7247
14.45 -64.9273
14.46 -66.1139
14.47 -67.2842
14.48 -68.4379
14.49 -69.5748
14.5 -70.6944
14.51 -71.7966
14.52 -72.8811
14.53 -73.9476
14.54 -74.9959
14.55 -76.0257
14.56 -77.0367
14.57 -78.0287
14.58 -79.0014
14.59 -79.9547
14.6 -80.8882
14.61 -81.8017
14.62 -82.6951
14.63 -83.5681
14.64 -84.4205
14.65 -85.252
14.66 -86.0625
14.67 -86.8518
14.68 -87.6196
14.69 -88.3658
14.7 -89.0902
14.71 -89.7926
14.72 -90.4729
14.73 -91.1309
14.74 -91.7663
14.75 -92.3791
14.76 -92.9692
14.77 -93.5363
14.78 -94.0803
14.79 -94.6011
14.8 -95.0985
14.81 -95.5725
14.82 -96.0229
14.83 -96.4497
14.84 -96.8526
14.85 -97.2316
14.86 -97.5867
14.87 -97.9176
14.88 -98.2244
14.89 -98.507
14.9 -98.7652
14.91 -98.9991
14.92 -99.2086
14.93 -99.3936
14.94 -99.554
14.95 -99.6899
14.96 -99.8012
14.97 -99.8879
14.98 -99.9499
14.99 -99.9873
15 -100
15.01 -99.988
15.02 -99.9514
15.03 -99.8901
15.04 -99.8041
15.05 -99.6935
15.06 -99.5584
15.07 -99.3986
15.08 -99.2143
15.09 -99.0056
15.1 -98.7724
15.11 -98.5149
15.12 -98.233
15.13 -97.9269
15.14 -97.5967
15.15 -97.2424
15.16 -96.864
15.17 -96.4618
15.18 -96.0358
15.19 -95.5861
15.2 -95.1128
15.21 -94.616
15.22 -94.0959
15.23 -93.5525
15.24 -92.9861
15.25 -92.3967
15.26 -91.7846
15.27 -91.1498
15.28 -90.4925
15.29 -89.8129
15.3 -89.1111
15.31 -88.3873
15.32 -87.6417
15.33 -86.8745
15.34 -86.0859
15.35 -85.276
15.36 -84.4451
15.37 -83.5934
15.38 -82.721
15.39 -81.8282
15.4 -80.9152
15.41 -79.9823
15.42 -79.0296
15.43 -78.0574
15.44 -77.066
15.45 -76.0555
15.46 -75.0263
15.47 -73.9786
15.48 -72.9126
15.49 -71.8286
15.5 -70.7269
15.51 -69.6078
15.52 -68.4715
15.53 -67.3183
15.54 -66.1484
15.55 -64.9623
15.56 -63.7601
15.57 -62.5422
15.58 -61.3089
15.59 -60.0604
15.6 -58.7971
15.61 -57.5193
15.62 -56.2274
15.63 -54.9215
15.64 -53.6021
15.65 -52.2695
15.66 -50.9239
15.67 -49.5658
15.68 -48.1955
15.69 -46.8133
15.7 -45.4195
15.71 -44.0146
15.72 -42.5987
15.73 -41.1724
15.74 -39.7359
15.75 -38.2896
15.76 -36.8338
15.77 -35.369
15.78 -33.8954
15.79 -32.4135
15.8 -30.9236
15.81 -29.426
15.82 -27.9212
15.83 -26.4095
15.84 -24.8913
15.85 -23.3669
15.86 -21.8368
15.87 -20.3012
15.88 -18.7607
15.89 -17.2156
15.9 -15.6662
15.91 -14.1129
15.92 -12.5561
15.93 -10.9963
15.94 -9.43373
15.95 -7.86884
15.96 -6.30201
15.97 -4.73362
15.98 -3.16406
15.99 -1.59373
16 -0.022999
16.01 1.54774
16.02 3.11809
16.03 4.68767
16.04 6.2561
16.05 7.82298
16.06 9.38793
16.07 10.9506
16.08 12.5105
16.09 14.0674
16.1 15.6207
16.11 17.1703
16.12 18.7155
16.13 20.2562
16.14 21.7919
16.15 23.3222
16.16 24.8467
16.17 26.3651
16.18 27.877
16.19 29.382
16.2 30.8798
16.21 32.37
16.22 33.8522
16.23 35.326
16.24 36.7911
16.25 38.2471
16.26 39.6937
16.27 41.1305
16.28 42.5571
16.29 43.9733
16.3 45.3786
16.31 46.7727
16.32 48.1552
16.33 49.5259
16.34 50.8843
16.35 52.2302
16.36 53.5633
16.37 54.8831
16.38 56.1893
16.39 57.4817
16.4 58.7599
16.41 60.0236
16.42 61.2725
16.43 62.5063
16.44 63.7247
16.45 64.9273
16.46 66.1139
16.47 67.2842
16.48 68.4379
16.49 69.5748
16.5 70.6944
16.51 71.7966
16.52 72.8811
16.53 73.9476
16.54 74.9959
16.55 76.0257
16.56 77.0367
16.57 78.0287
16.58 79.0014
16.59 79.9547
16.6 80.8882
16.61 81.8017
16.62 82.6951
16.63 83.5681
16.64 84.4205
16.65 85.252
16.66 86.0625
16.67 86.8518
16.68 87.6196
16.69 88.3658
16.7 89.0902
16.71 89.7926
16.72 90.4729
16.73 91.1309
16.74 91.7663
16.75 92.3791
16.76 92.9692
16.77 93.5363
16.78 94.0803
16.79 94.6011
16.8 95.0985
16.81 95.5725
16.82 96.0229
16.83 96.4497
16.84 96.8526
16.85 97.2316
16.86 97.5867
16.87 97.9176
16.88 98.2244
16.89 98.507
16.9 98.7652
16.91 98.9991
16.92 99.2086
16.93 99.3936
16.94 99.554
16.95 99.6899
16.96 99.8012
16.97 99.8879
16.98 99.9499
16.99 99.9873
17 100
17.01 99.988
17.02 99.9514
17.03 99.8901
17.04 99.8041
17.05 99.6935
17.06 99.5584
17.07 99.3986
17.08 99.2143
17.09 99.0056
17.1 98.7724
17.11 98.5149
17.12 98.233
17.13 97.9269
17.14 97.5967
17.15 97.2424
17.16 96.864
17.17 96.4618
17.18 96.0358
17.19 95.5861
17.2 95.1128
17.21 94.616
17.22 94.0959
17.23 93.5525
17.24 92.9861
17.25 92.3967
17.26 91.7846
17.27 91.1498
17.28 90.4925
17.29 89.8129
17.3 89.1111
17.31 88.3873
17.32 87.6417
17.33 86.8745
17.34 86.0859
17.35 85.276
17.36 84.4451
17.37 83.5934
17.38 82.721
17.39 81.8282
17.4 80.9152
17.41 79.9823
17.42 79.0296
17.43 78.0574
17.44 77.066
17.45 76.0555
17.46 75.0263
17.47 73.9786
17.48 72.9126
17.49 71.8286
17.5 70.7269
17.51 69.6078
17.52 68.4715
17.53 67.3183
17.54 66.1484
17.55 64.9623
17.56 63.7601
17.57 62.5422
17.58 61.3089
17.59 60.0604
17.6 58.7971
17.61 57.5193
17.62 56.2274
17.63 54.9215
17.64 53.6021
17.65 52.2695
17.66 50.9239
17.67 49.5658
17.68 48.1955
17.69 46.8133
17.7 45.4195
17.71 44.0146
17.72 42.5987
17.73 41.1724
17.74 39.7359
17.75 38.2896
17.76 36.8338
17.77 35.369
17.78 33.8954
17.79 32.4135
17.8 30.9236
17.81 29.426
17.82 27.9212
17.83 26.4095
17.84 24.8913
17.85 23.3669
17.86 21.8368
17.87 20.3012
17.88 18.7607
17.89 17.2156
17.9 15.6662
17.91 14.1129
17.92 12.5561
17.93 10.9963
17.94 9.43373
17.95 7.86884
17.96 6.30201
17.97 4.73362
17.98 3.16406
17.99 1.59373
18 0.022999
18.01 -1.54774
18.02 -3.11809
18.03 -4.68767
18.04 -6.2561
18.05 -7.82298
18.06 -9.38793
18.07 -10.9506
18.08 -12.5105
18.09 -14.0674
18.1 -15.6207
18.11 -17.1703
18.12 -18.7155
18.13 -20.2562
18.14 -21.7919
18.15 -23.3222
18.16 -24.8467
18.17 -26.3651
18.18 -27.877
18.19 -29.382
18.2 -30.8798
18.21 -32.37
18.22 -33.8522
18.23 -35.326
18.24 -36.7911
18.25 -38.2471
18.26 -39.6937
18.27 -41.1305
18.28 -42.5571
18.29 -43.9733
18.3 -45.3786
18.31 -46.7727
18.32 -48.1552
18.33 -49.5259
18.34 -50.8843
18.35 -52.2302
18.36 -53.5633
18.37 -54.8831
18.38 -56.1893
18.39 -57.4817
18.4 -58.7599
18.41 -60.0236
18.42 -61.2725
18.43 -62.5063
18.44 -63.7247
18.45 -64.9273
18.46 -66.1139
18.47 -67.2842
18.48 -68.4379
18.49 -69.5748
18.5 -70.6944
18.51 -71.7966
18.52 -72.8811
18.53 -73.9476
18.54 -74.9959
18.55 -76.0257
18.56 -77.0367
18.57 -78.0287
18.58 -79.0014
18.59 -79.9547
18.6 -80.8882
18.61 -81.8017
18.62 -82.6951
18.63 -83.5681
18.64 -84.4205
18.65 -85.252
18.66 -86.0625
18.67 -86.8518
18.68 -87.6196
18.69 -88.3658
18.7 -89.0902
18.71 -89.7926
18.72 -90.4729
18.73 -91.1309
18.74 -91.7663
18.75 -92.3791
18.76 -92.9692
18.77 -93.5363
18.78 -94.0803
18.79 -94.6011
18.8 -95.0985
18.81 -95.5725
18.82 -96.0229
18.83 -96.4497
18.84 -96.8526
18.85 -97.2316
18.86 -97.5867
18.87 -97.9176
18.88 -98.2244
18.89 -98.507
18.9 -98.7652
18.91 -98.9991
18.92 -99.2086
18.93 -99.3936
18.94 -99.554
18.95 -99.6899
18.96 -99.8012
18.97 -99.8879
18.98 -99.9499
18.99 -99.9873
19 -100
19.01 -99.988
19.02 -99.9514
19.03 -99.8901
19.04 -99.8041
19.05 -99.6935
19.06 -99.5584
19.07 -99.3986
19.08 -99.2143
19.09 -99.0056
19.1 -98.7724
19.11 -98.5149
19.12 -98.233
19.13 -97.9269
19.14 -97.5967
19.15 -97.2424
19.16 -96.864
19.17 -96.4618
19.18 -96.0358
19.19 -95.5861
19.2 -95.1128
19.21 -94.616
19.22 -94.0959
19.23 -93.5525
19.24 -92.9861
19.25 -92.3967
19.26 -91.7846
19.27 -91.1498
19.28 -90.4925
19.29 -89.8129
19.3 -89.1111
19.31 -88.3873
19.32 -87.6417
19.33 -86.8745
19.34 -86.0859
19.35 -85.276
19.36 -84.4451
19.37 -83.5934
19.38 -82.721
19.39 -81.8282
19.4 -80.9152
19.41 -79.9823
19.42 -79.0296
19.43 -78.0574
19.44 -77.066
19.45 -76.0555
19.46 -75.0263
19.47 -73.9786
19.48 -72.9126
19.49 -71.8286
19.5 -70.7269
19.51 -69.6078
19.52 -68.4715
19.53 -67.3183
19.54 -66.1484
19.55 -64.9623
19.56 -63.7601
19.57 -62.5422
19.58 -61.3089
19.59 -60.0604
19.6 -58.7971
19.61 -57.5193
19.62 -56.2274
19.63 -54.9215
19.64 -53.6021
19.65 -52.2695
19.66 -50.9239
19.67 -49.5658
19.68 -48.1955
19.69 -46.8133
19.7 -45.4195
19.71 -44.0146
19.72 -42.5987
19.73 -41.1724
19.74 -39.7359
19.75 -38.2896
19.76 -36.8338
19.77 -35.369
19.78 -33.8954
19.79 -32.4135
19.8 -30.9236
19.81 -29.426
19.82 -27.9212
19.83 -26.4095
19.84 -24.8913
19.85 -23.3669
19.86 -21.8368
19.87 -20.3012
19.88 -18.7607
19.89 -17.2156
19.9 -15.6662
19.91 -14.1129
19.92 -12.5561
19.93 -10.9963
19.94 -9.43373
19.95 -7.86884
19.96 -6.30201
19.97 -4.73362
19.98 -3.16406
19.99 -1.59373
20 -0.022999
20.01 1.54774
20.02 3.11809
20.03 4.68767
20.04 6.2561
20.05 7.82298
20.06 9.38793
20.07 10.9506
20.08 12.5105
20.09 14.0674
20.1 15.6207
20.11 17.1703
20.12 18.7155
20.13 20.2562
20.14 21.7919
20.15 23.3222
20.16 24.8467
20.17 26.3651
20.18 27.877
20.19 29.382
20.2 30.8798
20.21 32.37
20.22 33.8522
20.23 35.326
20.24 36.7911
20.25 38.2471
20.26 39.6937
20.27 41.1305
20.28 42.5571
20.29 43.9733
20.3 45.3786
20.31 46.7727
20.32 48.1552
20.33 49.5259
20.34 50.8843
20.35 52.2302
20.36 53.5633
20.37 54.8831
20.38 56.1893
20.39 57.4817
20.4 58.7599
20.41 60.0236
20.42 61.2725
20.43 62.5063
20.44 63.7247
20.45 64.9273
20.46 66.1139
20.47 67.2842
20.48 68.4379
20.49 69.5748
20.5 70.6944
20.51 71.7966
20.52 72.8811
20.53 73.9476
20.54 74.9959
20.55 76.0257
20.56 77.0367
20.57 78.0287
20.58 79.0014
20.59 79.9547
20.6 80.8882
20.61 81.8017
20.62 82.6951
20.63 83.5681
20.64 84.4205
20.65 85.252
20.66 86.0625
20.67 86.8518
20.68 87.6196
20.69 88.3658
20.7 89.0902
20.71 89.7926
20.72 90.4729
20.73 91.1309
20.74 91.7663
20.75 92.3791
20.76 92.9692
20.77 93.5363
20.78 94.0803
20.79 94.6011
20.8 95.0985
20.81 95.5725
20.82 96.0229
20.83 96.4497
20.84 96.8526
20.85 97.2316
20.86 97.5867
20.87 97.9176
20.88 98.2244
20.89 98.507
20.9 98.7652
20.91 98.9991
20.92 99.2086
20.93 99.3936
20.94 99.554
20.95 99.6899
20.96 99.8012
20.97 99.8879
20.98 99.9499
20.99 99.9873
21 100
21.01 99.988
21.02 99.9514
21.03 99.8901
21.04 99.8041
21.05 99.6935
21.06 99.5584
21.07 99.3986
21.08 99.2143
21.09 99.0056
21.1 98.7724
21.11 98.5149
21.12 98.233
21.13 97.9269
21.14 97.5967
21.15 97.2424
21.16 96.864
21.17 96.4618
21.18 96.0358
21.19 95.5861
21.2 95.1128
21.21 94.616
21.22 94.0959
21.23 93.5525
21.24 92.9861
21.25 92.3967
21.26 91.7846
21.27 91.1498
21.28 90.4925
21.29 89.8129
21.3 89.1111
21.31 88.3873
21.32 87.6417
21.33 86.8745
21.34 86.0859
21.35 85.276
21.36 84.4451
21.37 83.5934
21.38 82.721
21.39 81.8282
21.4 80.9152
21.41 79.9823
21.42 79.0296
21.43 78.0574
21.44 77.066
21.45 76.0555
21.46 75.0263
21.47 73.9786
21.48 72.9126
21.49 71.8286
21.5 70.7269
21.51 69.6078
21.52 68.4715
21.53 67.3183
21.54 66.1484
21.55 64.9623
21.56 63.7601
21.57 62.5422
21.58 61.3089
21.59 60.0604
21.6 58.7971
21.61 57.5193
21.62 56.2274
21.63 54.9215
21.64 53.6021
21.65 52.2695
21.66 50.9239
21.67 49.5658
21.68 48.1955
21.69 46.8133
21.7 45.4195
21.71 44.0146
21.72 42.5987
21.73 41.1724
21.74 39.7359
21.75 38.2896
21.76 36.8338
21.77 35.369
21.78 33.8954
21.79 32.4135
21.8 30.9236
21.81 29.426
21.82 27.9212
21.83 26.4095
21.84 24.8913
21.85 23.3669
21.86 21.8368
21.87 20.3012
21.88 18.7607
21.89 17.2156
21.9 15.6662
21.91 14.1129
21.92 12.5561
21.93 10.9963
21.94 9.43373
21.95 7.86884
21.96 6.30201
21.97 4.73362
21.98 3.16406
21.99 1.59373
22 0.022999
22.01 -1.54774
22.02 -3.11809
22.03 -4.68767
22.04 -6.2561
22.05 -7.82298
22.06 -9.38793
22.07 -10.9506
22.08 -12.5105
22.09 -14.0674
22.1 -15.6207
22.11 -17.1703
22.12 -18.7155
22.13 -20.2562
22.14 -21.7919
22.15 -23.3222
22.16 -24.8467
22.17 -26.3651
22.18 -27.877
22.19 -29.382
22.2 -30.8798
22.21 -32.37
22.22 -33.8522
22.23 -35.326
22.24 -36.7911
22.25 -38.2471
22.26 -39.6937
22.27 -41.1305
22.28 -42.5571
22.29 -43.9733
22.3 -45.3786
22.31 -46.7727
22.32 -48.1552
22.33 -49.5259
22.34 -50.8843
22.35 -52.2302
22.36 -53.5633
22.37 -54.8831
22.38 -56.1893
22.39 -57.4817
22.4 -58.7599
22.41 -60.0236
22.42 -61.2725
22.43 -62.5063
22.44 -63.7247
22.45 -64.9273
22.46 -66.1139
22.47 -67.2842
22.48 -68.4379
22.49 -69.5748
22.5 -70.6944
22.51 -71.7966
22.52 -72.8811
22.53 -73.9476
22.54 -74.9959
22.55 -76.0257
22.56 -77.0367
22.57 -78.0287
22.58 -79.0014
22.59 -79.9547
22.6 -80.8882
22.61 -81.8017
22.62 -82.6951
22.63 -83.5681
22.64 -84.4205
22.65 -85.252
22.66 -86.0625
22.67 -86.8518
22.68 -87.6196
22.69 -88.3658
22.7 -89.0902
22.71 -89.7926
22.72 -90.4729
22.73 -91.1309
22.74 -91.7663
22.75 -92.3791
22.76 -92.9692
22.77 -93.5363
22.78 -94.0803
22.79 -94.6011
22.8 -95.0985
22.81 -95.5725
22.82 -96.0229
22.83 -96.4497
22.84 -96.8526
22.85 -97.2316
22.86 -97.5867
22.87 -97.9176
22.88 -98.2244
22.89 -98.507
22.9 -98.7652
22.91 -98.9991
22.92 -99.2086
22.93 -99.3936
22.94 -99.554
22.95 -99.6899
22.96 -99.8012
22.97 -99.8879
22.98 -99.9499
22.99 -99.9873
23 -100
23.01 -99.988
23.02 -99.9514
23.03 -99.8901
23.04 -99.8041
23.05 -99.6935
23.06 -99.5584
23.07 -99.3986
23.08 -99.2143
23.09 -99.0056
23.1 -98.7724
23.11 -98.5149
23.12 -98.233
23.13 -97.9269
23.14 -97.5967
23.15 -97.2424
23.16 -96.864
23.17 -96.4618
23.18 -96.0358
23.19 -95.5861
23.2 -95.1128
23.21 -94.616
23.22 -94.0959
23.23 -93.5525
23.24 -92.9861
23.25 -92.3967
23.26 -91.7846
23.27 -91.1498
23.28 -90.4925
23.29 -89.8129
23.3 -89.1111
23.31 -88.3873
23.32 -87.6417
23.33 -86.8745
23.34 -86.0859
23.35 -85.276
23.36 -84.4451
23.37 -83.5934
23.38 -82.721
23.39 -81.8282
23.4 -80.9152
23.41 -79.9823
23.42 -79.0296
23.43 -78.0574
23.44 -77.066
23.45 -76.0555
23.46 -75.0263
23.47 -73.9786
23.48 -72.9126
23.49 -71.8286
23.5 -70.7269
23.51 -69.6078
23.52 -68.4715
23.53 -67.3183
23.54 -66.1484
23.55 -64.9623
23.56 -63.7601
23.57 -62.5422
23.58 -61.3089
23.59 -60.0604
23.6 -58.7971
23.61 -57.5193
23.62 -56.2274
23.63 -54.9215
23.64 -53.6021
23.65 -52.2695
23.66 -50.9239
23.67 -49.5658
23.68 -48.1955
23.69 -46.8133
23.7 -45.4195
23.71 -44.0146
23.72 -42.5987
23.73 -41.1724
23.74 -39.7359
23.75 -38.2896
23.76 -36.8338
23.77 -35.369
23.78 -33.8954
23.79 -32.4135
23.8 -30.9236
23.81 -29.426
23.82 -27.9212
23.83 -26.4095
23.84 -24.8913
23.85 -23.3669
23.86 -21.8368
23.87 -20.3012
23.88 -18.7607
23.89 -17.2156
23.9 -15.6662
23.91 -14.1129
23.92 -12.5561
23.93 -10.9963
23.94 -9.43373
23.95 -7.86884
23.96 -6.30201
23.97 -4.73362
23.98 -3.16406
23.99 -1.59373
24 -0.022999
24.01 1.54774
24.02 3.11809
24.03 4.68767
24.04 6.2561
24.05 7.82298
24.06 9.38793
24.07 10.9506
24.08 12.5105
24.09 14.0674
24.1 15.6207
24.11 17.1703
24.12 18.7155
24.13 20.2562
24.14 21.7919
24.15 23.3222
24.16 24.8467
24.17 26.3651
24.18 27.877
24.19 29.382
24.2 30.8798
24.21 32.37
24.22 33.8522
24.23 35.326
24.24 36.7911
24.25 38.2471
24.26 39.6937
24.27 41.1305
24.28 42.5571
24.29 43.9733
24.3 45.3786
24.31 46.7727
24.32 48.1552
24.33 49.5259
24.34 50.8843
24.35 52.2302
24.36 53.5633
24.37 54.8831
24.38 56.1893
24.39 57.4817
24.4 58.7599
24.41 60.0236
24.42 61.2725
24.43 62.5063
24.44 63.7247
24.45 64.9273
24.46 66.1139
24.47 67.2842
24.48 68.4379
24.49 69.5748
24.5 70.6944
24.51 71.7966
24.52 72.8811
24.53 73.9476
24.54 74.9959
24.55 76.0257
24.56 77.0367
24.57 78.0287
24.58 79.0014
24.59 79.9547
24.6 80.8882
24.61 81.8017
24.62 82.6951
24.63 83.5681
24.64 84.4205
24.65 85.252
24.66 86.0625
24.67 86.8518
24.68 87.6196
24.69 88.3658
24.7 89.0902
24.71 89.7926
24.72 90.4729
24.73 91.1309
24.74 91.7663
24.75 92.3791
24.76 92.9692
24.77 93.5363
24.78 94.0803
24.79 94.6011
24.8 95.0985
24.81 95.5725
24.82 96.0229
24.83 96.4497
24.84 96.8526
24.85 97.2316
24.86 97.5867
24.87 97.9176
24.88 98.2244
24.89 98.507
24.9 98.7652
24.91 98.9991
24.92 99.2086
24.93 99.3936
24.94 99.554
24.95 99.6899
24.96 99.8012
24.97 99.8879
24.98 99.9499
24.99 99.9873
25 100
25.01 99.988
25.02 99.9514
25.03 99.8901
25.04 99.8041
25.05 99.6935
25.06 99.5584
25.07 99.3986
25.08 99.2143
25.09 99.0056
25.1 98.7724
25.11 98.5149
25.12 98.233
25.13 97.9269
25.14 97.5967
25.15 97.2424
25.16 96.864
25.17 96.4618
25.18 96.0358
25.19 95.5861
25.2 95.1128
25.21 94.616
25.22 94.0959
25.23 93.5525
25.24 92.9861
25.25 92.3967
25.26 91.7846
25.27 91.1498
25.28 90.4925
25.29 89.8129
25.3 89.1111
25.31 88.3873
25.32 87.6417
25.33 86.8745
25.34 86.0859
25.35 85.276
25.36 84.4451
25.37 83.5934
25.38 82.721
25.39 81.8282
25.4 80.9152
25.41 79.9823
25.42 79.0296
25.43 78.0574
25.44 77.066
25.45 76.0555
25.46 75.0263
25.47 73.9786
25.48 72.9126
25.49 71.8286
25.5 70.7269
25.51 69.6078
25.52 68.4715
25.53 67.3183
25.54 66.1484
25.55 64.9623
25.56 63.7601
25.57 62.5422
25.58 61.3089
25.59 60.0604
25.6 58.7971
25.61 57.5193
25.62 56.2274
25.63 54.9215
25.64 53.6021
25.65 52.2695
25.66 50.9239
25.67 49.5658
25.68 48.1955
25.69 46.8133
25.7 45.4195
25.71 44.0146
25.72 42.5987
25.73 41.1724
25.74 39.7359
25.75 38.2896
25.76 36.8338
25.77 35.369
25.78 33.8954
25.79 32.4135
25.8 30.9236
25.81 29.426
25.82 27.9212
25.83 26.4095
25.84 24.8913
25.85 23.3669
25.86 21.8368
25.87 20.3012
25.88 18.7607
25.89 17.2156
25.9 15.6662
25.91 14.1129
25.92 12.5561
25.93 10.9963
25.94 9.43373
25.95 7.86884
25.96 6.30201
25.97 4.73362
25.98 3.16406
25.99 1.59373
26 0.022999
26.01 -1.54774
26.02 -3.11809
26.03 -4.68767
26.04 -6.2561
26.05 -7.82298
26.06 -9.38793
26.07 -10.9506
26.08 -12.5105
26.09 -14.0674
26.1 -15.6207
26.11 -17.1703
26.12 -18.7155
26.13 -20.2562
26.14 -21.7919
26.15 -23.3222
26.16 -24.8467
26.17 -26.3651
26.18 -27.877
26.19 -29.382
26.2 -30.8798
26.21 -32.37
26.22 -33.8522
26.23 -35.326
26.24 -36.7911
26.25 -38.2471
26.26 -39.6937
26.27 -41.1305
26.28 -42.5571
26.29 -43.9733
26.3 -45.3786
26.31 -46.7727
26.32 -48.1552
26.33 -49.5259
26.34 -50.8843
26.35 -52.2302
26.36 -53.5633
26.37 -54.8831
26.38 -56.1893
26.39 -57.4817
26.4 -58.7599
26.41 -60.0236
26.42 -61.2725
26.43 -62.5063
26.44 -63.7247
26.45 -64.9273
26.46 -66.1139
26.47 -67.2842
26.48 -68.4379
26.49 -69.5748
26.5 -70.6944
26.51 -71.7966
26.52 -72.8811
26.53 -73.9476
26.54 -74.9959
26.55 -76.0257
26.56 -77.0367
26.57 -78.0287
26.58 -79.0014
26.59 -79.9547
26.6 -80.8882
26.61 -81.8017
26.62 -82.6951
26.63 -83.5681
26.64 -84.4205
26.65 -85.252
26.66 -86.0625
26.67 -86.8518
26.68 -87.6196
26.69 -88.3658
26.7 -89.0902
26.71 -89.7926
26.72 -90.4729
26.73 -91.1309
26.74 -91.7663
26.75 -92.3791
26.76 -92.9692
26.77 -93.5363
26.78 -94.0803
26.79 -94.6011
26.8 -95.0985
26.81 -95.5725
26.82 -96.0229
26.83 -96.4497
26.84 -96.8526
26.85 -97.2316
26.86 -97.5867
26.87 -97.9176
26.88 -98.2244
26.89 -98.507
26.9 -98.7652
26.91 -98.9991
26.92 -99.2086
26.93 -99.3936
26.94 -99.554
26.95 -99.6899
26.96 -99.8012
26.97 -99.8879
26.98 -99.9499
26.99 -99.9873
27 -100
27.01 -99.988
27.02 -99.9514
27.03 -99.8901
27.04 -99.8041
27.05 -99.6935
27.06 -99.5584
27.07 -99.3986
27.08 -99.2143
27.09 -99.0056
27.1 -98.7724
27.11 -98.5149
27.12 -98.233
27.13 -97.9269
27.14 -97.5967
27.15 -97.2424
27.16 -96.864
27.17 -96.4618
27.18 -96.0358
27.19 -95.5861
27.2 -95.1128
27.21 -94.616
27.22 -94.0959
27.23 -93.5525
27.24 -92.9861
27.25 -92.3967
27.26 -91.7846
27.27 -91.1498
27.28 -90.4925
27.29 -89.8129
27.3 -89.1111
27.31 -88.3873
27.32 -87.6417
27.33 -86.8745
27.34 -86.0859
27.35 -85.276
27.36 -84.4451
27.37 -83.5934
27.38 -82.721
27.39 -81.8282
27.4 -80.9152
27.41 -79.9823
27.42 -79.0296
27.43 -78.0574
27.44 -77.066
27.45 -76.0555
27.46 -75.0263
27.47 -73.9786
27.48 -72.9126
27.49 -71.8286
27.5 -70.7269
27.51 -69.6078
27.52 -68.4715
27.53 -67.3183
27.54 -66.1484
27.55 -64.9623
27.56 -63.7601
27.57 -62.5422
27.58 -61.3089
27.59 -60.0604
27.6 -58.7971
27.61 -57.5193
27.62 -56.2274
27.63 -54.9215
27.64 -53.6021
27.65 -52.2695
27.66 -50.9239
27.67 -49.5658
27.68 -48.1955
27.69 -46.8133
27.7 -45.4195
27.71 -44.0146
27.72 -42.5987
27.73 -41.1724
27.74 -39.7359
27.75 -38.2896
27.76 -36.8338
27.77 -35.369
27.78 -33.8954
27.79 -32.4135
27.8 -30.9236
27.81 -29.426
27.82 -27.9212
27.83 -26.4095
27.84 -24.8913
27.85 -23.3669
27.86 -21.8368
27.87 -20.3012
27.88 -18.7607
27.89 -17.2156
27.9 -15.6662
27.91 -14.1129
27.92 -12.5561
27.93 -10.9963
27.94 -9.43373
27.95 -7.86884
27.96 -6.30201
27.97 -4.73362
27.98 -3.16406
27.99 -1.59373
28 -0.022999
28.01 1.54774
28.02 3.11809
28.03 4.68767
28.04 6.2561
28.05 7.82298
28.06 9.38793
28.07 10.9506
28.08 12.5105
28.09 14.0674
28.1 15.6207
28.11 17.1703
28.12 18.7155
28.13 20.2562
28.14 21.7919
28.15 23.3222
28.16 24.8467
28.17 26.3651
28.18 27.877
28.19 29.382
28.2 30.8798
28.21 32.37
28.22 33.8522
28.23 35.326
28.24 36.7911
28.25 38.2471
28.26 39.6937
28.27 41.1305
28.28 42.5571
28.29 43.9733
28.3 45.3786
28.31 46.7727
28.32 48.1552
28.33 49.5259
28.34 50.8843
28.35 52.2302
28.36 53.5633
28.37 54.8831
28.38 56.1893
28.39 57.4817
28.4 58.7599
28.41 60.0236
28.42 61.2725
28.43 62.5063
28.44 63.7247
28.45 64.9273
28.46 66.1139
28.47 67.2842
28.48 68.4379
28.49 69.5748
28.5 70.6944
28.51 71.7966
28.52 72.8811
28.53 73.9476
28.54 74.9959
28.55 76.0257
28.56 77.0367
28.57 78.0287
28.58 79.0014
28.59 79.9547
28.6 80.8882
28.61 81.8017
28.62 82.6951
28.63 83.5681
28.64 84.4205
28.65 85.252
28.66 86.0625
28.67 86.8518
28.68 87.6196
28.69 88.3658
28.7 89.0902
28.71 89.7926
28.72 90.4729
28.73 91.1309
28.74 91.7663
28.75 92.3791
28.76 92.9692
28.77 93.5363
28.78 94.0803
28.79 94.6011
28.8 95.0985
28.81 95.5725
28.82 96.0229
28.83 96.4497
28.84 96.8526
28.85 97.2316
28.86 97.5867
28.87 97.9176
28.88 98.2244
28.89 98.507
28.9 98.7652
28.91 98.9991
28.92 99.2086
28.93 99.3936
28.94 99.554
28.95 99.6899
28.96 99.8012
28.97 99.8879
28.98 99.9499
28.99 99.9873
29 100
29.01 99.988
29.02 99.9514
29.03 99.8901
29.04 99.8041
29.05 99.6935
29.06 99.5584
29.07 99.3986
29.08 99.2143
29.09 99.0056
29.1 98.7724
29.11 98.5149
29.12 98.233
29.13 97.9269
29.14 97.5967
29.15 97.2424
29.16 96.864
29.17 96.4618
29.18 96.0358
29.19 95.5861
29.2 95.1128
29.21 94.616
29.22 94.0959
29.23 93.5525
29.24 92.9861
29.25 92.3967
29.26 91.7846
29.27 91.1498
29.28 90.4925
29.29 89.8129
29.3 89.1111
29.31 88.3873
29.32 87.6417
29.33 86.8745
29.34 86.0859
29.35 85.276
29.36 84.4451
29.37 83.5934
29.38 82.721
29.39 81.8282
29.4 80.9152
29.41 79.9823
29.42 79.0296
29.43 78.0574
29.44 77.066
29.45 76.0555
29.46 75.0263
29.47 73.9786
29.48 72.9126
29.49 71.8286
29.5 70.7269
29.51 69.6078
29.52 68.4715
29.53 67.3183
29.54 66.1484
29.55 64.9623
29.56 63.7601
29.57 62.5422
29.58 61.3089
29.59 60.0604
29.6 58.7971
29.61 57.5193
29.62 56.2274
29.63 54.9215
29.64 53.6021
29.65 52.2695
29.66 50.9239
29.67 49.5658
29.68 48.1955
29.69 46.8133
29.7 45.4195
29.71 44.0146
29.72 42.5987
29.73 41.1724
29.74 39.7359
29.75 38.2896
29.76 36.8338
29.77 35.369
29.78 33.8954
29.79 32.4135
29.8 30.9236
29.81 29.426
29.82 27.9212
29.83 26.4095
29.84 24.8913
29.85 23.3669
29.86 21.8368
29.87 20.3012
29.88 18.7607
29.89 17.2156
29.9 15.6662
29.91 14.1129
29.92 12.5561
29.93 10.9963
29.94 9.43373
29.95 7.86884
29.96 6.30201
29.97 4.73362
29.98 3.16406
29.99 1.59373
30 0.022999
30.01 -1.54774
30.02 -3.11809
30.03 -4.68767
30.04 -6.2561
30.05 -7.82298
30.06 -9.38793
30.07 -10.9506
30.08 -12.5105
30.09 -14.0674
30.1 -15.6207
30.11 -17.1703
30.12 -18.7155
30.13 -20.2562
30.14 -21.7919
30.15 -23.3222
30.16 -24.8467
30.17 -26.3651
30.18 -27.877
30.19 -29.382
30.2 -30.8798
30.21 -32.37
30.22 -33.8522
30.23 -35.326
30.24 -36.7911
30.25 -38.2471
30.26 -39.6937
30.27 -41.1305
30.28 -42.5571
30.29 -43.9733
30.3 -45.3786
30.31 -46.7727
30.32 -48.1552
30.33 -49.5259
30.34 -50.8843
30.35 -52.2302
30.36 -53.5633
30.37 -54.8831
30.38 -56.1893
30.39 -57.4817
30.4 -58.7599
30.41 -60.0236
30.42 -61.2725
30.43 -62.5063
30.44 -63.7247
30.45 -64.9273
30.46 -66.1139
30.47 -67.2842
30.48 -68.4379
30.49 -69.5748
30.5 -70.6944
30.51 -71.7966
30.52 -72.8811
30.53 -73.9476
30.54 -74.9959
30.55 -76.0257
30.56 -77.0367
30.57 -78.0287
30.58 -79.0014
30.59 -79.9547
30.6 -80.8882
30.61 -81.8017
30.62 -82.6951
30.63 -83.5681
30.64 -84.4205
30.65 -85.252
30.66 -86.0625
30.67 -86.8518
30.68 -87.6196
30.69 -88.3658
30.7 -89.0902
30.71 -89.7926
30.72 -90.4729
30.73 -91.1309
30.74 -91.7663
30.75 -92.3791
30.76 -92.9692
30.77 -93.5363
30.78 -94.0803
30.79 -94.6011
30.8 -95.0985
30.81 -95.5725
30.82 -96.0229
30.83 -96.4497
30.84 -96.8526
30.85 -97.2316
30.86 -97.5867
30.87 -97.9176
30.88 -98.2244
30.89 -98.507
30.9 -98.7652
30.91 -98.9991
30.92 -99.2086
30.93 -99.3936
30.94 -99.554
30.95 -99.6899
30.96 -99.8012
30.97 -99.8879
30.98 -99.9499
30.99 -99.9873
31 -100
31.01 -99.988
31.02 -99.9514
31.03 -99.8901
31.04 -99.8041
31.05 -99.6935
31.06 -99.5584
31.07 -99.3986
31.08 -99.2143
31.09 -99.0056
31.1 -98.7724
31.11 -98.5149
31.12 -98.233
31.13 -97.9269
31.14 -97.5967
31.15 -97.2424
31.16 -96.864
31.17 -96.4618
31.18 -96.0358
31.19 -95.5861
31.2 -95.1128
31.21 -94.616
31.22 -94.0959
31.23 -93.5525
31.24 -92.9861
31.25 -92.3967
31.26 -91.7846
31.27 -91.1498
31.28 -90.4925
31.29 -89.8129
31.3 -89.1111
31.31 -88.3873
31.32 -87.6417
31.33 -86.8745
31.34 -86.0859
31.35 -85.276
31.36 -84.4451
31.37 -83.5934
31.38 -82.721
31.39 -81.8282
31.4 -80.9152
31.41 -79.9823
31.42 -79.0296
31.43 -78.0574
31.44 -77.066
31.45 -76.0555
31.46 -75.0263
31.47 -73.9786
31.48 -72.9126
31.49 -71.8286
31.5 -70.7269
31.51 -69.6078
31.52 -68.4715
31.53 -67.3183
31.54 -66.1484
31.55 -64.9623
31.56 -63.7601
31.57 -62.5422
31.58 -61.3089
31.59 -60.0604
31.6 -58.7971
31.61 -57.5193
31.62 -56.2274
31.63 -54.9215
31.64 -53.6021
31.65 -52.2695
31.66 -50.9239
31.67 -49.5658
31.68 -48.1955
31.69 -46.8133
31.7 -45.4195
31.71 -44.0146
31.72 -42.5987
31.73 -41.1724
31.74 -39.7359
31.75 -38.2896
31.76 -36.8338
31.77 -35.369
31.78 -33.8954
31.79 -32.4135
31.8 -30.9236
31.81 -29.426
31.82 -27.9212
31.83 -26.4095
31.84 -24.8913
31.85 -23.3669
31.86 -21.8368
31.87 -20.3012
31.88 -18.7607
31.89 -17.2156
31.9 -15.6662
31.91 -14.1129
31.92 -12.5561
31.93 -10.9963
31.94 -9.43373
31.95 -7.86884
31.96 -6.30201
31.97 -4.73362
31.98 -3.16406
31.99 -1.59373
32 -0.022999
32.01 1.54774
32.02 3.11809
32.03 4.68767
32.04 6.2561
32.05 7.82298
32.06 9.38793
32.07 10.9506
32.08 12.5105
32.09 14.0674
32.1 15.6207
32.11 17.1703
32.12 18.7155
32.13 20.2562
32.14 21.7919
32.15 23.3222
32.16 24.8467
32.17 26.3651
32.18 27.877
32.19 29.382
32.2 30.8798
32.21 32.37
32.22 33.8522
32.23 35.326
32.24 36.7911
32.25 38.2471
32.26 39.6937
32.27 41.1305
32.28 42.5571
32.29 43.9733
32.3 45.3786
32.31 46.7727
32.32 48.1552
32.33 49.5259
32.34 50.8843
32.35 52.2302
32.36 53.5633
32.37 54.8831
32.38 56.1893
32.39 57.4817
32.4 58.7599
32.41 60.0236
32.42 61.2725
32.43 62.5063
32.44 63.7247
32.45 64.9273
32.46 66.1139
32.47 67.2842
32.48 68.4379
32.49 69.5748
32.5 70.6944
32.51 71.7966
32.52 72.8811
32.53 73.9476
32.54 74.9959
32.55 76.0257
32.56 77.0367
32.57 78.0287
32.58 79.0014
32.59 79.9547
32.6 80.8882
32.61 81.8017
32.62 82.6951
32.63 83.5681
32.64 84.4205
32.65 85.252
32.66 86.0625
32.67 86.8518
32.68 87.6196
32.69 88.3658
32.7 89.0902
32.71 89.7926
32.72 90.4729
32.73 91.1309
32.74 91.7663
32.75 92.3791
32.76 92.9692
32.77 93.5363
32.78 94.0803
32.79 94.6011
32.8 95.0985
32.81 95.5725
32.82 96.0229
32.83 96.4497
32.84 96.8526
32.85 97.2316
32.86 97.5867
32.87 97.9176
32.88 98.2244
32.89 98.507
32.9 98.7652
32.91 98.9991
32.92 99.2086
32.93 99.3936
32.94 99.554
32.95 99.6899
32.96 99.8012
32.97 99.8879
32.98 99.9499
32.99 99.9873
33 100
33.01 99.988
33.02 99.9514
33.03 99.8901
33.04 99.8041
33.05 99.6935
33.06 99.5584
33.07 99.3986
33.08 99.2143
33.09 99.0056
33.1 98.7724
33.11 98.5149
33.12 98.233
33.13 97.9269
33.14 97.5967
33.15 97.2424
33.16 96.864
33.17 96.4618
33.18 96.0358
33.19 95.5861
33.2 95.1128
33.21 94.616
33.22 94.0959
33.23 93.5525
33.24 92.9861
33.25 92.3967
33.26 91.7846
33.27 91.1498
33.28 90.4925
33.29 89.8129
33.3 89.1111
33.31 88.3873
33.32 87.6417
33.33 86.8745
33.34 86.0859
33.35 85.276
33.36 84.4451
33.37 83.5934
33.38 82.721
33.39 81.8282
33.4 80.9152
33.41 79.9823
33.42 79.0296
33.43 78.0574
33.44 77.066
33.45 76.0555
33.46 75.0263
33.47 73.9786
33.48 72.9126
33.49 71.8286
33.5 70.7269
33.51 69.6078
33.52 68.4715
33.53 67.3183
33.54 66.1484
33.55 64.9623
33.56 63.7601
33.57 62.5422
33.58 61.3089
33.59 60.0604
33.6 58.7971
33.61 57.5193
33.62 56.2274
33.63 54.9215
33.64 53.6021
33.65 52.2695
33.66 50.9239
33.67 49.5658
33.68 48.1955
33.69 46.8133
33.7 45.4195
33.71 44.0146
33.72 42.5987
33.73 41.1724
33.74 39.7359
33.75 38.2896
33.76 36.8338
33.77 35.369
33.78 33.8954
33.79 32.4135
33.8 30.9236
33.81 29.426
33.82 27.9212
33.83 26.4095
33.84 24.8913
33.85 23.3669
33.86 21.8368
33.87 20.3012
33.88 18.7607
33.89 17.2156
33.9 15.6662
33.91 14.1129
33.92 12.5561
33.93 10.9963
33.94 9.43373
33.95 7.86884
33.96 6.30201
33.97 4.73362
33.98 3.16406
33.99 1.59373
34 0.022999
34.01 -1.54774
34.02 -3.11809
34.03 -4.68767
34.04 -6.2561
34.05 -7.82298
34.06 -9.38793
34.07 -10.9506
34.08 -12.5105
34.09 -14.0674
34.1 -15.6207
34.11 -17.1703
34.12 -18.7155
34.13 -20.2562
34.14 -21.7919
34.15 -23.3222
34.16 -24.8467
34.17 -26.3651
34.18 -27.877
34.19 -29.382
34.2 -30.8798
34.21 -32.37
34.22 -33.8522
34.23 -35.326
34.24 -36.7911
34.25 -38.2471
34.26 -39.6937
34.27 -41.1305
34.28 -42.5571
34.29 -43.9733
34.3 -45.3786
34.31 -46.7727
34.32 -48.1552
34.33 -49.5259
34.34 -50.8843
34.35 -52.2302
34.36 -53.5633
34.37 -54.8831
34.38 -56.1893
34.39 -57.4817
34.4 -58.7599
34.41 -60.0236
34.42 -61.2725
34.43 -62.5063
34.44 -63.7247
34.45 -64.9273
34.46 -66.1139
34.47 -67.2842
34.48 -68.4379
34.49 -69.5748
34.5 -70.6944
34.51 -71.7966
34.52 -72.8811
34.53 -73.9476
34.54 -74.9959
34.55 -76.0257
34.56 -77.0367
34.57 -78.0287
34.58 -79.0014
34.59 -79.9547
34.6 -80.8882
34.61 -81.8017
34.62 -82.6951
34.63 -83.5681
34.64 -84.4205
34.65 -85.252
34.66 -86.0625
34.67 -86.8518
34.68 -87.6196
34.69 -88.3658
34.7 -89.0902
34.71 -89.7926
34.72 -90.4729
34.73 -91.1309
34.74 -91.7663
34.75 -92.3791
34.76 -92.9692
34.77 -93.5363
34.78 -94.0803
34.79 -94.6011
34.8 -95.0985
34.81 -95.5725
34.82 -96.0229
34.83 -96.4497
34.84 -96.8526
34.85 -97.2316
34.86 -97.5867
34.87 -97.9176
34.88 -98.2244
34.89 -98.507
34.9 -98.7652
34.91 -98.9991
34.92 -99.2086
34.93 -99.3936
34.94 -99.554
34.95 -99.6899
34.96 -99.8012
34.97 -99.8879
34.98 -99.9499
34.99 -99.9873
35 -100
35.01 -99.988
35.02 -99.9514
35.03 -99.8901
35.04 -99.8041
35.05 -99.6935
35.06 -99.5584
35.07 -99.3986
35.08 -99.2143
35.09 -99.0056
35.1 -98.7724
35.11 -98.5149
35.12 -98.233
35.13 -97.9269
35.14 -97.5967
35.15 -97.2424
35.16 -96.864
35.17 -96.4618
35.18 -96.0358
35.19 -95.5861
35.2 -95.1128
35.21 -94.616
35.22 -94.0959
35.23 -93.5525
35.24 -92.9861
35.25 -92.3967
35.26 -91.7846
35.27 -91.1498
35.28 -90.4925
35.29 -89.8129
35.3 -89.1111
35.31 -88.3873
35.32 -87.6417
35.33 -86.8745
35.34 -86.0859
35.35 -85.276
35.36 -84.4451
35.37 -83.5934
35.38 -82.721
35.39 -81.8282
35.4 -80.9152
35.41 -79.9823
35.42 -79.0296
35.43 -78.0574
35.44 -77.066
35.45 -76.0555
35.46 -75.0263
35.47 -73.9786
35.48 -72.9126
35.49 -71.8286
35.5 -70.7269
35.51 -69.6078
35.52 -68.4715
35.53 -67.3183
35.54 -66.1484
35.55 -64.9623
35.56 -63.7601
35.57 -62.5422
35.58 -61.3089
35.59 -60.0604
35.6 -58.7971
35.61 -57.5193
35.62 -56.2274
35.63 -54.9215
35.64 -53.6021
35.65 -52.2695
35.66 -50.9239
35.67 -49.5658
35.68 -48.1955
35.69 -46.8133
35.7 -45.4195
35.71 -44.0146
35.72 -42.5987
35.73 -41.1724
35.74 -39.7359
35.75 -38.2896
35.76 -36.8338
35.77 -35.369
35.78 -33.8954
35.79 -32.4135
35.8 -30.9236
35.81 -29.426
35.82 -27.9212
35.83 -26.4095
35.84 -24.8913
35.85 -23.3669
35.86 -21.8368
35.87 -20.3012
35.88 -18.7607
35.89 -17.2156
35.9 -15.6662
35.91 -14.1129
35.92 -12.5561
35.93 -10.9963
35.94 -9.43373
35.95 -7.86884
35.96 -6.30201
35.97 -4.73362
35.98 -3.16406
35.99 -1.59373
36 -0.022999
36.01 1.54774
36.02 3.11809
36.03 4.68767
36.04 6.2561
36.05 7.82298
36.06 9.38793
36.07 10.9506
36.08 12.5105
36.09 14.0674
36.1 15.6207
36.11 17.1703
36.12 18.7155
36.13 20.2562
36.14 21.7919
36.15 23.3222
36.16 24.8467
36.17 26.3651
36.18 27.877
36.19 29.382
36.2 30.8798
36.21 32.37
36.22 33.8522
36.23 35.326
36.24 36.7911
36.25 38.2471
36.26 39.6937
36.27 41.1305
36.28 42.5571
36.29 43.9733
36.3 45.3786
36.31 46.7727
36.32 48.1552
36.33 49.5259
36.34 50.8843
36.35 52.2302
36.36 53.5633
36.37 54.8831
36.38 56.1893
36.39 57.4817
36.4 58.7599
36.41 60.0236
36.42 61.2725
36.43 62.5063
36.44 63.7247
36.45 64.9273
36.46 66.1139
36.47 67.2842
36.48 68.4379
36.49 69.5748
36.5 70.6944
36.51 71.7966
36.52 72.8811
36.53 73.9476
36.54 74.9959
36.55 76.0257
36.56 77.0367
36.57 78.0287
36.58 79.0014
36.59 79.9547
36.6 80.8882
36.61 81.8017
36.62 82.6951
36.63 83.5681
36.64 84.4205
36.65 85.252
36.66 86.0625
36.67 86.8518
36.68 87.6196
36.69 88.3658
36.7 89.0902
36.71 89.7926
36.72 90.4729
36.73 91.1309
36.74 91.7663
36.75 92.3791
36.76 92.9692
36.77 93.5363
36.78 94.0803
36.79 94.6011
36.8 95.0985
36.81 95.5725
36.82 96.0229
36.83 96.4497
36.84 96.8526
36.85 97.2316
36.86 97.5867
36.87 97.9176
36.88 98.2244
36.89 98.507
36.9 98.7652
36.91 98.9991
36.92 99.2086
36.93 99.3936
36.94 99.554
36.95 99.6899
36.96 99.8012
36.97 99.8879
36.98 99.9499
36.99 99.9873
37 100
37.01 99.988
37.02 99.9514
37.03 99.8901
37.04 99.8041
37.05 99.6935
37.06 99.5584
37.07 99.3986
37.08 99.2143
37.09 99.0056
37.1 98.7724
37.11 98.5149
37.12 98.233
37.13 97.9269
37.14 97.5967
37.15 97.2424
37.16 96.864
37.17 96.4618
37.18 96.0358
37.19 95.5861
37.2 95.1128
37.21 94.616
37.22 94.0959
37.23 93.5525
37.24 92.9861
37.25 92.3967
37.26 91.7846
37.27 91.1498
37.28 90.4925
37.29 89.8129
37.3 89.1111
37.31 88.3873
37.32 87.6417
37.33 86.8745
37.34 86.0859
37.35 85.276
37.36 84.4451
37.37 83.5934
37.38 82.721
37.39 81.8282
37.4 80.9152
37.41 79.9823
37.42 79.0296
37.43 78.0574
37.44 77.066
37.45 76.0555
37.46 75.0263
37.47 73.9786
37.48 72.9126
37.49 71.8286
37.5 70.7269
37.51 69.6078
37.52 68.4715
37.53 67.3183
37.54 66.1484
37.55 64.9623
37.56 63.7601
37.57 62.5422
37.58 61.3089
37.59 60.0604
37.6 58.7971
37.61 57.5193
37.62 56.2274
37.63 54.9215
37.64 53.6021
37.65 52.2695
37.66 50.9239
37.67 49.5658
37.68 48.1955
37.69 46.8133
37.7 45.4195
37.71 44.0146
37.72 42.5987
37.73 41.1724
37.74 39.7359
37.75 38.2896
37.76 36.8338
37.77 35.369
37.78 33.8954
37.79 32.4135
37.8 30.9236
37.81 29.426
37.82 27.9212
37.83 26.4095
37.84 24.8913
37.85 23.3669
37.86 21.8368
37.87 20.3012
37.88 18.7607
37.89 17.2156
37.9 15.6662
37.91 14.1129
37.92 12.5561
37.93 10.9963
37.94 9.43373
37.95 7.86884
37.96 6.30201
37.97 4.73362
37.98 3.16406
37.99 1.59373
38 0.022999
38.01 -1.54774
38.02 -3.11809
38.03 -4.68767
38.04 -6.2561
38.05 -7.82298
38.06 -9.38793
38.07 -10.9506
38.08 -12.5105
38.09 -14.0674
38.1 -15.6207
38.11 -17.1703
38.12 -18.7155
38.13 -20.2562
38.14 -21.7919
38.15 -23.3222
38.16 -24.8467
38.17 -26.3651
38.18 -27.877
38.19 -29.382
38.2 -30.8798
38.21 -32.37
38.22 -33.8522
38.23 -35.326
38.24 -36.7911
38.25 -38.2471
38.26 -39.6937
38.27 -41.1305
38.28 -42.5571
38.29 -43.9733
38.3 -45.3786
38.31 -46.7727
38.32 -48.1552
38.33 -49.5259
38.34 -50.8843
38.35 -52.2302
38.36 -53.5633
38.37 -54.8831
38.38 -56.1893
38.39 -57.4817
38.4 -58.7599
38.41 -60.0236
38.42 -61.2725
38.43 -62.5063
38.44 -63.7247
38.45 -64.9273
38.46 -66.1139
38.47 -67.2842
38.48 -68.4379
38.49 -69.5748
38.5 -70.6944
38.51 -71.7966
38.52 -72.8811
38.53 -73.9476
38.54 -74.9959
38.55 -76.0257
38.56 -77.0367
38.57 -78.0287
38.58 -79.0014
38.59 -79.9547
38.6 -80.8882
38.61 -81.8017
38.62 -82.6951
38.63 -83.5681
38.64 -84.4205
38.65 -85.252
38.66 -86.0625
38.67 -86.8518
38.68 -87.6196
38.69 -88.3658
38.7 -89.0902
38.71 -89.7926
38.72 -90.4729
38.73 -91.1309
38.74 -91.7663
38.75 -92.3791
38.76 -92.9692
38.77 -93.5363
38.78 -94.0803
38.79 -94.6011
38.8 -95.0985
38.81 -95.5725
38.82 -96.0229
38.83 -96.4497
38.84 -96.8526
38.85 -97.2316
38.86 -97.5867
38.87 -97.9176
38.88 -98.2244
38.89 -98.507
38.9 -98.7652
38.91 -98.9991
38.92 -99.2086
38.93 -99.3936
38.94 -99.554
38.95 -99.6899
38.96 -99.8012
38.97 -99.8879
38.98 -99.9499
38.99 -99.9873
39 -100
39.01 -99.988
39.02 -99.9514
39.03 -99.8901
39.04 -99.8041
39.05 -99.6935
39.06 -99.5584
39.07 -99.3986
39.08 -99.2143
39.09 -99.0056
39.1 -98.7724
39.11 -98.5149
39.12 -98.233
39.13 -97.9269
39.14 -97.5967
39.15 -97.2424
39.16 -96.864
39.17 -96.4618
39.18 -96.0358
39.19 -95.5861
39.2 -95.1128
39.21 -94.616
39.22 -94.0959
39.23 -93.5525
39.24 -92.9861
39.25 -92.3967
39.26 -91.7846
39.27 -91.1498
39.28 -90.4925
39.29 -89.8129
39.3 -89.1111
39.31 -88.3873
39.32 -87.6417
39.33 -86.8745
39.34 -86.0859
39.35 -85.276
39.36 -84.4451
39.37 -83.5934
39.38 -82.721
39.39 -81.8282
39.4 -80.9152
39.41 -79.9823
39.42 -79.0296
39.43 -78.0574
39.44 -77.066
39.45 -76.0555
39.46 -75.0263
39.47 -73.9786
39.48 -72.9126
39.49 -71.8286
39.5 -70.7269
39.51 -69.6078
39.52 -68.4715
39.53 -67.3183
39.54 -66.1484
39.55 -64.9623
39.56 -63.7601
39.57 -62.5422
39.58 -61.3089
39.59 -60.0604
39.6 -58.7971
39.61 -57.5193
39.62 -56.2274
39.63 -54.9215
39.64 -53.6021
39.65 -52.2695
39.66 -50.9239
39.67 -49.5658
39.68 -48.1955
39.69 -46.8133
39.7 -45.4195
39.71 -44.0146
39.72 -42.5987
39.73 -41.1724
39.74 -39.7359
39.75 -38.2896
39.76 -36.8338
39.77 -35.369
39.78 -33.8954
39.79 -32.4135
39.8 -30.9236
39.81 -29.426
39.82 -27.9212
39.83 -26.4095
39.84 -24.8913
39.85 -23.3669
39.86 -21.8368
39.87 -20.3012
39.88 -18.7607
39.89 -17.2156
39.9 -15.6662
39.91 -14.1129
39.92 -12.5561
39.93 -10.9963
39.94 -9.43373
39.95 -7.86884
39.96 -6.30201
39.97 -4.73362
39.98 -3.16406
39.99 -1.59373
40 -0.022999
