0.01 -3.92683e-07
0.02 -2.35582e-06
0.03 -7.45893e-06
0.04 -1.72698e-05
0.05 -3.33537e-05
0.06 -5.72724e-05
0.07 -9.05835e-05
0.08 -0.000134839
0.09 -0.000191586
0.1 -0.000262364
0.11 -0.000348704
0.12 -0.000452131
0.13 -0.000574157
0.14 -0.000716287
0.15 -0.000880013
0.16 -0.00106682
0.17 -0.00127817
0.18 -0.00151552
0.19 -0.00178031
0.2 -0.00207396
0.21 -0.00239789
0.22 -0.00275349
0.23 -0.00314214
0.24 -0.00356518
0.25 -0.00402396
0.26 -0.0045198
0.27 -0.00505399
0.28 -0.00562781
0.29 -0.00624251
0.3 -0.00689933
0.31 -0.00759947
0.32 -0.00834412
0.33 -0.00913444
0.34 -0.00997155
0.35 -0.0108566
0.36 -0.0117906
0.37 -0.0127746
0.38 -0.0138097
0.39 -0.0148969
0.4 -0.0160371
0.41 -0.0172312
0.42 -0.0184802
0.43 -0.019785
0.44 -0.0211463
0.45 -0.0225651
0.46 -0.0240419
0.47 -0.0255777
0.48 -0.0271732
0.49 -0.0288289
0.5 -0.0305455
0.51 -0.0323237
0.52 -0.034164
0.53 -0.0360669
0.54 -0.038033
0.55 -0.0400627
0.56 -0.0421563
0.57 -0.0443144
0.58 -0.0465372
0.59 -0.048825
0.6 -0.0511782
0.61 -0.0535969
0.62 -0.0560813
0.63 -0.0586316
0.64 -0.0612479
0.65 -0.0639303
0.66 -0.0666787
0.67 -0.0694931
0.68 -0.0723736
0.69 -0.07532
0.7 -0.0783322
0.71 -0.08141
0.72 -0.0845531
0.73 -0.0877614
0.74 -0.0910344
0.75 -0.094372
0.76 -0.0977736
0.77 -0.101239
0.78 -0.104767
0.79 -0.108358
0.8 -0.112012
0.81 -0.115726
0.82 -0.119502
0.83 -0.123338
0.84 -0.127233
0.85 -0.131187
0.86 -0.135199
0.87 -0.139268
0.88 -0.143393
0.89 -0.147573
0.9 -0.151808
0.91 -0.156096
0.92 -0.160436
0.93 -0.164827
0.94 -0.169269
0.95 -0.173759
0.96 -0.178297
0.97 -0.182881
0.98 -0.18751
0.99 -0.192184
1 -0.1969
1.01 -0.201656
1.02 -0.206453
1.03 -0.211288
1.04 -0.216159
1.05 -0.221066
1.06 -0.226006
1.07 -0.230979
1.08 -0.235981
1.09 -0.241013
1.1 -0.246072
1.11 -0.251156
1.12 -0.256263
1.13 -0.261393
1.14 -0.266542
1.15 -0.27171
1.16 -0.276894
1.17 -0.282093
1.18 -0.287304
1.19 -0.292525
1.2 -0.297756
1.21 -0.302993
1.22 -0.308234
1.23 -0.313479
1.24 -0.318724
1.25 -0.323967
1.26 -0.329207
1.27 -0.334442
1.28 -0.339668
1.29 -0.344885
1.3 -0.35009
1.31 -0.35528
1.32 -0.360454
1.33 -0.36561
1.34 -0.370745
1.35 -0.375857
1.36 -0.380944
1.37 -0.386003
1.38 -0.391033
1.39 -0.396032
1.4 -0.400996
1.41 -0.405923
1.42 -0.410813
1.43 -0.415661
1.44 -0.420466
1.45 -0.425226
1.46 -0.429939
1.47 -0.434602
1.48 -0.439213
1.49 -0.443769
1.5 -0.448269
1.51 -0.452711
1.52 -0.457091
1.53 -0.461408
1.54 -0.46566
1.55 -0.469845
1.56 -0.473959
1.57 -0.478002
1.58 -0.481971
1.59 -0.485863
1.6 -0.489677
1.61 -0.493411
1.62 -0.497062
1.63 -0.500629
1.64 -0.504109
1.65 -0.5075
1.66 -0.5108
1.67 -0.514007
1.68 -0.51712
1.69 -0.520135
1.7 -0.523052
1.71 -0.525869
1.72 -0.528583
1.73 -0.531192
1.74 -0.533695
1.75 -0.53609
1.76 -0.538375
1.77 -0.540548
1.78 -0.542607
1.79 -0.544552
1.8 -0.546379
1.81 -0.548088
1.82 -0.549677
1.83 -0.551144
1.84 -0.552487
1.85 -0.553706
1.86 -0.554798
1.87 -0.555762
1.88 -0.556597
1.89 -0.5573
1.9 -0.557872
1.91 -0.55831
1.92 -0.558613
1.93 -0.55878
1.94 -0.558809
1.95 -0.5587
1.96 -0.558451
1.97 -0.558061
1.98 -0.557529
1.99 -0.556854
2 -0.556034
2.01 -0.55507
2.02 -0.553959
2.03 -0.552702
2.04 -0.551296
2.05 -0.549742
2.06 -0.548038
2.07 -0.546184
2.08 -0.544179
2.09 -0.542023
2.1 -0.539714
2.11 -0.537253
2.12 -0.534638
2.13 -0.531869
2.14 -0.528946
2.15 -0.525868
2.16 -0.522636
2.17 -0.519247
2.18 -0.515704
2.19 -0.512004
2.2 -0.508148
2.21 -0.504136
2.22 -0.499968
2.23 -0.495644
2.24 -0.491163
2.25 -0.486526
2.26 -0.481732
2.27 -0.476783
2.28 -0.471678
2.29 -0.466418
2.3 -0.461002
2.31 -0.455432
2.32 -0.449707
2.33 -0.443828
2.34 -0.437795
2.35 -0.43161
2.36 -0.425272
2.37 -0.418783
2.38 -0.412142
2.39 -0.405352
2.4 -0.398412
2.41 -0.391323
2.42 -0.384087
2.43 -0.376705
2.44 -0.369177
2.45 -0.361504
2.46 -0.353688
2.47 -0.34573
2.48 -0.337631
2.49 -0.329393
2.5 -0.321016
2.51 -0.312503
2.52 -0.303854
2.53 -0.295072
2.54 -0.286157
2.55 -0.277112
2.56 -0.267938
2.57 -0.258637
2.58 -0.249211
2.59 -0.239661
2.6 -0.22999
2.61 -0.220199
2.62 -0.210291
2.63 -0.200268
2.64 -0.190131
2.65 -0.179883
2.66 -0.169526
2.67 -0.159062
2.68 -0.148495
2.69 -0.137825
2.7 -0.127057
2.71 -0.116191
2.72 -0.105231
2.73 -0.0941798
2.74 -0.0830393
2.75 -0.0718125
2.76 -0.0605022
2.77 -0.0491111
2.78 -0.0376421
2.79 -0.0260981
2.8 -0.0144821
2.81 -0.00279701
2.82 0.00895413
2.83 0.0207682
2.84 0.0326422
2.85 0.0445728
2.86 0.056557
2.87 0.0685914
2.88 0.0806728
2.89 0.0927979
2.9 0.104963
2.91 0.117166
2.92 0.129402
2.93 0.141668
2.94 0.153961
2.95 0.166277
2.96 0.178612
2.97 0.190964
2.98 0.203328
2.99 0.215702
3 0.22808
3.01 0.240461
3.02 0.252839
3.03 0.265213
3.04 0.277576
3.05 0.289928
3.06 0.302262
3.07 0.314577
3.08 0.326867
3.09 0.339131
3.1 0.351363
3.11 0.36356
3.12 0.375719
3.13 0.387835
3.14 0.399906
3.15 0.411928
3.16 0.423897
3.17 0.435809
3.18 0.447661
3.19 0.459449
3.2 0.47117
3.21 0.482821
3.22 0.494398
3.23 0.505897
3.24 0.517315
3.25 0.528649
3.26 0.539895
3.27 0.551051
3.28 0.562112
3.29 0.573076
3.3 0.58394
3.31 0.5947
3.32 0.605354
3.33 0.615897
3.34 0.626328
3.35 0.636644
3.36 0.646841
3.37 0.656916
3.38 0.666868
3.39 0.676693
3.4 0.686388
3.41 0.695951
3.42 0.705379
3.43 0.71467
3.44 0.723821
3.45 0.73283
3.46 0.741695
3.47 0.750412
3.48 0.758981
3.49 0.767398
3.5 0.775661
3.51 0.783769
3.52 0.791719
3.53 0.799509
3.54 0.807138
3.55 0.814602
3.56 0.821902
3.57 0.829034
3.58 0.835997
3.59 0.842789
3.6 0.849408
3.61 0.855853
3.62 0.862123
3.63 0.868215
3.64 0.874129
3.65 0.879862
3.66 0.885413
3.67 0.890782
3.68 0.895966
3.69 0.900964
3.7 0.905776
3.71 0.910399
3.72 0.914834
3.73 0.919077
3.74 0.92313
3.75 0.92699
3.76 0.930656
3.77 0.934128
3.78 0.937404
3.79 0.940485
3.8 0.943368
3.81 0.946053
3.82 0.948539
3.83 0.950825
3.84 0.952912
3.85 0.954797
3.86 0.956481
3.87 0.957963
3.88 0.959242
3.89 0.960318
3.9 0.96119
3.91 0.961858
3.92 0.962321
3.93 0.96258
3.94 0.962632
3.95 0.962479
3.96 0.96212
3.97 0.961555
3.98 0.960783
3.99 0.959805
4 0.95862
4.01 0.957228
4.02 0.955628
4.03 0.953822
4.04 0.951809
4.05 0.949589
4.06 0.947161
4.07 0.944527
4.08 0.941687
4.09 0.938639
4.1 0.935386
4.11 0.931926
4.12 0.928261
4.13 0.92439
4.14 0.920315
4.15 0.916035
4.16 0.91155
4.17 0.906862
4.18 0.901972
4.19 0.896878
4.2 0.891583
4.21 0.886086
4.22 0.88039
4.23 0.874493
4.24 0.868397
4.25 0.862104
4.26 0.855613
4.27 0.848927
4.28 0.842044
4.29 0.834968
4.3 0.827699
4.31 0.820238
4.32 0.812586
4.33 0.804744
4.34 0.796714
4.35 0.788497
4.36 0.780095
4.37 0.771509
4.38 0.762739
4.39 0.753789
4.4 0.744659
4.41 0.735352
4.42 0.725868
4.43 0.71621
4.44 0.706379
4.45 0.696377
4.46 0.686206
4.47 0.675869
4.48 0.665367
4.49 0.654702
4.5 0.643876
4.51 0.632892
4.52 0.621751
4.53 0.610457
4.54 0.599011
4.55 0.587416
4.56 0.575675
4.57 0.563789
4.58 0.551762
4.59 0.539596
4.6 0.527294
4.61 0.514859
4.62 0.502293
4.63 0.489599
4.64 0.476781
4.65 0.463841
4.66 0.450783
4.67 0.437609
4.68 0.424322
4.69 0.410927
4.7 0.397425
4.71 0.383821
4.72 0.370118
4.73 0.356319
4.74 0.342428
4.75 0.328448
4.76 0.314383
4.77 0.300236
4.78 0.286012
4.79 0.271713
4.8 0.257345
4.81 0.242909
4.82 0.228411
4.83 0.213854
4.84 0.199243
4.85 0.18458
4.86 0.169871
4.87 0.155118
4.88 0.140327
4.89 0.125502
4.9 0.110646
4.91 0.0957632
4.92 0.0808587
4.93 0.0659363
4.94 0.0510002
4.95 0.0360547
4.96 0.0211041
4.97 0.00615259
4.98 -0.00879544
4.99 -0.0237357
5 -0.0386639
5.01 -0.0535757
5.02 -0.0684668
5.03 -0.0833329
5.04 -0.0981697
5.05 -0.112973
5.06 -0.127738
5.07 -0.142461
5.08 -0.157138
5.09 -0.171764
5.1 -0.186335
5.11 -0.200847
5.12 -0.215296
5.13 -0.229678
5.14 -0.243988
5.15 -0.258223
5.16 -0.272378
5.17 -0.28645
5.18 -0.300435
5.19 -0.314328
5.2 -0.328127
5.21 -0.341827
5.22 -0.355424
5.23 -0.368915
5.24 -0.382297
5.25 -0.395565
5.26 -0.408717
5.27 -0.421749
5.28 -0.434657
5.29 -0.447438
5.3 -0.46009
5.31 -0.472609
5.32 -0.484991
5.33 -0.497234
5.34 -0.509336
5.35 -0.521292
5.36 -0.533101
5.37 -0.544759
5.38 -0.556264
5.39 -0.567614
5.4 -0.578805
5.41 -0.589835
5.42 -0.600703
5.43 -0.611405
5.44 -0.621939
5.45 -0.632303
5.46 -0.642496
5.47 -0.652514
5.48 -0.662356
5.49 -0.67202
5.5 -0.681504
5.51 -0.690806
5.52 -0.699925
5.53 -0.708858
5.54 -0.717605
5.55 -0.726163
5.56 -0.73453
5.57 -0.742706
5.58 -0.750689
5.59 -0.758477
5.6 -0.766069
5.61 -0.773464
5.62 -0.780661
5.63 -0.787657
5.64 -0.794453
5.65 -0.801046
5.66 -0.807437
5.67 -0.813623
5.68 -0.819604
5.69 -0.825378
5.7 -0.830945
5.71 -0.836304
5.72 -0.841454
5.73 -0.846395
5.74 -0.851124
5.75 -0.855642
5.76 -0.859948
5.77 -0.864041
5.78 -0.867921
5.79 -0.871586
5.8 -0.875037
5.81 -0.878272
5.82 -0.881292
5.83 -0.884095
5.84 -0.886681
5.85 -0.88905
5.86 -0.891202
5.87 -0.893135
5.88 -0.89485
5.89 -0.896346
5.9 -0.897623
5.91 -0.898681
5.92 -0.89952
5.93 -0.900139
5.94 -0.900538
5.95 -0.900717
5.96 -0.900676
5.97 -0.900416
5.98 -0.899934
5.99 -0.899233
6 -0.898312
6.01 -0.897171
6.02 -0.895809
6.03 -0.894228
6.04 -0.892427
6.05 -0.890407
6.06 -0.888167
6.07 -0.885709
6.08 -0.883032
6.09 -0.880136
6.1 -0.877022
6.11 -0.873691
6.12 -0.870143
6.13 -0.866378
6.14 -0.862397
6.15 -0.8582
6.16 -0.853788
6.17 -0.849162
6.18 -0.844322
6.19 -0.839269
6.2 -0.834004
6.21 -0.828528
6.22 -0.82284
6.23 -0.816943
6.24 -0.810838
6.25 -0.804524
6.26 -0.798003
6.27 -0.791277
6.28 -0.784346
6.29 -0.777211
6.3 -0.769873
6.31 -0.762335
6.32 -0.754597
6.33 -0.74666
6.34 -0.738526
6.35 -0.730196
6.36 -0.721671
6.37 -0.712954
6.38 -0.704046
6.39 -0.694948
6.4 -0.685663
6.41 -0.676191
6.42 -0.666535
6.43 -0.656696
6.44 -0.646676
6.45 -0.636478
6.46 -0.626104
6.47 -0.615554
6.48 -0.604832
6.49 -0.59394
6.5 -0.582879
6.51 -0.571653
6.52 -0.560264
6.53 -0.548713
6.54 -0.537003
6.55 -0.525138
6.56 -0.513119
6.57 -0.500949
6.58 -0.488631
6.59 -0.476167
6.6 -0.463561
6.61 -0.450815
6.62 -0.437932
6.63 -0.424915
6.64 -0.411767
6.65 -0.398492
6.66 -0.385092
6.67 -0.371571
6.68 -0.357931
6.69 -0.344177
6.7 -0.330311
6.71 -0.316338
6.72 -0.30226
6.73 -0.288081
6.74 -0.273805
6.75 -0.259435
6.76 -0.244975
6.77 -0.230429
6.78 -0.2158
6.79 -0.201093
6.8 -0.186311
6.81 -0.171459
6.82 -0.15654
6.83 -0.141557
6.84 -0.126517
6.85 -0.111421
6.86 -0.0962753
6.87 -0.0810832
6.88 -0.0658491
6.89 -0.0505771
6.9 -0.0352716
6.91 -0.0199369
6.92 -0.00457733
6.93 0.0108028
6.94 0.026199
6.95 0.041607
6.96 0.0570223
6.97 0.0724406
6.98 0.0878572
6.99 0.103268
7 0.118668
7.01 0.134053
7.02 0.149419
7.03 0.164761
7.04 0.180075
7.05 0.195356
7.06 0.2106
7.07 0.225802
7.08 0.240958
7.09 0.256064
7.1 0.271115
7.11 0.286107
7.12 0.301035
7.13 0.315896
7.14 0.330686
7.15 0.345399
7.16 0.360032
7.17 0.374581
7.18 0.389041
7.19 0.403409
7.2 0.417681
7.21 0.431853
7.22 0.445921
7.23 0.459881
7.24 0.47373
7.25 0.487464
7.26 0.50108
7.27 0.514573
7.28 0.52794
7.29 0.541179
7.3 0.554286
7.31 0.567257
7.32 0.580089
7.33 0.59278
7.34 0.605326
7.35 0.617725
7.36 0.629973
7.37 0.642068
7.38 0.654006
7.39 0.665786
7.4 0.677405
7.41 0.68886
7.42 0.700149
7.43 0.711269
7.44 0.722218
7.45 0.732995
7.46 0.743596
7.47 0.754019
7.48 0.764263
7.49 0.774326
7.5 0.784205
7.51 0.793899
7.52 0.803406
7.53 0.812724
7.54 0.821852
7.55 0.830788
7.56 0.83953
7.57 0.848076
7.58 0.856427
7.59 0.864579
7.6 0.872531
7.61 0.880283
7.62 0.887833
7.63 0.895179
7.64 0.902321
7.65 0.909257
7.66 0.915987
7.67 0.922508
7.68 0.928821
7.69 0.934924
7.7 0.940816
7.71 0.946497
7.72 0.951965
7.73 0.95722
7.74 0.96226
7.75 0.967086
7.76 0.971696
7.77 0.976089
7.78 0.980266
7.79 0.984225
7.8 0.987965
7.81 0.991487
7.82 0.99479
7.83 0.997873
7.84 1.00074
7.85 1.00338
7.86 1.0058
7.87 1.008
7.88 1.00997
7.89 1.01173
7.9 1.01326
7.91 1.01457
7.92 1.01566
7.93 1.01653
7.94 1.01717
7.95 1.01758
7.96 1.01778
7.97 1.01775
7.98 1.0175
7.99 1.01702
8 1.01632
8.01 1.0154
8.02 1.01425
8.03 1.01288
8.04 1.01129
8.05 1.00948
8.06 1.00744
8.07 1.00518
8.08 1.0027
8.09 0.999991
8.1 0.997066
8.11 0.99392
8.12 0.990553
8.13 0.986967
8.14 0.983161
8.15 0.979136
8.16 0.974892
8.17 0.970431
8.18 0.965753
8.19 0.960858
8.2 0.955748
8.21 0.950423
8.22 0.944884
8.23 0.939132
8.24 0.933168
8.25 0.926992
8.26 0.920606
8.27 0.914011
8.28 0.907208
8.29 0.900198
8.3 0.892982
8.31 0.885561
8.32 0.877938
8.33 0.870112
8.34 0.862085
8.35 0.85386
8.36 0.845437
8.37 0.836817
8.38 0.828003
8.39 0.818996
8.4 0.809798
8.41 0.800409
8.42 0.790834
8.43 0.781072
8.44 0.771126
8.45 0.760998
8.46 0.75069
8.47 0.740203
8.48 0.729541
8.49 0.718705
8.5 0.707697
8.51 0.69652
8.52 0.685176
8.53 0.673668
8.54 0.661997
8.55 0.650167
8.56 0.638179
8.57 0.626037
8.58 0.613744
8.59 0.601301
8.6 0.588713
8.61 0.575981
8.62 0.563108
8.63 0.550099
8.64 0.536955
8.65 0.523679
8.66 0.510276
8.67 0.496747
8.68 0.483098
8.69 0.469329
8.7 0.455446
8.71 0.441452
8.72 0.427349
8.73 0.413142
8.74 0.398834
8.75 0.384429
8.76 0.369931
8.77 0.355343
8.78 0.340669
8.79 0.325913
8.8 0.311079
8.81 0.296171
8.82 0.281193
8.83 0.266149
8.84 0.251042
8.85 0.235878
8.86 0.22066
8.87 0.205392
8.88 0.19008
8.89 0.174726
8.9 0.159335
8.91 0.143912
8.92 0.128461
8.93 0.112987
8.94 0.0974927
8.95 0.0819841
8.96 0.0664652
8.97 0.0509405
8.98 0.0354144
8.99 0.0198915
9 0.00437619
9.01 -0.011127
9.02 -0.0266134
9.03 -0.0420787
9.04 -0.0575184
9.05 -0.0729278
9.06 -0.0883026
9.07 -0.103638
9.08 -0.11893
9.09 -0.134174
9.1 -0.149366
9.11 -0.1645
9.12 -0.179574
9.13 -0.194582
9.14 -0.20952
9.15 -0.224384
9.16 -0.23917
9.17 -0.253874
9.18 -0.268491
9.19 -0.283017
9.2 -0.297449
9.21 -0.311782
9.22 -0.326013
9.23 -0.340137
9.24 -0.354152
9.25 -0.368052
9.26 -0.381835
9.27 -0.395498
9.28 -0.409035
9.29 -0.422445
9.3 -0.435724
9.31 -0.448867
9.32 -0.461873
9.33 -0.474738
9.34 -0.487459
9.35 -0.500033
9.36 -0.512457
9.37 -0.524728
9.38 -0.536844
9.39 -0.548801
9.4 -0.560597
9.41 -0.572229
9.42 -0.583696
9.43 -0.594993
9.44 -0.60612
9.45 -0.617074
9.46 -0.627853
9.47 -0.638453
9.48 -0.648875
9.49 -0.659114
9.5 -0.66917
9.51 -0.679041
9.52 -0.688724
9.53 -0.698217
9.54 -0.70752
9.55 -0.716631
9.56 -0.725547
9.57 -0.734267
9.58 -0.74279
9.59 -0.751115
9.6 -0.759239
9.61 -0.767162
9.62 -0.774882
9.63 -0.782398
9.64 -0.789708
9.65 -0.796813
9.66 -0.803709
9.67 -0.810397
9.68 -0.816875
9.69 -0.823143
9.7 -0.829199
9.71 -0.835042
9.72 -0.840672
9.73 -0.846087
9.74 -0.851287
9.75 -0.856271
9.76 -0.861039
9.77 -0.865589
9.78 -0.869921
9.79 -0.874034
9.8 -0.877928
9.81 -0.881602
9.82 -0.885055
9.83 -0.888288
9.84 -0.891299
9.85 -0.894089
9.86 -0.896656
9.87 -0.899
9.88 -0.901121
9.89 -0.903019
9.9 -0.904693
9.91 -0.906144
9.92 -0.90737
9.93 -0.908372
9.94 -0.90915
9.95 -0.909703
9.96 -0.910031
9.97 -0.910134
9.98 -0.910012
9.99 -0.909666
10 -0.909095
10.01 -0.908299
10.02 -0.907278
10.03 -0.906033
10.04 -0.904564
10.05 -0.90287
10.06 -0.900952
10.07 -0.89881
10.08 -0.896445
10.09 -0.893857
10.1 -0.891046
10.11 -0.888013
10.12 -0.884758
10.13 -0.881281
10.14 -0.877584
10.15 -0.873665
10.16 -0.869527
10.17 -0.86517
10.18 -0.860594
10.19 -0.855801
10.2 -0.85079
10.21 -0.845563
10.22 -0.84012
10.23 -0.834463
10.24 -0.828592
10.25 -0.822508
10.26 -0.816212
10.27 -0.809706
10.28 -0.802989
10.29 -0.796064
10.3 -0.788932
10.31 -0.781594
10.32 -0.77405
10.33 -0.766303
10.34 -0.758354
10.35 -0.750204
10.36 -0.741854
10.37 -0.733307
10.38 -0.724563
10.39 -0.715624
10.4 -0.706493
10.41 -0.69717
10.42 -0.687658
10.43 -0.677958
10.44 -0.668072
10.45 -0.658002
10.46 -0.64775
10.47 -0.637318
10.48 -0.626709
10.49 -0.615924
10.5 -0.604966
10.51 -0.593836
10.52 -0.582538
10.53 -0.571073
10.54 -0.559444
10.55 -0.547654
10.56 -0.535705
10.57 -0.5236
10.58 -0.511341
10.59 -0.498931
10.6 -0.486373
10.61 -0.47367
10.62 -0.460825
10.63 -0.44784
10.64 -0.434719
10.65 -0.421465
10.66 -0.408081
10.67 -0.39457
10.68 -0.380936
10.69 -0.367181
10.7 -0.35331
10.71 -0.339325
10.72 -0.32523
10.73 -0.311029
10.74 -0.296725
10.75 -0.282322
10.76 -0.267824
10.77 -0.253234
10.78 -0.238556
10.79 -0.223794
10.8 -0.208952
10.81 -0.194034
10.82 -0.179045
10.83 -0.163986
10.84 -0.148864
10.85 -0.133683
10.86 -0.118445
10.87 -0.103156
10.88 -0.0878201
10.89 -0.072441
10.9 -0.0570234
10.91 -0.0415715
10.92 -0.0260897
10.93 -0.0105824
10.94 0.00494587
10.95 0.0204908
10.96 0.0360478
10.97 0.0516125
10.98 0.0671803
10.99 0.0827467
11 0.0983072
11.01 0.113857
11.02 0.129392
11.03 0.144908
11.04 0.1604
11.05 0.175863
11.06 0.191293
11.07 0.206685
11.08 0.222036
11.09 0.237339
11.1 0.252592
11.11 0.26779
11.12 0.282928
11.13 0.298001
11.14 0.313006
11.15 0.327939
11.16 0.342794
11.17 0.357569
11.18 0.372258
11.19 0.386857
11.2 0.401364
11.21 0.415772
11.22 0.43008
11.23 0.444282
11.24 0.458375
11.25 0.472355
11.26 0.486218
11.27 0.499962
11.28 0.513582
11.29 0.527074
11.3 0.540436
11.31 0.553664
11.32 0.566756
11.33 0.579706
11.34 0.592513
11.35 0.605174
11.36 0.617685
11.37 0.630044
11.38 0.642247
11.39 0.654293
11.4 0.666178
11.41 0.677899
11.42 0.689455
11.43 0.700843
11.44 0.71206
11.45 0.723104
11.46 0.733973
11.47 0.744664
11.48 0.755176
11.49 0.765506
11.5 0.775652
11.51 0.785613
11.52 0.795387
11.53 0.804971
11.54 0.814365
11.55 0.823566
11.56 0.832572
11.57 0.841383
11.58 0.849996
11.59 0.85841
11.6 0.866624
11.61 0.874636
11.62 0.882445
11.63 0.89005
11.64 0.897449
11.65 0.904642
11.66 0.911626
11.67 0.918402
11.68 0.924967
11.69 0.931322
11.7 0.937464
11.71 0.943394
11.72 0.949109
11.73 0.95461
11.74 0.959894
11.75 0.964963
11.76 0.969814
11.77 0.974448
11.78 0.978863
11.79 0.983059
11.8 0.987035
11.81 0.99079
11.82 0.994325
11.83 0.997638
11.84 1.00073
11.85 1.0036
11.86 1.00624
11.87 1.00867
11.88 1.01086
11.89 1.01284
11.9 1.01459
11.91 1.01612
11.92 1.01742
11.93 1.01849
11.94 1.01935
11.95 1.01997
11.96 1.02037
11.97 1.02055
11.98 1.0205
11.99 1.02022
12 1.01972
12.01 1.01899
12.02 1.01804
12.03 1.01686
12.04 1.01546
12.05 1.01384
12.06 1.01198
12.07 1.00991
12.08 1.00761
12.09 1.00508
12.1 1.00233
12.11 0.999363
12.12 0.996169
12.13 0.992753
12.14 0.989115
12.15 0.985256
12.16 0.981177
12.17 0.976877
12.18 0.972358
12.19 0.967621
12.2 0.962665
12.21 0.957493
12.22 0.952104
12.23 0.946499
12.24 0.94068
12.25 0.934648
12.26 0.928403
12.27 0.921946
12.28 0.915278
12.29 0.908401
12.3 0.901316
12.31 0.894024
12.32 0.886526
12.33 0.878823
12.34 0.870918
12.35 0.86281
12.36 0.854503
12.37 0.845996
12.38 0.837293
12.39 0.828393
12.4 0.8193
12.41 0.810015
12.42 0.800539
12.43 0.790875
12.44 0.781023
12.45 0.770987
12.46 0.760768
12.47 0.750369
12.48 0.73979
12.49 0.729035
12.5 0.718106
12.51 0.707004
12.52 0.695733
12.53 0.684295
12.54 0.672691
12.55 0.660925
12.56 0.648999
12.57 0.636916
12.58 0.624678
12.59 0.612289
12.6 0.59975
12.61 0.587065
12.62 0.574237
12.63 0.561268
12.64 0.548163
12.65 0.534923
12.66 0.521551
12.67 0.508053
12.68 0.494429
12.69 0.480684
12.7 0.466822
12.71 0.452845
12.72 0.438757
12.73 0.424561
12.74 0.410262
12.75 0.395863
12.76 0.381367
12.77 0.366778
12.78 0.352101
12.79 0.337339
12.8 0.322495
12.81 0.307575
12.82 0.292581
12.83 0.277518
12.84 0.26239
12.85 0.247201
12.86 0.231956
12.87 0.216658
12.88 0.201312
12.89 0.185921
12.9 0.170492
12.91 0.155026
12.92 0.13953
12.93 0.124008
12.94 0.108463
12.95 0.0929013
12.96 0.077326
12.97 0.0617421
12.98 0.0461541
12.99 0.0305665
13 0.0149838
13.01 -0.000589369
13.02 -0.0161485
13.03 -0.0316891
13.04 -0.0472066
13.05 -0.0626965
13.06 -0.0781542
13.07 -0.0935752
13.08 -0.108955
13.09 -0.124289
13.1 -0.139573
13.11 -0.154803
13.12 -0.169973
13.13 -0.18508
13.14 -0.20012
13.15 -0.215087
13.16 -0.229978
13.17 -0.244789
13.18 -0.259515
13.19 -0.274153
13.2 -0.288697
13.21 -0.303145
13.22 -0.317492
13.23 -0.331734
13.24 -0.345868
13.25 -0.35989
13.26 -0.373795
13.27 -0.387581
13.28 -0.401244
13.29 -0.41478
13.3 -0.428185
13.31 -0.441458
13.32 -0.454593
13.33 -0.467589
13.34 -0.480441
13.35 -0.493147
13.36 -0.505704
13.37 -0.518109
13.38 -0.530359
13.39 -0.542452
13.4 -0.554383
13.41 -0.566152
13.42 -0.577755
13.43 -0.58919
13.44 -0.600455
13.45 -0.611546
13.46 -0.622463
13.47 -0.633202
13.48 -0.643762
13.49 -0.65414
13.5 -0.664335
13.51 -0.674344
13.52 -0.684166
13.53 -0.693798
13.54 -0.70324
13.55 -0.712489
13.56 -0.721543
13.57 -0.730402
13.58 -0.739063
13.59 -0.747525
13.6 -0.755786
13.61 -0.763846
13.62 -0.771703
13.63 -0.779355
13.64 -0.786802
13.65 -0.794041
13.66 -0.801073
13.67 -0.807895
13.68 -0.814507
13.69 -0.820908
13.7 -0.827097
13.71 -0.833072
13.72 -0.838833
13.73 -0.84438
13.74 -0.84971
13.75 -0.854824
13.76 -0.85972
13.77 -0.864398
13.78 -0.868858
13.79 -0.873098
13.8 -0.877118
13.81 -0.880917
13.82 -0.884495
13.83 -0.887851
13.84 -0.890985
13.85 -0.893896
13.86 -0.896584
13.87 -0.899049
13.88 -0.901289
13.89 -0.903305
13.9 -0.905097
13.91 -0.906664
13.92 -0.908006
13.93 -0.909123
13.94 -0.910014
13.95 -0.910679
13.96 -0.911119
13.97 -0.911333
13.98 -0.911321
13.99 -0.911084
14 -0.91062
14.01 -0.909931
14.02 -0.909016
14.03 -0.907875
14.04 -0.906509
14.05 -0.904918
14.06 -0.903102
14.07 -0.90106
14.08 -0.898794
14.09 -0.896304
14.1 -0.89359
14.11 -0.890653
14.12 -0.887492
14.13 -0.884109
14.14 -0.880504
14.15 -0.876677
14.16 -0.872629
14.17 -0.868361
14.18 -0.863873
14.19 -0.859165
14.2 -0.85424
14.21 -0.849097
14.22 -0.843737
14.23 -0.838161
14.24 -0.83237
14.25 -0.826366
14.26 -0.820148
14.27 -0.813718
14.28 -0.807077
14.29 -0.800226
14.3 -0.793166
14.31 -0.785899
14.32 -0.778426
14.33 -0.770748
14.34 -0.762866
14.35 -0.754782
14.36 -0.746497
14.37 -0.738013
14.38 -0.729331
14.39 -0.720453
14.4 -0.711381
14.41 -0.702116
14.42 -0.69266
14.43 -0.683015
14.44 -0.673183
14.45 -0.663165
14.46 -0.652964
14.47 -0.642582
14.48 -0.632021
14.49 -0.621282
14.5 -0.610369
14.51 -0.599283
14.52 -0.588026
14.53 -0.576602
14.54 -0.565013
14.55 -0.55326
14.56 -0.541347
14.57 -0.529276
14.58 -0.51705
14.59 -0.504672
14.6 -0.492144
14.61 -0.479469
14.62 -0.46665
14.63 -0.453691
14.64 -0.440593
14.65 -0.427361
14.66 -0.413998
14.67 -0.400506
14.68 -0.386888
14.69 -0.373149
14.7 -0.359292
14.71 -0.345319
14.72 -0.331235
14.73 -0.317043
14.74 -0.302747
14.75 -0.28835
14.76 -0.273856
14.77 -0.259269
14.78 -0.244592
14.79 -0.22983
14.8 -0.214986
14.81 -0.200064
14.82 -0.185069
14.83 -0.170003
14.84 -0.154873
14.85 -0.139681
14.86 -0.124431
14.87 -0.109129
14.88 -0.0937776
14.89 -0.0783818
14.9 -0.0629459
14.91 -0.0474741
14.92 -0.0319708
14.93 -0.0164405
14.94 -0.000887613
14.95 0.0146834
14.96 0.0302681
14.97 0.045862
14.98 0.0614605
14.99 0.0770592
15 0.0926534
15.01 0.108239
15.02 0.12381
15.03 0.139364
15.04 0.154895
15.05 0.170399
15.06 0.185871
15.07 0.201307
15.08 0.216703
15.09 0.232053
15.1 0.247353
15.11 0.262599
15.12 0.277787
15.13 0.292912
15.14 0.307969
15.15 0.322955
15.16 0.337866
15.17 0.352696
15.18 0.367442
15.19 0.382099
15.2 0.396664
15.21 0.411132
15.22 0.4255
15.23 0.439764
15.24 0.45392
15.25 0.467963
15.26 0.481891
15.27 0.495699
15.28 0.509385
15.29 0.522944
15.3 0.536373
15.31 0.549668
15.32 0.562828
15.33 0.575847
15.34 0.588724
15.35 0.601454
15.36 0.614036
15.37 0.626465
15.38 0.63874
15.39 0.650857
15.4 0.662814
15.41 0.674608
15.42 0.686236
15.43 0.697696
15.44 0.708986
15.45 0.720103
15.46 0.731045
15.47 0.74181
15.48 0.752396
15.49 0.7628
15.5 0.77302
15.51 0.783055
15.52 0.792902
15.53 0.802561
15.54 0.812028
15.55 0.821302
15.56 0.830383
15.57 0.839267
15.58 0.847953
15.59 0.856441
15.6 0.864728
15.61 0.872814
15.62 0.880696
15.63 0.888373
15.64 0.895845
15.65 0.90311
15.66 0.910167
15.67 0.917014
15.68 0.923651
15.69 0.930077
15.7 0.93629
15.71 0.942291
15.72 0.948076
15.73 0.953647
15.74 0.959002
15.75 0.96414
15.76 0.96906
15.77 0.973762
15.78 0.978246
15.79 0.982509
15.8 0.986553
15.81 0.990375
15.82 0.993977
15.83 0.997356
15.84 1.00051
15.85 1.00345
15.86 1.00616
15.87 1.00864
15.88 1.01091
15.89 1.01295
15.9 1.01476
15.91 1.01635
15.92 1.01771
15.93 1.01885
15.94 1.01976
15.95 1.02045
15.96 1.02091
15.97 1.02115
15.98 1.02115
15.99 1.02094
16 1.02049
16.01 1.01982
16.02 1.01893
16.03 1.01781
16.04 1.01646
16.05 1.01489
16.06 1.01309
16.07 1.01107
16.08 1.00882
16.09 1.00635
16.1 1.00366
16.11 1.00074
16.12 0.997593
16.13 0.994228
16.14 0.99064
16.15 0.98683
16.16 0.982799
16.17 0.978548
16.18 0.974076
16.19 0.969385
16.2 0.964476
16.21 0.959349
16.22 0.954004
16.23 0.948444
16.24 0.942669
16.25 0.936679
16.26 0.930475
16.27 0.92406
16.28 0.917433
16.29 0.910596
16.3 0.90355
16.31 0.896297
16.32 0.888837
16.33 0.881172
16.34 0.873303
16.35 0.865231
16.36 0.856959
16.37 0.848487
16.38 0.839817
16.39 0.83095
16.4 0.82189
16.41 0.812636
16.42 0.803191
16.43 0.793556
16.44 0.783734
16.45 0.773726
16.46 0.763535
16.47 0.753162
16.48 0.74261
16.49 0.73188
16.5 0.720976
16.51 0.709898
16.52 0.69865
16.53 0.687233
16.54 0.675651
16.55 0.663906
16.56 0.651999
16.57 0.639935
16.58 0.627716
16.59 0.615343
16.6 0.602821
16.61 0.590152
16.62 0.577338
16.63 0.564384
16.64 0.551291
16.65 0.538063
16.66 0.524704
16.67 0.511216
16.68 0.497602
16.69 0.483866
16.7 0.470011
16.71 0.456041
16.72 0.44196
16.73 0.42777
16.74 0.413475
16.75 0.399079
16.76 0.384586
16.77 0.37
16.78 0.355323
16.79 0.340561
16.8 0.325717
16.81 0.310795
16.82 0.295798
16.83 0.280732
16.84 0.2656
16.85 0.250406
16.86 0.235155
16.87 0.21985
16.88 0.204496
16.89 0.189097
16.9 0.173658
16.91 0.158183
16.92 0.142676
16.93 0.127141
16.94 0.111584
16.95 0.0960084
16.96 0.0804187
16.97 0.0648195
16.98 0.0492154
16.99 0.033611
17 0.0180106
17.01 0.00241896
17.02 -0.0131595
17.03 -0.0287201
17.04 -0.0442583
17.05 -0.0597697
17.06 -0.0752497
17.07 -0.0906937
17.08 -0.106097
17.09 -0.121456
17.1 -0.136765
17.11 -0.15202
17.12 -0.167217
17.13 -0.182351
17.14 -0.197419
17.15 -0.212414
17.16 -0.227335
17.17 -0.242175
17.18 -0.256931
17.19 -0.271599
17.2 -0.286175
17.21 -0.300655
17.22 -0.315034
17.23 -0.329309
17.24 -0.343476
17.25 -0.357531
17.26 -0.371471
17.27 -0.385291
17.28 -0.398989
17.29 -0.41256
17.3 -0.426002
17.31 -0.43931
17.32 -0.452482
17.33 -0.465514
17.34 -0.478404
17.35 -0.491147
17.36 -0.503742
17.37 -0.516185
17.38 -0.528472
17.39 -0.540603
17.4 -0.552573
17.41 -0.56438
17.42 -0.576022
17.43 -0.587496
17.44 -0.5988
17.45 -0.60993
17.46 -0.620886
17.47 -0.631665
17.48 -0.642264
17.49 -0.652681
17.5 -0.662915
17.51 -0.672964
17.52 -0.682825
17.53 -0.692497
17.54 -0.701978
17.55 -0.711267
17.56 -0.720361
17.57 -0.729259
17.58 -0.737959
17.59 -0.746461
17.6 -0.754761
17.61 -0.76286
17.62 -0.770756
17.63 -0.778447
17.64 -0.785933
17.65 -0.793211
17.66 -0.800281
17.67 -0.807142
17.68 -0.813793
17.69 -0.820232
17.7 -0.826458
17.71 -0.832472
17.72 -0.838271
17.73 -0.843854
17.74 -0.849222
17.75 -0.854373
17.76 -0.859307
17.77 -0.864022
17.78 -0.868518
17.79 -0.872794
17.8 -0.87685
17.81 -0.880685
17.82 -0.884299
17.83 -0.887691
17.84 -0.89086
17.85 -0.893806
17.86 -0.896529
17.87 -0.899028
17.88 -0.901303
17.89 -0.903353
17.9 -0.905179
17.91 -0.906779
17.92 -0.908155
17.93 -0.909304
17.94 -0.910228
17.95 -0.910926
17.96 -0.911398
17.97 -0.911644
17.98 -0.911664
17.99 -0.911458
18 -0.911026
18.01 -0.910367
18.02 -0.909483
18.03 -0.908372
18.04 -0.907036
18.05 -0.905475
18.06 -0.903687
18.07 -0.901675
18.08 -0.899438
18.09 -0.896976
18.1 -0.89429
18.11 -0.891381
18.12 -0.888247
18.13 -0.884891
18.14 -0.881313
18.15 -0.877512
18.16 -0.873491
18.17 -0.869248
18.18 -0.864785
18.19 -0.860103
18.2 -0.855203
18.21 -0.850084
18.22 -0.844748
18.23 -0.839196
18.24 -0.833429
18.25 -0.827447
18.26 -0.821251
18.27 -0.814844
18.28 -0.808225
18.29 -0.801395
18.3 -0.794357
18.31 -0.787111
18.32 -0.779658
18.33 -0.772
18.34 -0.764137
18.35 -0.756073
18.36 -0.747807
18.37 -0.739341
18.38 -0.730678
18.39 -0.721818
18.4 -0.712763
18.41 -0.703515
18.42 -0.694075
18.43 -0.684447
18.44 -0.67463
18.45 -0.664628
18.46 -0.654442
18.47 -0.644074
18.48 -0.633527
18.49 -0.622802
18.5 -0.611902
18.51 -0.600828
18.52 -0.589584
18.53 -0.578172
18.54 -0.566594
18.55 -0.554853
18.56 -0.54295
18.57 -0.53089
18.58 -0.518673
18.59 -0.506304
18.6 -0.493785
18.61 -0.481119
18.62 -0.468308
18.63 -0.455356
18.64 -0.442266
18.65 -0.429041
18.66 -0.415683
18.67 -0.402197
18.68 -0.388585
18.69 -0.374851
18.7 -0.360998
18.71 -0.347029
18.72 -0.332949
18.73 -0.31876
18.74 -0.304466
18.75 -0.290071
18.76 -0.275579
18.77 -0.260992
18.78 -0.246316
18.79 -0.231554
18.8 -0.21671
18.81 -0.201787
18.82 -0.186791
18.83 -0.171724
18.84 -0.156591
18.85 -0.141396
18.86 -0.126144
18.87 -0.110838
18.88 -0.0954826
18.89 -0.0800824
18.9 -0.0646415
18.91 -0.0491643
18.92 -0.0336552
18.93 -0.0181186
18.94 -0.00255896
18.95 0.0130193
18.96 0.0286116
18.97 0.0442136
18.98 0.0598206
18.99 0.0754282
19 0.0910318
19.01 0.106627
19.02 0.122209
19.03 0.137773
19.04 0.153315
19.05 0.168831
19.06 0.184315
19.07 0.199763
19.08 0.215171
19.09 0.230534
19.1 0.245848
19.11 0.261108
19.12 0.27631
19.13 0.291449
19.14 0.306521
19.15 0.321523
19.16 0.336448
19.17 0.351294
19.18 0.366056
19.19 0.38073
19.2 0.395311
19.21 0.409797
19.22 0.424182
19.23 0.438463
19.24 0.452637
19.25 0.466698
19.26 0.480644
19.27 0.494471
19.28 0.508175
19.29 0.521753
19.3 0.535201
19.31 0.548516
19.32 0.561695
19.33 0.574734
19.34 0.58763
19.35 0.600381
19.36 0.612982
19.37 0.625432
19.38 0.637727
19.39 0.649865
19.4 0.661842
19.41 0.673656
19.42 0.685305
19.43 0.696787
19.44 0.708097
19.45 0.719235
19.46 0.730199
19.47 0.740984
19.48 0.751591
19.49 0.762016
19.5 0.772257
19.51 0.782313
19.52 0.792182
19.53 0.801861
19.54 0.81135
19.55 0.820646
19.56 0.829747
19.57 0.838652
19.58 0.84736
19.59 0.855869
19.6 0.864177
19.61 0.872283
19.62 0.880186
19.63 0.887885
19.64 0.895377
19.65 0.902663
19.66 0.90974
19.67 0.916608
19.68 0.923266
19.69 0.929712
19.7 0.935946
19.71 0.941966
19.72 0.947773
19.73 0.953363
19.74 0.958738
19.75 0.963896
19.76 0.968836
19.77 0.973558
19.78 0.978061
19.79 0.982344
19.8 0.986407
19.81 0.990249
19.82 0.99387
19.83 0.997268
19.84 1.00044
19.85 1.0034
19.86 1.00613
19.87 1.00863
19.88 1.01091
19.89 1.01297
19.9 1.0148
19.91 1.01641
19.92 1.01779
19.93 1.01895
19.94 1.01988
19.95 1.02058
19.96 1.02106
19.97 1.02131
19.98 1.02134
19.99 1.02114
20 1.02071
20.01 1.02006
20.02 1.01918
20.03 1.01807
20.04 1.01674
20.05 1.01519
20.06 1.0134
20.07 1.0114
20.08 1.00917
20.09 1.00671
20.1 1.00403
20.11 1.00112
20.12 0.997996
20.13 0.994645
20.14 0.991071
20.15 0.987276
20.16 0.983259
20.17 0.979021
20.18 0.974563
20.19 0.969886
20.2 0.96499
20.21 0.959876
20.22 0.954544
20.23 0.948997
20.24 0.943234
20.25 0.937256
20.26 0.931065
20.27 0.924662
20.28 0.918047
20.29 0.911221
20.3 0.904187
20.31 0.896945
20.32 0.889495
20.33 0.881841
20.34 0.873982
20.35 0.865921
20.36 0.857659
20.37 0.849197
20.38 0.840537
20.39 0.83168
20.4 0.822628
20.41 0.813384
20.42 0.803947
20.43 0.794322
20.44 0.784508
20.45 0.774509
20.46 0.764325
20.47 0.75396
20.48 0.743416
20.49 0.732693
20.5 0.721796
20.51 0.710725
20.52 0.699483
20.53 0.688073
20.54 0.676497
20.55 0.664758
20.56 0.652858
20.57 0.640799
20.58 0.628584
20.59 0.616217
20.6 0.6037
20.61 0.591035
20.62 0.578226
20.63 0.565276
20.64 0.552187
20.65 0.538963
20.66 0.525606
20.67 0.512121
20.68 0.49851
20.69 0.484777
20.7 0.470925
20.71 0.456957
20.72 0.442877
20.73 0.428689
20.74 0.414395
20.75 0.400001
20.76 0.385508
20.77 0.370922
20.78 0.356247
20.79 0.341484
20.8 0.32664
20.81 0.311718
20.82 0.296721
20.83 0.281654
20.84 0.26652
20.85 0.251325
20.86 0.236072
20.87 0.220765
20.88 0.205409
20.89 0.190008
20.9 0.174566
20.91 0.159088
20.92 0.143578
20.93 0.12804
20.94 0.112479
20.95 0.0968999
20.96 0.0813061
20.97 0.0657026
20.98 0.050094
20.99 0.0344847
21 0.0188794
21.01 0.00328251
21.02 -0.0123014
21.03 -0.0278677
21.04 -0.0434119
21.05 -0.0589294
21.06 -0.0744157
21.07 -0.0898662
21.08 -0.105276
21.09 -0.120642
21.1 -0.135958
21.11 -0.151221
21.12 -0.166425
21.13 -0.181567
21.14 -0.196643
21.15 -0.211646
21.16 -0.226575
21.17 -0.241424
21.18 -0.256189
21.19 -0.270866
21.2 -0.28545
21.21 -0.299939
21.22 -0.314327
21.23 -0.328612
21.24 -0.342788
21.25 -0.356853
21.26 -0.370803
21.27 -0.384633
21.28 -0.398341
21.29 -0.411922
21.3 -0.425374
21.31 -0.438693
21.32 -0.451875
21.33 -0.464918
21.34 -0.477818
21.35 -0.490572
21.36 -0.503177
21.37 -0.51563
21.38 -0.527929
21.39 -0.540071
21.4 -0.552052
21.41 -0.56387
21.42 -0.575523
21.43 -0.587008
21.44 -0.598323
21.45 -0.609465
21.46 -0.620432
21.47 -0.631222
21.48 -0.641832
21.49 -0.652261
21.5 -0.662506
21.51 -0.672566
21.52 -0.682439
21.53 -0.692122
21.54 -0.701615
21.55 -0.710914
21.56 -0.72002
21.57 -0.728929
21.58 -0.737641
21.59 -0.746153
21.6 -0.754465
21.61 -0.762576
21.62 -0.770483
21.63 -0.778185
21.64 -0.785681
21.65 -0.792971
21.66 -0.800052
21.67 -0.806924
21.68 -0.813586
21.69 -0.820036
21.7 -0.826273
21.71 -0.832297
21.72 -0.838107
21.73 -0.843702
21.74 -0.84908
21.75 -0.854242
21.76 -0.859186
21.77 -0.863912
21.78 -0.868418
21.79 -0.872705
21.8 -0.876772
21.81 -0.880617
21.82 -0.884241
21.83 -0.887643
21.84 -0.890822
21.85 -0.893779
21.86 -0.896511
21.87 -0.89902
21.88 -0.901305
21.89 -0.903365
21.9 -0.905201
21.91 -0.906811
21.92 -0.908196
21.93 -0.909355
21.94 -0.910288
21.95 -0.910996
21.96 -0.911477
21.97 -0.911732
21.98 -0.911761
21.99 -0.911564
22 -0.91114
22.01 -0.910491
22.02 -0.909615
22.03 -0.908513
22.04 -0.907186
22.05 -0.905633
22.06 -0.903854
22.07 -0.90185
22.08 -0.899621
22.09 -0.897168
22.1 -0.89449
22.11 -0.891588
22.12 -0.888463
22.13 -0.885114
22.14 -0.881544
22.15 -0.877751
22.16 -0.873736
22.17 -0.869501
22.18 -0.865046
22.19 -0.860371
22.2 -0.855478
22.21 -0.850366
22.22 -0.845037
22.23 -0.839492
22.24 -0.833731
22.25 -0.827756
22.26 -0.821567
22.27 -0.815166
22.28 -0.808553
22.29 -0.80173
22.3 -0.794697
22.31 -0.787457
22.32 -0.78001
22.33 -0.772358
22.34 -0.764501
22.35 -0.756442
22.36 -0.748182
22.37 -0.739721
22.38 -0.731063
22.39 -0.722208
22.4 -0.713158
22.41 -0.703915
22.42 -0.694481
22.43 -0.684856
22.44 -0.675044
22.45 -0.665047
22.46 -0.654865
22.47 -0.644501
22.48 -0.633958
22.49 -0.623237
22.5 -0.612341
22.51 -0.601271
22.52 -0.590031
22.53 -0.578622
22.54 -0.567047
22.55 -0.555309
22.56 -0.54341
22.57 -0.531352
22.58 -0.519139
22.59 -0.506772
22.6 -0.494256
22.61 -0.481592
22.62 -0.468784
22.63 -0.455834
22.64 -0.442746
22.65 -0.429522
22.66 -0.416167
22.67 -0.402682
22.68 -0.389072
22.69 -0.375339
22.7 -0.361487
22.71 -0.34752
22.72 -0.33344
22.73 -0.319252
22.74 -0.304959
22.75 -0.290565
22.76 -0.276073
22.77 -0.261487
22.78 -0.246811
22.79 -0.232049
22.8 -0.217204
22.81 -0.202282
22.82 -0.187285
22.83 -0.172218
22.84 -0.157084
22.85 -0.141889
22.86 -0.126635
22.87 -0.111328
22.88 -0.0959719
22.89 -0.0805704
22.9 -0.0651281
22.91 -0.0496493
22.92 -0.0341386
22.93 -0.0186002
22.94 -0.00303861
22.95 0.0125417
22.96 0.0281362
22.97 0.0437405
22.98 0.05935
22.99 0.0749601
23 0.0905664
23.01 0.106164
23.02 0.121749
23.03 0.137317
23.04 0.152862
23.05 0.16838
23.06 0.183868
23.07 0.19932
23.08 0.214731
23.09 0.230098
23.1 0.245416
23.11 0.26068
23.12 0.275886
23.13 0.291029
23.14 0.306106
23.15 0.321111
23.16 0.336041
23.17 0.350892
23.18 0.365658
23.19 0.380337
23.2 0.394923
23.21 0.409413
23.22 0.423804
23.23 0.43809
23.24 0.452268
23.25 0.466335
23.26 0.480286
23.27 0.494118
23.28 0.507828
23.29 0.521411
23.3 0.534865
23.31 0.548185
23.32 0.561369
23.33 0.574414
23.34 0.587316
23.35 0.600072
23.36 0.61268
23.37 0.625135
23.38 0.637436
23.39 0.649579
23.4 0.661562
23.41 0.673383
23.42 0.685038
23.43 0.696525
23.44 0.707842
23.45 0.718986
23.46 0.729955
23.47 0.740747
23.48 0.751359
23.49 0.76179
23.5 0.772038
23.51 0.7821
23.52 0.791975
23.53 0.80166
23.54 0.811155
23.55 0.820456
23.56 0.829564
23.57 0.838475
23.58 0.847189
23.59 0.855704
23.6 0.864018
23.61 0.87213
23.62 0.88004
23.63 0.887744
23.64 0.895243
23.65 0.902534
23.66 0.909618
23.67 0.916492
23.68 0.923155
23.69 0.929607
23.7 0.935847
23.71 0.941873
23.72 0.947685
23.73 0.953281
23.74 0.958662
23.75 0.963826
23.76 0.968772
23.77 0.973499
23.78 0.978008
23.79 0.982297
23.8 0.986365
23.81 0.990212
23.82 0.993838
23.83 0.997242
23.84 1.00042
23.85 1.00338
23.86 1.00612
23.87 1.00863
23.88 1.01091
23.89 1.01298
23.9 1.01481
23.91 1.01642
23.92 1.01781
23.93 1.01897
23.94 1.01991
23.95 1.02062
23.96 1.0211
23.97 1.02136
23.98 1.02139
23.99 1.02119
24 1.02077
24.01 1.02012
24.02 1.01925
24.03 1.01815
24.04 1.01682
24.05 1.01527
24.06 1.01349
24.07 1.01149
24.08 1.00926
24.09 1.00681
24.1 1.00414
24.11 1.00123
24.12 0.998111
24.13 0.994764
24.14 0.991195
24.15 0.987403
24.16 0.983391
24.17 0.979157
24.18 0.974703
24.19 0.970029
24.2 0.965137
24.21 0.960027
24.22 0.954699
24.23 0.949155
24.24 0.943396
24.25 0.937422
24.26 0.931234
24.27 0.924834
24.28 0.918222
24.29 0.9114
24.3 0.904369
24.31 0.89713
24.32 0.889684
24.33 0.882033
24.34 0.874177
24.35 0.866119
24.36 0.85786
24.37 0.8494
24.38 0.840743
24.39 0.831889
24.4 0.82284
24.41 0.813598
24.42 0.804164
24.43 0.794541
24.44 0.78473
24.45 0.774733
24.46 0.764552
24.47 0.754189
24.48 0.743647
24.49 0.732926
24.5 0.722031
24.51 0.710962
24.52 0.699722
24.53 0.688314
24.54 0.67674
24.55 0.665002
24.56 0.653104
24.57 0.641046
24.58 0.628834
24.59 0.616468
24.6 0.603952
24.61 0.591288
24.62 0.578481
24.63 0.565531
24.64 0.552444
24.65 0.53922
24.66 0.525865
24.67 0.512381
24.68 0.498771
24.69 0.485038
24.7 0.471187
24.71 0.457219
24.72 0.44314
24.73 0.428952
24.74 0.414659
24.75 0.400265
24.76 0.385773
24.77 0.371187
24.78 0.356511
24.79 0.341749
24.8 0.326905
24.81 0.311982
24.82 0.296985
24.83 0.281918
24.84 0.266784
24.85 0.251589
24.86 0.236335
24.87 0.221028
24.88 0.205671
24.89 0.19027
24.9 0.174827
24.91 0.159348
24.92 0.143837
24.93 0.128298
24.94 0.112736
24.95 0.0971557
24.96 0.0815608
24.97 0.0659561
24.98 0.0503462
24.99 0.0347355
25 0.0191288
25.01 0.00353037
25.02 -0.0120551
25.03 -0.027623
25.04 -0.0431689
25.05 -0.0586881
25.06 -0.0741762
25.07 -0.0896287
25.08 -0.105041
25.09 -0.120408
25.1 -0.135727
25.11 -0.150991
25.12 -0.166198
25.13 -0.181342
25.14 -0.19642
25.15 -0.211426
25.16 -0.226357
25.17 -0.241208
25.18 -0.255975
25.19 -0.270655
25.2 -0.285242
25.21 -0.299733
25.22 -0.314125
25.23 -0.328412
25.24 -0.342591
25.25 -0.356659
25.26 -0.370611
25.27 -0.384444
25.28 -0.398154
25.29 -0.411739
25.3 -0.425193
25.31 -0.438515
25.32 -0.4517
25.33 -0.464746
25.34 -0.477649
25.35 -0.490406
25.36 -0.503015
25.37 -0.515471
25.38 -0.527773
25.39 -0.539918
25.4 -0.551902
25.41 -0.563724
25.42 -0.57538
25.43 -0.586868
25.44 -0.598186
25.45 -0.609331
25.46 -0.620301
25.47 -0.631094
25.48 -0.641708
25.49 -0.65214
25.5 -0.662389
25.51 -0.672452
25.52 -0.682328
25.53 -0.692014
25.54 -0.70151
25.55 -0.710813
25.56 -0.719922
25.57 -0.728834
25.58 -0.737549
25.59 -0.746065
25.6 -0.75438
25.61 -0.762494
25.62 -0.770404
25.63 -0.778109
25.64 -0.785609
25.65 -0.792902
25.66 -0.799986
25.67 -0.806861
25.68 -0.813526
25.69 -0.819979
25.7 -0.82622
25.71 -0.832247
25.72 -0.83806
25.73 -0.843658
25.74 -0.84904
25.75 -0.854204
25.76 -0.859151
25.77 -0.86388
25.78 -0.86839
25.79 -0.872679
25.8 -0.876749
25.81 -0.880597
25.82 -0.884224
25.83 -0.887629
25.84 -0.890811
25.85 -0.893771
25.86 -0.896506
25.87 -0.899018
25.88 -0.901306
25.89 -0.903369
25.9 -0.905207
25.91 -0.90682
25.92 -0.908207
25.93 -0.909369
25.94 -0.910305
25.95 -0.911015
25.96 -0.911499
25.97 -0.911757
25.98 -0.911789
25.99 -0.911594
26 -0.911173
26.01 -0.910526
26.02 -0.909653
26.03 -0.908554
26.04 -0.907229
26.05 -0.905678
26.06 -0.903902
26.07 -0.9019
26.08 -0.899674
26.09 -0.897222
26.1 -0.894547
26.11 -0.891647
26.12 -0.888524
26.13 -0.885178
26.14 -0.88161
26.15 -0.877819
26.16 -0.873807
26.17 -0.869574
26.18 -0.865121
26.19 -0.860448
26.2 -0.855556
26.21 -0.850447
26.22 -0.84512
26.23 -0.839577
26.24 -0.833818
26.25 -0.827844
26.26 -0.821658
26.27 -0.815258
26.28 -0.808647
26.29 -0.801826
26.3 -0.794795
26.31 -0.787557
26.32 -0.780111
26.33 -0.77246
26.34 -0.764606
26.35 -0.756548
26.36 -0.748289
26.37 -0.73983
26.38 -0.731174
26.39 -0.72232
26.4 -0.713272
26.41 -0.70403
26.42 -0.694597
26.43 -0.684974
26.44 -0.675163
26.45 -0.665167
26.46 -0.654986
26.47 -0.644624
26.48 -0.634082
26.49 -0.623362
26.5 -0.612467
26.51 -0.601398
26.52 -0.590159
26.53 -0.578751
26.54 -0.567177
26.55 -0.55544
26.56 -0.543541
26.57 -0.531485
26.58 -0.519272
26.59 -0.506907
26.6 -0.494391
26.61 -0.481728
26.62 -0.46892
26.63 -0.455971
26.64 -0.442883
26.65 -0.429661
26.66 -0.416305
26.67 -0.402821
26.68 -0.389211
26.69 -0.375479
26.7 -0.361627
26.71 -0.34766
26.72 -0.333581
26.73 -0.319393
26.74 -0.3051
26.75 -0.290706
26.76 -0.276214
26.77 -0.261629
26.78 -0.246953
26.79 -0.232191
26.8 -0.217346
26.81 -0.202424
26.82 -0.187427
26.83 -0.172359
26.84 -0.157226
26.85 -0.14203
26.86 -0.126776
26.87 -0.111469
26.88 -0.0961123
26.89 -0.0807104
26.9 -0.0652677
26.91 -0.0497885
26.92 -0.0342773
26.93 -0.0187384
26.94 -0.00317627
26.95 0.0124046
26.96 0.0279998
26.97 0.0436047
26.98 0.0592149
26.99 0.0748257
27 0.0904328
27.01 0.106031
27.02 0.121617
27.03 0.137185
27.04 0.152732
27.05 0.168251
27.06 0.18374
27.07 0.199192
27.08 0.214605
27.09 0.229973
27.1 0.245292
27.11 0.260557
27.12 0.275764
27.13 0.290908
27.14 0.305986
27.15 0.320993
27.16 0.335924
27.17 0.350776
27.18 0.365544
27.19 0.380224
27.2 0.394811
27.21 0.409303
27.22 0.423695
27.23 0.437982
27.24 0.452162
27.25 0.46623
27.26 0.480183
27.27 0.494017
27.28 0.507728
27.29 0.521313
27.3 0.534768
27.31 0.54809
27.32 0.561276
27.33 0.574322
27.34 0.587226
27.35 0.599984
27.36 0.612593
27.37 0.62505
27.38 0.637352
27.39 0.649497
27.4 0.661482
27.41 0.673304
27.42 0.684961
27.43 0.69645
27.44 0.707768
27.45 0.718914
27.46 0.729885
27.47 0.740679
27.48 0.751293
27.49 0.761726
27.5 0.771975
27.51 0.782039
27.52 0.791915
27.53 0.801602
27.54 0.811099
27.55 0.820402
27.56 0.829511
27.57 0.838424
27.58 0.84714
27.59 0.855657
27.6 0.863973
27.61 0.872087
27.62 0.879997
27.63 0.887704
27.64 0.895204
27.65 0.902497
27.66 0.909582
27.67 0.916458
27.68 0.923123
27.69 0.929577
27.7 0.935818
27.71 0.941846
27.72 0.94766
27.73 0.953258
27.74 0.95864
27.75 0.963805
27.76 0.968753
27.77 0.973482
27.78 0.977992
27.79 0.982283
27.8 0.986353
27.81 0.990202
27.82 0.993829
27.83 0.997235
27.84 1.00042
27.85 1.00338
27.86 1.00611
27.87 1.00863
27.88 1.01091
27.89 1.01298
27.9 1.01482
27.91 1.01643
27.92 1.01782
27.93 1.01898
27.94 1.01992
27.95 1.02063
27.96 1.02111
27.97 1.02137
27.98 1.0214
27.99 1.02121
28 1.02079
28.01 1.02014
28.02 1.01927
28.03 1.01817
28.04 1.01684
28.05 1.01529
28.06 1.01352
28.07 1.01152
28.08 1.00929
28.09 1.00684
28.1 1.00417
28.11 1.00127
28.12 0.998144
28.13 0.994798
28.14 0.99123
28.15 0.98744
28.16 0.983428
28.17 0.979196
28.18 0.974743
28.19 0.97007
28.2 0.965179
28.21 0.96007
28.22 0.954743
28.23 0.949201
28.24 0.943442
28.25 0.937469
28.26 0.931283
28.27 0.924883
28.28 0.918273
28.29 0.911452
28.3 0.904422
28.31 0.897183
28.32 0.889738
28.33 0.882088
28.34 0.874233
28.35 0.866176
28.36 0.857917
28.37 0.849459
28.38 0.840802
28.39 0.831949
28.4 0.822901
28.41 0.81366
28.42 0.804227
28.43 0.794604
28.44 0.784794
28.45 0.774797
28.46 0.764617
28.47 0.754255
28.48 0.743713
28.49 0.732993
28.5 0.722098
28.51 0.71103
28.52 0.699791
28.53 0.688383
28.54 0.67681
28.55 0.665072
28.56 0.653174
28.57 0.641118
28.58 0.628905
28.59 0.61654
28.6 0.604024
28.61 0.591361
28.62 0.578554
28.63 0.565605
28.64 0.552517
28.65 0.539294
28.66 0.525939
28.67 0.512455
28.68 0.498846
28.69 0.485113
28.7 0.471262
28.71 0.457295
28.72 0.443216
28.73 0.429028
28.74 0.414735
28.75 0.400341
28.76 0.385849
28.77 0.371263
28.78 0.356587
28.79 0.341825
28.8 0.326981
28.81 0.312058
28.82 0.297061
28.83 0.281994
28.84 0.26686
28.85 0.251664
28.86 0.236411
28.87 0.221103
28.88 0.205747
28.89 0.190345
28.9 0.174902
28.91 0.159423
28.92 0.143911
28.93 0.128372
28.94 0.11281
28.95 0.0972292
28.96 0.0816339
28.97 0.0660288
28.98 0.0504185
28.99 0.0348075
29 0.0192003
29.01 0.00360151
29.02 -0.0119844
29.03 -0.0275528
29.04 -0.0430991
29.05 -0.0586189
29.06 -0.0741075
29.07 -0.0895605
29.08 -0.104973
29.09 -0.120341
29.1 -0.13566
29.11 -0.150926
29.12 -0.166133
29.13 -0.181278
29.14 -0.196356
29.15 -0.211363
29.16 -0.226294
29.17 -0.241146
29.18 -0.255914
29.19 -0.270594
29.2 -0.285182
29.21 -0.299674
29.22 -0.314066
29.23 -0.328354
29.24 -0.342534
29.25 -0.356603
29.26 -0.370556
29.27 -0.38439
29.28 -0.398101
29.29 -0.411686
29.3 -0.425142
29.31 -0.438464
29.32 -0.45165
29.33 -0.464697
29.34 -0.477601
29.35 -0.490359
29.36 -0.502968
29.37 -0.515426
29.38 -0.527729
29.39 -0.539874
29.4 -0.551859
29.41 -0.563682
29.42 -0.575339
29.43 -0.586828
29.44 -0.598147
29.45 -0.609293
29.46 -0.620264
29.47 -0.631058
29.48 -0.641672
29.49 -0.652105
29.5 -0.662355
29.51 -0.672419
29.52 -0.682296
29.53 -0.691983
29.54 -0.70148
29.55 -0.710784
29.56 -0.719893
29.57 -0.728807
29.58 -0.737523
29.59 -0.74604
29.6 -0.754356
29.61 -0.76247
29.62 -0.770381
29.63 -0.778088
29.64 -0.785588
29.65 -0.792882
29.66 -0.799967
29.67 -0.806843
29.68 -0.813509
29.69 -0.819963
29.7 -0.826205
29.71 -0.832233
29.72 -0.838047
29.73 -0.843645
29.74 -0.849028
29.75 -0.854193
29.76 -0.859141
29.77 -0.863871
29.78 -0.868381
29.79 -0.872672
29.8 -0.876742
29.81 -0.880592
29.82 -0.884219
29.83 -0.887625
29.84 -0.890808
29.85 -0.893768
29.86 -0.896505
29.87 -0.899017
29.88 -0.901306
29.89 -0.90337
29.9 -0.905209
29.91 -0.906822
29.92 -0.908211
29.93 -0.909373
29.94 -0.91031
29.95 -0.911021
29.96 -0.911506
29.97 -0.911764
29.98 -0.911797
29.99 -0.911603
30 -0.911183
30.01 -0.910536
30.02 -0.909664
30.03 -0.908565
30.04 -0.907241
30.05 -0.905691
30.06 -0.903915
30.07 -0.901914
30.08 -0.899689
30.09 -0.897238
30.1 -0.894563
30.11 -0.891664
30.12 -0.888542
30.13 -0.885197
30.14 -0.881629
30.15 -0.877839
30.16 -0.873827
30.17 -0.869595
30.18 -0.865142
30.19 -0.86047
30.2 -0.855579
30.21 -0.85047
30.22 -0.845144
30.23 -0.839601
30.24 -0.833843
30.25 -0.82787
30.26 -0.821683
30.27 -0.815285
30.28 -0.808674
30.29 -0.801853
30.3 -0.794823
30.31 -0.787585
30.32 -0.78014
30.33 -0.77249
30.34 -0.764635
30.35 -0.756578
30.36 -0.74832
30.37 -0.739862
30.38 -0.731205
30.39 -0.722352
30.4 -0.713304
30.41 -0.704063
30.42 -0.69463
30.43 -0.685008
30.44 -0.675197
30.45 -0.665201
30.46 -0.655021
30.47 -0.644659
30.48 -0.634117
30.49 -0.623398
30.5 -0.612503
30.51 -0.601435
30.52 -0.590196
30.53 -0.578788
30.54 -0.567215
30.55 -0.555477
30.56 -0.543579
30.57 -0.531523
30.58 -0.51931
30.59 -0.506945
30.6 -0.494429
30.61 -0.481767
30.62 -0.468959
30.63 -0.45601
30.64 -0.442923
30.65 -0.4297
30.66 -0.416345
30.67 -0.402861
30.68 -0.389251
30.69 -0.375519
30.7 -0.361668
30.71 -0.347701
30.72 -0.333622
30.73 -0.319434
30.74 -0.305141
30.75 -0.290747
30.76 -0.276255
30.77 -0.261669
30.78 -0.246994
30.79 -0.232231
30.8 -0.217387
30.81 -0.202464
30.82 -0.187467
30.83 -0.1724
30.84 -0.157266
30.85 -0.14207
30.86 -0.126817
30.87 -0.111509
30.88 -0.0961526
30.89 -0.0807506
30.9 -0.0653078
30.91 -0.0498285
30.92 -0.0343171
30.93 -0.0187781
30.94 -0.00321578
30.95 0.0123653
30.96 0.0279606
30.97 0.0435657
30.98 0.0591761
30.99 0.0747872
31 0.0903945
31.01 0.105993
31.02 0.121579
31.03 0.137148
31.04 0.152694
31.05 0.168214
31.06 0.183703
31.07 0.199156
31.08 0.214569
31.09 0.229937
31.1 0.245256
31.11 0.260521
31.12 0.275729
31.13 0.290874
31.14 0.305952
31.15 0.320959
31.16 0.335891
31.17 0.350743
31.18 0.365511
31.19 0.380191
31.2 0.394779
31.21 0.409272
31.22 0.423664
31.23 0.437952
31.24 0.452132
31.25 0.4662
31.26 0.480154
31.27 0.493988
31.28 0.507699
31.29 0.521284
31.3 0.53474
31.31 0.548063
31.32 0.561249
31.33 0.574296
31.34 0.5872
31.35 0.599958
31.36 0.612568
31.37 0.625025
31.38 0.637328
31.39 0.649474
31.4 0.661459
31.41 0.673282
31.42 0.684939
31.43 0.696428
31.44 0.707747
31.45 0.718894
31.46 0.729865
31.47 0.740659
31.48 0.751274
31.49 0.761707
31.5 0.771957
31.51 0.782021
31.52 0.791898
31.53 0.801586
31.54 0.811083
31.55 0.820387
31.56 0.829496
31.57 0.83841
31.58 0.847126
31.59 0.855643
31.6 0.863959
31.61 0.872074
31.62 0.879985
31.63 0.887692
31.64 0.895193
31.65 0.902487
31.66 0.909572
31.67 0.916448
31.68 0.923114
31.69 0.929568
31.7 0.93581
31.71 0.941838
31.72 0.947652
31.73 0.953251
31.74 0.958634
31.75 0.9638
31.76 0.968748
31.77 0.973477
31.78 0.977988
31.79 0.982279
31.8 0.986349
31.81 0.990199
31.82 0.993827
31.83 0.997233
31.84 1.00042
31.85 1.00338
31.86 1.00611
31.87 1.00863
31.88 1.01091
31.89 1.01298
31.9 1.01482
31.91 1.01643
31.92 1.01782
31.93 1.01898
31.94 1.01992
31.95 1.02063
31.96 1.02112
31.97 1.02137
31.98 1.02141
31.99 1.02121
32 1.02079
32.01 1.02015
32.02 1.01927
32.03 1.01818
32.04 1.01685
32.05 1.0153
32.06 1.01353
32.07 1.01153
32.08 1.0093
32.09 1.00685
32.1 1.00417
32.11 1.00128
32.12 0.998154
32.13 0.994808
32.14 0.99124
32.15 0.98745
32.16 0.983439
32.17 0.979207
32.18 0.974754
32.19 0.970082
32.2 0.965191
32.21 0.960082
32.22 0.954756
32.23 0.949214
32.24 0.943455
32.25 0.937483
32.26 0.931296
32.27 0.924898
32.28 0.918287
32.29 0.911467
32.3 0.904437
32.31 0.897199
32.32 0.889754
32.33 0.882104
32.34 0.874249
32.35 0.866192
32.36 0.857934
32.37 0.849476
32.38 0.840819
32.39 0.831966
32.4 0.822918
32.41 0.813677
32.42 0.804244
32.43 0.794622
32.44 0.784812
32.45 0.774816
32.46 0.764636
32.47 0.754274
32.48 0.743732
32.49 0.733013
32.5 0.722118
32.51 0.71105
32.52 0.699811
32.53 0.688403
32.54 0.67683
32.55 0.665093
32.56 0.653194
32.57 0.641138
32.58 0.628926
32.59 0.61656
32.6 0.604045
32.61 0.591382
32.62 0.578575
32.63 0.565626
32.64 0.552538
32.65 0.539316
32.66 0.525961
32.67 0.512477
32.68 0.498867
32.69 0.485135
32.7 0.471283
32.71 0.457316
32.72 0.443237
32.73 0.42905
32.74 0.414757
32.75 0.400363
32.76 0.385871
32.77 0.371285
32.78 0.356609
32.79 0.341847
32.8 0.327003
32.81 0.31208
32.82 0.297083
32.83 0.282016
32.84 0.266882
32.85 0.251686
32.86 0.236432
32.87 0.221125
32.88 0.205768
32.89 0.190366
32.9 0.174923
32.91 0.159444
32.92 0.143933
32.93 0.128394
32.94 0.112831
32.95 0.0972502
32.96 0.0816549
32.97 0.0660497
32.98 0.0504393
32.99 0.0348282
33 0.0192209
33.01 0.00362193
33.02 -0.0119641
33.03 -0.0275326
33.04 -0.0430791
33.05 -0.058599
33.06 -0.0740878
33.07 -0.0895409
33.08 -0.104954
33.09 -0.120322
33.1 -0.135641
33.11 -0.150907
33.12 -0.166114
33.13 -0.181259
33.14 -0.196337
33.15 -0.211345
33.16 -0.226276
33.17 -0.241128
33.18 -0.255897
33.19 -0.270577
33.2 -0.285165
33.21 -0.299658
33.22 -0.31405
33.23 -0.328338
33.24 -0.342518
33.25 -0.356587
33.26 -0.37054
33.27 -0.384374
33.28 -0.398086
33.29 -0.411671
33.3 -0.425127
33.31 -0.43845
33.32 -0.451636
33.33 -0.464683
33.34 -0.477587
33.35 -0.490345
33.36 -0.502955
33.37 -0.515413
33.38 -0.527716
33.39 -0.539861
33.4 -0.551847
33.41 -0.563669
33.42 -0.575327
33.43 -0.586816
33.44 -0.598135
33.45 -0.609282
33.46 -0.620253
33.47 -0.631047
33.48 -0.641662
33.49 -0.652095
33.5 -0.662345
33.51 -0.67241
33.52 -0.682287
33.53 -0.691975
33.54 -0.701471
33.55 -0.710776
33.56 -0.719885
33.57 -0.728799
33.58 -0.737515
33.59 -0.746032
33.6 -0.754349
33.61 -0.762463
33.62 -0.770375
33.63 -0.778082
33.64 -0.785583
33.65 -0.792876
33.66 -0.799962
33.67 -0.806838
33.68 -0.813504
33.69 -0.819958
33.7 -0.8262
33.71 -0.832229
33.72 -0.838043
33.73 -0.843642
33.74 -0.849024
33.75 -0.85419
33.76 -0.859139
33.77 -0.863868
33.78 -0.868379
33.79 -0.87267
33.8 -0.87674
33.81 -0.88059
33.82 -0.884218
33.83 -0.887624
33.84 -0.890807
33.85 -0.893768
33.86 -0.896504
33.87 -0.899017
33.88 -0.901306
33.89 -0.90337
33.9 -0.905209
33.91 -0.906823
33.92 -0.908212
33.93 -0.909374
33.94 -0.910311
33.95 -0.911023
33.96 -0.911508
33.97 -0.911766
33.98 -0.911799
33.99 -0.911605
34 -0.911185
34.01 -0.910539
34.02 -0.909667
34.03 -0.908569
34.04 -0.907245
34.05 -0.905695
34.06 -0.903919
34.07 -0.901919
34.08 -0.899693
34.09 -0.897243
34.1 -0.894568
34.11 -0.891669
34.12 -0.888547
34.13 -0.885202
34.14 -0.881634
34.15 -0.877844
34.16 -0.873833
34.17 -0.869601
34.18 -0.865148
34.19 -0.860476
34.2 -0.855585
34.21 -0.850477
34.22 -0.84515
34.23 -0.839608
34.24 -0.83385
34.25 -0.827877
34.26 -0.821691
34.27 -0.815292
34.28 -0.808682
34.29 -0.801861
34.3 -0.794831
34.31 -0.787593
34.32 -0.780149
34.33 -0.772498
34.34 -0.764644
34.35 -0.756587
34.36 -0.748329
34.37 -0.739871
34.38 -0.731214
34.39 -0.722361
34.4 -0.713314
34.41 -0.704072
34.42 -0.69464
34.43 -0.685017
34.44 -0.675207
34.45 -0.665211
34.46 -0.655031
34.47 -0.644669
34.48 -0.634127
34.49 -0.623408
34.5 -0.612513
34.51 -0.601445
34.52 -0.590206
34.53 -0.578799
34.54 -0.567225
34.55 -0.555488
34.56 -0.54359
34.57 -0.531534
34.58 -0.519321
34.59 -0.506956
34.6 -0.494441
34.61 -0.481778
34.62 -0.46897
34.63 -0.456022
34.64 -0.442934
34.65 -0.429712
34.66 -0.416357
34.67 -0.402873
34.68 -0.389263
34.69 -0.375531
34.7 -0.361679
34.71 -0.347712
34.72 -0.333633
34.73 -0.319445
34.74 -0.305153
34.75 -0.290759
34.76 -0.276267
34.77 -0.261681
34.78 -0.247005
34.79 -0.232243
34.8 -0.217399
34.81 -0.202476
34.82 -0.187479
34.83 -0.172412
34.84 -0.157278
34.85 -0.142082
34.86 -0.126828
34.87 -0.111521
34.88 -0.0961641
34.89 -0.0807621
34.9 -0.0653193
34.91 -0.04984
34.92 -0.0343285
34.93 -0.0187894
34.94 -0.00322712
34.95 0.012354
34.96 0.0279494
34.97 0.0435545
34.98 0.059165
34.99 0.0747761
35 0.0903834
35.01 0.105982
35.02 0.121568
35.03 0.137137
35.04 0.152684
35.05 0.168203
35.06 0.183692
35.07 0.199145
35.08 0.214558
35.09 0.229927
35.1 0.245246
35.11 0.260511
35.12 0.275719
35.13 0.290864
35.14 0.305942
35.15 0.320949
35.16 0.335881
35.17 0.350733
35.18 0.365502
35.19 0.380182
35.2 0.39477
35.21 0.409263
35.22 0.423655
35.23 0.437943
35.24 0.452123
35.25 0.466192
35.26 0.480145
35.27 0.493979
35.28 0.507691
35.29 0.521276
35.3 0.534732
35.31 0.548055
35.32 0.561241
35.33 0.574288
35.34 0.587193
35.35 0.599951
35.36 0.61256
35.37 0.625018
35.38 0.637321
35.39 0.649467
35.4 0.661453
35.41 0.673275
35.42 0.684933
35.43 0.696422
35.44 0.707741
35.45 0.718888
35.46 0.729859
35.47 0.740653
35.48 0.751268
35.49 0.761702
35.5 0.771952
35.51 0.782016
35.52 0.791893
35.53 0.801581
35.54 0.811078
35.55 0.820382
35.56 0.829492
35.57 0.838406
35.58 0.847122
35.59 0.855639
35.6 0.863956
35.61 0.87207
35.62 0.879982
35.63 0.887689
35.64 0.89519
35.65 0.902483
35.66 0.909569
35.67 0.916445
35.68 0.923111
35.69 0.929566
35.7 0.935808
35.71 0.941836
35.72 0.94765
35.73 0.953249
35.74 0.958632
35.75 0.963798
35.76 0.968746
35.77 0.973476
35.78 0.977987
35.79 0.982278
35.8 0.986348
35.81 0.990198
35.82 0.993826
35.83 0.997232
35.84 1.00042
35.85 1.00338
35.86 1.00611
35.87 1.00863
35.88 1.01091
35.89 1.01298
35.9 1.01482
35.91 1.01643
35.92 1.01782
35.93 1.01898
35.94 1.01992
35.95 1.02063
35.96 1.02112
35.97 1.02137
35.98 1.02141
35.99 1.02121
36 1.02079
36.01 1.02015
36.02 1.01928
36.03 1.01818
36.04 1.01685
36.05 1.0153
36.06 1.01353
36.07 1.01153
36.08 1.0093
36.09 1.00685
36.1 1.00418
36.11 1.00128
36.12 0.998156
36.13 0.994811
36.14 0.991243
36.15 0.987454
36.16 0.983442
36.17 0.97921
36.18 0.974758
36.19 0.970086
36.2 0.965195
36.21 0.960086
36.22 0.95476
36.23 0.949217
36.24 0.943459
36.25 0.937487
36.26 0.9313
36.27 0.924902
36.28 0.918291
36.29 0.911471
36.3 0.904441
36.31 0.897203
36.32 0.889758
36.33 0.882108
36.34 0.874254
36.35 0.866197
36.36 0.857939
36.37 0.84948
36.38 0.840824
36.39 0.831971
36.4 0.822923
36.41 0.813682
36.42 0.80425
36.43 0.794627
36.44 0.784817
36.45 0.774821
36.46 0.764641
36.47 0.754279
36.48 0.743737
36.49 0.733018
36.5 0.722123
36.51 0.711055
36.52 0.699816
36.53 0.688409
36.54 0.676835
36.55 0.665098
36.56 0.6532
36.57 0.641144
36.58 0.628932
36.59 0.616566
36.6 0.604051
36.61 0.591388
36.62 0.578581
36.63 0.565632
36.64 0.552545
36.65 0.539322
36.66 0.525967
36.67 0.512483
36.68 0.498873
36.69 0.485141
36.7 0.47129
36.71 0.457323
36.72 0.443244
36.73 0.429056
36.74 0.414763
36.75 0.400369
36.76 0.385877
36.77 0.371291
36.78 0.356616
36.79 0.341854
36.8 0.327009
36.81 0.312086
36.82 0.297089
36.83 0.282022
36.84 0.266888
36.85 0.251692
36.86 0.236439
36.87 0.221131
36.88 0.205774
36.89 0.190372
36.9 0.17493
36.91 0.15945
36.92 0.143939
36.93 0.1284
36.94 0.112837
36.95 0.0972563
36.96 0.0816609
36.97 0.0660557
36.98 0.0504453
36.99 0.0348341
37 0.0192268
37.01 0.00362779
37.02 -0.0119583
37.03 -0.0275268
37.04 -0.0430734
37.05 -0.0585933
37.06 -0.0740821
37.07 -0.0895353
37.08 -0.104948
37.09 -0.120317
37.1 -0.135636
37.11 -0.150901
37.12 -0.166109
37.13 -0.181254
37.14 -0.196332
37.15 -0.211339
37.16 -0.226271
37.17 -0.241123
37.18 -0.255892
37.19 -0.270572
37.2 -0.28516
37.21 -0.299653
37.22 -0.314045
37.23 -0.328333
37.24 -0.342513
37.25 -0.356582
37.26 -0.370535
37.27 -0.38437
37.28 -0.398081
37.29 -0.411667
37.3 -0.425123
37.31 -0.438445
37.32 -0.451632
37.33 -0.464679
37.34 -0.477583
37.35 -0.490341
37.36 -0.502951
37.37 -0.515409
37.38 -0.527712
37.39 -0.539858
37.4 -0.551843
37.41 -0.563666
37.42 -0.575323
37.43 -0.586813
37.44 -0.598132
37.45 -0.609278
37.46 -0.62025
37.47 -0.631044
37.48 -0.641659
37.49 -0.652093
37.5 -0.662343
37.51 -0.672407
37.52 -0.682284
37.53 -0.691972
37.54 -0.701469
37.55 -0.710773
37.56 -0.719883
37.57 -0.728797
37.58 -0.737513
37.59 -0.74603
37.6 -0.754347
37.61 -0.762462
37.62 -0.770373
37.63 -0.77808
37.64 -0.785581
37.65 -0.792875
37.66 -0.79996
37.67 -0.806837
37.68 -0.813503
37.69 -0.819957
37.7 -0.826199
37.71 -0.832228
37.72 -0.838042
37.73 -0.843641
37.74 -0.849023
37.75 -0.854189
37.76 -0.859138
37.77 -0.863868
37.78 -0.868378
37.79 -0.872669
37.8 -0.87674
37.81 -0.88059
37.82 -0.884218
37.83 -0.887624
37.84 -0.890807
37.85 -0.893767
37.86 -0.896504
37.87 -0.899017
37.88 -0.901306
37.89 -0.90337
37.9 -0.905209
37.91 -0.906823
37.92 -0.908212
37.93 -0.909375
37.94 -0.910312
37.95 -0.911023
37.96 -0.911508
37.97 -0.911767
37.98 -0.9118
37.99 -0.911606
38 -0.911186
38.01 -0.91054
38.02 -0.909668
38.03 -0.90857
38.04 -0.907246
38.05 -0.905696
38.06 -0.90392
38.07 -0.90192
38.08 -0.899694
38.09 -0.897244
38.1 -0.894569
38.11 -0.891671
38.12 -0.888549
38.13 -0.885203
38.14 -0.881636
38.15 -0.877846
38.16 -0.873835
38.17 -0.869602
38.18 -0.86515
38.19 -0.860478
38.2 -0.855587
38.21 -0.850478
38.22 -0.845152
38.23 -0.83961
38.24 -0.833852
38.25 -0.827879
38.26 -0.821693
38.27 -0.815294
38.28 -0.808684
38.29 -0.801863
38.3 -0.794834
38.31 -0.787596
38.32 -0.780151
38.33 -0.772501
38.34 -0.764647
38.35 -0.75659
38.36 -0.748331
38.37 -0.739873
38.38 -0.731217
38.39 -0.722364
38.4 -0.713316
38.41 -0.704075
38.42 -0.694642
38.43 -0.68502
38.44 -0.67521
38.45 -0.665214
38.46 -0.655034
38.47 -0.644672
38.48 -0.63413
38.49 -0.623411
38.5 -0.612516
38.51 -0.601448
38.52 -0.590209
38.53 -0.578802
38.54 -0.567228
38.55 -0.555491
38.56 -0.543593
38.57 -0.531537
38.58 -0.519325
38.59 -0.506959
38.6 -0.494444
38.61 -0.481781
38.62 -0.468974
38.63 -0.456025
38.64 -0.442937
38.65 -0.429715
38.66 -0.41636
38.67 -0.402876
38.68 -0.389266
38.69 -0.375534
38.7 -0.361683
38.71 -0.347716
38.72 -0.333637
38.73 -0.319449
38.74 -0.305156
38.75 -0.290762
38.76 -0.27627
38.77 -0.261684
38.78 -0.247009
38.79 -0.232247
38.8 -0.217402
38.81 -0.202479
38.82 -0.187482
38.83 -0.172415
38.84 -0.157281
38.85 -0.142085
38.86 -0.126832
38.87 -0.111524
38.88 -0.0961674
38.89 -0.0807654
38.9 -0.0653226
38.91 -0.0498432
38.92 -0.0343318
38.93 -0.0187927
38.94 -0.00323037
38.95 0.0123507
38.96 0.0279461
38.97 0.0435513
38.98 0.0591618
38.99 0.0747729
39 0.0903803
39.01 0.105979
39.02 0.121565
39.03 0.137134
39.04 0.15268
39.05 0.1682
39.06 0.183689
39.07 0.199142
39.08 0.214555
39.09 0.229924
39.1 0.245243
39.11 0.260508
39.12 0.275716
39.13 0.290861
39.14 0.305939
39.15 0.320947
39.16 0.335878
39.17 0.350731
39.18 0.365499
39.19 0.380179
39.2 0.394768
39.21 0.40926
39.22 0.423652
39.23 0.43794
39.24 0.452121
39.25 0.466189
39.26 0.480143
39.27 0.493977
39.28 0.507689
39.29 0.521274
39.3 0.53473
39.31 0.548053
39.32 0.561239
39.33 0.574286
39.34 0.58719
39.35 0.599949
39.36 0.612558
39.37 0.625016
39.38 0.637319
39.39 0.649465
39.4 0.661451
39.41 0.673273
39.42 0.684931
39.43 0.69642
39.44 0.70774
39.45 0.718886
39.46 0.729858
39.47 0.740652
39.48 0.751267
39.49 0.7617
39.5 0.77195
39.51 0.782015
39.52 0.791892
39.53 0.80158
39.54 0.811077
39.55 0.820381
39.56 0.829491
39.57 0.838404
39.58 0.847121
39.59 0.855638
39.6 0.863955
39.61 0.872069
39.62 0.879981
39.63 0.887688
39.64 0.895189
39.65 0.902483
39.66 0.909568
39.67 0.916445
39.68 0.923111
39.69 0.929565
39.7 0.935807
39.71 0.941836
39.72 0.94765
39.73 0.953249
39.74 0.958631
39.75 0.963797
39.76 0.968746
39.77 0.973476
39.78 0.977986
39.79 0.982277
39.8 0.986348
39.81 0.990198
39.82 0.993826
39.83 0.997232
39.84 1.00042
39.85 1.00338
39.86 1.00611
39.87 1.00863
39.88 1.01091
39.89 1.01298
39.9 1.01482
39.91 1.01643
39.92 1.01782
39.93 1.01898
39.94 1.01992
39.95 1.02063
39.96 1.02112
39.97 1.02138
39.98 1.02141
39.99 1.02121
40 1.02079
