0.01 0.000117805
0.02 0.000706747
0.03 0.00223768
0.04 0.00518094
0.05 0.0100061
0.06 0.0171817
0.07 0.027175
0.08 0.0404518
0.09 0.0574759
0.1 0.0787092
0.11 0.104611
0.12 0.135639
0.13 0.172247
0.14 0.214886
0.15 0.264004
0.16 0.320045
0.17 0.38345
0.18 0.454655
0.19 0.534092
0.2 0.622189
0.21 0.719368
0.22 0.826048
0.23 0.942641
0.24 1.06955
0.25 1.20719
0.26 1.35594
0.27 1.5162
0.28 1.68834
0.29 1.87275
0.3 2.0698
0.31 2.27984
0.32 2.50324
0.33 2.74033
0.34 2.99146
0.35 3.25697
0.36 3.53717
0.37 3.83238
0.38 4.14291
0.39 4.46906
0.4 4.81111
0.41 5.16935
0.42 5.54405
0.43 5.93547
0.44 6.34386
0.45 6.76946
0.46 7.21252
0.47 7.67324
0.48 8.15185
0.49 8.64853
0.5 9.1635
0.51 9.69692
0.52 10.249
0.53 10.8198
0.54 11.4095
0.55 12.0184
0.56 12.6464
0.57 13.2937
0.58 13.9604
0.59 14.6466
0.6 15.3524
0.61 16.0778
0.62 16.8229
0.63 17.5877
0.64 18.3723
0.65 19.1766
0.66 20.0007
0.67 20.8446
0.68 21.7082
0.69 22.5914
0.7 23.4944
0.71 24.4169
0.72 25.3589
0.73 26.3203
0.74 27.301
0.75 28.3009
0.76 29.3199
0.77 30.3577
0.78 31.4143
0.79 32.4895
0.8 33.5831
0.81 34.6948
0.82 35.8245
0.83 36.9719
0.84 38.1368
0.85 39.3189
0.86 40.5179
0.87 41.7336
0.88 42.9656
0.89 44.2136
0.9 45.4774
0.91 46.7564
0.92 48.0505
0.93 49.3591
0.94 50.6819
0.95 52.0185
0.96 53.3684
0.97 54.7313
0.98 56.1066
0.99 57.4939
1 58.8928
1.01 60.3026
1.02 61.723
1.03 63.1533
1.04 64.593
1.05 66.0417
1.06 67.4987
1.07 68.9633
1.08 70.4352
1.09 71.9136
1.1 73.3978
1.11 74.8874
1.12 76.3816
1.13 77.8798
1.14 79.3813
1.15 80.8854
1.16 82.3915
1.17 83.8988
1.18 85.4067
1.19 86.9144
1.2 88.4212
1.21 89.9264
1.22 91.4291
1.23 92.9288
1.24 94.4246
1.25 95.9157
1.26 97.4014
1.27 98.881
1.28 100.354
1.29 101.818
1.3 103.275
1.31 104.722
1.32 106.159
1.33 107.585
1.34 108.999
1.35 110.401
1.36 111.79
1.37 113.165
1.38 114.525
1.39 115.87
1.4 117.198
1.41 118.509
1.42 119.803
1.43 121.078
1.44 122.333
1.45 123.569
1.46 124.784
1.47 125.977
1.48 127.149
1.49 128.297
1.5 129.422
1.51 130.523
1.52 131.599
1.53 132.65
1.54 133.675
1.55 134.672
1.56 135.643
1.57 136.586
1.58 137.5
1.59 138.386
1.6 139.242
1.61 140.068
1.62 140.863
1.63 141.628
1.64 142.361
1.65 143.062
1.66 143.73
1.67 144.366
1.68 144.969
1.69 145.539
1.7 146.074
1.71 146.575
1.72 147.042
1.73 147.474
1.74 147.87
1.75 148.232
1.76 148.557
1.77 148.846
1.78 149.099
1.79 149.316
1.8 149.496
1.81 149.639
1.82 149.745
1.83 149.813
1.84 149.844
1.85 149.838
1.86 149.794
1.87 149.712
1.88 149.592
1.89 149.434
1.9 149.237
1.91 149.003
1.92 148.73
1.93 148.418
1.94 148.068
1.95 147.679
1.96 147.252
1.97 146.786
1.98 146.281
1.99 145.737
2 145.154
2.01 144.533
2.02 143.872
2.03 143.173
2.04 142.434
2.05 141.657
2.06 140.84
2.07 139.984
2.08 139.09
2.09 138.156
2.1 137.183
2.11 136.17
2.12 135.119
2.13 134.028
2.14 132.899
2.15 131.729
2.16 130.521
2.17 129.274
2.18 127.987
2.19 126.661
2.2 125.295
2.21 123.891
2.22 122.447
2.23 120.963
2.24 119.441
2.25 117.879
2.26 116.277
2.27 114.637
2.28 112.956
2.29 111.237
2.3 109.478
2.31 107.68
2.32 105.842
2.33 103.965
2.34 102.049
2.35 100.093
2.36 98.0977
2.37 96.0633
2.38 93.9896
2.39 91.8768
2.4 89.7247
2.41 87.5336
2.42 85.3034
2.43 83.0342
2.44 80.7261
2.45 78.3793
2.46 75.9937
2.47 73.5696
2.48 71.1071
2.49 68.6064
2.5 66.0675
2.51 63.4908
2.52 60.8763
2.53 58.2244
2.54 55.5353
2.55 52.8093
2.56 50.0465
2.57 47.2475
2.58 44.4124
2.59 41.5417
2.6 38.6357
2.61 35.695
2.62 32.7198
2.63 29.7107
2.64 26.6682
2.65 23.5928
2.66 20.4851
2.67 17.3457
2.68 14.1753
2.69 10.9743
2.7 7.74369
2.71 4.48401
2.72 1.19606
2.73 -2.11938
2.74 -5.46153
2.75 -8.82955
2.76 -12.2226
2.77 -15.6398
2.78 -19.0802
2.79 -22.5429
2.8 -26.0268
2.81 -29.531
2.82 -33.0543
2.83 -36.5957
2.84 -40.1539
2.85 -43.7277
2.86 -47.3159
2.87 -50.9172
2.88 -54.5302
2.89 -58.1534
2.9 -61.7855
2.91 -65.4248
2.92 -69.0698
2.93 -72.7189
2.94 -76.3705
2.95 -80.0227
2.96 -83.6738
2.97 -87.322
2.98 -90.9653
2.99 -94.602
3 -98.2301
3.01 -101.847
3.02 -105.452
3.03 -109.042
3.04 -112.615
3.05 -116.169
3.06 -119.702
3.07 -123.211
3.08 -126.696
3.09 -130.152
3.1 -133.579
3.11 -136.973
3.12 -140.334
3.13 -143.658
3.14 -146.943
3.15 -150.188
3.16 -153.39
3.17 -156.548
3.18 -159.658
3.19 -162.72
3.2 -165.732
3.21 -168.691
3.22 -171.596
3.23 -174.444
3.24 -177.236
3.25 -179.968
3.26 -182.64
3.27 -185.25
3.28 -187.796
3.29 -190.278
3.3 -192.695
3.31 -195.045
3.32 -197.327
3.33 -199.542
3.34 -201.687
3.35 -203.763
3.36 -205.769
3.37 -207.704
3.38 -209.568
3.39 -211.361
3.4 -213.082
3.41 -214.733
3.42 -216.312
3.43 -217.82
3.44 -219.256
3.45 -220.622
3.46 -221.917
3.47 -223.142
3.48 -224.298
3.49 -225.384
3.5 -226.402
3.51 -227.351
3.52 -228.234
3.53 -229.049
3.54 -229.799
3.55 -230.483
3.56 -231.104
3.57 -231.66
3.58 -232.154
3.59 -232.586
3.6 -232.956
3.61 -233.267
3.62 -233.519
3.63 -233.712
3.64 -233.847
3.65 -233.926
3.66 -233.95
3.67 -233.918
3.68 -233.833
3.69 -233.694
3.7 -233.503
3.71 -233.261
3.72 -232.969
3.73 -232.626
3.74 -232.235
3.75 -231.795
3.76 -231.308
3.77 -230.774
3.78 -230.195
3.79 -229.57
3.8 -228.9
3.81 -228.186
3.82 -227.429
3.83 -226.629
3.84 -225.787
3.85 -224.903
3.86 -223.978
3.87 -223.012
3.88 -222.006
3.89 -220.961
3.9 -219.876
3.91 -218.752
3.92 -217.59
3.93 -216.389
3.94 -215.151
3.95 -213.875
3.96 -212.562
3.97 -211.211
3.98 -209.825
3.99 -208.401
4 -206.942
4.01 -205.446
4.02 -203.914
4.03 -202.347
4.04 -200.744
4.05 -199.105
4.06 -197.431
4.07 -195.721
4.08 -193.976
4.09 -192.196
4.1 -190.38
4.11 -188.529
4.12 -186.643
4.13 -184.722
4.14 -182.765
4.15 -180.772
4.16 -178.745
4.17 -176.682
4.18 -174.583
4.19 -172.448
4.2 -170.278
4.21 -168.071
4.22 -165.829
4.23 -163.55
4.24 -161.235
4.25 -158.884
4.26 -156.495
4.27 -154.07
4.28 -151.608
4.29 -149.109
4.3 -146.573
4.31 -143.999
4.32 -141.387
4.33 -138.737
4.34 -136.05
4.35 -133.324
4.36 -130.56
4.37 -127.757
4.38 -124.916
4.39 -122.035
4.4 -119.116
4.41 -116.158
4.42 -113.16
4.43 -110.123
4.44 -107.047
4.45 -103.931
4.46 -100.775
4.47 -97.5799
4.48 -94.3449
4.49 -91.0703
4.5 -87.756
4.51 -84.4021
4.52 -81.0086
4.53 -77.5757
4.54 -74.1035
4.55 -70.5922
4.56 -67.0419
4.57 -63.4529
4.58 -59.8255
4.59 -56.16
4.6 -52.4567
4.61 -48.7161
4.62 -44.9386
4.63 -41.1248
4.64 -37.275
4.65 -33.39
4.66 -29.4704
4.67 -25.5169
4.68 -21.5302
4.69 -17.5111
4.7 -13.4604
4.71 -9.37914
4.72 -5.26817
4.73 -1.12849
4.74 3.03887
4.75 7.23283
4.76 11.4523
4.77 15.6961
4.78 19.9631
4.79 24.2521
4.8 28.5616
4.81 32.8903
4.82 37.2367
4.83 41.5994
4.84 45.9768
4.85 50.3671
4.86 54.7685
4.87 59.1794
4.88 63.5976
4.89 68.0213
4.9 72.4484
4.91 76.8766
4.92 81.3037
4.93 85.7273
4.94 90.1452
4.95 94.5547
4.96 98.9532
4.97 103.338
4.98 107.707
4.99 112.057
5 116.385
5.01 120.688
5.02 124.963
5.03 129.208
5.04 133.42
5.05 137.594
5.06 141.73
5.07 145.822
5.08 149.87
5.09 153.868
5.1 157.816
5.11 161.709
5.12 165.544
5.13 169.32
5.14 173.033
5.15 176.681
5.16 180.262
5.17 183.772
5.18 187.209
5.19 190.572
5.2 193.859
5.21 197.066
5.22 200.194
5.23 203.239
5.24 206.201
5.25 209.077
5.26 211.868
5.27 214.572
5.28 217.188
5.29 219.716
5.3 222.154
5.31 224.503
5.32 226.761
5.33 228.93
5.34 231.01
5.35 232.999
5.36 234.899
5.37 236.71
5.38 238.433
5.39 240.068
5.4 241.616
5.41 243.078
5.42 244.454
5.43 245.747
5.44 246.956
5.45 248.083
5.46 249.13
5.47 250.097
5.48 250.985
5.49 251.797
5.5 252.534
5.51 253.196
5.52 253.786
5.53 254.304
5.54 254.753
5.55 255.133
5.56 255.446
5.57 255.694
5.58 255.877
5.59 255.998
5.6 256.057
5.61 256.056
5.62 255.997
5.63 255.88
5.64 255.707
5.65 255.48
5.66 255.198
5.67 254.864
5.68 254.479
5.69 254.044
5.7 253.559
5.71 253.027
5.72 252.447
5.73 251.821
5.74 251.15
5.75 250.435
5.76 249.676
5.77 248.875
5.78 248.032
5.79 247.148
5.8 246.223
5.81 245.259
5.82 244.255
5.83 243.214
5.84 242.134
5.85 241.017
5.86 239.863
5.87 238.673
5.88 237.447
5.89 236.185
5.9 234.889
5.91 233.557
5.92 232.192
5.93 230.792
5.94 229.358
5.95 227.891
5.96 226.39
5.97 224.856
5.98 223.289
5.99 221.69
6 220.058
6.01 218.393
6.02 216.695
6.03 214.966
6.04 213.204
6.05 211.409
6.06 209.582
6.07 207.723
6.08 205.832
6.09 203.908
6.1 201.952
6.11 199.963
6.12 197.941
6.13 195.887
6.14 193.8
6.15 191.68
6.16 189.527
6.17 187.341
6.18 185.121
6.19 182.867
6.2 180.58
6.21 178.259
6.22 175.904
6.23 173.514
6.24 171.09
6.25 168.631
6.26 166.136
6.27 163.607
6.28 161.042
6.29 158.441
6.3 155.804
6.31 153.131
6.32 150.421
6.33 147.674
6.34 144.891
6.35 142.07
6.36 139.211
6.37 136.315
6.38 133.381
6.39 130.408
6.4 127.397
6.41 124.348
6.42 121.259
6.43 118.132
6.44 114.965
6.45 111.759
6.46 108.513
6.47 105.227
6.48 101.902
6.49 98.5371
6.5 95.1321
6.51 91.6872
6.52 88.2024
6.53 84.6777
6.54 81.1132
6.55 77.5088
6.56 73.8649
6.57 70.1815
6.58 66.4589
6.59 62.6973
6.6 58.897
6.61 55.0583
6.62 51.1817
6.63 47.2676
6.64 43.3164
6.65 39.3286
6.66 35.305
6.67 31.2462
6.68 27.1527
6.69 23.0255
6.7 18.8653
6.71 14.673
6.72 10.4495
6.73 6.19579
6.74 1.91292
6.75 -2.39805
6.76 -6.73601
6.77 -11.0998
6.78 -15.4882
6.79 -19.9001
6.8 -24.334
6.81 -28.7886
6.82 -33.2624
6.83 -37.754
6.84 -42.2617
6.85 -46.7837
6.86 -51.3185
6.87 -55.864
6.88 -60.4184
6.89 -64.9796
6.9 -69.5454
6.91 -74.1137
6.92 -78.6821
6.93 -83.2483
6.94 -87.8098
6.95 -92.3639
6.96 -96.908
6.97 -101.439
6.98 -105.955
6.99 -110.453
7 -114.929
7.01 -119.381
7.02 -123.805
7.03 -128.199
7.04 -132.559
7.05 -136.882
7.06 -141.165
7.07 -145.405
7.08 -149.599
7.09 -153.743
7.1 -157.835
7.11 -161.871
7.12 -165.848
7.13 -169.764
7.14 -173.615
7.15 -177.399
7.16 -181.113
7.17 -184.754
7.18 -188.32
7.19 -191.808
7.2 -195.217
7.21 -198.545
7.22 -201.788
7.23 -204.947
7.24 -208.018
7.25 -211.001
7.26 -213.895
7.27 -216.697
7.28 -219.408
7.29 -222.027
7.3 -224.553
7.31 -226.986
7.32 -229.325
7.33 -231.57
7.34 -233.722
7.35 -235.78
7.36 -237.745
7.37 -239.617
7.38 -241.398
7.39 -243.087
7.4 -244.686
7.41 -246.195
7.42 -247.616
7.43 -248.95
7.44 -250.197
7.45 -251.36
7.46 -252.439
7.47 -253.435
7.48 -254.351
7.49 -255.188
7.5 -255.946
7.51 -256.629
7.52 -257.236
7.53 -257.77
7.54 -258.233
7.55 -258.625
7.56 -258.948
7.57 -259.205
7.58 -259.396
7.59 -259.522
7.6 -259.586
7.61 -259.589
7.62 -259.532
7.63 -259.416
7.64 -259.244
7.65 -259.015
7.66 -258.733
7.67 -258.397
7.68 -258.009
7.69 -257.57
7.7 -257.082
7.71 -256.545
7.72 -255.96
7.73 -255.329
7.74 -254.653
7.75 -253.932
7.76 -253.168
7.77 -252.36
7.78 -251.511
7.79 -250.62
7.8 -249.689
7.81 -248.719
7.82 -247.709
7.83 -246.661
7.84 -245.575
7.85 -244.451
7.86 -243.291
7.87 -242.095
7.88 -240.863
7.89 -239.596
7.9 -238.293
7.91 -236.956
7.92 -235.585
7.93 -234.18
7.94 -232.742
7.95 -231.27
7.96 -229.765
7.97 -228.227
7.98 -226.656
7.99 -225.053
8 -223.417
8.01 -221.749
8.02 -220.049
8.03 -218.316
8.04 -216.552
8.05 -214.755
8.06 -212.927
8.07 -211.066
8.08 -209.173
8.09 -207.248
8.1 -205.291
8.11 -203.302
8.12 -201.281
8.13 -199.227
8.14 -197.14
8.15 -195.021
8.16 -192.869
8.17 -190.684
8.18 -188.465
8.19 -186.214
8.2 -183.929
8.21 -181.61
8.22 -179.257
8.23 -176.871
8.24 -174.449
8.25 -171.993
8.26 -169.503
8.27 -166.977
8.28 -164.416
8.29 -161.819
8.3 -159.187
8.31 -156.518
8.32 -153.813
8.33 -151.071
8.34 -148.293
8.35 -145.477
8.36 -142.624
8.37 -139.733
8.38 -136.804
8.39 -133.837
8.4 -130.831
8.41 -127.787
8.42 -124.705
8.43 -121.583
8.44 -118.421
8.45 -115.221
8.46 -111.98
8.47 -108.7
8.48 -105.38
8.49 -102.02
8.5 -98.6203
8.51 -95.1802
8.52 -91.6999
8.53 -88.1794
8.54 -84.6188
8.55 -81.0181
8.56 -77.3775
8.57 -73.697
8.58 -69.9768
8.59 -66.2172
8.6 -62.4184
8.61 -58.5807
8.62 -54.7044
8.63 -50.79
8.64 -46.8379
8.65 -42.8486
8.66 -38.8227
8.67 -34.7607
8.68 -30.6634
8.69 -26.5314
8.7 -22.3656
8.71 -18.1667
8.72 -13.9358
8.73 -9.67359
8.74 -5.38125
8.75 -1.05979
8.76 3.28971
8.77 7.6661
8.78 12.0682
8.79 16.4948
8.8 20.9446
8.81 25.4163
8.82 29.9085
8.83 34.4196
8.84 38.9481
8.85 43.4923
8.86 48.0505
8.87 52.621
8.88 57.2017
8.89 61.7907
8.9 66.3859
8.91 70.9852
8.92 75.5861
8.93 80.1865
8.94 84.7837
8.95 89.3753
8.96 93.9586
8.97 98.5309
8.98 103.089
8.99 107.631
9 112.153
9.01 116.653
9.02 121.127
9.03 125.572
9.04 129.985
9.05 134.363
9.06 138.702
9.07 143
9.08 147.253
9.09 151.459
9.1 155.613
9.11 159.712
9.12 163.754
9.13 167.736
9.14 171.654
9.15 175.506
9.16 179.289
9.17 182.999
9.18 186.636
9.19 190.195
9.2 193.676
9.21 197.075
9.22 200.39
9.23 203.621
9.24 206.764
9.25 209.819
9.26 212.784
9.27 215.658
9.28 218.44
9.29 221.129
9.3 223.725
9.31 226.226
9.32 228.633
9.33 230.945
9.34 233.163
9.35 235.286
9.36 237.315
9.37 239.251
9.38 241.092
9.39 242.842
9.4 244.499
9.41 246.066
9.42 247.543
9.43 248.931
9.44 250.231
9.45 251.446
9.46 252.575
9.47 253.62
9.48 254.583
9.49 255.465
9.5 256.268
9.51 256.994
9.52 257.643
9.53 258.217
9.54 258.718
9.55 259.148
9.56 259.508
9.57 259.799
9.58 260.023
9.59 260.182
9.6 260.278
9.61 260.311
9.62 260.282
9.63 260.195
9.64 260.049
9.65 259.847
9.66 259.589
9.67 259.277
9.68 258.913
9.69 258.496
9.7 258.03
9.71 257.513
9.72 256.949
9.73 256.338
9.74 255.68
9.75 254.977
9.76 254.23
9.77 253.439
9.78 252.606
9.79 251.731
9.8 250.815
9.81 249.859
9.82 248.864
9.83 247.83
9.84 246.757
9.85 245.647
9.86 244.499
9.87 243.316
9.88 242.096
9.89 240.84
9.9 239.549
9.91 238.223
9.92 236.863
9.93 235.469
9.94 234.041
9.95 232.579
9.96 231.085
9.97 229.557
9.98 227.996
9.99 226.402
10 224.776
10.01 223.117
10.02 221.427
10.03 219.703
10.04 217.948
10.05 216.161
10.06 214.341
10.07 212.49
10.08 210.606
10.09 208.69
10.1 206.742
10.11 204.761
10.12 202.749
10.13 200.703
10.14 198.626
10.15 196.515
10.16 194.372
10.17 192.196
10.18 189.986
10.19 187.744
10.2 185.467
10.21 183.157
10.22 180.814
10.23 178.436
10.24 176.023
10.25 173.576
10.26 171.095
10.27 168.578
10.28 166.026
10.29 163.438
10.3 160.815
10.31 158.155
10.32 155.46
10.33 152.727
10.34 149.958
10.35 147.151
10.36 144.307
10.37 141.426
10.38 138.506
10.39 135.548
10.4 132.552
10.41 129.517
10.42 126.444
10.43 123.331
10.44 120.179
10.45 116.988
10.46 113.756
10.47 110.485
10.48 107.174
10.49 103.823
10.5 100.432
10.51 97.0007
10.52 93.5289
10.53 90.0169
10.54 86.4646
10.55 82.872
10.56 79.2393
10.57 75.5665
10.58 71.8538
10.59 68.1015
10.6 64.3096
10.61 60.4787
10.62 56.6088
10.63 52.7005
10.64 48.7542
10.65 44.7703
10.66 40.7493
10.67 36.6919
10.68 32.5988
10.69 28.4705
10.7 24.3079
10.71 20.1118
10.72 15.8831
10.73 11.6226
10.74 7.33139
10.75 3.01049
10.76 -1.33902
10.77 -5.71601
10.78 -10.1193
10.79 -14.5478
10.8 -19
10.81 -23.4749
10.82 -27.9708
10.83 -32.4864
10.84 -37.0201
10.85 -41.5704
10.86 -46.1354
10.87 -50.7134
10.88 -55.3026
10.89 -59.9009
10.9 -64.5063
10.91 -69.1167
10.92 -73.7297
10.93 -78.3431
10.94 -82.9544
10.95 -87.561
10.96 -92.1604
10.97 -96.7498
10.98 -101.327
10.99 -105.888
11 -110.43
11.01 -114.951
11.02 -119.448
11.03 -123.917
11.04 -128.354
11.05 -132.758
11.06 -137.125
11.07 -141.451
11.08 -145.733
11.09 -149.968
11.1 -154.154
11.11 -158.285
11.12 -162.361
11.13 -166.376
11.14 -170.329
11.15 -174.217
11.16 -178.036
11.17 -181.783
11.18 -185.457
11.19 -189.055
11.2 -192.574
11.21 -196.013
11.22 -199.368
11.23 -202.638
11.24 -205.821
11.25 -208.917
11.26 -211.922
11.27 -214.836
11.28 -217.659
11.29 -220.388
11.3 -223.024
11.31 -225.565
11.32 -228.011
11.33 -230.363
11.34 -232.619
11.35 -234.781
11.36 -236.847
11.37 -238.82
11.38 -240.698
11.39 -242.484
11.4 -244.177
11.41 -245.778
11.42 -247.289
11.43 -248.71
11.44 -250.043
11.45 -251.289
11.46 -252.449
11.47 -253.525
11.48 -254.517
11.49 -255.428
11.5 -256.259
11.51 -257.012
11.52 -257.687
11.53 -258.287
11.54 -258.813
11.55 -259.266
11.56 -259.649
11.57 -259.963
11.58 -260.209
11.59 -260.389
11.6 -260.505
11.61 -260.558
11.62 -260.549
11.63 -260.479
11.64 -260.352
11.65 -260.166
11.66 -259.925
11.67 -259.629
11.68 -259.28
11.69 -258.879
11.7 -258.427
11.71 -257.924
11.72 -257.373
11.73 -256.775
11.74 -256.13
11.75 -255.439
11.76 -254.704
11.77 -253.925
11.78 -253.103
11.79 -252.238
11.8 -251.333
11.81 -250.387
11.82 -249.401
11.83 -248.377
11.84 -247.313
11.85 -246.212
11.86 -245.073
11.87 -243.898
11.88 -242.686
11.89 -241.439
11.9 -240.156
11.91 -238.838
11.92 -237.485
11.93 -236.098
11.94 -234.677
11.95 -233.223
11.96 -231.735
11.97 -230.214
11.98 -228.66
11.99 -227.073
12 -225.453
12.01 -223.801
12.02 -222.116
12.03 -220.399
12.04 -218.65
12.05 -216.869
12.06 -215.055
12.07 -213.209
12.08 -211.332
12.09 -209.421
12.1 -207.479
12.11 -205.505
12.12 -203.497
12.13 -201.458
12.14 -199.386
12.15 -197.281
12.16 -195.144
12.17 -192.973
12.18 -190.769
12.19 -188.532
12.2 -186.261
12.21 -183.957
12.22 -181.619
12.23 -179.247
12.24 -176.84
12.25 -174.399
12.26 -171.923
12.27 -169.412
12.28 -166.865
12.29 -164.283
12.3 -161.665
12.31 -159.012
12.32 -156.321
12.33 -153.594
12.34 -150.831
12.35 -148.03
12.36 -145.192
12.37 -142.316
12.38 -139.402
12.39 -136.45
12.4 -133.46
12.41 -130.43
12.42 -127.362
12.43 -124.255
12.44 -121.109
12.45 -117.923
12.46 -114.697
12.47 -111.432
12.48 -108.127
12.49 -104.781
12.5 -101.395
12.51 -97.9691
12.52 -94.5027
12.53 -90.9959
12.54 -87.4487
12.55 -83.8612
12.56 -80.2335
12.57 -76.5656
12.58 -72.8576
12.59 -69.1099
12.6 -65.3226
12.61 -61.4959
12.62 -57.6302
12.63 -53.726
12.64 -49.7834
12.65 -45.8032
12.66 -41.7857
12.67 -37.7315
12.68 -33.6414
12.69 -29.5158
12.7 -25.3558
12.71 -21.1619
12.72 -16.9351
12.73 -12.6763
12.74 -8.38648
12.75 -4.06666
12.76 0.282084
12.77 4.65863
12.78 9.06182
12.79 13.4905
12.8 17.9433
12.81 22.419
12.82 26.9162
12.83 31.4335
12.84 35.9693
12.85 40.522
12.86 45.0899
12.87 49.6712
12.88 54.2642
12.89 58.8667
12.9 63.4769
12.91 68.0924
12.92 72.7112
12.93 77.3308
12.94 81.9489
12.95 86.5629
12.96 91.1703
12.97 95.7682
12.98 100.354
12.99 104.925
13 109.478
13.01 114.01
13.02 118.518
13.03 122.999
13.04 127.449
13.05 131.867
13.06 136.247
13.07 140.588
13.08 144.885
13.09 149.136
13.1 153.338
13.11 157.486
13.12 161.579
13.13 165.613
13.14 169.584
13.15 173.49
13.16 177.329
13.17 181.096
13.18 184.79
13.19 188.409
13.2 191.948
13.21 195.408
13.22 198.784
13.23 202.076
13.24 205.281
13.25 208.398
13.26 211.425
13.27 214.361
13.28 217.205
13.29 219.957
13.3 222.614
13.31 225.177
13.32 227.645
13.33 230.018
13.34 232.295
13.35 234.478
13.36 236.565
13.37 238.558
13.38 240.457
13.39 242.262
13.4 243.975
13.41 245.595
13.42 247.125
13.43 248.565
13.44 249.916
13.45 251.179
13.46 252.356
13.47 253.449
13.48 254.457
13.49 255.384
13.5 256.231
13.51 256.998
13.52 257.688
13.53 258.302
13.54 258.842
13.55 259.309
13.56 259.705
13.57 260.031
13.58 260.289
13.59 260.481
13.6 260.608
13.61 260.672
13.62 260.673
13.63 260.615
13.64 260.497
13.65 260.321
13.66 260.089
13.67 259.803
13.68 259.462
13.69 259.069
13.7 258.625
13.71 258.131
13.72 257.587
13.73 256.996
13.74 256.358
13.75 255.674
13.76 254.945
13.77 254.173
13.78 253.357
13.79 252.499
13.8 251.599
13.81 250.659
13.82 249.679
13.83 248.659
13.84 247.601
13.85 246.505
13.86 245.371
13.87 244.201
13.88 242.994
13.89 241.751
13.9 240.472
13.91 239.159
13.92 237.81
13.93 236.428
13.94 235.011
13.95 233.56
13.96 232.076
13.97 230.559
13.98 229.008
13.99 227.425
14 225.809
14.01 224.16
14.02 222.479
14.03 220.766
14.04 219.02
14.05 217.242
14.06 215.432
14.07 213.59
14.08 211.715
14.09 209.808
14.1 207.869
14.11 205.898
14.12 203.894
14.13 201.858
14.14 199.789
14.15 197.687
14.16 195.553
14.17 193.385
14.18 191.184
14.19 188.95
14.2 186.683
14.21 184.382
14.22 182.047
14.23 179.677
14.24 177.274
14.25 174.836
14.26 172.363
14.27 169.855
14.28 167.312
14.29 164.733
14.3 162.118
14.31 159.467
14.32 156.78
14.33 154.056
14.34 151.296
14.35 148.498
14.36 145.663
14.37 142.79
14.38 139.88
14.39 136.931
14.4 133.944
14.41 130.918
14.42 127.853
14.43 124.749
14.44 121.605
14.45 118.423
14.46 115.2
14.47 111.938
14.48 108.635
14.49 105.293
14.5 101.91
14.51 98.4869
14.52 95.0234
14.53 91.5195
14.54 87.9752
14.55 84.3905
14.56 80.7655
14.57 77.1003
14.58 73.395
14.59 69.6498
14.6 65.865
14.61 62.0408
14.62 58.1775
14.63 54.2754
14.64 50.3351
14.65 46.3569
14.66 42.3413
14.67 38.289
14.68 34.2005
14.69 30.0766
14.7 25.918
14.71 21.7254
14.72 17.4998
14.73 13.242
14.74 8.95307
14.75 4.63394
14.76 0.285727
14.77 -4.09046
14.78 -8.49347
14.79 -12.9221
14.8 -17.3751
14.81 -21.8512
14.82 -26.349
14.83 -30.867
14.84 -35.4038
14.85 -39.9577
14.86 -44.527
14.87 -49.11
14.88 -53.7048
14.89 -58.3095
14.9 -62.9221
14.91 -67.5403
14.92 -72.162
14.93 -76.7849
14.94 -81.4065
14.95 -86.0244
14.96 -90.6358
14.97 -95.2382
14.98 -99.8288
14.99 -104.405
15 -108.963
15.01 -113.501
15.02 -118.015
15.03 -122.502
15.04 -126.96
15.05 -131.384
15.06 -135.772
15.07 -140.12
15.08 -144.426
15.09 -148.685
15.1 -152.895
15.11 -157.053
15.12 -161.155
15.13 -165.198
15.14 -169.179
15.15 -173.096
15.16 -176.944
15.17 -180.722
15.18 -184.427
15.19 -188.056
15.2 -191.607
15.21 -195.078
15.22 -198.466
15.23 -201.769
15.24 -204.986
15.25 -208.114
15.26 -211.153
15.27 -214.101
15.28 -216.957
15.29 -219.72
15.3 -222.389
15.31 -224.963
15.32 -227.443
15.33 -229.827
15.34 -232.117
15.35 -234.31
15.36 -236.409
15.37 -238.413
15.38 -240.323
15.39 -242.139
15.4 -243.862
15.41 -245.492
15.42 -247.032
15.43 -248.482
15.44 -249.843
15.45 -251.116
15.46 -252.302
15.47 -253.403
15.48 -254.421
15.49 -255.357
15.5 -256.211
15.51 -256.987
15.52 -257.685
15.53 -258.306
15.54 -258.854
15.55 -259.328
15.56 -259.731
15.57 -260.064
15.58 -260.329
15.59 -260.527
15.6 -260.66
15.61 -260.73
15.62 -260.737
15.63 -260.684
15.64 -260.572
15.65 -260.401
15.66 -260.175
15.67 -259.893
15.68 -259.557
15.69 -259.169
15.7 -258.729
15.71 -258.239
15.72 -257.7
15.73 -257.112
15.74 -256.478
15.75 -255.798
15.76 -255.073
15.77 -254.304
15.78 -253.491
15.79 -252.637
15.8 -251.74
15.81 -250.803
15.82 -249.826
15.83 -248.809
15.84 -247.754
15.85 -246.661
15.86 -245.53
15.87 -244.362
15.88 -243.157
15.89 -241.917
15.9 -240.641
15.91 -239.329
15.92 -237.983
15.93 -236.603
15.94 -235.188
15.95 -233.74
15.96 -232.258
15.97 -230.742
15.98 -229.194
15.99 -227.613
16 -225.999
16.01 -224.352
16.02 -222.673
16.03 -220.961
16.04 -219.217
16.05 -217.441
16.06 -215.633
16.07 -213.792
16.08 -211.92
16.09 -210.014
16.1 -208.077
16.11 -206.107
16.12 -204.105
16.13 -202.071
16.14 -200.004
16.15 -197.904
16.16 -195.771
16.17 -193.605
16.18 -191.406
16.19 -189.174
16.2 -186.908
16.21 -184.609
16.22 -182.275
16.23 -179.908
16.24 -177.506
16.25 -175.069
16.26 -172.598
16.27 -170.092
16.28 -167.55
16.29 -164.973
16.3 -162.36
16.31 -159.711
16.32 -157.026
16.33 -154.304
16.34 -151.545
16.35 -148.749
16.36 -145.915
16.37 -143.044
16.38 -140.135
16.39 -137.188
16.4 -134.202
16.41 -131.178
16.42 -128.115
16.43 -125.013
16.44 -121.871
16.45 -118.69
16.46 -115.469
16.47 -112.208
16.48 -108.908
16.49 -105.567
16.5 -102.186
16.51 -98.7641
16.52 -95.3022
16.53 -91.7998
16.54 -88.2571
16.55 -84.6739
16.56 -81.0504
16.57 -77.3866
16.58 -73.6828
16.59 -69.939
16.6 -66.1556
16.61 -62.3326
16.62 -58.4706
16.63 -54.5698
16.64 -50.6306
16.65 -46.6535
16.66 -42.639
16.67 -38.5877
16.68 -34.5002
16.69 -30.3772
16.7 -26.2193
16.71 -22.0275
16.72 -17.8025
16.73 -13.5453
16.74 -9.25683
16.75 -4.9381
16.76 -0.590189
16.77 3.78578
16.78 8.18867
16.79 12.6173
16.8 17.0704
16.81 21.5466
16.82 26.0447
16.83 30.5631
16.84 35.1004
16.85 39.6549
16.86 44.2249
16.87 48.8088
16.88 53.4046
16.89 58.0105
16.9 62.6243
16.91 67.2439
16.92 71.8672
16.93 76.4918
16.94 81.1152
16.95 85.7351
16.96 90.3488
16.97 94.9535
16.98 99.5467
16.99 104.125
17 108.686
17.01 113.227
17.02 117.745
17.03 122.235
17.04 126.696
17.05 131.124
17.06 135.516
17.07 139.869
17.08 144.179
17.09 148.442
17.1 152.657
17.11 156.82
17.12 160.927
17.13 164.975
17.14 168.961
17.15 172.883
17.16 176.737
17.17 180.521
17.18 184.232
17.19 187.867
17.2 191.423
17.21 194.9
17.22 198.294
17.23 201.603
17.24 204.826
17.25 207.961
17.26 211.006
17.27 213.961
17.28 216.823
17.29 219.592
17.3 222.267
17.31 224.848
17.32 227.334
17.33 229.724
17.34 232.02
17.35 234.22
17.36 236.324
17.37 238.334
17.38 240.25
17.39 242.071
17.4 243.8
17.41 245.436
17.42 246.982
17.43 248.437
17.44 249.803
17.45 251.081
17.46 252.272
17.47 253.378
17.48 254.401
17.49 255.341
17.5 256.2
17.51 256.98
17.52 257.682
17.53 258.308
17.54 258.859
17.55 259.338
17.56 259.744
17.57 260.081
17.58 260.35
17.59 260.551
17.6 260.688
17.61 260.761
17.62 260.771
17.63 260.721
17.64 260.611
17.65 260.444
17.66 260.22
17.67 259.941
17.68 259.607
17.69 259.221
17.7 258.784
17.71 258.296
17.72 257.759
17.73 257.174
17.74 256.542
17.75 255.864
17.76 255.141
17.77 254.374
17.78 253.563
17.79 252.71
17.8 251.816
17.81 250.88
17.82 249.904
17.83 248.889
17.84 247.836
17.85 246.744
17.86 245.614
17.87 244.448
17.88 243.244
17.89 242.005
17.9 240.73
17.91 239.42
17.92 238.076
17.93 236.696
17.94 235.283
17.95 233.836
17.96 232.355
17.97 230.841
17.98 229.293
17.99 227.713
18 226.1
18.01 224.454
18.02 222.776
18.03 221.066
18.04 219.323
18.05 217.548
18.06 215.74
18.07 213.901
18.08 212.029
18.09 210.125
18.1 208.188
18.11 206.22
18.12 204.219
18.13 202.185
18.14 200.119
18.15 198.02
18.16 195.888
18.17 193.723
18.18 191.525
18.19 189.293
18.2 187.029
18.21 184.73
18.22 182.397
18.23 180.031
18.24 177.63
18.25 175.194
18.26 172.724
18.27 170.219
18.28 167.678
18.29 165.102
18.3 162.489
18.31 159.841
18.32 157.157
18.33 154.436
18.34 151.678
18.35 148.883
18.36 146.05
18.37 143.18
18.38 140.272
18.39 137.326
18.4 134.341
18.41 131.318
18.42 128.255
18.43 125.154
18.44 122.013
18.45 118.833
18.46 115.613
18.47 112.353
18.48 109.053
18.49 105.713
18.5 102.333
18.51 98.9125
18.52 95.4515
18.53 91.95
18.54 88.408
18.55 84.8257
18.56 81.203
18.57 77.54
18.58 73.8369
18.59 70.0939
18.6 66.3112
18.61 62.489
18.62 58.6276
18.63 54.7275
18.64 50.7889
18.65 46.8125
18.66 42.7985
18.67 38.7478
18.68 34.6608
18.69 30.5382
18.7 26.3808
18.71 22.1894
18.72 17.9647
18.73 13.7078
18.74 9.41961
18.75 5.1011
18.76 0.753355
18.77 -3.6225
18.78 -8.02532
18.79 -12.4539
18.8 -16.907
18.81 -21.3834
18.82 -25.8816
18.83 -30.4002
18.84 -34.9377
18.85 -39.4925
18.86 -44.063
18.87 -48.6473
18.88 -53.2437
18.89 -57.8501
18.9 -62.4646
18.91 -67.085
18.92 -71.7091
18.93 -76.3346
18.94 -80.959
18.95 -85.58
18.96 -90.1948
18.97 -94.8008
18.98 -99.3953
18.99 -103.975
19 -108.538
19.01 -113.08
19.02 -117.6
19.03 -122.092
19.04 -126.555
19.05 -130.985
19.06 -135.379
19.07 -139.734
19.08 -144.046
19.09 -148.312
19.1 -152.529
19.11 -156.694
19.12 -160.804
19.13 -164.855
19.14 -168.844
19.15 -172.769
19.16 -176.626
19.17 -180.413
19.18 -184.126
19.19 -187.765
19.2 -191.325
19.21 -194.804
19.22 -198.202
19.23 -201.514
19.24 -204.74
19.25 -207.879
19.26 -210.927
19.27 -213.885
19.28 -216.751
19.29 -219.523
19.3 -222.202
19.31 -224.786
19.32 -227.275
19.33 -229.669
19.34 -231.968
19.35 -234.171
19.36 -236.279
19.37 -238.292
19.38 -240.21
19.39 -242.035
19.4 -243.767
19.41 -245.406
19.42 -246.954
19.43 -248.412
19.44 -249.781
19.45 -251.062
19.46 -252.256
19.47 -253.365
19.48 -254.39
19.49 -255.332
19.5 -256.194
19.51 -256.976
19.52 -257.681
19.53 -258.309
19.54 -258.862
19.55 -259.343
19.56 -259.751
19.57 -260.09
19.58 -260.361
19.59 -260.564
19.6 -260.702
19.61 -260.777
19.62 -260.789
19.63 -260.741
19.64 -260.633
19.65 -260.467
19.66 -260.244
19.67 -259.966
19.68 -259.634
19.69 -259.25
19.7 -258.814
19.71 -258.327
19.72 -257.791
19.73 -257.207
19.74 -256.576
19.75 -255.899
19.76 -255.177
19.77 -254.411
19.78 -253.601
19.79 -252.749
19.8 -251.856
19.81 -250.921
19.82 -249.946
19.83 -248.932
19.84 -247.879
19.85 -246.788
19.86 -245.659
19.87 -244.493
19.88 -243.291
19.89 -242.053
19.9 -240.778
19.91 -239.469
19.92 -238.125
19.93 -236.746
19.94 -235.334
19.95 -233.887
19.96 -232.407
19.97 -230.893
19.98 -229.346
19.99 -227.767
20 -226.154
20.01 -224.509
20.02 -222.832
20.03 -221.122
20.04 -219.379
20.05 -217.605
20.06 -215.798
20.07 -213.959
20.08 -212.087
20.09 -210.184
20.1 -208.248
20.11 -206.28
20.12 -204.279
20.13 -202.246
20.14 -200.18
20.15 -198.082
20.16 -195.95
20.17 -193.786
20.18 -191.588
20.19 -189.357
20.2 -187.093
20.21 -184.795
20.22 -182.463
20.23 -180.097
20.24 -177.696
20.25 -175.261
20.26 -172.791
20.27 -170.286
20.28 -167.746
20.29 -165.17
20.3 -162.559
20.31 -159.911
20.32 -157.227
20.33 -154.507
20.34 -151.749
20.35 -148.954
20.36 -146.122
20.37 -143.253
20.38 -140.345
20.39 -137.399
20.4 -134.415
20.41 -131.392
20.42 -128.331
20.43 -125.23
20.44 -122.09
20.45 -118.91
20.46 -115.69
20.47 -112.431
20.48 -109.132
20.49 -105.792
20.5 -102.412
20.51 -98.992
20.52 -95.5314
20.53 -92.0304
20.54 -88.4889
20.55 -84.907
20.56 -81.2847
20.57 -77.6222
20.58 -73.9195
20.59 -70.1769
20.6 -66.3945
20.61 -62.5727
20.62 -58.7117
20.63 -54.812
20.64 -50.8737
20.65 -46.8976
20.66 -42.884
20.67 -38.8335
20.68 -34.7468
20.69 -30.6245
20.7 -26.4673
20.71 -22.2761
20.72 -18.0516
20.73 -13.7949
20.74 -9.50683
20.75 -5.18843
20.76 -0.840781
20.77 3.53501
20.78 7.93779
20.79 12.3664
20.8 16.8195
20.81 21.2959
20.82 25.7942
20.83 30.3129
20.84 34.8505
20.85 39.4055
20.86 43.9762
20.87 48.5608
20.88 53.1574
20.89 57.7642
20.9 62.379
20.91 66.9998
20.92 71.6243
20.93 76.2503
20.94 80.8753
20.95 85.4968
20.96 90.1123
20.97 94.719
20.98 99.3141
20.99 103.895
21 108.459
21.01 113.002
21.02 117.522
21.03 122.015
21.04 126.479
21.05 130.91
21.06 135.306
21.07 139.661
21.08 143.975
21.09 148.242
21.1 152.461
21.11 156.627
21.12 160.738
21.13 164.791
21.14 168.781
21.15 172.708
21.16 176.566
21.17 180.355
21.18 184.07
21.19 187.71
21.2 191.272
21.21 194.753
21.22 198.152
21.23 201.466
21.24 204.694
21.25 207.834
21.26 210.885
21.27 213.844
21.28 216.712
21.29 219.486
21.3 222.167
21.31 224.753
21.32 227.244
21.33 229.639
21.34 231.94
21.35 234.144
21.36 236.254
21.37 238.269
21.38 240.189
21.39 242.015
21.4 243.749
21.41 245.39
21.42 246.94
21.43 248.399
21.44 249.769
21.45 251.052
21.46 252.247
21.47 253.357
21.48 254.384
21.49 255.328
21.5 256.191
21.51 256.974
21.52 257.68
21.53 258.309
21.54 258.864
21.55 259.345
21.56 259.755
21.57 260.095
21.58 260.366
21.59 260.571
21.6 260.71
21.61 260.786
21.62 260.799
21.63 260.751
21.64 260.644
21.65 260.479
21.66 260.257
21.67 259.98
21.68 259.649
21.69 259.265
21.7 258.829
21.71 258.343
21.72 257.808
21.73 257.225
21.74 256.595
21.75 255.918
21.76 255.197
21.77 254.431
21.78 253.622
21.79 252.77
21.8 251.877
21.81 250.943
21.82 249.969
21.83 248.955
21.84 247.903
21.85 246.812
21.86 245.684
21.87 244.518
21.88 243.316
21.89 242.078
21.9 240.804
21.91 239.495
21.92 238.151
21.93 236.773
21.94 235.361
21.95 233.914
21.96 232.435
21.97 230.921
21.98 229.375
21.99 227.795
22 226.183
22.01 224.539
22.02 222.861
22.03 221.152
22.04 219.41
22.05 217.635
22.06 215.829
22.07 213.99
22.08 212.119
22.09 210.216
22.1 208.28
22.11 206.312
22.12 204.312
22.13 202.279
22.14 200.213
22.15 198.115
22.16 195.984
22.17 193.82
22.18 191.622
22.19 189.392
22.2 187.128
22.21 184.83
22.22 182.498
22.23 180.132
22.24 177.732
22.25 175.297
22.26 172.827
22.27 170.323
22.28 167.783
22.29 165.207
22.3 162.596
22.31 159.949
22.32 157.265
22.33 154.544
22.34 151.787
22.35 148.993
22.36 146.161
22.37 143.292
22.38 140.384
22.39 137.439
22.4 134.455
22.41 131.432
22.42 128.371
22.43 125.27
22.44 122.13
22.45 118.951
22.46 115.732
22.47 112.473
22.48 109.173
22.49 105.834
22.5 102.455
22.51 99.0346
22.52 95.5742
22.53 92.0734
22.54 88.5322
22.55 84.9505
22.56 81.3285
22.57 77.6662
22.58 73.9637
22.59 70.2213
22.6 66.4392
22.61 62.6176
22.62 58.7568
22.63 54.8572
22.64 50.9192
22.65 46.9432
22.66 42.9298
22.67 38.8795
22.68 34.7929
22.69 30.6707
22.7 26.5136
22.71 22.3225
22.72 18.0982
22.73 13.8416
22.74 9.55355
22.75 5.23522
22.76 0.887622
22.77 -3.48813
22.78 -7.89089
22.79 -12.3195
22.8 -16.7726
22.81 -21.249
22.82 -25.7473
22.83 -30.2661
22.84 -34.8038
22.85 -39.3589
22.86 -43.9297
22.87 -48.5144
22.88 -53.1112
22.89 -57.7181
22.9 -62.3331
22.91 -66.9541
22.92 -71.5789
22.93 -76.2052
22.94 -80.8304
22.95 -85.4523
22.96 -90.068
22.97 -94.6751
22.98 -99.2707
22.99 -103.852
23 -108.416
23.01 -112.96
23.02 -117.48
23.03 -121.974
23.04 -126.439
23.05 -130.87
23.06 -135.266
23.07 -139.623
23.08 -143.937
23.09 -148.205
23.1 -152.424
23.11 -156.591
23.12 -160.703
23.13 -164.756
23.14 -168.748
23.15 -172.675
23.16 -176.534
23.17 -180.324
23.18 -184.04
23.19 -187.681
23.2 -191.243
23.21 -194.726
23.22 -198.125
23.23 -201.441
23.24 -204.67
23.25 -207.811
23.26 -210.862
23.27 -213.823
23.28 -216.691
23.29 -219.466
23.3 -222.148
23.31 -224.735
23.32 -227.227
23.33 -229.623
23.34 -231.924
23.35 -234.13
23.36 -236.241
23.37 -238.256
23.38 -240.178
23.39 -242.005
23.4 -243.739
23.41 -245.381
23.42 -246.932
23.43 -248.392
23.44 -249.763
23.45 -251.046
23.46 -252.242
23.47 -253.354
23.48 -254.381
23.49 -255.325
23.5 -256.189
23.51 -256.973
23.52 -257.679
23.53 -258.309
23.54 -258.865
23.55 -259.347
23.56 -259.757
23.57 -260.097
23.58 -260.369
23.59 -260.575
23.6 -260.714
23.61 -260.79
23.62 -260.804
23.63 -260.757
23.64 -260.65
23.65 -260.485
23.66 -260.264
23.67 -259.987
23.68 -259.656
23.69 -259.273
23.7 -258.838
23.71 -258.352
23.72 -257.817
23.73 -257.235
23.74 -256.605
23.75 -255.928
23.76 -255.207
23.77 -254.442
23.78 -253.633
23.79 -252.782
23.8 -251.889
23.81 -250.955
23.82 -249.981
23.83 -248.967
23.84 -247.915
23.85 -246.825
23.86 -245.696
23.87 -244.531
23.88 -243.329
23.89 -242.092
23.9 -240.818
23.91 -239.509
23.92 -238.166
23.93 -236.788
23.94 -235.375
23.95 -233.929
23.96 -232.449
23.97 -230.936
23.98 -229.39
23.99 -227.811
24 -226.199
24.01 -224.554
24.02 -222.877
24.03 -221.168
24.04 -219.426
24.05 -217.652
24.06 -215.845
24.07 -214.007
24.08 -212.136
24.09 -210.232
24.1 -208.297
24.11 -206.329
24.12 -204.329
24.13 -202.296
24.14 -200.231
24.15 -198.133
24.16 -196.002
24.17 -193.838
24.18 -191.641
24.19 -189.41
24.2 -187.146
24.21 -184.848
24.22 -182.517
24.23 -180.151
24.24 -177.751
24.25 -175.316
24.26 -172.847
24.27 -170.342
24.28 -167.802
24.29 -165.227
24.3 -162.616
24.31 -159.969
24.32 -157.285
24.33 -154.565
24.34 -151.808
24.35 -149.014
24.36 -146.182
24.37 -143.313
24.38 -140.405
24.39 -137.46
24.4 -134.476
24.41 -131.454
24.42 -128.393
24.43 -125.292
24.44 -122.152
24.45 -118.973
24.46 -115.754
24.47 -112.495
24.48 -109.196
24.49 -105.857
24.5 -102.477
24.51 -99.0574
24.52 -95.5972
24.53 -92.0965
24.54 -88.5554
24.55 -84.9739
24.56 -81.3519
24.57 -77.6898
24.58 -73.9874
24.59 -70.2452
24.6 -66.4631
24.61 -62.6416
24.62 -58.781
24.63 -54.8815
24.64 -50.9435
24.65 -46.9676
24.66 -42.9543
24.67 -38.9041
24.68 -34.8176
24.69 -30.6954
24.7 -26.5385
24.71 -22.3474
24.72 -18.1231
24.73 -13.8665
24.74 -9.57859
24.75 -5.26029
24.76 -0.912717
24.77 3.46302
24.78 7.86576
24.79 12.2943
24.8 16.7475
24.81 21.2239
24.82 25.7222
24.83 30.241
24.84 34.7788
24.85 39.334
24.86 43.9048
24.87 48.4896
24.88 53.0864
24.89 57.6934
24.9 62.3086
24.91 66.9297
24.92 71.5546
24.93 76.181
24.94 80.8064
24.95 85.4284
24.96 90.0443
24.97 94.6516
24.98 99.2474
24.99 103.829
25 108.393
25.01 112.937
25.02 117.458
25.03 121.952
25.04 126.417
25.05 130.849
25.06 135.245
25.07 139.602
25.08 143.916
25.09 148.185
25.1 152.404
25.11 156.572
25.12 160.684
25.13 164.738
25.14 168.73
25.15 172.657
25.16 176.517
25.17 180.307
25.18 184.024
25.19 187.665
25.2 191.228
25.21 194.711
25.22 198.111
25.23 201.427
25.24 204.657
25.25 207.798
25.26 210.85
25.27 213.811
25.28 216.68
25.29 219.456
25.3 222.138
25.31 224.725
25.32 227.218
25.33 229.615
25.34 231.916
25.35 234.123
25.36 236.234
25.37 238.25
25.38 240.172
25.39 241.999
25.4 243.734
25.41 245.376
25.42 246.927
25.43 248.388
25.44 249.76
25.45 251.043
25.46 252.24
25.47 253.351
25.48 254.379
25.49 255.324
25.5 256.188
25.51 256.973
25.52 257.679
25.53 258.309
25.54 258.865
25.55 259.347
25.56 259.758
25.57 260.099
25.58 260.371
25.59 260.576
25.6 260.716
25.61 260.793
25.62 260.807
25.63 260.76
25.64 260.653
25.65 260.489
25.66 260.267
25.67 259.991
25.68 259.66
25.69 259.277
25.7 258.842
25.71 258.357
25.72 257.822
25.73 257.24
25.74 256.61
25.75 255.934
25.76 255.213
25.77 254.447
25.78 253.639
25.79 252.788
25.8 251.895
25.81 250.961
25.82 249.987
25.83 248.974
25.84 247.922
25.85 246.831
25.86 245.703
25.87 244.538
25.88 243.337
25.89 242.099
25.9 240.825
25.91 239.517
25.92 238.173
25.93 236.795
25.94 235.383
25.95 233.937
25.96 232.457
25.97 230.944
25.98 229.398
25.99 227.819
26 226.207
26.01 224.563
26.02 222.886
26.03 221.176
26.04 219.434
26.05 217.66
26.06 215.854
26.07 214.015
26.08 212.145
26.09 210.242
26.1 208.306
26.11 206.338
26.12 204.338
26.13 202.306
26.14 200.24
26.15 198.142
26.16 196.011
26.17 193.847
26.18 191.65
26.19 189.42
26.2 187.156
26.21 184.858
26.22 182.527
26.23 180.161
26.24 177.761
26.25 175.327
26.26 172.857
26.27 170.353
26.28 167.813
26.29 165.238
26.3 162.627
26.31 159.979
26.32 157.296
26.33 154.576
26.34 151.819
26.35 149.025
26.36 146.193
26.37 143.324
26.38 140.417
26.39 137.471
26.4 134.488
26.41 131.465
26.42 128.404
26.43 125.304
26.44 122.164
26.45 118.985
26.46 115.766
26.47 112.507
26.48 109.208
26.49 105.869
26.5 102.489
26.51 99.0696
26.52 95.6095
26.53 92.1089
26.54 88.5678
26.55 84.9864
26.56 81.3645
26.57 77.7024
26.58 74.0001
26.59 70.2579
26.6 66.476
26.61 62.6545
26.62 58.7939
26.63 54.8944
26.64 50.9566
26.65 46.9807
26.66 42.9674
26.67 38.9173
26.68 34.8308
26.69 30.7087
26.7 26.5518
26.71 22.3608
26.72 18.1365
26.73 13.8799
26.74 9.592
26.75 5.27372
26.76 0.926161
26.77 -3.44956
26.78 -7.8523
26.79 -12.2809
26.8 -16.734
26.81 -21.2104
26.82 -25.7088
26.83 -30.2276
26.84 -34.7654
26.85 -39.3206
26.86 -43.8914
26.87 -48.4762
26.88 -53.0731
26.89 -57.6802
26.9 -62.2954
26.91 -66.9166
26.92 -71.5416
26.93 -76.168
26.94 -80.7935
26.95 -85.4156
26.96 -90.0316
26.97 -94.639
26.98 -99.2349
26.99 -103.816
27 -108.381
27.01 -112.925
27.02 -117.446
27.03 -121.94
27.04 -126.405
27.05 -130.837
27.06 -135.234
27.07 -139.591
27.08 -143.905
27.09 -148.174
27.1 -152.394
27.11 -156.562
27.12 -160.674
27.13 -164.728
27.14 -168.72
27.15 -172.648
27.16 -176.508
27.17 -180.298
27.18 -184.015
27.19 -187.656
27.2 -191.22
27.21 -194.703
27.22 -198.104
27.23 -201.42
27.24 -204.65
27.25 -207.791
27.26 -210.843
27.27 -213.805
27.28 -216.674
27.29 -219.45
27.3 -222.132
27.31 -224.72
27.32 -227.213
27.33 -229.61
27.34 -231.912
27.35 -234.119
27.36 -236.23
27.37 -238.246
27.38 -240.168
27.39 -241.996
27.4 -243.731
27.41 -245.374
27.42 -246.925
27.43 -248.386
27.44 -249.758
27.45 -251.042
27.46 -252.239
27.47 -253.35
27.48 -254.378
27.49 -255.323
27.5 -256.187
27.51 -256.972
27.52 -257.679
27.53 -258.31
27.54 -258.865
27.55 -259.348
27.56 -259.759
27.57 -260.1
27.58 -260.372
27.59 -260.577
27.6 -260.718
27.61 -260.794
27.62 -260.808
27.63 -260.761
27.64 -260.655
27.65 -260.49
27.66 -260.269
27.67 -259.993
27.68 -259.663
27.69 -259.279
27.7 -258.845
27.71 -258.359
27.72 -257.825
27.73 -257.242
27.74 -256.613
27.75 -255.937
27.76 -255.216
27.77 -254.451
27.78 -253.642
27.79 -252.791
27.8 -251.898
27.81 -250.965
27.82 -249.991
27.83 -248.978
27.84 -247.925
27.85 -246.835
27.86 -245.707
27.87 -244.542
27.88 -243.34
27.89 -242.103
27.9 -240.829
27.91 -239.521
27.92 -238.177
27.93 -236.799
27.94 -235.387
27.95 -233.941
27.96 -232.462
27.97 -230.949
27.98 -229.403
27.99 -227.824
28 -226.212
28.01 -224.567
28.02 -222.89
28.03 -221.181
28.04 -219.439
28.05 -217.665
28.06 -215.859
28.07 -214.02
28.08 -212.149
28.09 -210.246
28.1 -208.311
28.11 -206.343
28.12 -204.343
28.13 -202.311
28.14 -200.245
28.15 -198.147
28.16 -196.017
28.17 -193.853
28.18 -191.656
28.19 -189.425
28.2 -187.161
28.21 -184.864
28.22 -182.532
28.23 -180.167
28.24 -177.767
28.25 -175.332
28.26 -172.863
28.27 -170.358
28.28 -167.819
28.29 -165.243
28.3 -162.632
28.31 -159.985
28.32 -157.302
28.33 -154.582
28.34 -151.825
28.35 -149.03
28.36 -146.199
28.37 -143.33
28.38 -140.423
28.39 -137.478
28.4 -134.494
28.41 -131.472
28.42 -128.41
28.43 -125.31
28.44 -122.17
28.45 -118.991
28.46 -115.772
28.47 -112.513
28.48 -109.214
28.49 -105.875
28.5 -102.496
28.51 -99.0762
28.52 -95.6161
28.53 -92.1155
28.54 -88.5745
28.55 -84.993
28.56 -81.3712
28.57 -77.7091
28.58 -74.0069
28.59 -70.2647
28.6 -66.4828
28.61 -62.6614
28.62 -58.8008
28.63 -54.9014
28.64 -50.9636
28.65 -46.9877
28.66 -42.9745
28.67 -38.9243
28.68 -34.8379
28.69 -30.7158
28.7 -26.5589
28.71 -22.3679
28.72 -18.1437
28.73 -13.8871
28.74 -9.59918
28.75 -5.28091
28.76 -0.933363
28.77 3.44235
28.78 7.84509
28.79 12.2737
28.8 16.7268
28.81 21.2032
28.82 25.7016
28.83 30.2204
28.84 34.7582
28.85 39.3134
28.86 43.8843
28.87 48.4691
28.88 53.066
28.89 57.6731
28.9 62.2883
28.91 66.9096
28.92 71.5346
28.93 76.1611
28.94 80.7866
28.95 85.4087
28.96 90.0248
28.97 94.6322
28.98 99.2282
28.99 103.81
29 108.374
29.01 112.918
29.02 117.439
29.03 121.934
29.04 126.399
29.05 130.831
29.06 135.228
29.07 139.585
29.08 143.899
29.09 148.168
29.1 152.388
29.11 156.556
29.12 160.668
29.13 164.722
29.14 168.715
29.15 172.643
29.16 176.503
29.17 180.293
29.18 184.01
29.19 187.652
29.2 191.215
29.21 194.699
29.22 198.1
29.23 201.416
29.24 204.646
29.25 207.788
29.26 210.84
29.27 213.801
29.28 216.671
29.29 219.447
29.3 222.129
29.31 224.717
29.32 227.21
29.33 229.608
29.34 231.91
29.35 234.116
29.36 236.228
29.37 238.244
29.38 240.167
29.39 241.995
29.4 243.73
29.41 245.373
29.42 246.924
29.43 248.385
29.44 249.757
29.45 251.041
29.46 252.238
29.47 253.35
29.48 254.377
29.49 255.323
29.5 256.187
29.51 256.972
29.52 257.679
29.53 258.31
29.54 258.865
29.55 259.348
29.56 259.759
29.57 260.1
29.58 260.372
29.59 260.578
29.6 260.718
29.61 260.795
29.62 260.809
29.63 260.762
29.64 260.656
29.65 260.491
29.66 260.27
29.67 259.994
29.68 259.664
29.69 259.281
29.7 258.846
29.71 258.361
29.72 257.826
29.73 257.244
29.74 256.614
29.75 255.938
29.76 255.217
29.77 254.452
29.78 253.644
29.79 252.793
29.8 251.9
29.81 250.966
29.82 249.993
29.83 248.979
29.84 247.927
29.85 246.837
29.86 245.709
29.87 244.544
29.88 243.342
29.89 242.105
29.9 240.831
29.91 239.523
29.92 238.179
29.93 236.802
29.94 235.389
29.95 233.944
29.96 232.464
29.97 230.951
29.98 229.405
29.99 227.826
30 226.214
30.01 224.57
30.02 222.893
30.03 221.183
30.04 219.442
30.05 217.668
30.06 215.861
30.07 214.023
30.08 212.152
30.09 210.249
30.1 208.314
30.11 206.346
30.12 204.346
30.13 202.313
30.14 200.248
30.15 198.15
30.16 196.019
30.17 193.855
30.18 191.658
30.19 189.428
30.2 187.164
30.21 184.867
30.22 182.535
30.23 180.169
30.24 177.77
30.25 175.335
30.26 172.866
30.27 170.361
30.28 167.822
30.29 165.246
30.3 162.635
30.31 159.988
30.32 157.305
30.33 154.585
30.34 151.828
30.35 149.034
30.36 146.202
30.37 143.333
30.38 140.426
30.39 137.481
30.4 134.497
30.41 131.475
30.42 128.414
30.43 125.313
30.44 122.174
30.45 118.994
30.46 115.775
30.47 112.517
30.48 109.218
30.49 105.879
30.5 102.499
30.51 99.0797
30.52 95.6196
30.53 92.1191
30.54 88.5781
30.55 84.9966
30.56 81.3748
30.57 77.7128
30.58 74.0106
30.59 70.2684
30.6 66.4865
30.61 62.6651
30.62 58.8045
30.63 54.9051
30.64 50.9673
30.65 46.9915
30.66 42.9783
30.67 38.9281
30.68 34.8417
30.69 30.7196
30.7 26.5627
30.71 22.3717
30.72 18.1475
30.73 13.8909
30.74 9.60303
30.75 5.28477
30.76 0.937222
30.77 -3.43849
30.78 -7.84123
30.79 -12.2698
30.8 -16.7229
30.81 -21.1994
30.82 -25.6977
30.83 -30.2166
30.84 -34.7544
30.85 -39.3096
30.86 -43.8805
30.87 -48.4653
30.88 -53.0622
30.89 -57.6693
30.9 -62.2846
30.91 -66.9058
30.92 -71.5308
30.93 -76.1573
30.94 -80.7829
30.95 -85.4051
30.96 -90.0212
30.97 -94.6286
30.98 -99.2246
30.99 -103.806
31 -108.371
31.01 -112.915
31.02 -117.436
31.03 -121.931
31.04 -126.396
31.05 -130.828
31.06 -135.224
31.07 -139.581
31.08 -143.896
31.09 -148.165
31.1 -152.385
31.11 -156.553
31.12 -160.666
31.13 -164.72
31.14 -168.712
31.15 -172.64
31.16 -176.5
31.17 -180.291
31.18 -184.008
31.19 -187.649
31.2 -191.213
31.21 -194.696
31.22 -198.097
31.23 -201.414
31.24 -204.644
31.25 -207.786
31.26 -210.838
31.27 -213.8
31.28 -216.669
31.29 -219.445
31.3 -222.128
31.31 -224.716
31.32 -227.209
31.33 -229.606
31.34 -231.909
31.35 -234.115
31.36 -236.227
31.37 -238.243
31.38 -240.166
31.39 -241.994
31.4 -243.729
31.41 -245.372
31.42 -246.923
31.43 -248.384
31.44 -249.756
31.45 -251.04
31.46 -252.237
31.47 -253.349
31.48 -254.377
31.49 -255.323
31.5 -256.187
31.51 -256.972
31.52 -257.679
31.53 -258.31
31.54 -258.865
31.55 -259.348
31.56 -259.759
31.57 -260.1
31.58 -260.373
31.59 -260.578
31.6 -260.719
31.61 -260.795
31.62 -260.809
31.63 -260.762
31.64 -260.656
31.65 -260.492
31.66 -260.271
31.67 -259.995
31.68 -259.664
31.69 -259.281
31.7 -258.847
31.71 -258.362
31.72 -257.827
31.73 -257.245
31.74 -256.615
31.75 -255.939
31.76 -255.218
31.77 -254.453
31.78 -253.645
31.79 -252.794
31.8 -251.901
31.81 -250.967
31.82 -249.994
31.83 -248.98
31.84 -247.928
31.85 -246.838
31.86 -245.71
31.87 -244.545
31.88 -243.344
31.89 -242.106
31.9 -240.833
31.91 -239.524
31.92 -238.181
31.93 -236.803
31.94 -235.391
31.95 -233.945
31.96 -232.465
31.97 -230.952
31.98 -229.406
31.99 -227.827
32 -226.215
32.01 -224.571
32.02 -222.894
32.03 -221.185
32.04 -219.443
32.05 -217.669
32.06 -215.863
32.07 -214.024
32.08 -212.153
32.09 -210.25
32.1 -208.315
32.11 -206.347
32.12 -204.347
32.13 -202.315
32.14 -200.25
32.15 -198.152
32.16 -196.021
32.17 -193.857
32.18 -191.66
32.19 -189.43
32.2 -187.166
32.21 -184.868
32.22 -182.537
32.23 -180.171
32.24 -177.771
32.25 -175.337
32.26 -172.867
32.27 -170.363
32.28 -167.823
32.29 -165.248
32.3 -162.637
32.31 -159.99
32.32 -157.306
32.33 -154.586
32.34 -151.829
32.35 -149.035
32.36 -146.204
32.37 -143.335
32.38 -140.428
32.39 -137.483
32.4 -134.499
32.41 -131.477
32.42 -128.415
32.43 -125.315
32.44 -122.175
32.45 -118.996
32.46 -115.777
32.47 -112.518
32.48 -109.22
32.49 -105.881
32.5 -102.501
32.51 -99.0816
32.52 -95.6215
32.53 -92.121
32.54 -88.58
32.55 -84.9986
32.56 -81.3768
32.57 -77.7147
32.58 -74.0125
32.59 -70.2704
32.6 -66.4885
32.61 -62.6671
32.62 -58.8065
32.63 -54.9071
32.64 -50.9693
32.65 -46.9935
32.66 -42.9803
32.67 -38.9301
32.68 -34.8437
32.69 -30.7217
32.7 -26.5648
32.71 -22.3738
32.72 -18.1496
32.73 -13.893
32.74 -9.60509
32.75 -5.28683
32.76 -0.939289
32.77 3.43642
32.78 7.83916
32.79 12.2677
32.8 16.7209
32.81 21.1973
32.82 25.6957
32.83 30.2145
32.84 34.7523
32.85 39.3075
32.86 43.8784
32.87 48.4632
32.88 53.0602
32.89 57.6673
32.9 62.2825
32.91 66.9038
32.92 71.5288
32.93 76.1553
32.94 80.7809
32.95 85.4031
32.96 90.0192
32.97 94.6267
32.98 99.2227
32.99 103.804
33 108.369
33.01 112.913
33.02 117.434
33.03 121.929
33.04 126.394
33.05 130.826
33.06 135.223
33.07 139.58
33.08 143.895
33.09 148.164
33.1 152.384
33.11 156.551
33.12 160.664
33.13 164.718
33.14 168.711
33.15 172.639
33.16 176.499
33.17 180.289
33.18 184.006
33.19 187.648
33.2 191.212
33.21 194.695
33.22 198.096
33.23 201.413
33.24 204.643
33.25 207.785
33.26 210.837
33.27 213.799
33.28 216.668
33.29 219.444
33.3 222.127
33.31 224.715
33.32 227.208
33.33 229.606
33.34 231.908
33.35 234.115
33.36 236.226
33.37 238.243
33.38 240.165
33.39 241.993
33.4 243.729
33.41 245.371
33.42 246.923
33.43 248.384
33.44 249.756
33.45 251.04
33.46 252.237
33.47 253.349
33.48 254.377
33.49 255.323
33.5 256.187
33.51 256.972
33.52 257.679
33.53 258.31
33.54 258.865
33.55 259.348
33.56 259.759
33.57 260.1
33.58 260.373
33.59 260.579
33.6 260.719
33.61 260.795
33.62 260.809
33.63 260.763
33.64 260.657
33.65 260.492
33.66 260.271
33.67 259.995
33.68 259.665
33.69 259.282
33.7 258.847
33.71 258.362
33.72 257.828
33.73 257.245
33.74 256.615
33.75 255.94
33.76 255.219
33.77 254.454
33.78 253.645
33.79 252.794
33.8 251.901
33.81 250.968
33.82 249.994
33.83 248.981
33.84 247.929
33.85 246.839
33.86 245.711
33.87 244.546
33.88 243.344
33.89 242.107
33.9 240.833
33.91 239.525
33.92 238.181
33.93 236.803
33.94 235.391
33.95 233.945
33.96 232.466
33.97 230.953
33.98 229.407
33.99 227.828
34 226.216
34.01 224.572
34.02 222.895
34.03 221.185
34.04 219.444
34.05 217.67
34.06 215.863
34.07 214.025
34.08 212.154
34.09 210.251
34.1 208.316
34.11 206.348
34.12 204.348
34.13 202.316
34.14 200.25
34.15 198.152
34.16 196.022
34.17 193.858
34.18 191.661
34.19 189.43
34.2 187.167
34.21 184.869
34.22 182.537
34.23 180.172
34.24 177.772
34.25 175.337
34.26 172.868
34.27 170.364
34.28 167.824
34.29 165.249
34.3 162.638
34.31 159.991
34.32 157.307
34.33 154.587
34.34 151.83
34.35 149.036
34.36 146.205
34.37 143.336
34.38 140.429
34.39 137.483
34.4 134.5
34.41 131.478
34.42 128.416
34.43 125.316
34.44 122.176
34.45 118.997
34.46 115.778
34.47 112.519
34.48 109.221
34.49 105.882
34.5 102.502
34.51 99.0826
34.52 95.6225
34.53 92.122
34.54 88.581
34.55 84.9996
34.56 81.3778
34.57 77.7158
34.58 74.0136
34.59 70.2714
34.6 66.4895
34.61 62.6681
34.62 58.8076
34.63 54.9082
34.64 50.9704
34.65 46.9946
34.66 42.9814
34.67 38.9312
34.68 34.8448
34.69 30.7228
34.7 26.5659
34.71 22.3749
34.72 18.1507
34.73 13.8941
34.74 9.6062
34.75 5.28794
34.76 0.940396
34.77 -3.43532
34.78 -7.83805
34.79 -12.2666
34.8 -16.7198
34.81 -21.1962
34.82 -25.6946
34.83 -30.2134
34.84 -34.7512
34.85 -39.3064
34.86 -43.8773
34.87 -48.4622
34.88 -53.0591
34.89 -57.6662
34.9 -62.2815
34.91 -66.9027
34.92 -71.5278
34.93 -76.1543
34.94 -80.7799
34.95 -85.402
34.96 -90.0182
34.97 -94.6257
34.98 -99.2217
34.99 -103.803
35 -108.368
35.01 -112.912
35.02 -117.433
35.03 -121.928
35.04 -126.393
35.05 -130.825
35.06 -135.222
35.07 -139.579
35.08 -143.894
35.09 -148.163
35.1 -152.383
35.11 -156.551
35.12 -160.663
35.13 -164.717
35.14 -168.71
35.15 -172.638
35.16 -176.498
35.17 -180.288
35.18 -184.006
35.19 -187.647
35.2 -191.211
35.21 -194.695
35.22 -198.096
35.23 -201.412
35.24 -204.642
35.25 -207.784
35.26 -210.837
35.27 -213.798
35.28 -216.668
35.29 -219.444
35.3 -222.127
35.31 -224.715
35.32 -227.208
35.33 -229.605
35.34 -231.908
35.35 -234.114
35.36 -236.226
35.37 -238.243
35.38 -240.165
35.39 -241.993
35.4 -243.728
35.41 -245.371
35.42 -246.923
35.43 -248.384
35.44 -249.756
35.45 -251.04
35.46 -252.237
35.47 -253.349
35.48 -254.377
35.49 -255.322
35.5 -256.187
35.51 -256.972
35.52 -257.679
35.53 -258.31
35.54 -258.865
35.55 -259.348
35.56 -259.759
35.57 -260.1
35.58 -260.373
35.59 -260.579
35.6 -260.719
35.61 -260.795
35.62 -260.81
35.63 -260.763
35.64 -260.657
35.65 -260.492
35.66 -260.272
35.67 -259.995
35.68 -259.665
35.69 -259.282
35.7 -258.847
35.71 -258.362
35.72 -257.828
35.73 -257.245
35.74 -256.616
35.75 -255.94
35.76 -255.219
35.77 -254.454
35.78 -253.645
35.79 -252.794
35.8 -251.902
35.81 -250.968
35.82 -249.994
35.83 -248.981
35.84 -247.929
35.85 -246.839
35.86 -245.711
35.87 -244.546
35.88 -243.344
35.89 -242.107
35.9 -240.834
35.91 -239.525
35.92 -238.182
35.93 -236.804
35.94 -235.392
35.95 -233.946
35.96 -232.466
35.97 -230.953
35.98 -229.407
35.99 -227.828
36 -226.216
36.01 -224.572
36.02 -222.895
36.03 -221.186
36.04 -219.444
36.05 -217.67
36.06 -215.864
36.07 -214.025
36.08 -212.155
36.09 -210.252
36.1 -208.316
36.11 -206.349
36.12 -204.349
36.13 -202.316
36.14 -200.251
36.15 -198.153
36.16 -196.022
36.17 -193.858
36.18 -191.661
36.19 -189.431
36.2 -187.167
36.21 -184.869
36.22 -182.538
36.23 -180.172
36.24 -177.772
36.25 -175.338
36.26 -172.869
36.27 -170.364
36.28 -167.825
36.29 -165.249
36.3 -162.638
36.31 -159.991
36.32 -157.308
36.33 -154.588
36.34 -151.831
36.35 -149.037
36.36 -146.205
36.37 -143.336
36.38 -140.429
36.39 -137.484
36.4 -134.5
36.41 -131.478
36.42 -128.417
36.43 -125.316
36.44 -122.177
36.45 -118.998
36.46 -115.779
36.47 -112.52
36.48 -109.221
36.49 -105.882
36.5 -102.503
36.51 -99.0831
36.52 -95.623
36.53 -92.1225
36.54 -88.5815
36.55 -85.0001
36.56 -81.3784
36.57 -77.7163
36.58 -74.0141
36.59 -70.272
36.6 -66.4901
36.61 -62.6687
36.62 -58.8082
36.63 -54.9088
36.64 -50.971
36.65 -46.9952
36.66 -42.9819
36.67 -38.9318
36.68 -34.8454
36.69 -30.7233
36.7 -26.5664
36.71 -22.3755
36.72 -18.1512
36.73 -13.8947
36.74 -9.60679
36.75 -5.28853
36.76 -0.940989
36.77 3.43472
36.78 7.83745
36.79 12.266
36.8 16.7192
36.81 21.1956
36.82 25.694
36.83 30.2128
36.84 34.7506
36.85 39.3058
36.86 43.8767
36.87 48.4616
36.88 53.0585
36.89 57.6656
36.9 62.2809
36.91 66.9021
36.92 71.5272
36.93 76.1537
36.94 80.7793
36.95 85.4015
36.96 90.0176
36.97 94.6251
36.98 99.2211
36.99 103.803
37 108.367
37.01 112.912
37.02 117.433
37.03 121.927
37.04 126.392
37.05 130.825
37.06 135.221
37.07 139.578
37.08 143.893
37.09 148.162
37.1 152.382
37.11 156.55
37.12 160.663
37.13 164.717
37.14 168.709
37.15 172.637
37.16 176.498
37.17 180.288
37.18 184.005
37.19 187.647
37.2 191.211
37.21 194.694
37.22 198.095
37.23 201.412
37.24 204.642
37.25 207.784
37.26 210.836
37.27 213.798
37.28 216.667
37.29 219.444
37.3 222.126
37.31 224.714
37.32 227.207
37.33 229.605
37.34 231.907
37.35 234.114
37.36 236.226
37.37 238.242
37.38 240.165
37.39 241.993
37.4 243.728
37.41 245.371
37.42 246.923
37.43 248.384
37.44 249.756
37.45 251.04
37.46 252.237
37.47 253.349
37.48 254.377
37.49 255.322
37.5 256.187
37.51 256.972
37.52 257.679
37.53 258.31
37.54 258.865
37.55 259.348
37.56 259.759
37.57 260.1
37.58 260.373
37.59 260.579
37.6 260.719
37.61 260.795
37.62 260.81
37.63 260.763
37.64 260.657
37.65 260.493
37.66 260.272
37.67 259.995
37.68 259.665
37.69 259.282
37.7 258.847
37.71 258.362
37.72 257.828
37.73 257.245
37.74 256.616
37.75 255.94
37.76 255.219
37.77 254.454
37.78 253.645
37.79 252.794
37.8 251.902
37.81 250.968
37.82 249.995
37.83 248.981
37.84 247.929
37.85 246.839
37.86 245.711
37.87 244.546
37.88 243.345
37.89 242.107
37.9 240.834
37.91 239.525
37.92 238.182
37.93 236.804
37.94 235.392
37.95 233.946
37.96 232.466
37.97 230.953
37.98 229.407
37.99 227.828
38 226.217
38.01 224.572
38.02 222.895
38.03 221.186
38.04 219.444
38.05 217.67
38.06 215.864
38.07 214.026
38.08 212.155
38.09 210.252
38.1 208.316
38.11 206.349
38.12 204.349
38.13 202.316
38.14 200.251
38.15 198.153
38.16 196.022
38.17 193.858
38.18 191.661
38.19 189.431
38.2 187.167
38.21 184.87
38.22 182.538
38.23 180.173
38.24 177.773
38.25 175.338
38.26 172.869
38.27 170.364
38.28 167.825
38.29 165.25
38.3 162.639
38.31 159.991
38.32 157.308
38.33 154.588
38.34 151.831
38.35 149.037
38.36 146.206
38.37 143.336
38.38 140.429
38.39 137.484
38.4 134.501
38.41 131.478
38.42 128.417
38.43 125.317
38.44 122.177
38.45 118.998
38.46 115.779
38.47 112.52
38.48 109.221
38.49 105.882
38.5 102.503
38.51 99.0834
38.52 95.6233
38.53 92.1228
38.54 88.5818
38.55 85.0004
38.56 81.3787
38.57 77.7166
38.58 74.0144
38.59 70.2723
38.6 66.4904
38.61 62.669
38.62 58.8085
38.63 54.9091
38.64 50.9713
38.65 46.9955
38.66 42.9822
38.67 38.9321
38.68 34.8457
38.69 30.7237
38.7 26.5668
38.71 22.3758
38.72 18.1516
38.73 13.895
38.74 9.60711
38.75 5.28885
38.76 0.941307
38.77 -3.4344
38.78 -7.83714
38.79 -12.2657
38.8 -16.7189
38.81 -21.1953
38.82 -25.6937
38.83 -30.2125
38.84 -34.7503
38.85 -39.3055
38.86 -43.8764
38.87 -48.4612
38.88 -53.0582
38.89 -57.6653
38.9 -62.2806
38.91 -66.9018
38.92 -71.5269
38.93 -76.1534
38.94 -80.779
38.95 -85.4012
38.96 -90.0173
38.97 -94.6248
38.98 -99.2208
38.99 -103.803
39 -108.367
39.01 -112.911
39.02 -117.432
39.03 -121.927
39.04 -126.392
39.05 -130.824
39.06 -135.221
39.07 -139.578
39.08 -143.893
39.09 -148.162
39.1 -152.382
39.11 -156.55
39.12 -160.663
39.13 -164.717
39.14 -168.709
39.15 -172.637
39.16 -176.498
39.17 -180.288
39.18 -184.005
39.19 -187.647
39.2 -191.211
39.21 -194.694
39.22 -198.095
39.23 -201.411
39.24 -204.642
39.25 -207.784
39.26 -210.836
39.27 -213.798
39.28 -216.667
39.29 -219.444
39.3 -222.126
39.31 -224.714
39.32 -227.207
39.33 -229.605
39.34 -231.907
39.35 -234.114
39.36 -236.226
39.37 -238.242
39.38 -240.165
39.39 -241.993
39.4 -243.728
39.41 -245.371
39.42 -246.923
39.43 -248.384
39.44 -249.756
39.45 -251.04
39.46 -252.237
39.47 -253.349
39.48 -254.377
39.49 -255.322
39.5 -256.187
39.51 -256.972
39.52 -257.679
39.53 -258.31
39.54 -258.865
39.55 -259.348
39.56 -259.759
39.57 -260.1
39.58 -260.373
39.59 -260.579
39.6 -260.719
39.61 -260.796
39.62 -260.81
39.63 -260.763
39.64 -260.657
39.65 -260.493
39.66 -260.272
39.67 -259.995
39.68 -259.665
39.69 -259.282
39.7 -258.847
39.71 -258.362
39.72 -257.828
39.73 -257.245
39.74 -256.616
39.75 -255.94
39.76 -255.219
39.77 -254.454
39.78 -253.646
39.79 -252.795
39.8 -251.902
39.81 -250.968
39.82 -249.995
39.83 -248.981
39.84 -247.929
39.85 -246.839
39.86 -245.711
39.87 -244.546
39.88 -243.345
39.89 -242.107
39.9 -240.834
39.91 -239.525
39.92 -238.182
39.93 -236.804
39.94 -235.392
39.95 -233.946
39.96 -232.466
39.97 -230.954
39.98 -229.408
39.99 -227.829
40 -226.217
