0 0 0 0 0 0 0
0.1 28951.4 890000 58508.3 -28951.4 890000 -58508.3
0.2 57649.6 1.78e+06 116498 -57649.6 1.78e+06 -116498
0.3 86091.1 2.67e+06 173962 -86091.1 2.67e+06 -173962
0.4 114272 3.56e+06 230894 -114272 3.56e+06 -230894
0.5 142189 4.45e+06 287285 -142189 4.45e+06 -287285
0.6 169839 5.34e+06 343128 -169839 5.34e+06 -343128
0.7 197216 6.23e+06 398414 -197216 6.23e+06 -398414
0.8 224318 7.12e+06 453137 -224318 7.12e+06 -453137
0.9 251139 8.01e+06 507286 -251139 8.01e+06 -507286
1 277676 8.9e+06 560855 -277676 8.9e+06 -560855
