0 0 0 0 0 0 0
0.1 3.13656e-07 -6.7065e-05 -5.20738e-06 -3.13656e-07 -6.7065e-05 5.20738e-06
0.2 6.24569e-07 -0.000134565 -1.04261e-05 -6.24569e-07 -0.000134565 1.04261e-05
0.3 9.32701e-07 -0.000202507 -1.56563e-05 -9.32701e-07 -0.000202507 1.56563e-05
0.4 1.23801e-06 -0.000270902 -2.08982e-05 -1.23801e-06 -0.000270902 2.08982e-05
0.5 1.54046e-06 -0.000339758 -2.61519e-05 -1.54046e-06 -0.000339758 2.61519e-05
0.6 1.84001e-06 -0.000409084 -3.14175e-05 -1.84001e-06 -0.000409084 3.14175e-05
0.7 2.13662e-06 -0.000478891 -3.66954e-05 -2.13662e-06 -0.000478891 3.66954e-05
0.8 2.43023e-06 -0.000549187 -4.19855e-05 -2.43023e-06 -0.000549187 4.19855e-05
0.9 2.72081e-06 -0.000619985 -4.72882e-05 -2.72081e-06 -0.000619985 4.72882e-05
1 3.00831e-06 -0.000691294 -5.26036e-05 -3.00831e-06 -0.000691294 5.26036e-05
