0 0 0 0 0 0 0
0.1 79381.5 890000 581481 -79381.5 890000 -581481
0.2 158117 1.78e+06 1.15821e+06 -158117 1.78e+06 -1.15821e+06
0.3 236192 2.67e+06 1.73007e+06 -236192 2.67e+06 -1.73007e+06
0.4 313592 3.56e+06 2.29696e+06 -313592 3.56e+06 -2.29696e+06
0.5 390301 4.45e+06 2.85876e+06 -390301 4.45e+06 -2.85876e+06
0.6 466303 5.34e+06 3.41535e+06 -466303 5.34e+06 -3.41535e+06
0.7 541581 6.23e+06 3.9666e+06 -541581 6.23e+06 -3.9666e+06
0.8 616117 7.12e+06 4.51238e+06 -616117 7.12e+06 -4.51238e+06
0.9 689438 8.01e+06 5.04921e+06 -689438 8.01e+06 -5.04921e+06
1 761527 8.9e+06 5.57698e+06 -761527 8.9e+06 -5.57698e+06
