0 0 0 0 0 0 0
0.1 28951.4 890000 -28345.8 -28951.4 890000 28345.8
0.2 57649.6 1.78e+06 -56450.5 -57649.6 1.78e+06 56450.5
0.3 86091.1 2.67e+06 -84310.8 -86091.1 2.67e+06 84310.8
0.4 114272 3.56e+06 -111923 -114272 3.56e+06 111923
0.5 142189 4.45e+06 -139283 -142189 4.45e+06 139283
0.6 169839 5.34e+06 -166388 -169839 5.34e+06 166388
0.7 197216 6.23e+06 -193234 -197216 6.23e+06 193234
0.8 224318 7.12e+06 -219816 -224318 7.12e+06 219816
0.9 251139 8.01e+06 -246131 -251139 8.01e+06 246131
1 277676 8.9e+06 -272173 -277676 8.9e+06 272173
