0.01 -6.70966e-09
0.02 -2.17066e-08
0.03 -3.81905e-08
0.04 -5.49083e-08
0.05 -7.16758e-08
0.06 -8.8418e-08
0.07 -1.05155e-07
0.08 -1.21852e-07
0.09 -1.38532e-07
0.1 -1.55165e-07
0.11 -1.71772e-07
0.12 -1.88326e-07
0.13 -2.04843e-07
0.14 -2.21301e-07
0.15 -2.37712e-07
0.16 -2.54057e-07
0.17 -2.70347e-07
0.18 -2.86562e-07
0.19 -3.02714e-07
0.2 -3.18785e-07
0.21 -3.34783e-07
0.22 -3.50693e-07
0.23 -3.66522e-07
0.24 -3.82255e-07
0.25 -3.97899e-07
0.26 -4.1344e-07
0.27 -4.28883e-07
0.28 -4.44216e-07
0.29 -4.59444e-07
0.3 -4.74554e-07
0.31 -4.89551e-07
0.32 -5.04424e-07
0.33 -5.19176e-07
0.34 -5.33796e-07
0.35 -5.48288e-07
0.36 -5.62642e-07
0.37 -5.76859e-07
0.38 -5.90932e-07
0.39 -6.04861e-07
0.4 -6.18638e-07
0.41 -6.32266e-07
0.42 -6.45735e-07
0.43 -6.59046e-07
0.44 -6.72194e-07
0.45 -6.85177e-07
0.46 -6.97989e-07
0.47 -7.10631e-07
0.48 -7.23096e-07
0.49 -7.35384e-07
0.5 -7.47489e-07
0.51 -7.59411e-07
0.52 -7.71145e-07
0.53 -7.82689e-07
0.54 -7.94039e-07
0.55 -8.05194e-07
0.56 -8.1615e-07
0.57 -8.26905e-07
0.58 -8.37456e-07
0.59 -8.478e-07
0.6 -8.57934e-07
0.61 -8.67858e-07
0.62 -8.77567e-07
0.63 -8.87059e-07
0.64 -8.96333e-07
0.65 -9.05386e-07
0.66 -9.14215e-07
0.67 -9.22818e-07
0.68 -9.31194e-07
0.69 -9.3934e-07
0.7 -9.47254e-07
0.71 -9.54935e-07
0.72 -9.6238e-07
0.73 -9.69588e-07
0.74 -9.76556e-07
0.75 -9.83283e-07
0.76 -9.89768e-07
0.77 -9.96008e-07
0.78 -1.002e-06
0.79 -1.00775e-06
0.8 -1.01325e-06
0.81 -1.0185e-06
0.82 -1.0235e-06
0.83 -1.02824e-06
0.84 -1.03273e-06
0.85 -1.03697e-06
0.86 -1.04095e-06
0.87 -1.04467e-06
0.88 -1.04814e-06
0.89 -1.05135e-06
0.9 -1.0543e-06
0.91 -1.05698e-06
0.92 -1.05941e-06
0.93 -1.06158e-06
0.94 -1.06348e-06
0.95 -1.06512e-06
0.96 -1.0665e-06
0.97 -1.06762e-06
0.98 -1.06847e-06
0.99 -1.06906e-06
1 -1.06938e-06
1.01 -1.06944e-06
1.02 -1.06924e-06
1.03 -1.06877e-06
1.04 -1.06804e-06
1.05 -1.06705e-06
1.06 -1.06579e-06
1.07 -1.06427e-06
1.08 -1.06249e-06
1.09 -1.06044e-06
1.1 -1.05813e-06
1.11 -1.05557e-06
1.12 -1.05274e-06
1.13 -1.04965e-06
1.14 -1.0463e-06
1.15 -1.0427e-06
1.16 -1.03884e-06
1.17 -1.03472e-06
1.18 -1.03034e-06
1.19 -1.02571e-06
1.2 -1.02083e-06
1.21 -1.0157e-06
1.22 -1.01032e-06
1.23 -1.00468e-06
1.24 -9.98802e-07
1.25 -9.92675e-07
1.26 -9.86302e-07
1.27 -9.79687e-07
1.28 -9.72829e-07
1.29 -9.65732e-07
1.3 -9.58396e-07
1.31 -9.50824e-07
1.32 -9.43017e-07
1.33 -9.34977e-07
1.34 -9.26707e-07
1.35 -9.18208e-07
1.36 -9.09483e-07
1.37 -9.00533e-07
1.38 -8.91361e-07
1.39 -8.81969e-07
1.4 -8.7236e-07
1.41 -8.62535e-07
1.42 -8.52497e-07
1.43 -8.42249e-07
1.44 -8.31794e-07
1.45 -8.21133e-07
1.46 -8.10269e-07
1.47 -7.99206e-07
1.48 -7.87945e-07
1.49 -7.7649e-07
1.5 -7.64843e-07
1.51 -7.53008e-07
1.52 -7.40986e-07
1.53 -7.28782e-07
1.54 -7.16399e-07
1.55 -7.03838e-07
1.56 -6.91104e-07
1.57 -6.78199e-07
1.58 -6.65127e-07
1.59 -6.51891e-07
1.6 -6.38493e-07
1.61 -6.24939e-07
1.62 -6.1123e-07
1.63 -5.9737e-07
1.64 -5.83363e-07
1.65 -5.69212e-07
1.66 -5.54921e-07
1.67 -5.40493e-07
1.68 -5.25931e-07
1.69 -5.1124e-07
1.7 -4.96422e-07
1.71 -4.81482e-07
1.72 -4.66423e-07
1.73 -4.51249e-07
1.74 -4.35964e-07
1.75 -4.20571e-07
1.76 -4.05074e-07
1.77 -3.89478e-07
1.78 -3.73785e-07
1.79 -3.58e-07
1.8 -3.42127e-07
1.81 -3.26169e-07
1.82 -3.10131e-07
1.83 -2.94017e-07
1.84 -2.77829e-07
1.85 -2.61574e-07
1.86 -2.45253e-07
1.87 -2.28873e-07
1.88 -2.12435e-07
1.89 -1.95946e-07
1.9 -1.79408e-07
1.91 -1.62825e-07
1.92 -1.46203e-07
1.93 -1.29544e-07
1.94 -1.12854e-07
1.95 -9.61356e-08
1.96 -7.93935e-08
1.97 -6.26319e-08
1.98 -4.58548e-08
1.99 -2.90663e-08
2 -1.22708e-08
2.01 4.52786e-09
2.02 2.13254e-08
2.03 3.81176e-08
2.04 5.49004e-08
2.05 7.16697e-08
2.06 8.84213e-08
2.07 1.05151e-07
2.08 1.21855e-07
2.09 1.38529e-07
2.1 1.55168e-07
2.11 1.7177e-07
2.12 1.88329e-07
2.13 2.04841e-07
2.14 2.21303e-07
2.15 2.3771e-07
2.16 2.54059e-07
2.17 2.70345e-07
2.18 2.86564e-07
2.19 3.02713e-07
2.2 3.18787e-07
2.21 3.34782e-07
2.22 3.50694e-07
2.23 3.66521e-07
2.24 3.82256e-07
2.25 3.97898e-07
2.26 4.13441e-07
2.27 4.28882e-07
2.28 4.44217e-07
2.29 4.59443e-07
2.3 4.74555e-07
2.31 4.89551e-07
2.32 5.04425e-07
2.33 5.19175e-07
2.34 5.33797e-07
2.35 5.48287e-07
2.36 5.62642e-07
2.37 5.76858e-07
2.38 5.90932e-07
2.39 6.0486e-07
2.4 6.18639e-07
2.41 6.32265e-07
2.42 6.45735e-07
2.43 6.59046e-07
2.44 6.72194e-07
2.45 6.85176e-07
2.46 6.9799e-07
2.47 7.10631e-07
2.48 7.23096e-07
2.49 7.35384e-07
2.5 7.4749e-07
2.51 7.59411e-07
2.52 7.71145e-07
2.53 7.82689e-07
2.54 7.9404e-07
2.55 8.05194e-07
2.56 8.1615e-07
2.57 8.26905e-07
2.58 8.37456e-07
2.59 8.478e-07
2.6 8.57935e-07
2.61 8.67858e-07
2.62 8.77567e-07
2.63 8.87059e-07
2.64 8.96333e-07
2.65 9.05386e-07
2.66 9.14215e-07
2.67 9.22818e-07
2.68 9.31194e-07
2.69 9.3934e-07
2.7 9.47254e-07
2.71 9.54935e-07
2.72 9.6238e-07
2.73 9.69588e-07
2.74 9.76556e-07
2.75 9.83283e-07
2.76 9.89768e-07
2.77 9.96008e-07
2.78 1.002e-06
2.79 1.00775e-06
2.8 1.01325e-06
2.81 1.0185e-06
2.82 1.0235e-06
2.83 1.02824e-06
2.84 1.03273e-06
2.85 1.03697e-06
2.86 1.04095e-06
2.87 1.04467e-06
2.88 1.04814e-06
2.89 1.05135e-06
2.9 1.0543e-06
2.91 1.05698e-06
2.92 1.05941e-06
2.93 1.06158e-06
2.94 1.06348e-06
2.95 1.06512e-06
2.96 1.0665e-06
2.97 1.06762e-06
2.98 1.06847e-06
2.99 1.06906e-06
3 1.06938e-06
3.01 1.06944e-06
3.02 1.06924e-06
3.03 1.06877e-06
3.04 1.06804e-06
3.05 1.06705e-06
3.06 1.06579e-06
3.07 1.06427e-06
3.08 1.06249e-06
3.09 1.06044e-06
3.1 1.05813e-06
3.11 1.05557e-06
3.12 1.05274e-06
3.13 1.04965e-06
3.14 1.0463e-06
3.15 1.0427e-06
3.16 1.03884e-06
3.17 1.03472e-06
3.18 1.03034e-06
3.19 1.02571e-06
3.2 1.02083e-06
3.21 1.0157e-06
3.22 1.01032e-06
3.23 1.00468e-06
3.24 9.98802e-07
3.25 9.92675e-07
3.26 9.86302e-07
3.27 9.79687e-07
3.28 9.72829e-07
3.29 9.65732e-07
3.3 9.58396e-07
3.31 9.50824e-07
3.32 9.43017e-07
3.33 9.34977e-07
3.34 9.26707e-07
3.35 9.18208e-07
3.36 9.09483e-07
3.37 9.00533e-07
3.38 8.91361e-07
3.39 8.81969e-07
3.4 8.7236e-07
3.41 8.62535e-07
3.42 8.52497e-07
3.43 8.42249e-07
3.44 8.31794e-07
3.45 8.21133e-07
3.46 8.10269e-07
3.47 7.99206e-07
3.48 7.87945e-07
3.49 7.7649e-07
3.5 7.64843e-07
3.51 7.53008e-07
3.52 7.40986e-07
3.53 7.28782e-07
3.54 7.16399e-07
3.55 7.03838e-07
3.56 6.91104e-07
3.57 6.78199e-07
3.58 6.65127e-07
3.59 6.51891e-07
3.6 6.38493e-07
3.61 6.24939e-07
3.62 6.1123e-07
3.63 5.9737e-07
3.64 5.83363e-07
3.65 5.69212e-07
3.66 5.54921e-07
3.67 5.40493e-07
3.68 5.25931e-07
3.69 5.1124e-07
3.7 4.96422e-07
3.71 4.81482e-07
3.72 4.66423e-07
3.73 4.51249e-07
3.74 4.35964e-07
3.75 4.20571e-07
3.76 4.05074e-07
3.77 3.89478e-07
3.78 3.73785e-07
3.79 3.58e-07
3.8 3.42127e-07
3.81 3.26169e-07
3.82 3.10131e-07
3.83 2.94017e-07
3.84 2.77829e-07
3.85 2.61574e-07
3.86 2.45253e-07
3.87 2.28873e-07
3.88 2.12435e-07
3.89 1.95946e-07
3.9 1.79408e-07
3.91 1.62825e-07
3.92 1.46203e-07
3.93 1.29544e-07
3.94 1.12854e-07
3.95 9.61356e-08
3.96 7.93935e-08
3.97 6.26319e-08
3.98 4.58548e-08
3.99 2.90663e-08
4 1.22708e-08
4.01 -4.52786e-09
4.02 -2.13254e-08
4.03 -3.81176e-08
4.04 -5.49004e-08
4.05 -7.16697e-08
4.06 -8.84213e-08
4.07 -1.05151e-07
4.08 -1.21855e-07
4.09 -1.38529e-07
4.1 -1.55168e-07
4.11 -1.7177e-07
4.12 -1.88329e-07
4.13 -2.04841e-07
4.14 -2.21303e-07
4.15 -2.3771e-07
4.16 -2.54059e-07
4.17 -2.70345e-07
4.18 -2.86564e-07
4.19 -3.02713e-07
4.2 -3.18787e-07
4.21 -3.34782e-07
4.22 -3.50694e-07
4.23 -3.66521e-07
4.24 -3.82256e-07
4.25 -3.97898e-07
4.26 -4.13441e-07
4.27 -4.28882e-07
4.28 -4.44217e-07
4.29 -4.59443e-07
4.3 -4.74555e-07
4.31 -4.89551e-07
4.32 -5.04425e-07
4.33 -5.19175e-07
4.34 -5.33797e-07
4.35 -5.48287e-07
4.36 -5.62642e-07
4.37 -5.76858e-07
4.38 -5.90932e-07
4.39 -6.0486e-07
4.4 -6.18639e-07
4.41 -6.32265e-07
4.42 -6.45735e-07
4.43 -6.59046e-07
4.44 -6.72194e-07
4.45 -6.85176e-07
4.46 -6.9799e-07
4.47 -7.10631e-07
4.48 -7.23096e-07
4.49 -7.35384e-07
4.5 -7.4749e-07
4.51 -7.59411e-07
4.52 -7.71145e-07
4.53 -7.82689e-07
4.54 -7.9404e-07
4.55 -8.05194e-07
4.56 -8.1615e-07
4.57 -8.26905e-07
4.58 -8.37456e-07
4.59 -8.478e-07
4.6 -8.57935e-07
4.61 -8.67858e-07
4.62 -8.77567e-07
4.63 -8.87059e-07
4.64 -8.96333e-07
4.65 -9.05386e-07
4.66 -9.14215e-07
4.67 -9.22818e-07
4.68 -9.31194e-07
4.69 -9.3934e-07
4.7 -9.47254e-07
4.71 -9.54935e-07
4.72 -9.6238e-07
4.73 -9.69588e-07
4.74 -9.76556e-07
4.75 -9.83283e-07
4.76 -9.89768e-07
4.77 -9.96008e-07
4.78 -1.002e-06
4.79 -1.00775e-06
4.8 -1.01325e-06
4.81 -1.0185e-06
4.82 -1.0235e-06
4.83 -1.02824e-06
4.84 -1.03273e-06
4.85 -1.03697e-06
4.86 -1.04095e-06
4.87 -1.04467e-06
4.88 -1.04814e-06
4.89 -1.05135e-06
4.9 -1.0543e-06
4.91 -1.05698e-06
4.92 -1.05941e-06
4.93 -1.06158e-06
4.94 -1.06348e-06
4.95 -1.06512e-06
4.96 -1.0665e-06
4.97 -1.06762e-06
4.98 -1.06847e-06
4.99 -1.06906e-06
5 -1.06938e-06
5.01 -1.06944e-06
5.02 -1.06924e-06
5.03 -1.06877e-06
5.04 -1.06804e-06
5.05 -1.06705e-06
5.06 -1.06579e-06
5.07 -1.06427e-06
5.08 -1.06249e-06
5.09 -1.06044e-06
5.1 -1.05813e-06
5.11 -1.05557e-06
5.12 -1.05274e-06
5.13 -1.04965e-06
5.14 -1.0463e-06
5.15 -1.0427e-06
5.16 -1.03884e-06
5.17 -1.03472e-06
5.18 -1.03034e-06
5.19 -1.02571e-06
5.2 -1.02083e-06
5.21 -1.0157e-06
5.22 -1.01032e-06
5.23 -1.00468e-06
5.24 -9.98802e-07
5.25 -9.92675e-07
5.26 -9.86302e-07
5.27 -9.79687e-07
5.28 -9.72829e-07
5.29 -9.65732e-07
5.3 -9.58396e-07
5.31 -9.50824e-07
5.32 -9.43017e-07
5.33 -9.34977e-07
5.34 -9.26707e-07
5.35 -9.18208e-07
5.36 -9.09483e-07
5.37 -9.00533e-07
5.38 -8.91361e-07
5.39 -8.81969e-07
5.4 -8.7236e-07
5.41 -8.62535e-07
5.42 -8.52497e-07
5.43 -8.42249e-07
5.44 -8.31794e-07
5.45 -8.21133e-07
5.46 -8.10269e-07
5.47 -7.99206e-07
5.48 -7.87945e-07
5.49 -7.7649e-07
5.5 -7.64843e-07
5.51 -7.53008e-07
5.52 -7.40986e-07
5.53 -7.28782e-07
5.54 -7.16399e-07
5.55 -7.03838e-07
5.56 -6.91104e-07
5.57 -6.78199e-07
5.58 -6.65127e-07
5.59 -6.51891e-07
5.6 -6.38493e-07
5.61 -6.24939e-07
5.62 -6.1123e-07
5.63 -5.9737e-07
5.64 -5.83363e-07
5.65 -5.69212e-07
5.66 -5.54921e-07
5.67 -5.40493e-07
5.68 -5.25931e-07
5.69 -5.1124e-07
5.7 -4.96422e-07
5.71 -4.81482e-07
5.72 -4.66423e-07
5.73 -4.51249e-07
5.74 -4.35964e-07
5.75 -4.20571e-07
5.76 -4.05074e-07
5.77 -3.89478e-07
5.78 -3.73785e-07
5.79 -3.58e-07
5.8 -3.42127e-07
5.81 -3.26169e-07
5.82 -3.10131e-07
5.83 -2.94017e-07
5.84 -2.77829e-07
5.85 -2.61574e-07
5.86 -2.45253e-07
5.87 -2.28873e-07
5.88 -2.12435e-07
5.89 -1.95946e-07
5.9 -1.79408e-07
5.91 -1.62825e-07
5.92 -1.46203e-07
5.93 -1.29544e-07
5.94 -1.12854e-07
5.95 -9.61356e-08
5.96 -7.93935e-08
5.97 -6.26319e-08
5.98 -4.58548e-08
5.99 -2.90663e-08
6 -1.22708e-08
6.01 4.52786e-09
6.02 2.13254e-08
6.03 3.81176e-08
6.04 5.49004e-08
6.05 7.16697e-08
6.06 8.84213e-08
6.07 1.05151e-07
6.08 1.21855e-07
6.09 1.38529e-07
6.1 1.55168e-07
6.11 1.7177e-07
6.12 1.88329e-07
6.13 2.04841e-07
6.14 2.21303e-07
6.15 2.3771e-07
6.16 2.54059e-07
6.17 2.70345e-07
6.18 2.86564e-07
6.19 3.02713e-07
6.2 3.18787e-07
6.21 3.34782e-07
6.22 3.50694e-07
6.23 3.66521e-07
6.24 3.82256e-07
6.25 3.97898e-07
6.26 4.13441e-07
6.27 4.28882e-07
6.28 4.44217e-07
6.29 4.59443e-07
6.3 4.74555e-07
6.31 4.89551e-07
6.32 5.04425e-07
6.33 5.19175e-07
6.34 5.33797e-07
6.35 5.48287e-07
6.36 5.62642e-07
6.37 5.76858e-07
6.38 5.90932e-07
6.39 6.0486e-07
6.4 6.18639e-07
6.41 6.32265e-07
6.42 6.45735e-07
6.43 6.59046e-07
6.44 6.72194e-07
6.45 6.85176e-07
6.46 6.9799e-07
6.47 7.10631e-07
6.48 7.23096e-07
6.49 7.35384e-07
6.5 7.4749e-07
6.51 7.59411e-07
6.52 7.71145e-07
6.53 7.82689e-07
6.54 7.9404e-07
6.55 8.05194e-07
6.56 8.1615e-07
6.57 8.26905e-07
6.58 8.37456e-07
6.59 8.478e-07
6.6 8.57935e-07
6.61 8.67858e-07
6.62 8.77567e-07
6.63 8.87059e-07
6.64 8.96333e-07
6.65 9.05386e-07
6.66 9.14215e-07
6.67 9.22818e-07
6.68 9.31194e-07
6.69 9.3934e-07
6.7 9.47254e-07
6.71 9.54935e-07
6.72 9.6238e-07
6.73 9.69588e-07
6.74 9.76556e-07
6.75 9.83283e-07
6.76 9.89768e-07
6.77 9.96008e-07
6.78 1.002e-06
6.79 1.00775e-06
6.8 1.01325e-06
6.81 1.0185e-06
6.82 1.0235e-06
6.83 1.02824e-06
6.84 1.03273e-06
6.85 1.03697e-06
6.86 1.04095e-06
6.87 1.04467e-06
6.88 1.04814e-06
6.89 1.05135e-06
6.9 1.0543e-06
6.91 1.05698e-06
6.92 1.05941e-06
6.93 1.06158e-06
6.94 1.06348e-06
6.95 1.06512e-06
6.96 1.0665e-06
6.97 1.06762e-06
6.98 1.06847e-06
6.99 1.06906e-06
7 1.06938e-06
7.01 1.06944e-06
7.02 1.06924e-06
7.03 1.06877e-06
7.04 1.06804e-06
7.05 1.06705e-06
7.06 1.06579e-06
7.07 1.06427e-06
7.08 1.06249e-06
7.09 1.06044e-06
7.1 1.05813e-06
7.11 1.05557e-06
7.12 1.05274e-06
7.13 1.04965e-06
7.14 1.0463e-06
7.15 1.0427e-06
7.16 1.03884e-06
7.17 1.03472e-06
7.18 1.03034e-06
7.19 1.02571e-06
7.2 1.02083e-06
7.21 1.0157e-06
7.22 1.01032e-06
7.23 1.00468e-06
7.24 9.98802e-07
7.25 9.92675e-07
7.26 9.86302e-07
7.27 9.79687e-07
7.28 9.72829e-07
7.29 9.65732e-07
7.3 9.58396e-07
7.31 9.50824e-07
7.32 9.43017e-07
7.33 9.34977e-07
7.34 9.26707e-07
7.35 9.18208e-07
7.36 9.09483e-07
7.37 9.00533e-07
7.38 8.91361e-07
7.39 8.81969e-07
7.4 8.7236e-07
7.41 8.62535e-07
7.42 8.52497e-07
7.43 8.42249e-07
7.44 8.31794e-07
7.45 8.21133e-07
7.46 8.10269e-07
7.47 7.99206e-07
7.48 7.87945e-07
7.49 7.7649e-07
7.5 7.64843e-07
7.51 7.53008e-07
7.52 7.40986e-07
7.53 7.28782e-07
7.54 7.16399e-07
7.55 7.03838e-07
7.56 6.91104e-07
7.57 6.78199e-07
7.58 6.65127e-07
7.59 6.51891e-07
7.6 6.38493e-07
7.61 6.24939e-07
7.62 6.1123e-07
7.63 5.9737e-07
7.64 5.83363e-07
7.65 5.69212e-07
7.66 5.54921e-07
7.67 5.40493e-07
7.68 5.25931e-07
7.69 5.1124e-07
7.7 4.96422e-07
7.71 4.81482e-07
7.72 4.66423e-07
7.73 4.51249e-07
7.74 4.35964e-07
7.75 4.20571e-07
7.76 4.05074e-07
7.77 3.89478e-07
7.78 3.73785e-07
7.79 3.58e-07
7.8 3.42127e-07
7.81 3.26169e-07
7.82 3.10131e-07
7.83 2.94017e-07
7.84 2.77829e-07
7.85 2.61574e-07
7.86 2.45253e-07
7.87 2.28873e-07
7.88 2.12435e-07
7.89 1.95946e-07
7.9 1.79408e-07
7.91 1.62825e-07
7.92 1.46203e-07
7.93 1.29544e-07
7.94 1.12854e-07
7.95 9.61356e-08
7.96 7.93935e-08
7.97 6.26319e-08
7.98 4.58548e-08
7.99 2.90663e-08
8 1.22708e-08
8.01 -4.52786e-09
8.02 -2.13254e-08
8.03 -3.81176e-08
8.04 -5.49004e-08
8.05 -7.16697e-08
8.06 -8.84213e-08
8.07 -1.05151e-07
8.08 -1.21855e-07
8.09 -1.38529e-07
8.1 -1.55168e-07
8.11 -1.7177e-07
8.12 -1.88329e-07
8.13 -2.04841e-07
8.14 -2.21303e-07
8.15 -2.3771e-07
8.16 -2.54059e-07
8.17 -2.70345e-07
8.18 -2.86564e-07
8.19 -3.02713e-07
8.2 -3.18787e-07
8.21 -3.34782e-07
8.22 -3.50694e-07
8.23 -3.66521e-07
8.24 -3.82256e-07
8.25 -3.97898e-07
8.26 -4.13441e-07
8.27 -4.28882e-07
8.28 -4.44217e-07
8.29 -4.59443e-07
8.3 -4.74555e-07
8.31 -4.89551e-07
8.32 -5.04425e-07
8.33 -5.19175e-07
8.34 -5.33797e-07
8.35 -5.48287e-07
8.36 -5.62642e-07
8.37 -5.76858e-07
8.38 -5.90932e-07
8.39 -6.0486e-07
8.4 -6.18639e-07
8.41 -6.32265e-07
8.42 -6.45735e-07
8.43 -6.59046e-07
8.44 -6.72194e-07
8.45 -6.85176e-07
8.46 -6.9799e-07
8.47 -7.10631e-07
8.48 -7.23096e-07
8.49 -7.35384e-07
8.5 -7.4749e-07
8.51 -7.59411e-07
8.52 -7.71145e-07
8.53 -7.82689e-07
8.54 -7.9404e-07
8.55 -8.05194e-07
8.56 -8.1615e-07
8.57 -8.26905e-07
8.58 -8.37456e-07
8.59 -8.478e-07
8.6 -8.57935e-07
8.61 -8.67858e-07
8.62 -8.77567e-07
8.63 -8.87059e-07
8.64 -8.96333e-07
8.65 -9.05386e-07
8.66 -9.14215e-07
8.67 -9.22818e-07
8.68 -9.31194e-07
8.69 -9.3934e-07
8.7 -9.47254e-07
8.71 -9.54935e-07
8.72 -9.6238e-07
8.73 -9.69588e-07
8.74 -9.76556e-07
8.75 -9.83283e-07
8.76 -9.89768e-07
8.77 -9.96008e-07
8.78 -1.002e-06
8.79 -1.00775e-06
8.8 -1.01325e-06
8.81 -1.0185e-06
8.82 -1.0235e-06
8.83 -1.02824e-06
8.84 -1.03273e-06
8.85 -1.03697e-06
8.86 -1.04095e-06
8.87 -1.04467e-06
8.88 -1.04814e-06
8.89 -1.05135e-06
8.9 -1.0543e-06
8.91 -1.05698e-06
8.92 -1.05941e-06
8.93 -1.06158e-06
8.94 -1.06348e-06
8.95 -1.06512e-06
8.96 -1.0665e-06
8.97 -1.06762e-06
8.98 -1.06847e-06
8.99 -1.06906e-06
9 -1.06938e-06
9.01 -1.06944e-06
9.02 -1.06924e-06
9.03 -1.06877e-06
9.04 -1.06804e-06
9.05 -1.06705e-06
9.06 -1.06579e-06
9.07 -1.06427e-06
9.08 -1.06249e-06
9.09 -1.06044e-06
9.1 -1.05813e-06
9.11 -1.05557e-06
9.12 -1.05274e-06
9.13 -1.04965e-06
9.14 -1.0463e-06
9.15 -1.0427e-06
9.16 -1.03884e-06
9.17 -1.03472e-06
9.18 -1.03034e-06
9.19 -1.02571e-06
9.2 -1.02083e-06
9.21 -1.0157e-06
9.22 -1.01032e-06
9.23 -1.00468e-06
9.24 -9.98802e-07
9.25 -9.92675e-07
9.26 -9.86302e-07
9.27 -9.79687e-07
9.28 -9.72829e-07
9.29 -9.65732e-07
9.3 -9.58396e-07
9.31 -9.50824e-07
9.32 -9.43017e-07
9.33 -9.34977e-07
9.34 -9.26707e-07
9.35 -9.18208e-07
9.36 -9.09483e-07
9.37 -9.00533e-07
9.38 -8.91361e-07
9.39 -8.81969e-07
9.4 -8.7236e-07
9.41 -8.62535e-07
9.42 -8.52497e-07
9.43 -8.42249e-07
9.44 -8.31794e-07
9.45 -8.21133e-07
9.46 -8.10269e-07
9.47 -7.99206e-07
9.48 -7.87945e-07
9.49 -7.7649e-07
9.5 -7.64843e-07
9.51 -7.53008e-07
9.52 -7.40986e-07
9.53 -7.28782e-07
9.54 -7.16399e-07
9.55 -7.03838e-07
9.56 -6.91104e-07
9.57 -6.78199e-07
9.58 -6.65127e-07
9.59 -6.51891e-07
9.6 -6.38493e-07
9.61 -6.24939e-07
9.62 -6.1123e-07
9.63 -5.9737e-07
9.64 -5.83363e-07
9.65 -5.69212e-07
9.66 -5.54921e-07
9.67 -5.40493e-07
9.68 -5.25931e-07
9.69 -5.1124e-07
9.7 -4.96422e-07
9.71 -4.81482e-07
9.72 -4.66423e-07
9.73 -4.51249e-07
9.74 -4.35964e-07
9.75 -4.20571e-07
9.76 -4.05074e-07
9.77 -3.89478e-07
9.78 -3.73785e-07
9.79 -3.58e-07
9.8 -3.42127e-07
9.81 -3.26169e-07
9.82 -3.10131e-07
9.83 -2.94017e-07
9.84 -2.77829e-07
9.85 -2.61574e-07
9.86 -2.45253e-07
9.87 -2.28873e-07
9.88 -2.12435e-07
9.89 -1.95946e-07
9.9 -1.79408e-07
9.91 -1.62825e-07
9.92 -1.46203e-07
9.93 -1.29544e-07
9.94 -1.12854e-07
9.95 -9.61356e-08
9.96 -7.93935e-08
9.97 -6.26319e-08
9.98 -4.58548e-08
9.99 -2.90663e-08
10 -1.22708e-08
10.01 4.52786e-09
10.02 2.13254e-08
10.03 3.81176e-08
10.04 5.49004e-08
10.05 7.16697e-08
10.06 8.84213e-08
10.07 1.05151e-07
10.08 1.21855e-07
10.09 1.38529e-07
10.1 1.55168e-07
10.11 1.7177e-07
10.12 1.88329e-07
10.13 2.04841e-07
10.14 2.21303e-07
10.15 2.3771e-07
10.16 2.54059e-07
10.17 2.70345e-07
10.18 2.86564e-07
10.19 3.02713e-07
10.2 3.18787e-07
10.21 3.34782e-07
10.22 3.50694e-07
10.23 3.66521e-07
10.24 3.82256e-07
10.25 3.97898e-07
10.26 4.13441e-07
10.27 4.28882e-07
10.28 4.44217e-07
10.29 4.59443e-07
10.3 4.74555e-07
10.31 4.89551e-07
10.32 5.04425e-07
10.33 5.19175e-07
10.34 5.33797e-07
10.35 5.48287e-07
10.36 5.62642e-07
10.37 5.76858e-07
10.38 5.90932e-07
10.39 6.0486e-07
10.4 6.18639e-07
10.41 6.32265e-07
10.42 6.45735e-07
10.43 6.59046e-07
10.44 6.72194e-07
10.45 6.85176e-07
10.46 6.9799e-07
10.47 7.10631e-07
10.48 7.23096e-07
10.49 7.35384e-07
10.5 7.4749e-07
10.51 7.59411e-07
10.52 7.71145e-07
10.53 7.82689e-07
10.54 7.9404e-07
10.55 8.05194e-07
10.56 8.1615e-07
10.57 8.26905e-07
10.58 8.37456e-07
10.59 8.478e-07
10.6 8.57935e-07
10.61 8.67858e-07
10.62 8.77567e-07
10.63 8.87059e-07
10.64 8.96333e-07
10.65 9.05386e-07
10.66 9.14215e-07
10.67 9.22818e-07
10.68 9.31194e-07
10.69 9.3934e-07
10.7 9.47254e-07
10.71 9.54935e-07
10.72 9.6238e-07
10.73 9.69588e-07
10.74 9.76556e-07
10.75 9.83283e-07
10.76 9.89768e-07
10.77 9.96008e-07
10.78 1.002e-06
10.79 1.00775e-06
10.8 1.01325e-06
10.81 1.0185e-06
10.82 1.0235e-06
10.83 1.02824e-06
10.84 1.03273e-06
10.85 1.03697e-06
10.86 1.04095e-06
10.87 1.04467e-06
10.88 1.04814e-06
10.89 1.05135e-06
10.9 1.0543e-06
10.91 1.05698e-06
10.92 1.05941e-06
10.93 1.06158e-06
10.94 1.06348e-06
10.95 1.06512e-06
10.96 1.0665e-06
10.97 1.06762e-06
10.98 1.06847e-06
10.99 1.06906e-06
11 1.06938e-06
11.01 1.06944e-06
11.02 1.06924e-06
11.03 1.06877e-06
11.04 1.06804e-06
11.05 1.06705e-06
11.06 1.06579e-06
11.07 1.06427e-06
11.08 1.06249e-06
11.09 1.06044e-06
11.1 1.05813e-06
11.11 1.05557e-06
11.12 1.05274e-06
11.13 1.04965e-06
11.14 1.0463e-06
11.15 1.0427e-06
11.16 1.03884e-06
11.17 1.03472e-06
11.18 1.03034e-06
11.19 1.02571e-06
11.2 1.02083e-06
11.21 1.0157e-06
11.22 1.01032e-06
11.23 1.00468e-06
11.24 9.98802e-07
11.25 9.92675e-07
11.26 9.86302e-07
11.27 9.79687e-07
11.28 9.72829e-07
11.29 9.65732e-07
11.3 9.58396e-07
11.31 9.50824e-07
11.32 9.43017e-07
11.33 9.34977e-07
11.34 9.26707e-07
11.35 9.18208e-07
11.36 9.09483e-07
11.37 9.00533e-07
11.38 8.91361e-07
11.39 8.81969e-07
11.4 8.7236e-07
11.41 8.62535e-07
11.42 8.52497e-07
11.43 8.42249e-07
11.44 8.31794e-07
11.45 8.21133e-07
11.46 8.10269e-07
11.47 7.99206e-07
11.48 7.87945e-07
11.49 7.7649e-07
11.5 7.64843e-07
11.51 7.53008e-07
11.52 7.40986e-07
11.53 7.28782e-07
11.54 7.16399e-07
11.55 7.03838e-07
11.56 6.91104e-07
11.57 6.78199e-07
11.58 6.65127e-07
11.59 6.51891e-07
11.6 6.38493e-07
11.61 6.24939e-07
11.62 6.1123e-07
11.63 5.9737e-07
11.64 5.83363e-07
11.65 5.69212e-07
11.66 5.54921e-07
11.67 5.40493e-07
11.68 5.25931e-07
11.69 5.1124e-07
11.7 4.96422e-07
11.71 4.81482e-07
11.72 4.66423e-07
11.73 4.51249e-07
11.74 4.35964e-07
11.75 4.20571e-07
11.76 4.05074e-07
11.77 3.89478e-07
11.78 3.73785e-07
11.79 3.58e-07
11.8 3.42127e-07
11.81 3.26169e-07
11.82 3.10131e-07
11.83 2.94017e-07
11.84 2.77829e-07
11.85 2.61574e-07
11.86 2.45253e-07
11.87 2.28873e-07
11.88 2.12435e-07
11.89 1.95946e-07
11.9 1.79408e-07
11.91 1.62825e-07
11.92 1.46203e-07
11.93 1.29544e-07
11.94 1.12854e-07
11.95 9.61356e-08
11.96 7.93935e-08
11.97 6.26319e-08
11.98 4.58548e-08
11.99 2.90663e-08
12 1.22708e-08
12.01 -4.52786e-09
12.02 -2.13254e-08
12.03 -3.81176e-08
12.04 -5.49004e-08
12.05 -7.16697e-08
12.06 -8.84213e-08
12.07 -1.05151e-07
12.08 -1.21855e-07
12.09 -1.38529e-07
12.1 -1.55168e-07
12.11 -1.7177e-07
12.12 -1.88329e-07
12.13 -2.04841e-07
12.14 -2.21303e-07
12.15 -2.3771e-07
12.16 -2.54059e-07
12.17 -2.70345e-07
12.18 -2.86564e-07
12.19 -3.02713e-07
12.2 -3.18787e-07
12.21 -3.34782e-07
12.22 -3.50694e-07
12.23 -3.66521e-07
12.24 -3.82256e-07
12.25 -3.97898e-07
12.26 -4.13441e-07
12.27 -4.28882e-07
12.28 -4.44217e-07
12.29 -4.59443e-07
12.3 -4.74555e-07
12.31 -4.89551e-07
12.32 -5.04425e-07
12.33 -5.19175e-07
12.34 -5.33797e-07
12.35 -5.48287e-07
12.36 -5.62642e-07
12.37 -5.76858e-07
12.38 -5.90932e-07
12.39 -6.0486e-07
12.4 -6.18639e-07
12.41 -6.32265e-07
12.42 -6.45735e-07
12.43 -6.59046e-07
12.44 -6.72194e-07
12.45 -6.85176e-07
12.46 -6.9799e-07
12.47 -7.10631e-07
12.48 -7.23096e-07
12.49 -7.35384e-07
12.5 -7.4749e-07
12.51 -7.59411e-07
12.52 -7.71145e-07
12.53 -7.82689e-07
12.54 -7.9404e-07
12.55 -8.05194e-07
12.56 -8.1615e-07
12.57 -8.26905e-07
12.58 -8.37456e-07
12.59 -8.478e-07
12.6 -8.57935e-07
12.61 -8.67858e-07
12.62 -8.77567e-07
12.63 -8.87059e-07
12.64 -8.96333e-07
12.65 -9.05386e-07
12.66 -9.14215e-07
12.67 -9.22818e-07
12.68 -9.31194e-07
12.69 -9.3934e-07
12.7 -9.47254e-07
12.71 -9.54935e-07
12.72 -9.6238e-07
12.73 -9.69588e-07
12.74 -9.76556e-07
12.75 -9.83283e-07
12.76 -9.89768e-07
12.77 -9.96008e-07
12.78 -1.002e-06
12.79 -1.00775e-06
12.8 -1.01325e-06
12.81 -1.0185e-06
12.82 -1.0235e-06
12.83 -1.02824e-06
12.84 -1.03273e-06
12.85 -1.03697e-06
12.86 -1.04095e-06
12.87 -1.04467e-06
12.88 -1.04814e-06
12.89 -1.05135e-06
12.9 -1.0543e-06
12.91 -1.05698e-06
12.92 -1.05941e-06
12.93 -1.06158e-06
12.94 -1.06348e-06
12.95 -1.06512e-06
12.96 -1.0665e-06
12.97 -1.06762e-06
12.98 -1.06847e-06
12.99 -1.06906e-06
13 -1.06938e-06
13.01 -1.06944e-06
13.02 -1.06924e-06
13.03 -1.06877e-06
13.04 -1.06804e-06
13.05 -1.06705e-06
13.06 -1.06579e-06
13.07 -1.06427e-06
13.08 -1.06249e-06
13.09 -1.06044e-06
13.1 -1.05813e-06
13.11 -1.05557e-06
13.12 -1.05274e-06
13.13 -1.04965e-06
13.14 -1.0463e-06
13.15 -1.0427e-06
13.16 -1.03884e-06
13.17 -1.03472e-06
13.18 -1.03034e-06
13.19 -1.02571e-06
13.2 -1.02083e-06
13.21 -1.0157e-06
13.22 -1.01032e-06
13.23 -1.00468e-06
13.24 -9.98802e-07
13.25 -9.92675e-07
13.26 -9.86302e-07
13.27 -9.79687e-07
13.28 -9.72829e-07
13.29 -9.65732e-07
13.3 -9.58396e-07
13.31 -9.50824e-07
13.32 -9.43017e-07
13.33 -9.34977e-07
13.34 -9.26707e-07
13.35 -9.18208e-07
13.36 -9.09483e-07
13.37 -9.00533e-07
13.38 -8.91361e-07
13.39 -8.81969e-07
13.4 -8.7236e-07
13.41 -8.62535e-07
13.42 -8.52497e-07
13.43 -8.42249e-07
13.44 -8.31794e-07
13.45 -8.21133e-07
13.46 -8.10269e-07
13.47 -7.99206e-07
13.48 -7.87945e-07
13.49 -7.7649e-07
13.5 -7.64843e-07
13.51 -7.53008e-07
13.52 -7.40986e-07
13.53 -7.28782e-07
13.54 -7.16399e-07
13.55 -7.03838e-07
13.56 -6.91104e-07
13.57 -6.78199e-07
13.58 -6.65127e-07
13.59 -6.51891e-07
13.6 -6.38493e-07
13.61 -6.24939e-07
13.62 -6.1123e-07
13.63 -5.9737e-07
13.64 -5.83363e-07
13.65 -5.69212e-07
13.66 -5.54921e-07
13.67 -5.40493e-07
13.68 -5.25931e-07
13.69 -5.1124e-07
13.7 -4.96422e-07
13.71 -4.81482e-07
13.72 -4.66423e-07
13.73 -4.51249e-07
13.74 -4.35964e-07
13.75 -4.20571e-07
13.76 -4.05074e-07
13.77 -3.89478e-07
13.78 -3.73785e-07
13.79 -3.58e-07
13.8 -3.42127e-07
13.81 -3.26169e-07
13.82 -3.10131e-07
13.83 -2.94017e-07
13.84 -2.77829e-07
13.85 -2.61574e-07
13.86 -2.45253e-07
13.87 -2.28873e-07
13.88 -2.12435e-07
13.89 -1.95946e-07
13.9 -1.79408e-07
13.91 -1.62825e-07
13.92 -1.46203e-07
13.93 -1.29544e-07
13.94 -1.12854e-07
13.95 -9.61356e-08
13.96 -7.93935e-08
13.97 -6.26319e-08
13.98 -4.58548e-08
13.99 -2.90663e-08
14 -1.22708e-08
14.01 4.52786e-09
14.02 2.13254e-08
14.03 3.81176e-08
14.04 5.49004e-08
14.05 7.16697e-08
14.06 8.84213e-08
14.07 1.05151e-07
14.08 1.21855e-07
14.09 1.38529e-07
14.1 1.55168e-07
14.11 1.7177e-07
14.12 1.88329e-07
14.13 2.04841e-07
14.14 2.21303e-07
14.15 2.3771e-07
14.16 2.54059e-07
14.17 2.70345e-07
14.18 2.86564e-07
14.19 3.02713e-07
14.2 3.18787e-07
14.21 3.34782e-07
14.22 3.50694e-07
14.23 3.66521e-07
14.24 3.82256e-07
14.25 3.97898e-07
14.26 4.13441e-07
14.27 4.28882e-07
14.28 4.44217e-07
14.29 4.59443e-07
14.3 4.74555e-07
14.31 4.89551e-07
14.32 5.04425e-07
14.33 5.19175e-07
14.34 5.33797e-07
14.35 5.48287e-07
14.36 5.62642e-07
14.37 5.76858e-07
14.38 5.90932e-07
14.39 6.0486e-07
14.4 6.18639e-07
14.41 6.32265e-07
14.42 6.45735e-07
14.43 6.59046e-07
14.44 6.72194e-07
14.45 6.85176e-07
14.46 6.9799e-07
14.47 7.10631e-07
14.48 7.23096e-07
14.49 7.35384e-07
14.5 7.4749e-07
14.51 7.59411e-07
14.52 7.71145e-07
14.53 7.82689e-07
14.54 7.9404e-07
14.55 8.05194e-07
14.56 8.1615e-07
14.57 8.26905e-07
14.58 8.37456e-07
14.59 8.478e-07
14.6 8.57935e-07
14.61 8.67858e-07
14.62 8.77567e-07
14.63 8.87059e-07
14.64 8.96333e-07
14.65 9.05386e-07
14.66 9.14215e-07
14.67 9.22818e-07
14.68 9.31194e-07
14.69 9.3934e-07
14.7 9.47254e-07
14.71 9.54935e-07
14.72 9.6238e-07
14.73 9.69588e-07
14.74 9.76556e-07
14.75 9.83283e-07
14.76 9.89768e-07
14.77 9.96008e-07
14.78 1.002e-06
14.79 1.00775e-06
14.8 1.01325e-06
14.81 1.0185e-06
14.82 1.0235e-06
14.83 1.02824e-06
14.84 1.03273e-06
14.85 1.03697e-06
14.86 1.04095e-06
14.87 1.04467e-06
14.88 1.04814e-06
14.89 1.05135e-06
14.9 1.0543e-06
14.91 1.05698e-06
14.92 1.05941e-06
14.93 1.06158e-06
14.94 1.06348e-06
14.95 1.06512e-06
14.96 1.0665e-06
14.97 1.06762e-06
14.98 1.06847e-06
14.99 1.06906e-06
15 1.06938e-06
15.01 1.06944e-06
15.02 1.06924e-06
15.03 1.06877e-06
15.04 1.06804e-06
15.05 1.06705e-06
15.06 1.06579e-06
15.07 1.06427e-06
15.08 1.06249e-06
15.09 1.06044e-06
15.1 1.05813e-06
15.11 1.05557e-06
15.12 1.05274e-06
15.13 1.04965e-06
15.14 1.0463e-06
15.15 1.0427e-06
15.16 1.03884e-06
15.17 1.03472e-06
15.18 1.03034e-06
15.19 1.02571e-06
15.2 1.02083e-06
15.21 1.0157e-06
15.22 1.01032e-06
15.23 1.00468e-06
15.24 9.98802e-07
15.25 9.92675e-07
15.26 9.86302e-07
15.27 9.79687e-07
15.28 9.72829e-07
15.29 9.65732e-07
15.3 9.58396e-07
15.31 9.50824e-07
15.32 9.43017e-07
15.33 9.34977e-07
15.34 9.26707e-07
15.35 9.18208e-07
15.36 9.09483e-07
15.37 9.00533e-07
15.38 8.91361e-07
15.39 8.81969e-07
15.4 8.7236e-07
15.41 8.62535e-07
15.42 8.52497e-07
15.43 8.42249e-07
15.44 8.31794e-07
15.45 8.21133e-07
15.46 8.10269e-07
15.47 7.99206e-07
15.48 7.87945e-07
15.49 7.7649e-07
15.5 7.64843e-07
15.51 7.53008e-07
15.52 7.40986e-07
15.53 7.28782e-07
15.54 7.16399e-07
15.55 7.03838e-07
15.56 6.91104e-07
15.57 6.78199e-07
15.58 6.65127e-07
15.59 6.51891e-07
15.6 6.38493e-07
15.61 6.24939e-07
15.62 6.1123e-07
15.63 5.9737e-07
15.64 5.83363e-07
15.65 5.69212e-07
15.66 5.54921e-07
15.67 5.40493e-07
15.68 5.25931e-07
15.69 5.1124e-07
15.7 4.96422e-07
15.71 4.81482e-07
15.72 4.66423e-07
15.73 4.51249e-07
15.74 4.35964e-07
15.75 4.20571e-07
15.76 4.05074e-07
15.77 3.89478e-07
15.78 3.73785e-07
15.79 3.58e-07
15.8 3.42127e-07
15.81 3.26169e-07
15.82 3.10131e-07
15.83 2.94017e-07
15.84 2.77829e-07
15.85 2.61574e-07
15.86 2.45253e-07
15.87 2.28873e-07
15.88 2.12435e-07
15.89 1.95946e-07
15.9 1.79408e-07
15.91 1.62825e-07
15.92 1.46203e-07
15.93 1.29544e-07
15.94 1.12854e-07
15.95 9.61356e-08
15.96 7.93935e-08
15.97 6.26319e-08
15.98 4.58548e-08
15.99 2.90663e-08
16 1.22708e-08
16.01 -4.52786e-09
16.02 -2.13254e-08
16.03 -3.81176e-08
16.04 -5.49004e-08
16.05 -7.16697e-08
16.06 -8.84213e-08
16.07 -1.05151e-07
16.08 -1.21855e-07
16.09 -1.38529e-07
16.1 -1.55168e-07
16.11 -1.7177e-07
16.12 -1.88329e-07
16.13 -2.04841e-07
16.14 -2.21303e-07
16.15 -2.3771e-07
16.16 -2.54059e-07
16.17 -2.70345e-07
16.18 -2.86564e-07
16.19 -3.02713e-07
16.2 -3.18787e-07
16.21 -3.34782e-07
16.22 -3.50694e-07
16.23 -3.66521e-07
16.24 -3.82256e-07
16.25 -3.97898e-07
16.26 -4.13441e-07
16.27 -4.28882e-07
16.28 -4.44217e-07
16.29 -4.59443e-07
16.3 -4.74555e-07
16.31 -4.89551e-07
16.32 -5.04425e-07
16.33 -5.19175e-07
16.34 -5.33797e-07
16.35 -5.48287e-07
16.36 -5.62642e-07
16.37 -5.76858e-07
16.38 -5.90932e-07
16.39 -6.0486e-07
16.4 -6.18639e-07
16.41 -6.32265e-07
16.42 -6.45735e-07
16.43 -6.59046e-07
16.44 -6.72194e-07
16.45 -6.85176e-07
16.46 -6.9799e-07
16.47 -7.10631e-07
16.48 -7.23096e-07
16.49 -7.35384e-07
16.5 -7.4749e-07
16.51 -7.59411e-07
16.52 -7.71145e-07
16.53 -7.82689e-07
16.54 -7.9404e-07
16.55 -8.05194e-07
16.56 -8.1615e-07
16.57 -8.26905e-07
16.58 -8.37456e-07
16.59 -8.478e-07
16.6 -8.57935e-07
16.61 -8.67858e-07
16.62 -8.77567e-07
16.63 -8.87059e-07
16.64 -8.96333e-07
16.65 -9.05386e-07
16.66 -9.14215e-07
16.67 -9.22818e-07
16.68 -9.31194e-07
16.69 -9.3934e-07
16.7 -9.47254e-07
16.71 -9.54935e-07
16.72 -9.6238e-07
16.73 -9.69588e-07
16.74 -9.76556e-07
16.75 -9.83283e-07
16.76 -9.89768e-07
16.77 -9.96008e-07
16.78 -1.002e-06
16.79 -1.00775e-06
16.8 -1.01325e-06
16.81 -1.0185e-06
16.82 -1.0235e-06
16.83 -1.02824e-06
16.84 -1.03273e-06
16.85 -1.03697e-06
16.86 -1.04095e-06
16.87 -1.04467e-06
16.88 -1.04814e-06
16.89 -1.05135e-06
16.9 -1.0543e-06
16.91 -1.05698e-06
16.92 -1.05941e-06
16.93 -1.06158e-06
16.94 -1.06348e-06
16.95 -1.06512e-06
16.96 -1.0665e-06
16.97 -1.06762e-06
16.98 -1.06847e-06
16.99 -1.06906e-06
17 -1.06938e-06
17.01 -1.06944e-06
17.02 -1.06924e-06
17.03 -1.06877e-06
17.04 -1.06804e-06
17.05 -1.06705e-06
17.06 -1.06579e-06
17.07 -1.06427e-06
17.08 -1.06249e-06
17.09 -1.06044e-06
17.1 -1.05813e-06
17.11 -1.05557e-06
17.12 -1.05274e-06
17.13 -1.04965e-06
17.14 -1.0463e-06
17.15 -1.0427e-06
17.16 -1.03884e-06
17.17 -1.03472e-06
17.18 -1.03034e-06
17.19 -1.02571e-06
17.2 -1.02083e-06
17.21 -1.0157e-06
17.22 -1.01032e-06
17.23 -1.00468e-06
17.24 -9.98802e-07
17.25 -9.92675e-07
17.26 -9.86302e-07
17.27 -9.79687e-07
17.28 -9.72829e-07
17.29 -9.65732e-07
17.3 -9.58396e-07
17.31 -9.50824e-07
17.32 -9.43017e-07
17.33 -9.34977e-07
17.34 -9.26707e-07
17.35 -9.18208e-07
17.36 -9.09483e-07
17.37 -9.00533e-07
17.38 -8.91361e-07
17.39 -8.81969e-07
17.4 -8.7236e-07
17.41 -8.62535e-07
17.42 -8.52497e-07
17.43 -8.42249e-07
17.44 -8.31794e-07
17.45 -8.21133e-07
17.46 -8.10269e-07
17.47 -7.99206e-07
17.48 -7.87945e-07
17.49 -7.7649e-07
17.5 -7.64843e-07
17.51 -7.53008e-07
17.52 -7.40986e-07
17.53 -7.28782e-07
17.54 -7.16399e-07
17.55 -7.03838e-07
17.56 -6.91104e-07
17.57 -6.78199e-07
17.58 -6.65127e-07
17.59 -6.51891e-07
17.6 -6.38493e-07
17.61 -6.24939e-07
17.62 -6.1123e-07
17.63 -5.9737e-07
17.64 -5.83363e-07
17.65 -5.69212e-07
17.66 -5.54921e-07
17.67 -5.40493e-07
17.68 -5.25931e-07
17.69 -5.1124e-07
17.7 -4.96422e-07
17.71 -4.81482e-07
17.72 -4.66423e-07
17.73 -4.51249e-07
17.74 -4.35964e-07
17.75 -4.20571e-07
17.76 -4.05074e-07
17.77 -3.89478e-07
17.78 -3.73785e-07
17.79 -3.58e-07
17.8 -3.42127e-07
17.81 -3.26169e-07
17.82 -3.10131e-07
17.83 -2.94017e-07
17.84 -2.77829e-07
17.85 -2.61574e-07
17.86 -2.45253e-07
17.87 -2.28873e-07
17.88 -2.12435e-07
17.89 -1.95946e-07
17.9 -1.79408e-07
17.91 -1.62825e-07
17.92 -1.46203e-07
17.93 -1.29544e-07
17.94 -1.12854e-07
17.95 -9.61356e-08
17.96 -7.93935e-08
17.97 -6.26319e-08
17.98 -4.58548e-08
17.99 -2.90663e-08
18 -1.22708e-08
18.01 4.52786e-09
18.02 2.13254e-08
18.03 3.81176e-08
18.04 5.49004e-08
18.05 7.16697e-08
18.06 8.84213e-08
18.07 1.05151e-07
18.08 1.21855e-07
18.09 1.38529e-07
18.1 1.55168e-07
18.11 1.7177e-07
18.12 1.88329e-07
18.13 2.04841e-07
18.14 2.21303e-07
18.15 2.3771e-07
18.16 2.54059e-07
18.17 2.70345e-07
18.18 2.86564e-07
18.19 3.02713e-07
18.2 3.18787e-07
18.21 3.34782e-07
18.22 3.50694e-07
18.23 3.66521e-07
18.24 3.82256e-07
18.25 3.97898e-07
18.26 4.13441e-07
18.27 4.28882e-07
18.28 4.44217e-07
18.29 4.59443e-07
18.3 4.74555e-07
18.31 4.89551e-07
18.32 5.04425e-07
18.33 5.19175e-07
18.34 5.33797e-07
18.35 5.48287e-07
18.36 5.62642e-07
18.37 5.76858e-07
18.38 5.90932e-07
18.39 6.0486e-07
18.4 6.18639e-07
18.41 6.32265e-07
18.42 6.45735e-07
18.43 6.59046e-07
18.44 6.72194e-07
18.45 6.85176e-07
18.46 6.9799e-07
18.47 7.10631e-07
18.48 7.23096e-07
18.49 7.35384e-07
18.5 7.4749e-07
18.51 7.59411e-07
18.52 7.71145e-07
18.53 7.82689e-07
18.54 7.9404e-07
18.55 8.05194e-07
18.56 8.1615e-07
18.57 8.26905e-07
18.58 8.37456e-07
18.59 8.478e-07
18.6 8.57935e-07
18.61 8.67858e-07
18.62 8.77567e-07
18.63 8.87059e-07
18.64 8.96333e-07
18.65 9.05386e-07
18.66 9.14215e-07
18.67 9.22818e-07
18.68 9.31194e-07
18.69 9.3934e-07
18.7 9.47254e-07
18.71 9.54935e-07
18.72 9.6238e-07
18.73 9.69588e-07
18.74 9.76556e-07
18.75 9.83283e-07
18.76 9.89768e-07
18.77 9.96008e-07
18.78 1.002e-06
18.79 1.00775e-06
18.8 1.01325e-06
18.81 1.0185e-06
18.82 1.0235e-06
18.83 1.02824e-06
18.84 1.03273e-06
18.85 1.03697e-06
18.86 1.04095e-06
18.87 1.04467e-06
18.88 1.04814e-06
18.89 1.05135e-06
18.9 1.0543e-06
18.91 1.05698e-06
18.92 1.05941e-06
18.93 1.06158e-06
18.94 1.06348e-06
18.95 1.06512e-06
18.96 1.0665e-06
18.97 1.06762e-06
18.98 1.06847e-06
18.99 1.06906e-06
19 1.06938e-06
19.01 1.06944e-06
19.02 1.06924e-06
19.03 1.06877e-06
19.04 1.06804e-06
19.05 1.06705e-06
19.06 1.06579e-06
19.07 1.06427e-06
19.08 1.06249e-06
19.09 1.06044e-06
19.1 1.05813e-06
19.11 1.05557e-06
19.12 1.05274e-06
19.13 1.04965e-06
19.14 1.0463e-06
19.15 1.0427e-06
19.16 1.03884e-06
19.17 1.03472e-06
19.18 1.03034e-06
19.19 1.02571e-06
19.2 1.02083e-06
19.21 1.0157e-06
19.22 1.01032e-06
19.23 1.00468e-06
19.24 9.98802e-07
19.25 9.92675e-07
19.26 9.86302e-07
19.27 9.79687e-07
19.28 9.72829e-07
19.29 9.65732e-07
19.3 9.58396e-07
19.31 9.50824e-07
19.32 9.43017e-07
19.33 9.34977e-07
19.34 9.26707e-07
19.35 9.18208e-07
19.36 9.09483e-07
19.37 9.00533e-07
19.38 8.91361e-07
19.39 8.81969e-07
19.4 8.7236e-07
19.41 8.62535e-07
19.42 8.52497e-07
19.43 8.42249e-07
19.44 8.31794e-07
19.45 8.21133e-07
19.46 8.10269e-07
19.47 7.99206e-07
19.48 7.87945e-07
19.49 7.7649e-07
19.5 7.64843e-07
19.51 7.53008e-07
19.52 7.40986e-07
19.53 7.28782e-07
19.54 7.16399e-07
19.55 7.03838e-07
19.56 6.91104e-07
19.57 6.78199e-07
19.58 6.65127e-07
19.59 6.51891e-07
19.6 6.38493e-07
19.61 6.24939e-07
19.62 6.1123e-07
19.63 5.9737e-07
19.64 5.83363e-07
19.65 5.69212e-07
19.66 5.54921e-07
19.67 5.40493e-07
19.68 5.25931e-07
19.69 5.1124e-07
19.7 4.96422e-07
19.71 4.81482e-07
19.72 4.66423e-07
19.73 4.51249e-07
19.74 4.35964e-07
19.75 4.20571e-07
19.76 4.05074e-07
19.77 3.89478e-07
19.78 3.73785e-07
19.79 3.58e-07
19.8 3.42127e-07
19.81 3.26169e-07
19.82 3.10131e-07
19.83 2.94017e-07
19.84 2.77829e-07
19.85 2.61574e-07
19.86 2.45253e-07
19.87 2.28873e-07
19.88 2.12435e-07
19.89 1.95946e-07
19.9 1.79408e-07
19.91 1.62825e-07
19.92 1.46203e-07
19.93 1.29544e-07
19.94 1.12854e-07
19.95 9.61356e-08
19.96 7.93935e-08
19.97 6.26319e-08
19.98 4.58548e-08
19.99 2.90663e-08
20 1.22708e-08
20.01 -4.52786e-09
20.02 -2.13254e-08
20.03 -3.81176e-08
20.04 -5.49004e-08
20.05 -7.16697e-08
20.06 -8.84213e-08
20.07 -1.05151e-07
20.08 -1.21855e-07
20.09 -1.38529e-07
20.1 -1.55168e-07
20.11 -1.7177e-07
20.12 -1.88329e-07
20.13 -2.04841e-07
20.14 -2.21303e-07
20.15 -2.3771e-07
20.16 -2.54059e-07
20.17 -2.70345e-07
20.18 -2.86564e-07
20.19 -3.02713e-07
20.2 -3.18787e-07
20.21 -3.34782e-07
20.22 -3.50694e-07
20.23 -3.66521e-07
20.24 -3.82256e-07
20.25 -3.97898e-07
20.26 -4.13441e-07
20.27 -4.28882e-07
20.28 -4.44217e-07
20.29 -4.59443e-07
20.3 -4.74555e-07
20.31 -4.89551e-07
20.32 -5.04425e-07
20.33 -5.19175e-07
20.34 -5.33797e-07
20.35 -5.48287e-07
20.36 -5.62642e-07
20.37 -5.76858e-07
20.38 -5.90932e-07
20.39 -6.0486e-07
20.4 -6.18639e-07
20.41 -6.32265e-07
20.42 -6.45735e-07
20.43 -6.59046e-07
20.44 -6.72194e-07
20.45 -6.85176e-07
20.46 -6.9799e-07
20.47 -7.10631e-07
20.48 -7.23096e-07
20.49 -7.35384e-07
20.5 -7.4749e-07
20.51 -7.59411e-07
20.52 -7.71145e-07
20.53 -7.82689e-07
20.54 -7.9404e-07
20.55 -8.05194e-07
20.56 -8.1615e-07
20.57 -8.26905e-07
20.58 -8.37456e-07
20.59 -8.478e-07
20.6 -8.57935e-07
20.61 -8.67858e-07
20.62 -8.77567e-07
20.63 -8.87059e-07
20.64 -8.96333e-07
20.65 -9.05386e-07
20.66 -9.14215e-07
20.67 -9.22818e-07
20.68 -9.31194e-07
20.69 -9.3934e-07
20.7 -9.47254e-07
20.71 -9.54935e-07
20.72 -9.6238e-07
20.73 -9.69588e-07
20.74 -9.76556e-07
20.75 -9.83283e-07
20.76 -9.89768e-07
20.77 -9.96008e-07
20.78 -1.002e-06
20.79 -1.00775e-06
20.8 -1.01325e-06
20.81 -1.0185e-06
20.82 -1.0235e-06
20.83 -1.02824e-06
20.84 -1.03273e-06
20.85 -1.03697e-06
20.86 -1.04095e-06
20.87 -1.04467e-06
20.88 -1.04814e-06
20.89 -1.05135e-06
20.9 -1.0543e-06
20.91 -1.05698e-06
20.92 -1.05941e-06
20.93 -1.06158e-06
20.94 -1.06348e-06
20.95 -1.06512e-06
20.96 -1.0665e-06
20.97 -1.06762e-06
20.98 -1.06847e-06
20.99 -1.06906e-06
21 -1.06938e-06
21.01 -1.06944e-06
21.02 -1.06924e-06
21.03 -1.06877e-06
21.04 -1.06804e-06
21.05 -1.06705e-06
21.06 -1.06579e-06
21.07 -1.06427e-06
21.08 -1.06249e-06
21.09 -1.06044e-06
21.1 -1.05813e-06
21.11 -1.05557e-06
21.12 -1.05274e-06
21.13 -1.04965e-06
21.14 -1.0463e-06
21.15 -1.0427e-06
21.16 -1.03884e-06
21.17 -1.03472e-06
21.18 -1.03034e-06
21.19 -1.02571e-06
21.2 -1.02083e-06
21.21 -1.0157e-06
21.22 -1.01032e-06
21.23 -1.00468e-06
21.24 -9.98802e-07
21.25 -9.92675e-07
21.26 -9.86302e-07
21.27 -9.79687e-07
21.28 -9.72829e-07
21.29 -9.65732e-07
21.3 -9.58396e-07
21.31 -9.50824e-07
21.32 -9.43017e-07
21.33 -9.34977e-07
21.34 -9.26707e-07
21.35 -9.18208e-07
21.36 -9.09483e-07
21.37 -9.00533e-07
21.38 -8.91361e-07
21.39 -8.81969e-07
21.4 -8.7236e-07
21.41 -8.62535e-07
21.42 -8.52497e-07
21.43 -8.42249e-07
21.44 -8.31794e-07
21.45 -8.21133e-07
21.46 -8.10269e-07
21.47 -7.99206e-07
21.48 -7.87945e-07
21.49 -7.7649e-07
21.5 -7.64843e-07
21.51 -7.53008e-07
21.52 -7.40986e-07
21.53 -7.28782e-07
21.54 -7.16399e-07
21.55 -7.03838e-07
21.56 -6.91104e-07
21.57 -6.78199e-07
21.58 -6.65127e-07
21.59 -6.51891e-07
21.6 -6.38493e-07
21.61 -6.24939e-07
21.62 -6.1123e-07
21.63 -5.9737e-07
21.64 -5.83363e-07
21.65 -5.69212e-07
21.66 -5.54921e-07
21.67 -5.40493e-07
21.68 -5.25931e-07
21.69 -5.1124e-07
21.7 -4.96422e-07
21.71 -4.81482e-07
21.72 -4.66423e-07
21.73 -4.51249e-07
21.74 -4.35964e-07
21.75 -4.20571e-07
21.76 -4.05074e-07
21.77 -3.89478e-07
21.78 -3.73785e-07
21.79 -3.58e-07
21.8 -3.42127e-07
21.81 -3.26169e-07
21.82 -3.10131e-07
21.83 -2.94017e-07
21.84 -2.77829e-07
21.85 -2.61574e-07
21.86 -2.45253e-07
21.87 -2.28873e-07
21.88 -2.12435e-07
21.89 -1.95946e-07
21.9 -1.79408e-07
21.91 -1.62825e-07
21.92 -1.46203e-07
21.93 -1.29544e-07
21.94 -1.12854e-07
21.95 -9.61356e-08
21.96 -7.93935e-08
21.97 -6.26319e-08
21.98 -4.58548e-08
21.99 -2.90663e-08
22 -1.22708e-08
22.01 4.52786e-09
22.02 2.13254e-08
22.03 3.81176e-08
22.04 5.49004e-08
22.05 7.16697e-08
22.06 8.84213e-08
22.07 1.05151e-07
22.08 1.21855e-07
22.09 1.38529e-07
22.1 1.55168e-07
22.11 1.7177e-07
22.12 1.88329e-07
22.13 2.04841e-07
22.14 2.21303e-07
22.15 2.3771e-07
22.16 2.54059e-07
22.17 2.70345e-07
22.18 2.86564e-07
22.19 3.02713e-07
22.2 3.18787e-07
22.21 3.34782e-07
22.22 3.50694e-07
22.23 3.66521e-07
22.24 3.82256e-07
22.25 3.97898e-07
22.26 4.13441e-07
22.27 4.28882e-07
22.28 4.44217e-07
22.29 4.59443e-07
22.3 4.74555e-07
22.31 4.89551e-07
22.32 5.04425e-07
22.33 5.19175e-07
22.34 5.33797e-07
22.35 5.48287e-07
22.36 5.62642e-07
22.37 5.76858e-07
22.38 5.90932e-07
22.39 6.0486e-07
22.4 6.18639e-07
22.41 6.32265e-07
22.42 6.45735e-07
22.43 6.59046e-07
22.44 6.72194e-07
22.45 6.85176e-07
22.46 6.9799e-07
22.47 7.10631e-07
22.48 7.23096e-07
22.49 7.35384e-07
22.5 7.4749e-07
22.51 7.59411e-07
22.52 7.71145e-07
22.53 7.82689e-07
22.54 7.9404e-07
22.55 8.05194e-07
22.56 8.1615e-07
22.57 8.26905e-07
22.58 8.37456e-07
22.59 8.478e-07
22.6 8.57935e-07
22.61 8.67858e-07
22.62 8.77567e-07
22.63 8.87059e-07
22.64 8.96333e-07
22.65 9.05386e-07
22.66 9.14215e-07
22.67 9.22818e-07
22.68 9.31194e-07
22.69 9.3934e-07
22.7 9.47254e-07
22.71 9.54935e-07
22.72 9.6238e-07
22.73 9.69588e-07
22.74 9.76556e-07
22.75 9.83283e-07
22.76 9.89768e-07
22.77 9.96008e-07
22.78 1.002e-06
22.79 1.00775e-06
22.8 1.01325e-06
22.81 1.0185e-06
22.82 1.0235e-06
22.83 1.02824e-06
22.84 1.03273e-06
22.85 1.03697e-06
22.86 1.04095e-06
22.87 1.04467e-06
22.88 1.04814e-06
22.89 1.05135e-06
22.9 1.0543e-06
22.91 1.05698e-06
22.92 1.05941e-06
22.93 1.06158e-06
22.94 1.06348e-06
22.95 1.06512e-06
22.96 1.0665e-06
22.97 1.06762e-06
22.98 1.06847e-06
22.99 1.06906e-06
23 1.06938e-06
23.01 1.06944e-06
23.02 1.06924e-06
23.03 1.06877e-06
23.04 1.06804e-06
23.05 1.06705e-06
23.06 1.06579e-06
23.07 1.06427e-06
23.08 1.06249e-06
23.09 1.06044e-06
23.1 1.05813e-06
23.11 1.05557e-06
23.12 1.05274e-06
23.13 1.04965e-06
23.14 1.0463e-06
23.15 1.0427e-06
23.16 1.03884e-06
23.17 1.03472e-06
23.18 1.03034e-06
23.19 1.02571e-06
23.2 1.02083e-06
23.21 1.0157e-06
23.22 1.01032e-06
23.23 1.00468e-06
23.24 9.98802e-07
23.25 9.92675e-07
23.26 9.86302e-07
23.27 9.79687e-07
23.28 9.72829e-07
23.29 9.65732e-07
23.3 9.58396e-07
23.31 9.50824e-07
23.32 9.43017e-07
23.33 9.34977e-07
23.34 9.26707e-07
23.35 9.18208e-07
23.36 9.09483e-07
23.37 9.00533e-07
23.38 8.91361e-07
23.39 8.81969e-07
23.4 8.7236e-07
23.41 8.62535e-07
23.42 8.52497e-07
23.43 8.42249e-07
23.44 8.31794e-07
23.45 8.21133e-07
23.46 8.10269e-07
23.47 7.99206e-07
23.48 7.87945e-07
23.49 7.7649e-07
23.5 7.64843e-07
23.51 7.53008e-07
23.52 7.40986e-07
23.53 7.28782e-07
23.54 7.16399e-07
23.55 7.03838e-07
23.56 6.91104e-07
23.57 6.78199e-07
23.58 6.65127e-07
23.59 6.51891e-07
23.6 6.38493e-07
23.61 6.24939e-07
23.62 6.1123e-07
23.63 5.9737e-07
23.64 5.83363e-07
23.65 5.69212e-07
23.66 5.54921e-07
23.67 5.40493e-07
23.68 5.25931e-07
23.69 5.1124e-07
23.7 4.96422e-07
23.71 4.81482e-07
23.72 4.66423e-07
23.73 4.51249e-07
23.74 4.35964e-07
23.75 4.20571e-07
23.76 4.05074e-07
23.77 3.89478e-07
23.78 3.73785e-07
23.79 3.58e-07
23.8 3.42127e-07
23.81 3.26169e-07
23.82 3.10131e-07
23.83 2.94017e-07
23.84 2.77829e-07
23.85 2.61574e-07
23.86 2.45253e-07
23.87 2.28873e-07
23.88 2.12435e-07
23.89 1.95946e-07
23.9 1.79408e-07
23.91 1.62825e-07
23.92 1.46203e-07
23.93 1.29544e-07
23.94 1.12854e-07
23.95 9.61356e-08
23.96 7.93935e-08
23.97 6.26319e-08
23.98 4.58548e-08
23.99 2.90663e-08
24 1.22708e-08
24.01 -4.52786e-09
24.02 -2.13254e-08
24.03 -3.81176e-08
24.04 -5.49004e-08
24.05 -7.16697e-08
24.06 -8.84213e-08
24.07 -1.05151e-07
24.08 -1.21855e-07
24.09 -1.38529e-07
24.1 -1.55168e-07
24.11 -1.7177e-07
24.12 -1.88329e-07
24.13 -2.04841e-07
24.14 -2.21303e-07
24.15 -2.3771e-07
24.16 -2.54059e-07
24.17 -2.70345e-07
24.18 -2.86564e-07
24.19 -3.02713e-07
24.2 -3.18787e-07
24.21 -3.34782e-07
24.22 -3.50694e-07
24.23 -3.66521e-07
24.24 -3.82256e-07
24.25 -3.97898e-07
24.26 -4.13441e-07
24.27 -4.28882e-07
24.28 -4.44217e-07
24.29 -4.59443e-07
24.3 -4.74555e-07
24.31 -4.89551e-07
24.32 -5.04425e-07
24.33 -5.19175e-07
24.34 -5.33797e-07
24.35 -5.48287e-07
24.36 -5.62642e-07
24.37 -5.76858e-07
24.38 -5.90932e-07
24.39 -6.0486e-07
24.4 -6.18639e-07
24.41 -6.32265e-07
24.42 -6.45735e-07
24.43 -6.59046e-07
24.44 -6.72194e-07
24.45 -6.85176e-07
24.46 -6.9799e-07
24.47 -7.10631e-07
24.48 -7.23096e-07
24.49 -7.35384e-07
24.5 -7.4749e-07
24.51 -7.59411e-07
24.52 -7.71145e-07
24.53 -7.82689e-07
24.54 -7.9404e-07
24.55 -8.05194e-07
24.56 -8.1615e-07
24.57 -8.26905e-07
24.58 -8.37456e-07
24.59 -8.478e-07
24.6 -8.57935e-07
24.61 -8.67858e-07
24.62 -8.77567e-07
24.63 -8.87059e-07
24.64 -8.96333e-07
24.65 -9.05386e-07
24.66 -9.14215e-07
24.67 -9.22818e-07
24.68 -9.31194e-07
24.69 -9.3934e-07
24.7 -9.47254e-07
24.71 -9.54935e-07
24.72 -9.6238e-07
24.73 -9.69588e-07
24.74 -9.76556e-07
24.75 -9.83283e-07
24.76 -9.89768e-07
24.77 -9.96008e-07
24.78 -1.002e-06
24.79 -1.00775e-06
24.8 -1.01325e-06
24.81 -1.0185e-06
24.82 -1.0235e-06
24.83 -1.02824e-06
24.84 -1.03273e-06
24.85 -1.03697e-06
24.86 -1.04095e-06
24.87 -1.04467e-06
24.88 -1.04814e-06
24.89 -1.05135e-06
24.9 -1.0543e-06
24.91 -1.05698e-06
24.92 -1.05941e-06
24.93 -1.06158e-06
24.94 -1.06348e-06
24.95 -1.06512e-06
24.96 -1.0665e-06
24.97 -1.06762e-06
24.98 -1.06847e-06
24.99 -1.06906e-06
25 -1.06938e-06
25.01 -1.06944e-06
25.02 -1.06924e-06
25.03 -1.06877e-06
25.04 -1.06804e-06
25.05 -1.06705e-06
25.06 -1.06579e-06
25.07 -1.06427e-06
25.08 -1.06249e-06
25.09 -1.06044e-06
25.1 -1.05813e-06
25.11 -1.05557e-06
25.12 -1.05274e-06
25.13 -1.04965e-06
25.14 -1.0463e-06
25.15 -1.0427e-06
25.16 -1.03884e-06
25.17 -1.03472e-06
25.18 -1.03034e-06
25.19 -1.02571e-06
25.2 -1.02083e-06
25.21 -1.0157e-06
25.22 -1.01032e-06
25.23 -1.00468e-06
25.24 -9.98802e-07
25.25 -9.92675e-07
25.26 -9.86302e-07
25.27 -9.79687e-07
25.28 -9.72829e-07
25.29 -9.65732e-07
25.3 -9.58396e-07
25.31 -9.50824e-07
25.32 -9.43017e-07
25.33 -9.34977e-07
25.34 -9.26707e-07
25.35 -9.18208e-07
25.36 -9.09483e-07
25.37 -9.00533e-07
25.38 -8.91361e-07
25.39 -8.81969e-07
25.4 -8.7236e-07
25.41 -8.62535e-07
25.42 -8.52497e-07
25.43 -8.42249e-07
25.44 -8.31794e-07
25.45 -8.21133e-07
25.46 -8.10269e-07
25.47 -7.99206e-07
25.48 -7.87945e-07
25.49 -7.7649e-07
25.5 -7.64843e-07
25.51 -7.53008e-07
25.52 -7.40986e-07
25.53 -7.28782e-07
25.54 -7.16399e-07
25.55 -7.03838e-07
25.56 -6.91104e-07
25.57 -6.78199e-07
25.58 -6.65127e-07
25.59 -6.51891e-07
25.6 -6.38493e-07
25.61 -6.24939e-07
25.62 -6.1123e-07
25.63 -5.9737e-07
25.64 -5.83363e-07
25.65 -5.69212e-07
25.66 -5.54921e-07
25.67 -5.40493e-07
25.68 -5.25931e-07
25.69 -5.1124e-07
25.7 -4.96422e-07
25.71 -4.81482e-07
25.72 -4.66423e-07
25.73 -4.51249e-07
25.74 -4.35964e-07
25.75 -4.20571e-07
25.76 -4.05074e-07
25.77 -3.89478e-07
25.78 -3.73785e-07
25.79 -3.58e-07
25.8 -3.42127e-07
25.81 -3.26169e-07
25.82 -3.10131e-07
25.83 -2.94017e-07
25.84 -2.77829e-07
25.85 -2.61574e-07
25.86 -2.45253e-07
25.87 -2.28873e-07
25.88 -2.12435e-07
25.89 -1.95946e-07
25.9 -1.79408e-07
25.91 -1.62825e-07
25.92 -1.46203e-07
25.93 -1.29544e-07
25.94 -1.12854e-07
25.95 -9.61356e-08
25.96 -7.93935e-08
25.97 -6.26319e-08
25.98 -4.58548e-08
25.99 -2.90663e-08
26 -1.22708e-08
26.01 4.52786e-09
26.02 2.13254e-08
26.03 3.81176e-08
26.04 5.49004e-08
26.05 7.16697e-08
26.06 8.84213e-08
26.07 1.05151e-07
26.08 1.21855e-07
26.09 1.38529e-07
26.1 1.55168e-07
26.11 1.7177e-07
26.12 1.88329e-07
26.13 2.04841e-07
26.14 2.21303e-07
26.15 2.3771e-07
26.16 2.54059e-07
26.17 2.70345e-07
26.18 2.86564e-07
26.19 3.02713e-07
26.2 3.18787e-07
26.21 3.34782e-07
26.22 3.50694e-07
26.23 3.66521e-07
26.24 3.82256e-07
26.25 3.97898e-07
26.26 4.13441e-07
26.27 4.28882e-07
26.28 4.44217e-07
26.29 4.59443e-07
26.3 4.74555e-07
26.31 4.89551e-07
26.32 5.04425e-07
26.33 5.19175e-07
26.34 5.33797e-07
26.35 5.48287e-07
26.36 5.62642e-07
26.37 5.76858e-07
26.38 5.90932e-07
26.39 6.0486e-07
26.4 6.18639e-07
26.41 6.32265e-07
26.42 6.45735e-07
26.43 6.59046e-07
26.44 6.72194e-07
26.45 6.85176e-07
26.46 6.9799e-07
26.47 7.10631e-07
26.48 7.23096e-07
26.49 7.35384e-07
26.5 7.4749e-07
26.51 7.59411e-07
26.52 7.71145e-07
26.53 7.82689e-07
26.54 7.9404e-07
26.55 8.05194e-07
26.56 8.1615e-07
26.57 8.26905e-07
26.58 8.37456e-07
26.59 8.478e-07
26.6 8.57935e-07
26.61 8.67858e-07
26.62 8.77567e-07
26.63 8.87059e-07
26.64 8.96333e-07
26.65 9.05386e-07
26.66 9.14215e-07
26.67 9.22818e-07
26.68 9.31194e-07
26.69 9.3934e-07
26.7 9.47254e-07
26.71 9.54935e-07
26.72 9.6238e-07
26.73 9.69588e-07
26.74 9.76556e-07
26.75 9.83283e-07
26.76 9.89768e-07
26.77 9.96008e-07
26.78 1.002e-06
26.79 1.00775e-06
26.8 1.01325e-06
26.81 1.0185e-06
26.82 1.0235e-06
26.83 1.02824e-06
26.84 1.03273e-06
26.85 1.03697e-06
26.86 1.04095e-06
26.87 1.04467e-06
26.88 1.04814e-06
26.89 1.05135e-06
26.9 1.0543e-06
26.91 1.05698e-06
26.92 1.05941e-06
26.93 1.06158e-06
26.94 1.06348e-06
26.95 1.06512e-06
26.96 1.0665e-06
26.97 1.06762e-06
26.98 1.06847e-06
26.99 1.06906e-06
27 1.06938e-06
27.01 1.06944e-06
27.02 1.06924e-06
27.03 1.06877e-06
27.04 1.06804e-06
27.05 1.06705e-06
27.06 1.06579e-06
27.07 1.06427e-06
27.08 1.06249e-06
27.09 1.06044e-06
27.1 1.05813e-06
27.11 1.05557e-06
27.12 1.05274e-06
27.13 1.04965e-06
27.14 1.0463e-06
27.15 1.0427e-06
27.16 1.03884e-06
27.17 1.03472e-06
27.18 1.03034e-06
27.19 1.02571e-06
27.2 1.02083e-06
27.21 1.0157e-06
27.22 1.01032e-06
27.23 1.00468e-06
27.24 9.98802e-07
27.25 9.92675e-07
27.26 9.86302e-07
27.27 9.79687e-07
27.28 9.72829e-07
27.29 9.65732e-07
27.3 9.58396e-07
27.31 9.50824e-07
27.32 9.43017e-07
27.33 9.34977e-07
27.34 9.26707e-07
27.35 9.18208e-07
27.36 9.09483e-07
27.37 9.00533e-07
27.38 8.91361e-07
27.39 8.81969e-07
27.4 8.7236e-07
27.41 8.62535e-07
27.42 8.52497e-07
27.43 8.42249e-07
27.44 8.31794e-07
27.45 8.21133e-07
27.46 8.10269e-07
27.47 7.99206e-07
27.48 7.87945e-07
27.49 7.7649e-07
27.5 7.64843e-07
27.51 7.53008e-07
27.52 7.40986e-07
27.53 7.28782e-07
27.54 7.16399e-07
27.55 7.03838e-07
27.56 6.91104e-07
27.57 6.78199e-07
27.58 6.65127e-07
27.59 6.51891e-07
27.6 6.38493e-07
27.61 6.24939e-07
27.62 6.1123e-07
27.63 5.9737e-07
27.64 5.83363e-07
27.65 5.69212e-07
27.66 5.54921e-07
27.67 5.40493e-07
27.68 5.25931e-07
27.69 5.1124e-07
27.7 4.96422e-07
27.71 4.81482e-07
27.72 4.66423e-07
27.73 4.51249e-07
27.74 4.35964e-07
27.75 4.20571e-07
27.76 4.05074e-07
27.77 3.89478e-07
27.78 3.73785e-07
27.79 3.58e-07
27.8 3.42127e-07
27.81 3.26169e-07
27.82 3.10131e-07
27.83 2.94017e-07
27.84 2.77829e-07
27.85 2.61574e-07
27.86 2.45253e-07
27.87 2.28873e-07
27.88 2.12435e-07
27.89 1.95946e-07
27.9 1.79408e-07
27.91 1.62825e-07
27.92 1.46203e-07
27.93 1.29544e-07
27.94 1.12854e-07
27.95 9.61356e-08
27.96 7.93935e-08
27.97 6.26319e-08
27.98 4.58548e-08
27.99 2.90663e-08
28 1.22708e-08
28.01 -4.52786e-09
28.02 -2.13254e-08
28.03 -3.81176e-08
28.04 -5.49004e-08
28.05 -7.16697e-08
28.06 -8.84213e-08
28.07 -1.05151e-07
28.08 -1.21855e-07
28.09 -1.38529e-07
28.1 -1.55168e-07
28.11 -1.7177e-07
28.12 -1.88329e-07
28.13 -2.04841e-07
28.14 -2.21303e-07
28.15 -2.3771e-07
28.16 -2.54059e-07
28.17 -2.70345e-07
28.18 -2.86564e-07
28.19 -3.02713e-07
28.2 -3.18787e-07
28.21 -3.34782e-07
28.22 -3.50694e-07
28.23 -3.66521e-07
28.24 -3.82256e-07
28.25 -3.97898e-07
28.26 -4.13441e-07
28.27 -4.28882e-07
28.28 -4.44217e-07
28.29 -4.59443e-07
28.3 -4.74555e-07
28.31 -4.89551e-07
28.32 -5.04425e-07
28.33 -5.19175e-07
28.34 -5.33797e-07
28.35 -5.48287e-07
28.36 -5.62642e-07
28.37 -5.76858e-07
28.38 -5.90932e-07
28.39 -6.0486e-07
28.4 -6.18639e-07
28.41 -6.32265e-07
28.42 -6.45735e-07
28.43 -6.59046e-07
28.44 -6.72194e-07
28.45 -6.85176e-07
28.46 -6.9799e-07
28.47 -7.10631e-07
28.48 -7.23096e-07
28.49 -7.35384e-07
28.5 -7.4749e-07
28.51 -7.59411e-07
28.52 -7.71145e-07
28.53 -7.82689e-07
28.54 -7.9404e-07
28.55 -8.05194e-07
28.56 -8.1615e-07
28.57 -8.26905e-07
28.58 -8.37456e-07
28.59 -8.478e-07
28.6 -8.57935e-07
28.61 -8.67858e-07
28.62 -8.77567e-07
28.63 -8.87059e-07
28.64 -8.96333e-07
28.65 -9.05386e-07
28.66 -9.14215e-07
28.67 -9.22818e-07
28.68 -9.31194e-07
28.69 -9.3934e-07
28.7 -9.47254e-07
28.71 -9.54935e-07
28.72 -9.6238e-07
28.73 -9.69588e-07
28.74 -9.76556e-07
28.75 -9.83283e-07
28.76 -9.89768e-07
28.77 -9.96008e-07
28.78 -1.002e-06
28.79 -1.00775e-06
28.8 -1.01325e-06
28.81 -1.0185e-06
28.82 -1.0235e-06
28.83 -1.02824e-06
28.84 -1.03273e-06
28.85 -1.03697e-06
28.86 -1.04095e-06
28.87 -1.04467e-06
28.88 -1.04814e-06
28.89 -1.05135e-06
28.9 -1.0543e-06
28.91 -1.05698e-06
28.92 -1.05941e-06
28.93 -1.06158e-06
28.94 -1.06348e-06
28.95 -1.06512e-06
28.96 -1.0665e-06
28.97 -1.06762e-06
28.98 -1.06847e-06
28.99 -1.06906e-06
29 -1.06938e-06
29.01 -1.06944e-06
29.02 -1.06924e-06
29.03 -1.06877e-06
29.04 -1.06804e-06
29.05 -1.06705e-06
29.06 -1.06579e-06
29.07 -1.06427e-06
29.08 -1.06249e-06
29.09 -1.06044e-06
29.1 -1.05813e-06
29.11 -1.05557e-06
29.12 -1.05274e-06
29.13 -1.04965e-06
29.14 -1.0463e-06
29.15 -1.0427e-06
29.16 -1.03884e-06
29.17 -1.03472e-06
29.18 -1.03034e-06
29.19 -1.02571e-06
29.2 -1.02083e-06
29.21 -1.0157e-06
29.22 -1.01032e-06
29.23 -1.00468e-06
29.24 -9.98802e-07
29.25 -9.92675e-07
29.26 -9.86302e-07
29.27 -9.79687e-07
29.28 -9.72829e-07
29.29 -9.65732e-07
29.3 -9.58396e-07
29.31 -9.50824e-07
29.32 -9.43017e-07
29.33 -9.34977e-07
29.34 -9.26707e-07
29.35 -9.18208e-07
29.36 -9.09483e-07
29.37 -9.00533e-07
29.38 -8.91361e-07
29.39 -8.81969e-07
29.4 -8.7236e-07
29.41 -8.62535e-07
29.42 -8.52497e-07
29.43 -8.42249e-07
29.44 -8.31794e-07
29.45 -8.21133e-07
29.46 -8.10269e-07
29.47 -7.99206e-07
29.48 -7.87945e-07
29.49 -7.7649e-07
29.5 -7.64843e-07
29.51 -7.53008e-07
29.52 -7.40986e-07
29.53 -7.28782e-07
29.54 -7.16399e-07
29.55 -7.03838e-07
29.56 -6.91104e-07
29.57 -6.78199e-07
29.58 -6.65127e-07
29.59 -6.51891e-07
29.6 -6.38493e-07
29.61 -6.24939e-07
29.62 -6.1123e-07
29.63 -5.9737e-07
29.64 -5.83363e-07
29.65 -5.69212e-07
29.66 -5.54921e-07
29.67 -5.40493e-07
29.68 -5.25931e-07
29.69 -5.1124e-07
29.7 -4.96422e-07
29.71 -4.81482e-07
29.72 -4.66423e-07
29.73 -4.51249e-07
29.74 -4.35964e-07
29.75 -4.20571e-07
29.76 -4.05074e-07
29.77 -3.89478e-07
29.78 -3.73785e-07
29.79 -3.58e-07
29.8 -3.42127e-07
29.81 -3.26169e-07
29.82 -3.10131e-07
29.83 -2.94017e-07
29.84 -2.77829e-07
29.85 -2.61574e-07
29.86 -2.45253e-07
29.87 -2.28873e-07
29.88 -2.12435e-07
29.89 -1.95946e-07
29.9 -1.79408e-07
29.91 -1.62825e-07
29.92 -1.46203e-07
29.93 -1.29544e-07
29.94 -1.12854e-07
29.95 -9.61356e-08
29.96 -7.93935e-08
29.97 -6.26319e-08
29.98 -4.58548e-08
29.99 -2.90663e-08
30 -1.22708e-08
30.01 4.52786e-09
30.02 2.13254e-08
30.03 3.81176e-08
30.04 5.49004e-08
30.05 7.16697e-08
30.06 8.84213e-08
30.07 1.05151e-07
30.08 1.21855e-07
30.09 1.38529e-07
30.1 1.55168e-07
30.11 1.7177e-07
30.12 1.88329e-07
30.13 2.04841e-07
30.14 2.21303e-07
30.15 2.3771e-07
30.16 2.54059e-07
30.17 2.70345e-07
30.18 2.86564e-07
30.19 3.02713e-07
30.2 3.18787e-07
30.21 3.34782e-07
30.22 3.50694e-07
30.23 3.66521e-07
30.24 3.82256e-07
30.25 3.97898e-07
30.26 4.13441e-07
30.27 4.28882e-07
30.28 4.44217e-07
30.29 4.59443e-07
30.3 4.74555e-07
30.31 4.89551e-07
30.32 5.04425e-07
30.33 5.19175e-07
30.34 5.33797e-07
30.35 5.48287e-07
30.36 5.62642e-07
30.37 5.76858e-07
30.38 5.90932e-07
30.39 6.0486e-07
30.4 6.18639e-07
30.41 6.32265e-07
30.42 6.45735e-07
30.43 6.59046e-07
30.44 6.72194e-07
30.45 6.85176e-07
30.46 6.9799e-07
30.47 7.10631e-07
30.48 7.23096e-07
30.49 7.35384e-07
30.5 7.4749e-07
30.51 7.59411e-07
30.52 7.71145e-07
30.53 7.82689e-07
30.54 7.9404e-07
30.55 8.05194e-07
30.56 8.1615e-07
30.57 8.26905e-07
30.58 8.37456e-07
30.59 8.478e-07
30.6 8.57935e-07
30.61 8.67858e-07
30.62 8.77567e-07
30.63 8.87059e-07
30.64 8.96333e-07
30.65 9.05386e-07
30.66 9.14215e-07
30.67 9.22818e-07
30.68 9.31194e-07
30.69 9.3934e-07
30.7 9.47254e-07
30.71 9.54935e-07
30.72 9.6238e-07
30.73 9.69588e-07
30.74 9.76556e-07
30.75 9.83283e-07
30.76 9.89768e-07
30.77 9.96008e-07
30.78 1.002e-06
30.79 1.00775e-06
30.8 1.01325e-06
30.81 1.0185e-06
30.82 1.0235e-06
30.83 1.02824e-06
30.84 1.03273e-06
30.85 1.03697e-06
30.86 1.04095e-06
30.87 1.04467e-06
30.88 1.04814e-06
30.89 1.05135e-06
30.9 1.0543e-06
30.91 1.05698e-06
30.92 1.05941e-06
30.93 1.06158e-06
30.94 1.06348e-06
30.95 1.06512e-06
30.96 1.0665e-06
30.97 1.06762e-06
30.98 1.06847e-06
30.99 1.06906e-06
31 1.06938e-06
31.01 1.06944e-06
31.02 1.06924e-06
31.03 1.06877e-06
31.04 1.06804e-06
31.05 1.06705e-06
31.06 1.06579e-06
31.07 1.06427e-06
31.08 1.06249e-06
31.09 1.06044e-06
31.1 1.05813e-06
31.11 1.05557e-06
31.12 1.05274e-06
31.13 1.04965e-06
31.14 1.0463e-06
31.15 1.0427e-06
31.16 1.03884e-06
31.17 1.03472e-06
31.18 1.03034e-06
31.19 1.02571e-06
31.2 1.02083e-06
31.21 1.0157e-06
31.22 1.01032e-06
31.23 1.00468e-06
31.24 9.98802e-07
31.25 9.92675e-07
31.26 9.86302e-07
31.27 9.79687e-07
31.28 9.72829e-07
31.29 9.65732e-07
31.3 9.58396e-07
31.31 9.50824e-07
31.32 9.43017e-07
31.33 9.34977e-07
31.34 9.26707e-07
31.35 9.18208e-07
31.36 9.09483e-07
31.37 9.00533e-07
31.38 8.91361e-07
31.39 8.81969e-07
31.4 8.7236e-07
31.41 8.62535e-07
31.42 8.52497e-07
31.43 8.42249e-07
31.44 8.31794e-07
31.45 8.21133e-07
31.46 8.10269e-07
31.47 7.99206e-07
31.48 7.87945e-07
31.49 7.7649e-07
31.5 7.64843e-07
31.51 7.53008e-07
31.52 7.40986e-07
31.53 7.28782e-07
31.54 7.16399e-07
31.55 7.03838e-07
31.56 6.91104e-07
31.57 6.78199e-07
31.58 6.65127e-07
31.59 6.51891e-07
31.6 6.38493e-07
31.61 6.24939e-07
31.62 6.1123e-07
31.63 5.9737e-07
31.64 5.83363e-07
31.65 5.69212e-07
31.66 5.54921e-07
31.67 5.40493e-07
31.68 5.25931e-07
31.69 5.1124e-07
31.7 4.96422e-07
31.71 4.81482e-07
31.72 4.66423e-07
31.73 4.51249e-07
31.74 4.35964e-07
31.75 4.20571e-07
31.76 4.05074e-07
31.77 3.89478e-07
31.78 3.73785e-07
31.79 3.58e-07
31.8 3.42127e-07
31.81 3.26169e-07
31.82 3.10131e-07
31.83 2.94017e-07
31.84 2.77829e-07
31.85 2.61574e-07
31.86 2.45253e-07
31.87 2.28873e-07
31.88 2.12435e-07
31.89 1.95946e-07
31.9 1.79408e-07
31.91 1.62825e-07
31.92 1.46203e-07
31.93 1.29544e-07
31.94 1.12854e-07
31.95 9.61356e-08
31.96 7.93935e-08
31.97 6.26319e-08
31.98 4.58548e-08
31.99 2.90663e-08
32 1.22708e-08
32.01 -4.52786e-09
32.02 -2.13254e-08
32.03 -3.81176e-08
32.04 -5.49004e-08
32.05 -7.16697e-08
32.06 -8.84213e-08
32.07 -1.05151e-07
32.08 -1.21855e-07
32.09 -1.38529e-07
32.1 -1.55168e-07
32.11 -1.7177e-07
32.12 -1.88329e-07
32.13 -2.04841e-07
32.14 -2.21303e-07
32.15 -2.3771e-07
32.16 -2.54059e-07
32.17 -2.70345e-07
32.18 -2.86564e-07
32.19 -3.02713e-07
32.2 -3.18787e-07
32.21 -3.34782e-07
32.22 -3.50694e-07
32.23 -3.66521e-07
32.24 -3.82256e-07
32.25 -3.97898e-07
32.26 -4.13441e-07
32.27 -4.28882e-07
32.28 -4.44217e-07
32.29 -4.59443e-07
32.3 -4.74555e-07
32.31 -4.89551e-07
32.32 -5.04425e-07
32.33 -5.19175e-07
32.34 -5.33797e-07
32.35 -5.48287e-07
32.36 -5.62642e-07
32.37 -5.76858e-07
32.38 -5.90932e-07
32.39 -6.0486e-07
32.4 -6.18639e-07
32.41 -6.32265e-07
32.42 -6.45735e-07
32.43 -6.59046e-07
32.44 -6.72194e-07
32.45 -6.85176e-07
32.46 -6.9799e-07
32.47 -7.10631e-07
32.48 -7.23096e-07
32.49 -7.35384e-07
32.5 -7.4749e-07
32.51 -7.59411e-07
32.52 -7.71145e-07
32.53 -7.82689e-07
32.54 -7.9404e-07
32.55 -8.05194e-07
32.56 -8.1615e-07
32.57 -8.26905e-07
32.58 -8.37456e-07
32.59 -8.478e-07
32.6 -8.57935e-07
32.61 -8.67858e-07
32.62 -8.77567e-07
32.63 -8.87059e-07
32.64 -8.96333e-07
32.65 -9.05386e-07
32.66 -9.14215e-07
32.67 -9.22818e-07
32.68 -9.31194e-07
32.69 -9.3934e-07
32.7 -9.47254e-07
32.71 -9.54935e-07
32.72 -9.6238e-07
32.73 -9.69588e-07
32.74 -9.76556e-07
32.75 -9.83283e-07
32.76 -9.89768e-07
32.77 -9.96008e-07
32.78 -1.002e-06
32.79 -1.00775e-06
32.8 -1.01325e-06
32.81 -1.0185e-06
32.82 -1.0235e-06
32.83 -1.02824e-06
32.84 -1.03273e-06
32.85 -1.03697e-06
32.86 -1.04095e-06
32.87 -1.04467e-06
32.88 -1.04814e-06
32.89 -1.05135e-06
32.9 -1.0543e-06
32.91 -1.05698e-06
32.92 -1.05941e-06
32.93 -1.06158e-06
32.94 -1.06348e-06
32.95 -1.06512e-06
32.96 -1.0665e-06
32.97 -1.06762e-06
32.98 -1.06847e-06
32.99 -1.06906e-06
33 -1.06938e-06
33.01 -1.06944e-06
33.02 -1.06924e-06
33.03 -1.06877e-06
33.04 -1.06804e-06
33.05 -1.06705e-06
33.06 -1.06579e-06
33.07 -1.06427e-06
33.08 -1.06249e-06
33.09 -1.06044e-06
33.1 -1.05813e-06
33.11 -1.05557e-06
33.12 -1.05274e-06
33.13 -1.04965e-06
33.14 -1.0463e-06
33.15 -1.0427e-06
33.16 -1.03884e-06
33.17 -1.03472e-06
33.18 -1.03034e-06
33.19 -1.02571e-06
33.2 -1.02083e-06
33.21 -1.0157e-06
33.22 -1.01032e-06
33.23 -1.00468e-06
33.24 -9.98802e-07
33.25 -9.92675e-07
33.26 -9.86302e-07
33.27 -9.79687e-07
33.28 -9.72829e-07
33.29 -9.65732e-07
33.3 -9.58396e-07
33.31 -9.50824e-07
33.32 -9.43017e-07
33.33 -9.34977e-07
33.34 -9.26707e-07
33.35 -9.18208e-07
33.36 -9.09483e-07
33.37 -9.00533e-07
33.38 -8.91361e-07
33.39 -8.81969e-07
33.4 -8.7236e-07
33.41 -8.62535e-07
33.42 -8.52497e-07
33.43 -8.42249e-07
33.44 -8.31794e-07
33.45 -8.21133e-07
33.46 -8.10269e-07
33.47 -7.99206e-07
33.48 -7.87945e-07
33.49 -7.7649e-07
33.5 -7.64843e-07
33.51 -7.53008e-07
33.52 -7.40986e-07
33.53 -7.28782e-07
33.54 -7.16399e-07
33.55 -7.03838e-07
33.56 -6.91104e-07
33.57 -6.78199e-07
33.58 -6.65127e-07
33.59 -6.51891e-07
33.6 -6.38493e-07
33.61 -6.24939e-07
33.62 -6.1123e-07
33.63 -5.9737e-07
33.64 -5.83363e-07
33.65 -5.69212e-07
33.66 -5.54921e-07
33.67 -5.40493e-07
33.68 -5.25931e-07
33.69 -5.1124e-07
33.7 -4.96422e-07
33.71 -4.81482e-07
33.72 -4.66423e-07
33.73 -4.51249e-07
33.74 -4.35964e-07
33.75 -4.20571e-07
33.76 -4.05074e-07
33.77 -3.89478e-07
33.78 -3.73785e-07
33.79 -3.58e-07
33.8 -3.42127e-07
33.81 -3.26169e-07
33.82 -3.10131e-07
33.83 -2.94017e-07
33.84 -2.77829e-07
33.85 -2.61574e-07
33.86 -2.45253e-07
33.87 -2.28873e-07
33.88 -2.12435e-07
33.89 -1.95946e-07
33.9 -1.79408e-07
33.91 -1.62825e-07
33.92 -1.46203e-07
33.93 -1.29544e-07
33.94 -1.12854e-07
33.95 -9.61356e-08
33.96 -7.93935e-08
33.97 -6.26319e-08
33.98 -4.58548e-08
33.99 -2.90663e-08
34 -1.22708e-08
34.01 4.52786e-09
34.02 2.13254e-08
34.03 3.81176e-08
34.04 5.49004e-08
34.05 7.16697e-08
34.06 8.84213e-08
34.07 1.05151e-07
34.08 1.21855e-07
34.09 1.38529e-07
34.1 1.55168e-07
34.11 1.7177e-07
34.12 1.88329e-07
34.13 2.04841e-07
34.14 2.21303e-07
34.15 2.3771e-07
34.16 2.54059e-07
34.17 2.70345e-07
34.18 2.86564e-07
34.19 3.02713e-07
34.2 3.18787e-07
34.21 3.34782e-07
34.22 3.50694e-07
34.23 3.66521e-07
34.24 3.82256e-07
34.25 3.97898e-07
34.26 4.13441e-07
34.27 4.28882e-07
34.28 4.44217e-07
34.29 4.59443e-07
34.3 4.74555e-07
34.31 4.89551e-07
34.32 5.04425e-07
34.33 5.19175e-07
34.34 5.33797e-07
34.35 5.48287e-07
34.36 5.62642e-07
34.37 5.76858e-07
34.38 5.90932e-07
34.39 6.0486e-07
34.4 6.18639e-07
34.41 6.32265e-07
34.42 6.45735e-07
34.43 6.59046e-07
34.44 6.72194e-07
34.45 6.85176e-07
34.46 6.9799e-07
34.47 7.10631e-07
34.48 7.23096e-07
34.49 7.35384e-07
34.5 7.4749e-07
34.51 7.59411e-07
34.52 7.71145e-07
34.53 7.82689e-07
34.54 7.9404e-07
34.55 8.05194e-07
34.56 8.1615e-07
34.57 8.26905e-07
34.58 8.37456e-07
34.59 8.478e-07
34.6 8.57935e-07
34.61 8.67858e-07
34.62 8.77567e-07
34.63 8.87059e-07
34.64 8.96333e-07
34.65 9.05386e-07
34.66 9.14215e-07
34.67 9.22818e-07
34.68 9.31194e-07
34.69 9.3934e-07
34.7 9.47254e-07
34.71 9.54935e-07
34.72 9.6238e-07
34.73 9.69588e-07
34.74 9.76556e-07
34.75 9.83283e-07
34.76 9.89768e-07
34.77 9.96008e-07
34.78 1.002e-06
34.79 1.00775e-06
34.8 1.01325e-06
34.81 1.0185e-06
34.82 1.0235e-06
34.83 1.02824e-06
34.84 1.03273e-06
34.85 1.03697e-06
34.86 1.04095e-06
34.87 1.04467e-06
34.88 1.04814e-06
34.89 1.05135e-06
34.9 1.0543e-06
34.91 1.05698e-06
34.92 1.05941e-06
34.93 1.06158e-06
34.94 1.06348e-06
34.95 1.06512e-06
34.96 1.0665e-06
34.97 1.06762e-06
34.98 1.06847e-06
34.99 1.06906e-06
35 1.06938e-06
35.01 1.06944e-06
35.02 1.06924e-06
35.03 1.06877e-06
35.04 1.06804e-06
35.05 1.06705e-06
35.06 1.06579e-06
35.07 1.06427e-06
35.08 1.06249e-06
35.09 1.06044e-06
35.1 1.05813e-06
35.11 1.05557e-06
35.12 1.05274e-06
35.13 1.04965e-06
35.14 1.0463e-06
35.15 1.0427e-06
35.16 1.03884e-06
35.17 1.03472e-06
35.18 1.03034e-06
35.19 1.02571e-06
35.2 1.02083e-06
35.21 1.0157e-06
35.22 1.01032e-06
35.23 1.00468e-06
35.24 9.98802e-07
35.25 9.92675e-07
35.26 9.86302e-07
35.27 9.79687e-07
35.28 9.72829e-07
35.29 9.65732e-07
35.3 9.58396e-07
35.31 9.50824e-07
35.32 9.43017e-07
35.33 9.34977e-07
35.34 9.26707e-07
35.35 9.18208e-07
35.36 9.09483e-07
35.37 9.00533e-07
35.38 8.91361e-07
35.39 8.81969e-07
35.4 8.7236e-07
35.41 8.62535e-07
35.42 8.52497e-07
35.43 8.42249e-07
35.44 8.31794e-07
35.45 8.21133e-07
35.46 8.10269e-07
35.47 7.99206e-07
35.48 7.87945e-07
35.49 7.7649e-07
35.5 7.64843e-07
35.51 7.53008e-07
35.52 7.40986e-07
35.53 7.28782e-07
35.54 7.16399e-07
35.55 7.03838e-07
35.56 6.91104e-07
35.57 6.78199e-07
35.58 6.65127e-07
35.59 6.51891e-07
35.6 6.38493e-07
35.61 6.24939e-07
35.62 6.1123e-07
35.63 5.9737e-07
35.64 5.83363e-07
35.65 5.69212e-07
35.66 5.54921e-07
35.67 5.40493e-07
35.68 5.25931e-07
35.69 5.1124e-07
35.7 4.96422e-07
35.71 4.81482e-07
35.72 4.66423e-07
35.73 4.51249e-07
35.74 4.35964e-07
35.75 4.20571e-07
35.76 4.05074e-07
35.77 3.89478e-07
35.78 3.73785e-07
35.79 3.58e-07
35.8 3.42127e-07
35.81 3.26169e-07
35.82 3.10131e-07
35.83 2.94017e-07
35.84 2.77829e-07
35.85 2.61574e-07
35.86 2.45253e-07
35.87 2.28873e-07
35.88 2.12435e-07
35.89 1.95946e-07
35.9 1.79408e-07
35.91 1.62825e-07
35.92 1.46203e-07
35.93 1.29544e-07
35.94 1.12854e-07
35.95 9.61356e-08
35.96 7.93935e-08
35.97 6.26319e-08
35.98 4.58548e-08
35.99 2.90663e-08
36 1.22708e-08
36.01 -4.52786e-09
36.02 -2.13254e-08
36.03 -3.81176e-08
36.04 -5.49004e-08
36.05 -7.16697e-08
36.06 -8.84213e-08
36.07 -1.05151e-07
36.08 -1.21855e-07
36.09 -1.38529e-07
36.1 -1.55168e-07
36.11 -1.7177e-07
36.12 -1.88329e-07
36.13 -2.04841e-07
36.14 -2.21303e-07
36.15 -2.3771e-07
36.16 -2.54059e-07
36.17 -2.70345e-07
36.18 -2.86564e-07
36.19 -3.02713e-07
36.2 -3.18787e-07
36.21 -3.34782e-07
36.22 -3.50694e-07
36.23 -3.66521e-07
36.24 -3.82256e-07
36.25 -3.97898e-07
36.26 -4.13441e-07
36.27 -4.28882e-07
36.28 -4.44217e-07
36.29 -4.59443e-07
36.3 -4.74555e-07
36.31 -4.89551e-07
36.32 -5.04425e-07
36.33 -5.19175e-07
36.34 -5.33797e-07
36.35 -5.48287e-07
36.36 -5.62642e-07
36.37 -5.76858e-07
36.38 -5.90932e-07
36.39 -6.0486e-07
36.4 -6.18639e-07
36.41 -6.32265e-07
36.42 -6.45735e-07
36.43 -6.59046e-07
36.44 -6.72194e-07
36.45 -6.85176e-07
36.46 -6.9799e-07
36.47 -7.10631e-07
36.48 -7.23096e-07
36.49 -7.35384e-07
36.5 -7.4749e-07
36.51 -7.59411e-07
36.52 -7.71145e-07
36.53 -7.82689e-07
36.54 -7.9404e-07
36.55 -8.05194e-07
36.56 -8.1615e-07
36.57 -8.26905e-07
36.58 -8.37456e-07
36.59 -8.478e-07
36.6 -8.57935e-07
36.61 -8.67858e-07
36.62 -8.77567e-07
36.63 -8.87059e-07
36.64 -8.96333e-07
36.65 -9.05386e-07
36.66 -9.14215e-07
36.67 -9.22818e-07
36.68 -9.31194e-07
36.69 -9.3934e-07
36.7 -9.47254e-07
36.71 -9.54935e-07
36.72 -9.6238e-07
36.73 -9.69588e-07
36.74 -9.76556e-07
36.75 -9.83283e-07
36.76 -9.89768e-07
36.77 -9.96008e-07
36.78 -1.002e-06
36.79 -1.00775e-06
36.8 -1.01325e-06
36.81 -1.0185e-06
36.82 -1.0235e-06
36.83 -1.02824e-06
36.84 -1.03273e-06
36.85 -1.03697e-06
36.86 -1.04095e-06
36.87 -1.04467e-06
36.88 -1.04814e-06
36.89 -1.05135e-06
36.9 -1.0543e-06
36.91 -1.05698e-06
36.92 -1.05941e-06
36.93 -1.06158e-06
36.94 -1.06348e-06
36.95 -1.06512e-06
36.96 -1.0665e-06
36.97 -1.06762e-06
36.98 -1.06847e-06
36.99 -1.06906e-06
37 -1.06938e-06
37.01 -1.06944e-06
37.02 -1.06924e-06
37.03 -1.06877e-06
37.04 -1.06804e-06
37.05 -1.06705e-06
37.06 -1.06579e-06
37.07 -1.06427e-06
37.08 -1.06249e-06
37.09 -1.06044e-06
37.1 -1.05813e-06
37.11 -1.05557e-06
37.12 -1.05274e-06
37.13 -1.04965e-06
37.14 -1.0463e-06
37.15 -1.0427e-06
37.16 -1.03884e-06
37.17 -1.03472e-06
37.18 -1.03034e-06
37.19 -1.02571e-06
37.2 -1.02083e-06
37.21 -1.0157e-06
37.22 -1.01032e-06
37.23 -1.00468e-06
37.24 -9.98802e-07
37.25 -9.92675e-07
37.26 -9.86302e-07
37.27 -9.79687e-07
37.28 -9.72829e-07
37.29 -9.65732e-07
37.3 -9.58396e-07
37.31 -9.50824e-07
37.32 -9.43017e-07
37.33 -9.34977e-07
37.34 -9.26707e-07
37.35 -9.18208e-07
37.36 -9.09483e-07
37.37 -9.00533e-07
37.38 -8.91361e-07
37.39 -8.81969e-07
37.4 -8.7236e-07
37.41 -8.62535e-07
37.42 -8.52497e-07
37.43 -8.42249e-07
37.44 -8.31794e-07
37.45 -8.21133e-07
37.46 -8.10269e-07
37.47 -7.99206e-07
37.48 -7.87945e-07
37.49 -7.7649e-07
37.5 -7.64843e-07
37.51 -7.53008e-07
37.52 -7.40986e-07
37.53 -7.28782e-07
37.54 -7.16399e-07
37.55 -7.03838e-07
37.56 -6.91104e-07
37.57 -6.78199e-07
37.58 -6.65127e-07
37.59 -6.51891e-07
37.6 -6.38493e-07
37.61 -6.24939e-07
37.62 -6.1123e-07
37.63 -5.9737e-07
37.64 -5.83363e-07
37.65 -5.69212e-07
37.66 -5.54921e-07
37.67 -5.40493e-07
37.68 -5.25931e-07
37.69 -5.1124e-07
37.7 -4.96422e-07
37.71 -4.81482e-07
37.72 -4.66423e-07
37.73 -4.51249e-07
37.74 -4.35964e-07
37.75 -4.20571e-07
37.76 -4.05074e-07
37.77 -3.89478e-07
37.78 -3.73785e-07
37.79 -3.58e-07
37.8 -3.42127e-07
37.81 -3.26169e-07
37.82 -3.10131e-07
37.83 -2.94017e-07
37.84 -2.77829e-07
37.85 -2.61574e-07
37.86 -2.45253e-07
37.87 -2.28873e-07
37.88 -2.12435e-07
37.89 -1.95946e-07
37.9 -1.79408e-07
37.91 -1.62825e-07
37.92 -1.46203e-07
37.93 -1.29544e-07
37.94 -1.12854e-07
37.95 -9.61356e-08
37.96 -7.93935e-08
37.97 -6.26319e-08
37.98 -4.58548e-08
37.99 -2.90663e-08
38 -1.22708e-08
38.01 4.52786e-09
38.02 2.13254e-08
38.03 3.81176e-08
38.04 5.49004e-08
38.05 7.16697e-08
38.06 8.84213e-08
38.07 1.05151e-07
38.08 1.21855e-07
38.09 1.38529e-07
38.1 1.55168e-07
38.11 1.7177e-07
38.12 1.88329e-07
38.13 2.04841e-07
38.14 2.21303e-07
38.15 2.3771e-07
38.16 2.54059e-07
38.17 2.70345e-07
38.18 2.86564e-07
38.19 3.02713e-07
38.2 3.18787e-07
38.21 3.34782e-07
38.22 3.50694e-07
38.23 3.66521e-07
38.24 3.82256e-07
38.25 3.97898e-07
38.26 4.13441e-07
38.27 4.28882e-07
38.28 4.44217e-07
38.29 4.59443e-07
38.3 4.74555e-07
38.31 4.89551e-07
38.32 5.04425e-07
38.33 5.19175e-07
38.34 5.33797e-07
38.35 5.48287e-07
38.36 5.62642e-07
38.37 5.76858e-07
38.38 5.90932e-07
38.39 6.0486e-07
38.4 6.18639e-07
38.41 6.32265e-07
38.42 6.45735e-07
38.43 6.59046e-07
38.44 6.72194e-07
38.45 6.85176e-07
38.46 6.9799e-07
38.47 7.10631e-07
38.48 7.23096e-07
38.49 7.35384e-07
38.5 7.4749e-07
38.51 7.59411e-07
38.52 7.71145e-07
38.53 7.82689e-07
38.54 7.9404e-07
38.55 8.05194e-07
38.56 8.1615e-07
38.57 8.26905e-07
38.58 8.37456e-07
38.59 8.478e-07
38.6 8.57935e-07
38.61 8.67858e-07
38.62 8.77567e-07
38.63 8.87059e-07
38.64 8.96333e-07
38.65 9.05386e-07
38.66 9.14215e-07
38.67 9.22818e-07
38.68 9.31194e-07
38.69 9.3934e-07
38.7 9.47254e-07
38.71 9.54935e-07
38.72 9.6238e-07
38.73 9.69588e-07
38.74 9.76556e-07
38.75 9.83283e-07
38.76 9.89768e-07
38.77 9.96008e-07
38.78 1.002e-06
38.79 1.00775e-06
38.8 1.01325e-06
38.81 1.0185e-06
38.82 1.0235e-06
38.83 1.02824e-06
38.84 1.03273e-06
38.85 1.03697e-06
38.86 1.04095e-06
38.87 1.04467e-06
38.88 1.04814e-06
38.89 1.05135e-06
38.9 1.0543e-06
38.91 1.05698e-06
38.92 1.05941e-06
38.93 1.06158e-06
38.94 1.06348e-06
38.95 1.06512e-06
38.96 1.0665e-06
38.97 1.06762e-06
38.98 1.06847e-06
38.99 1.06906e-06
39 1.06938e-06
39.01 1.06944e-06
39.02 1.06924e-06
39.03 1.06877e-06
39.04 1.06804e-06
39.05 1.06705e-06
39.06 1.06579e-06
39.07 1.06427e-06
39.08 1.06249e-06
39.09 1.06044e-06
39.1 1.05813e-06
39.11 1.05557e-06
39.12 1.05274e-06
39.13 1.04965e-06
39.14 1.0463e-06
39.15 1.0427e-06
39.16 1.03884e-06
39.17 1.03472e-06
39.18 1.03034e-06
39.19 1.02571e-06
39.2 1.02083e-06
39.21 1.0157e-06
39.22 1.01032e-06
39.23 1.00468e-06
39.24 9.98802e-07
39.25 9.92675e-07
39.26 9.86302e-07
39.27 9.79687e-07
39.28 9.72829e-07
39.29 9.65732e-07
39.3 9.58396e-07
39.31 9.50824e-07
39.32 9.43017e-07
39.33 9.34977e-07
39.34 9.26707e-07
39.35 9.18208e-07
39.36 9.09483e-07
39.37 9.00533e-07
39.38 8.91361e-07
39.39 8.81969e-07
39.4 8.7236e-07
39.41 8.62535e-07
39.42 8.52497e-07
39.43 8.42249e-07
39.44 8.31794e-07
39.45 8.21133e-07
39.46 8.10269e-07
39.47 7.99206e-07
39.48 7.87945e-07
39.49 7.7649e-07
39.5 7.64843e-07
39.51 7.53008e-07
39.52 7.40986e-07
39.53 7.28782e-07
39.54 7.16399e-07
39.55 7.03838e-07
39.56 6.91104e-07
39.57 6.78199e-07
39.58 6.65127e-07
39.59 6.51891e-07
39.6 6.38493e-07
39.61 6.24939e-07
39.62 6.1123e-07
39.63 5.9737e-07
39.64 5.83363e-07
39.65 5.69212e-07
39.66 5.54921e-07
39.67 5.40493e-07
39.68 5.25931e-07
39.69 5.1124e-07
39.7 4.96422e-07
39.71 4.81482e-07
39.72 4.66423e-07
39.73 4.51249e-07
39.74 4.35964e-07
39.75 4.20571e-07
39.76 4.05074e-07
39.77 3.89478e-07
39.78 3.73785e-07
39.79 3.58e-07
39.8 3.42127e-07
39.81 3.26169e-07
39.82 3.10131e-07
39.83 2.94017e-07
39.84 2.77829e-07
39.85 2.61574e-07
39.86 2.45253e-07
39.87 2.28873e-07
39.88 2.12435e-07
39.89 1.95946e-07
39.9 1.79408e-07
39.91 1.62825e-07
39.92 1.46203e-07
39.93 1.29544e-07
39.94 1.12854e-07
39.95 9.61356e-08
39.96 7.93935e-08
39.97 6.26319e-08
39.98 4.58548e-08
39.99 2.90663e-08
40 1.22708e-08
40.01 -4.52786e-09
40.02 -2.13254e-08
40.03 -3.81176e-08
40.04 -5.49004e-08
40.05 -7.16697e-08
40.06 -8.84213e-08
40.07 -1.05151e-07
40.08 -1.21855e-07
40.09 -1.38529e-07
40.1 -1.55168e-07
40.11 -1.7177e-07
40.12 -1.88329e-07
40.13 -2.04841e-07
40.14 -2.21303e-07
40.15 -2.3771e-07
40.16 -2.54059e-07
40.17 -2.70345e-07
40.18 -2.86564e-07
40.19 -3.02713e-07
40.2 -3.18787e-07
40.21 -3.34782e-07
40.22 -3.50694e-07
40.23 -3.66521e-07
40.24 -3.82256e-07
40.25 -3.97898e-07
40.26 -4.13441e-07
40.27 -4.28882e-07
40.28 -4.44217e-07
40.29 -4.59443e-07
40.3 -4.74555e-07
40.31 -4.89551e-07
40.32 -5.04425e-07
40.33 -5.19175e-07
40.34 -5.33797e-07
40.35 -5.48287e-07
40.36 -5.62642e-07
40.37 -5.76858e-07
40.38 -5.90932e-07
40.39 -6.0486e-07
40.4 -6.18639e-07
40.41 -6.32265e-07
40.42 -6.45735e-07
40.43 -6.59046e-07
40.44 -6.72194e-07
40.45 -6.85176e-07
40.46 -6.9799e-07
40.47 -7.10631e-07
40.48 -7.23096e-07
40.49 -7.35384e-07
40.5 -7.4749e-07
40.51 -7.59411e-07
40.52 -7.71145e-07
40.53 -7.82689e-07
40.54 -7.9404e-07
40.55 -8.05194e-07
40.56 -8.1615e-07
40.57 -8.26905e-07
40.58 -8.37456e-07
40.59 -8.478e-07
40.6 -8.57935e-07
40.61 -8.67858e-07
40.62 -8.77567e-07
40.63 -8.87059e-07
40.64 -8.96333e-07
40.65 -9.05386e-07
40.66 -9.14215e-07
40.67 -9.22818e-07
40.68 -9.31194e-07
40.69 -9.3934e-07
40.7 -9.47254e-07
40.71 -9.54935e-07
40.72 -9.6238e-07
40.73 -9.69588e-07
40.74 -9.76556e-07
40.75 -9.83283e-07
40.76 -9.89768e-07
40.77 -9.96008e-07
40.78 -1.002e-06
40.79 -1.00775e-06
40.8 -1.01325e-06
40.81 -1.0185e-06
40.82 -1.0235e-06
40.83 -1.02824e-06
40.84 -1.03273e-06
40.85 -1.03697e-06
40.86 -1.04095e-06
40.87 -1.04467e-06
40.88 -1.04814e-06
40.89 -1.05135e-06
40.9 -1.0543e-06
40.91 -1.05698e-06
40.92 -1.05941e-06
40.93 -1.06158e-06
40.94 -1.06348e-06
40.95 -1.06512e-06
40.96 -1.0665e-06
40.97 -1.06762e-06
40.98 -1.06847e-06
40.99 -1.06906e-06
41 -1.06938e-06
41.01 -1.06944e-06
41.02 -1.06924e-06
41.03 -1.06877e-06
41.04 -1.06804e-06
41.05 -1.06705e-06
41.06 -1.06579e-06
41.07 -1.06427e-06
41.08 -1.06249e-06
41.09 -1.06044e-06
41.1 -1.05813e-06
41.11 -1.05557e-06
41.12 -1.05274e-06
41.13 -1.04965e-06
41.14 -1.0463e-06
41.15 -1.0427e-06
41.16 -1.03884e-06
41.17 -1.03472e-06
41.18 -1.03034e-06
41.19 -1.02571e-06
41.2 -1.02083e-06
41.21 -1.0157e-06
41.22 -1.01032e-06
41.23 -1.00468e-06
41.24 -9.98802e-07
41.25 -9.92675e-07
41.26 -9.86302e-07
41.27 -9.79687e-07
41.28 -9.72829e-07
41.29 -9.65732e-07
41.3 -9.58396e-07
41.31 -9.50824e-07
41.32 -9.43017e-07
41.33 -9.34977e-07
41.34 -9.26707e-07
41.35 -9.18208e-07
41.36 -9.09483e-07
41.37 -9.00533e-07
41.38 -8.91361e-07
41.39 -8.81969e-07
41.4 -8.7236e-07
41.41 -8.62535e-07
41.42 -8.52497e-07
41.43 -8.42249e-07
41.44 -8.31794e-07
41.45 -8.21133e-07
41.46 -8.10269e-07
41.47 -7.99206e-07
41.48 -7.87945e-07
41.49 -7.7649e-07
41.5 -7.64843e-07
41.51 -7.53008e-07
41.52 -7.40986e-07
41.53 -7.28782e-07
41.54 -7.16399e-07
41.55 -7.03838e-07
41.56 -6.91104e-07
41.57 -6.78199e-07
41.58 -6.65127e-07
41.59 -6.51891e-07
41.6 -6.38493e-07
41.61 -6.24939e-07
41.62 -6.1123e-07
41.63 -5.9737e-07
41.64 -5.83363e-07
41.65 -5.69212e-07
41.66 -5.54921e-07
41.67 -5.40493e-07
41.68 -5.25931e-07
41.69 -5.1124e-07
41.7 -4.96422e-07
41.71 -4.81482e-07
41.72 -4.66423e-07
41.73 -4.51249e-07
41.74 -4.35964e-07
41.75 -4.20571e-07
41.76 -4.05074e-07
41.77 -3.89478e-07
41.78 -3.73785e-07
41.79 -3.58e-07
41.8 -3.42127e-07
41.81 -3.26169e-07
41.82 -3.10131e-07
41.83 -2.94017e-07
41.84 -2.77829e-07
41.85 -2.61574e-07
41.86 -2.45253e-07
41.87 -2.28873e-07
41.88 -2.12435e-07
41.89 -1.95946e-07
41.9 -1.79408e-07
41.91 -1.62825e-07
41.92 -1.46203e-07
41.93 -1.29544e-07
41.94 -1.12854e-07
41.95 -9.61356e-08
41.96 -7.93935e-08
41.97 -6.26319e-08
41.98 -4.58548e-08
41.99 -2.90663e-08
42 -1.22708e-08
42.01 4.52786e-09
42.02 2.13254e-08
42.03 3.81176e-08
42.04 5.49004e-08
42.05 7.16697e-08
42.06 8.84213e-08
42.07 1.05151e-07
42.08 1.21855e-07
42.09 1.38529e-07
42.1 1.55168e-07
42.11 1.7177e-07
42.12 1.88329e-07
42.13 2.04841e-07
42.14 2.21303e-07
42.15 2.3771e-07
42.16 2.54059e-07
42.17 2.70345e-07
42.18 2.86564e-07
42.19 3.02713e-07
42.2 3.18787e-07
42.21 3.34782e-07
42.22 3.50694e-07
42.23 3.66521e-07
42.24 3.82256e-07
42.25 3.97898e-07
42.26 4.13441e-07
42.27 4.28882e-07
42.28 4.44217e-07
42.29 4.59443e-07
42.3 4.74555e-07
42.31 4.89551e-07
42.32 5.04425e-07
42.33 5.19175e-07
42.34 5.33797e-07
42.35 5.48287e-07
42.36 5.62642e-07
42.37 5.76858e-07
42.38 5.90932e-07
42.39 6.0486e-07
42.4 6.18639e-07
42.41 6.32265e-07
42.42 6.45735e-07
42.43 6.59046e-07
42.44 6.72194e-07
42.45 6.85176e-07
42.46 6.9799e-07
42.47 7.10631e-07
42.48 7.23096e-07
42.49 7.35384e-07
42.5 7.4749e-07
42.51 7.59411e-07
42.52 7.71145e-07
42.53 7.82689e-07
42.54 7.9404e-07
42.55 8.05194e-07
42.56 8.1615e-07
42.57 8.26905e-07
42.58 8.37456e-07
42.59 8.478e-07
42.6 8.57935e-07
42.61 8.67858e-07
42.62 8.77567e-07
42.63 8.87059e-07
42.64 8.96333e-07
42.65 9.05386e-07
42.66 9.14215e-07
42.67 9.22818e-07
42.68 9.31194e-07
42.69 9.3934e-07
42.7 9.47254e-07
42.71 9.54935e-07
42.72 9.6238e-07
42.73 9.69588e-07
42.74 9.76556e-07
42.75 9.83283e-07
42.76 9.89768e-07
42.77 9.96008e-07
42.78 1.002e-06
42.79 1.00775e-06
42.8 1.01325e-06
42.81 1.0185e-06
42.82 1.0235e-06
42.83 1.02824e-06
42.84 1.03273e-06
42.85 1.03697e-06
42.86 1.04095e-06
42.87 1.04467e-06
42.88 1.04814e-06
42.89 1.05135e-06
42.9 1.0543e-06
42.91 1.05698e-06
42.92 1.05941e-06
42.93 1.06158e-06
42.94 1.06348e-06
42.95 1.06512e-06
42.96 1.0665e-06
42.97 1.06762e-06
42.98 1.06847e-06
42.99 1.06906e-06
43 1.06938e-06
43.01 1.06944e-06
43.02 1.06924e-06
43.03 1.06877e-06
43.04 1.06804e-06
43.05 1.06705e-06
43.06 1.06579e-06
43.07 1.06427e-06
43.08 1.06249e-06
43.09 1.06044e-06
43.1 1.05813e-06
43.11 1.05557e-06
43.12 1.05274e-06
43.13 1.04965e-06
43.14 1.0463e-06
43.15 1.0427e-06
43.16 1.03884e-06
43.17 1.03472e-06
43.18 1.03034e-06
43.19 1.02571e-06
43.2 1.02083e-06
43.21 1.0157e-06
43.22 1.01032e-06
43.23 1.00468e-06
43.24 9.98802e-07
43.25 9.92675e-07
43.26 9.86302e-07
43.27 9.79687e-07
43.28 9.72829e-07
43.29 9.65732e-07
43.3 9.58396e-07
43.31 9.50824e-07
43.32 9.43017e-07
43.33 9.34977e-07
43.34 9.26707e-07
43.35 9.18208e-07
43.36 9.09483e-07
43.37 9.00533e-07
43.38 8.91361e-07
43.39 8.81969e-07
43.4 8.7236e-07
43.41 8.62535e-07
43.42 8.52497e-07
43.43 8.42249e-07
43.44 8.31794e-07
43.45 8.21133e-07
43.46 8.10269e-07
43.47 7.99206e-07
43.48 7.87945e-07
43.49 7.7649e-07
43.5 7.64843e-07
43.51 7.53008e-07
43.52 7.40986e-07
43.53 7.28782e-07
43.54 7.16399e-07
43.55 7.03838e-07
43.56 6.91104e-07
43.57 6.78199e-07
43.58 6.65127e-07
43.59 6.51891e-07
43.6 6.38493e-07
43.61 6.24939e-07
43.62 6.1123e-07
43.63 5.9737e-07
43.64 5.83363e-07
43.65 5.69212e-07
43.66 5.54921e-07
43.67 5.40493e-07
43.68 5.25931e-07
43.69 5.1124e-07
43.7 4.96422e-07
43.71 4.81482e-07
43.72 4.66423e-07
43.73 4.51249e-07
43.74 4.35964e-07
43.75 4.20571e-07
43.76 4.05074e-07
43.77 3.89478e-07
43.78 3.73785e-07
43.79 3.58e-07
43.8 3.42127e-07
43.81 3.26169e-07
43.82 3.10131e-07
43.83 2.94017e-07
43.84 2.77829e-07
43.85 2.61574e-07
43.86 2.45253e-07
43.87 2.28873e-07
43.88 2.12435e-07
43.89 1.95946e-07
43.9 1.79408e-07
43.91 1.62825e-07
43.92 1.46203e-07
43.93 1.29544e-07
43.94 1.12854e-07
43.95 9.61356e-08
43.96 7.93935e-08
43.97 6.26319e-08
43.98 4.58548e-08
43.99 2.90663e-08
44 1.22708e-08
44.01 -4.52786e-09
44.02 -2.13254e-08
44.03 -3.81176e-08
44.04 -5.49004e-08
44.05 -7.16697e-08
44.06 -8.84213e-08
44.07 -1.05151e-07
44.08 -1.21855e-07
44.09 -1.38529e-07
44.1 -1.55168e-07
44.11 -1.7177e-07
44.12 -1.88329e-07
44.13 -2.04841e-07
44.14 -2.21303e-07
44.15 -2.3771e-07
44.16 -2.54059e-07
44.17 -2.70345e-07
44.18 -2.86564e-07
44.19 -3.02713e-07
44.2 -3.18787e-07
44.21 -3.34782e-07
44.22 -3.50694e-07
44.23 -3.66521e-07
44.24 -3.82256e-07
44.25 -3.97898e-07
44.26 -4.13441e-07
44.27 -4.28882e-07
44.28 -4.44217e-07
44.29 -4.59443e-07
44.3 -4.74555e-07
44.31 -4.89551e-07
44.32 -5.04425e-07
44.33 -5.19175e-07
44.34 -5.33797e-07
44.35 -5.48287e-07
44.36 -5.62642e-07
44.37 -5.76858e-07
44.38 -5.90932e-07
44.39 -6.0486e-07
44.4 -6.18639e-07
44.41 -6.32265e-07
44.42 -6.45735e-07
44.43 -6.59046e-07
44.44 -6.72194e-07
44.45 -6.85176e-07
44.46 -6.9799e-07
44.47 -7.10631e-07
44.48 -7.23096e-07
44.49 -7.35384e-07
44.5 -7.4749e-07
44.51 -7.59411e-07
44.52 -7.71145e-07
44.53 -7.82689e-07
44.54 -7.9404e-07
44.55 -8.05194e-07
44.56 -8.1615e-07
44.57 -8.26905e-07
44.58 -8.37456e-07
44.59 -8.478e-07
44.6 -8.57935e-07
44.61 -8.67858e-07
44.62 -8.77567e-07
44.63 -8.87059e-07
44.64 -8.96333e-07
44.65 -9.05386e-07
44.66 -9.14215e-07
44.67 -9.22818e-07
44.68 -9.31194e-07
44.69 -9.3934e-07
44.7 -9.47254e-07
44.71 -9.54935e-07
44.72 -9.6238e-07
44.73 -9.69588e-07
44.74 -9.76556e-07
44.75 -9.83283e-07
44.76 -9.89768e-07
44.77 -9.96008e-07
44.78 -1.002e-06
44.79 -1.00775e-06
44.8 -1.01325e-06
44.81 -1.0185e-06
44.82 -1.0235e-06
44.83 -1.02824e-06
44.84 -1.03273e-06
44.85 -1.03697e-06
44.86 -1.04095e-06
44.87 -1.04467e-06
44.88 -1.04814e-06
44.89 -1.05135e-06
44.9 -1.0543e-06
44.91 -1.05698e-06
44.92 -1.05941e-06
44.93 -1.06158e-06
44.94 -1.06348e-06
44.95 -1.06512e-06
44.96 -1.0665e-06
44.97 -1.06762e-06
44.98 -1.06847e-06
44.99 -1.06906e-06
45 -1.06938e-06
45.01 -1.06944e-06
45.02 -1.06924e-06
45.03 -1.06877e-06
45.04 -1.06804e-06
45.05 -1.06705e-06
45.06 -1.06579e-06
45.07 -1.06427e-06
45.08 -1.06249e-06
45.09 -1.06044e-06
45.1 -1.05813e-06
45.11 -1.05557e-06
45.12 -1.05274e-06
45.13 -1.04965e-06
45.14 -1.0463e-06
45.15 -1.0427e-06
45.16 -1.03884e-06
45.17 -1.03472e-06
45.18 -1.03034e-06
45.19 -1.02571e-06
45.2 -1.02083e-06
45.21 -1.0157e-06
45.22 -1.01032e-06
45.23 -1.00468e-06
45.24 -9.98802e-07
45.25 -9.92675e-07
45.26 -9.86302e-07
45.27 -9.79687e-07
45.28 -9.72829e-07
45.29 -9.65732e-07
45.3 -9.58396e-07
45.31 -9.50824e-07
45.32 -9.43017e-07
45.33 -9.34977e-07
45.34 -9.26707e-07
45.35 -9.18208e-07
45.36 -9.09483e-07
45.37 -9.00533e-07
45.38 -8.91361e-07
45.39 -8.81969e-07
45.4 -8.7236e-07
45.41 -8.62535e-07
45.42 -8.52497e-07
45.43 -8.42249e-07
45.44 -8.31794e-07
45.45 -8.21133e-07
45.46 -8.10269e-07
45.47 -7.99206e-07
45.48 -7.87945e-07
45.49 -7.7649e-07
45.5 -7.64843e-07
45.51 -7.53008e-07
45.52 -7.40986e-07
45.53 -7.28782e-07
45.54 -7.16399e-07
45.55 -7.03838e-07
45.56 -6.91104e-07
45.57 -6.78199e-07
45.58 -6.65127e-07
45.59 -6.51891e-07
45.6 -6.38493e-07
45.61 -6.24939e-07
45.62 -6.1123e-07
45.63 -5.9737e-07
45.64 -5.83363e-07
45.65 -5.69212e-07
45.66 -5.54921e-07
45.67 -5.40493e-07
45.68 -5.25931e-07
45.69 -5.1124e-07
45.7 -4.96422e-07
45.71 -4.81482e-07
45.72 -4.66423e-07
45.73 -4.51249e-07
45.74 -4.35964e-07
45.75 -4.20571e-07
45.76 -4.05074e-07
45.77 -3.89478e-07
45.78 -3.73785e-07
45.79 -3.58e-07
45.8 -3.42127e-07
45.81 -3.26169e-07
45.82 -3.10131e-07
45.83 -2.94017e-07
45.84 -2.77829e-07
45.85 -2.61574e-07
45.86 -2.45253e-07
45.87 -2.28873e-07
45.88 -2.12435e-07
45.89 -1.95946e-07
45.9 -1.79408e-07
45.91 -1.62825e-07
45.92 -1.46203e-07
45.93 -1.29544e-07
45.94 -1.12854e-07
45.95 -9.61356e-08
45.96 -7.93935e-08
45.97 -6.26319e-08
45.98 -4.58548e-08
45.99 -2.90663e-08
46 -1.22708e-08
46.01 4.52786e-09
46.02 2.13254e-08
46.03 3.81176e-08
46.04 5.49004e-08
46.05 7.16697e-08
46.06 8.84213e-08
46.07 1.05151e-07
46.08 1.21855e-07
46.09 1.38529e-07
46.1 1.55168e-07
46.11 1.7177e-07
46.12 1.88329e-07
46.13 2.04841e-07
46.14 2.21303e-07
46.15 2.3771e-07
46.16 2.54059e-07
46.17 2.70345e-07
46.18 2.86564e-07
46.19 3.02713e-07
46.2 3.18787e-07
46.21 3.34782e-07
46.22 3.50694e-07
46.23 3.66521e-07
46.24 3.82256e-07
46.25 3.97898e-07
46.26 4.13441e-07
46.27 4.28882e-07
46.28 4.44217e-07
46.29 4.59443e-07
46.3 4.74555e-07
46.31 4.89551e-07
46.32 5.04425e-07
46.33 5.19175e-07
46.34 5.33797e-07
46.35 5.48287e-07
46.36 5.62642e-07
46.37 5.76858e-07
46.38 5.90932e-07
46.39 6.0486e-07
46.4 6.18639e-07
46.41 6.32265e-07
46.42 6.45735e-07
46.43 6.59046e-07
46.44 6.72194e-07
46.45 6.85176e-07
46.46 6.9799e-07
46.47 7.10631e-07
46.48 7.23096e-07
46.49 7.35384e-07
46.5 7.4749e-07
46.51 7.59411e-07
46.52 7.71145e-07
46.53 7.82689e-07
46.54 7.9404e-07
46.55 8.05194e-07
46.56 8.1615e-07
46.57 8.26905e-07
46.58 8.37456e-07
46.59 8.478e-07
46.6 8.57935e-07
46.61 8.67858e-07
46.62 8.77567e-07
46.63 8.87059e-07
46.64 8.96333e-07
46.65 9.05386e-07
46.66 9.14215e-07
46.67 9.22818e-07
46.68 9.31194e-07
46.69 9.3934e-07
46.7 9.47254e-07
46.71 9.54935e-07
46.72 9.6238e-07
46.73 9.69588e-07
46.74 9.76556e-07
46.75 9.83283e-07
46.76 9.89768e-07
46.77 9.96008e-07
46.78 1.002e-06
46.79 1.00775e-06
46.8 1.01325e-06
46.81 1.0185e-06
46.82 1.0235e-06
46.83 1.02824e-06
46.84 1.03273e-06
46.85 1.03697e-06
46.86 1.04095e-06
46.87 1.04467e-06
46.88 1.04814e-06
46.89 1.05135e-06
46.9 1.0543e-06
46.91 1.05698e-06
46.92 1.05941e-06
46.93 1.06158e-06
46.94 1.06348e-06
46.95 1.06512e-06
46.96 1.0665e-06
46.97 1.06762e-06
46.98 1.06847e-06
46.99 1.06906e-06
47 1.06938e-06
47.01 1.06944e-06
47.02 1.06924e-06
47.03 1.06877e-06
47.04 1.06804e-06
47.05 1.06705e-06
47.06 1.06579e-06
47.07 1.06427e-06
47.08 1.06249e-06
47.09 1.06044e-06
47.1 1.05813e-06
47.11 1.05557e-06
47.12 1.05274e-06
47.13 1.04965e-06
47.14 1.0463e-06
47.15 1.0427e-06
47.16 1.03884e-06
47.17 1.03472e-06
47.18 1.03034e-06
47.19 1.02571e-06
47.2 1.02083e-06
47.21 1.0157e-06
47.22 1.01032e-06
47.23 1.00468e-06
47.24 9.98802e-07
47.25 9.92675e-07
47.26 9.86302e-07
47.27 9.79687e-07
47.28 9.72829e-07
47.29 9.65732e-07
47.3 9.58396e-07
47.31 9.50824e-07
47.32 9.43017e-07
47.33 9.34977e-07
47.34 9.26707e-07
47.35 9.18208e-07
47.36 9.09483e-07
47.37 9.00533e-07
47.38 8.91361e-07
47.39 8.81969e-07
47.4 8.7236e-07
47.41 8.62535e-07
47.42 8.52497e-07
47.43 8.42249e-07
47.44 8.31794e-07
47.45 8.21133e-07
47.46 8.10269e-07
47.47 7.99206e-07
47.48 7.87945e-07
47.49 7.7649e-07
47.5 7.64843e-07
47.51 7.53008e-07
47.52 7.40986e-07
47.53 7.28782e-07
47.54 7.16399e-07
47.55 7.03838e-07
47.56 6.91104e-07
47.57 6.78199e-07
47.58 6.65127e-07
47.59 6.51891e-07
47.6 6.38493e-07
47.61 6.24939e-07
47.62 6.1123e-07
47.63 5.9737e-07
47.64 5.83363e-07
47.65 5.69212e-07
47.66 5.54921e-07
47.67 5.40493e-07
47.68 5.25931e-07
47.69 5.1124e-07
47.7 4.96422e-07
47.71 4.81482e-07
47.72 4.66423e-07
47.73 4.51249e-07
47.74 4.35964e-07
47.75 4.20571e-07
47.76 4.05074e-07
47.77 3.89478e-07
47.78 3.73785e-07
47.79 3.58e-07
47.8 3.42127e-07
47.81 3.26169e-07
47.82 3.10131e-07
47.83 2.94017e-07
47.84 2.77829e-07
47.85 2.61574e-07
47.86 2.45253e-07
47.87 2.28873e-07
47.88 2.12435e-07
47.89 1.95946e-07
47.9 1.79408e-07
47.91 1.62825e-07
47.92 1.46203e-07
47.93 1.29544e-07
47.94 1.12854e-07
47.95 9.61356e-08
47.96 7.93935e-08
47.97 6.26319e-08
47.98 4.58548e-08
47.99 2.90663e-08
48 1.22708e-08
48.01 -4.52786e-09
48.02 -2.13254e-08
48.03 -3.81176e-08
48.04 -5.49004e-08
48.05 -7.16697e-08
48.06 -8.84213e-08
48.07 -1.05151e-07
48.08 -1.21855e-07
48.09 -1.38529e-07
48.1 -1.55168e-07
48.11 -1.7177e-07
48.12 -1.88329e-07
48.13 -2.04841e-07
48.14 -2.21303e-07
48.15 -2.3771e-07
48.16 -2.54059e-07
48.17 -2.70345e-07
48.18 -2.86564e-07
48.19 -3.02713e-07
48.2 -3.18787e-07
48.21 -3.34782e-07
48.22 -3.50694e-07
48.23 -3.66521e-07
48.24 -3.82256e-07
48.25 -3.97898e-07
48.26 -4.13441e-07
48.27 -4.28882e-07
48.28 -4.44217e-07
48.29 -4.59443e-07
48.3 -4.74555e-07
48.31 -4.89551e-07
48.32 -5.04425e-07
48.33 -5.19175e-07
48.34 -5.33797e-07
48.35 -5.48287e-07
48.36 -5.62642e-07
48.37 -5.76858e-07
48.38 -5.90932e-07
48.39 -6.0486e-07
48.4 -6.18639e-07
48.41 -6.32265e-07
48.42 -6.45735e-07
48.43 -6.59046e-07
48.44 -6.72194e-07
48.45 -6.85176e-07
48.46 -6.9799e-07
48.47 -7.10631e-07
48.48 -7.23096e-07
48.49 -7.35384e-07
48.5 -7.4749e-07
48.51 -7.59411e-07
48.52 -7.71145e-07
48.53 -7.82689e-07
48.54 -7.9404e-07
48.55 -8.05194e-07
48.56 -8.1615e-07
48.57 -8.26905e-07
48.58 -8.37456e-07
48.59 -8.478e-07
48.6 -8.57935e-07
48.61 -8.67858e-07
48.62 -8.77567e-07
48.63 -8.87059e-07
48.64 -8.96333e-07
48.65 -9.05386e-07
48.66 -9.14215e-07
48.67 -9.22818e-07
48.68 -9.31194e-07
48.69 -9.3934e-07
48.7 -9.47254e-07
48.71 -9.54935e-07
48.72 -9.6238e-07
48.73 -9.69588e-07
48.74 -9.76556e-07
48.75 -9.83283e-07
48.76 -9.89768e-07
48.77 -9.96008e-07
48.78 -1.002e-06
48.79 -1.00775e-06
48.8 -1.01325e-06
48.81 -1.0185e-06
48.82 -1.0235e-06
48.83 -1.02824e-06
48.84 -1.03273e-06
48.85 -1.03697e-06
48.86 -1.04095e-06
48.87 -1.04467e-06
48.88 -1.04814e-06
48.89 -1.05135e-06
48.9 -1.0543e-06
48.91 -1.05698e-06
48.92 -1.05941e-06
48.93 -1.06158e-06
48.94 -1.06348e-06
48.95 -1.06512e-06
48.96 -1.0665e-06
48.97 -1.06762e-06
48.98 -1.06847e-06
48.99 -1.06906e-06
49 -1.06938e-06
49.01 -1.06944e-06
49.02 -1.06924e-06
49.03 -1.06877e-06
49.04 -1.06804e-06
49.05 -1.06705e-06
49.06 -1.06579e-06
49.07 -1.06427e-06
49.08 -1.06249e-06
49.09 -1.06044e-06
49.1 -1.05813e-06
49.11 -1.05557e-06
49.12 -1.05274e-06
49.13 -1.04965e-06
49.14 -1.0463e-06
49.15 -1.0427e-06
49.16 -1.03884e-06
49.17 -1.03472e-06
49.18 -1.03034e-06
49.19 -1.02571e-06
49.2 -1.02083e-06
49.21 -1.0157e-06
49.22 -1.01032e-06
49.23 -1.00468e-06
49.24 -9.98802e-07
49.25 -9.92675e-07
49.26 -9.86302e-07
49.27 -9.79687e-07
49.28 -9.72829e-07
49.29 -9.65732e-07
49.3 -9.58396e-07
49.31 -9.50824e-07
49.32 -9.43017e-07
49.33 -9.34977e-07
49.34 -9.26707e-07
49.35 -9.18208e-07
49.36 -9.09483e-07
49.37 -9.00533e-07
49.38 -8.91361e-07
49.39 -8.81969e-07
49.4 -8.7236e-07
49.41 -8.62535e-07
49.42 -8.52497e-07
49.43 -8.42249e-07
49.44 -8.31794e-07
49.45 -8.21133e-07
49.46 -8.10269e-07
49.47 -7.99206e-07
49.48 -7.87945e-07
49.49 -7.7649e-07
49.5 -7.64843e-07
49.51 -7.53008e-07
49.52 -7.40986e-07
49.53 -7.28782e-07
49.54 -7.16399e-07
49.55 -7.03838e-07
49.56 -6.91104e-07
49.57 -6.78199e-07
49.58 -6.65127e-07
49.59 -6.51891e-07
49.6 -6.38493e-07
49.61 -6.24939e-07
49.62 -6.1123e-07
49.63 -5.9737e-07
49.64 -5.83363e-07
49.65 -5.69212e-07
49.66 -5.54921e-07
49.67 -5.40493e-07
49.68 -5.25931e-07
49.69 -5.1124e-07
49.7 -4.96422e-07
49.71 -4.81482e-07
49.72 -4.66423e-07
49.73 -4.51249e-07
49.74 -4.35964e-07
49.75 -4.20571e-07
49.76 -4.05074e-07
49.77 -3.89478e-07
49.78 -3.73785e-07
49.79 -3.58e-07
49.8 -3.42127e-07
49.81 -3.26169e-07
49.82 -3.10131e-07
49.83 -2.94017e-07
49.84 -2.77829e-07
49.85 -2.61574e-07
49.86 -2.45253e-07
49.87 -2.28873e-07
49.88 -2.12435e-07
49.89 -1.95946e-07
49.9 -1.79408e-07
49.91 -1.62825e-07
49.92 -1.46203e-07
49.93 -1.29544e-07
49.94 -1.12854e-07
49.95 -9.61356e-08
49.96 -7.93935e-08
49.97 -6.26319e-08
49.98 -4.58548e-08
49.99 -2.90663e-08
50 -1.22708e-08
