0.01 0.485917
0.02 2.38069
0.03 4.96639
0.04 7.06762
0.05 7.81141
0.06 9.37659
0.07 10.9316
0.08 12.483
0.09 14.0325
0.1 15.5777
0.11 17.1202
0.12 18.6576
0.13 20.1916
0.14 21.7197
0.15 23.2437
0.16 24.761
0.17 26.2735
0.18 27.7785
0.19 29.2779
0.2 30.7692
0.21 32.2541
0.22 33.7301
0.23 35.199
0.24 36.6583
0.25 38.1098
0.26 39.5509
0.27 40.9835
0.28 42.405
0.29 43.8173
0.3 45.2178
0.31 46.6083
0.32 47.9864
0.33 49.3539
0.34 50.7082
0.35 52.2563
0.36 53.5891
0.37 54.9091
0.38 56.215
0.39 57.5076
0.4 58.7854
0.41 60.0492
0.42 61.2977
0.43 62.5316
0.44 63.7496
0.45 64.9523
0.46 66.1385
0.47 67.3089
0.48 68.4621
0.49 69.599
0.5 70.7182
0.51 71.8205
0.52 72.9045
0.53 73.971
0.54 75.0188
0.55 76.0486
0.56 77.0591
0.57 78.0511
0.58 79.0233
0.59 79.9765
0.6 80.9095
0.61 81.8231
0.62 82.7159
0.63 83.5888
0.64 84.4406
0.65 85.2721
0.66 86.082
0.67 86.8712
0.68 87.6385
0.69 88.3846
0.7 89.1084
0.71 89.8107
0.72 90.4904
0.73 91.1483
0.74 91.7831
0.75 92.3958
0.76 92.9852
0.77 93.5522
0.78 94.0955
0.79 94.6162
0.8 95.113
0.81 95.5869
0.82 96.0366
0.83 96.4632
0.84 96.8655
0.85 97.2443
0.86 97.5987
0.87 97.9295
0.88 98.2356
0.89 98.3106
0.9 98.5726
0.91 98.8089
0.92 99.0199
0.93 99.2075
0.94 99.3696
0.95 99.5083
0.96 99.6213
0.97 99.7109
0.98 99.7748
0.99 99.8151
1 99.8298
1.01 99.8209
1.02 99.7863
1.03 99.7282
1.04 99.6444
1.05 99.5371
1.06 99.4042
1.07 99.2479
1.08 99.066
1.09 98.8607
1.1 98.63
1.11 98.376
1.12 98.0968
1.13 97.7944
1.14 97.4668
1.15 97.1162
1.16 96.7407
1.17 96.3423
1.18 95.9191
1.19 95.4734
1.2 95.003
1.21 94.5103
1.22 93.9932
1.23 93.454
1.24 92.8908
1.25 92.3057
1.26 91.6968
1.27 91.0663
1.28 90.4124
1.29 89.7372
1.3 89.0388
1.31 88.3196
1.32 87.5776
1.33 86.8151
1.34 86.0301
1.35 85.225
1.36 85.3281
1.37 84.4472
1.38 83.4056
1.39 82.3221
1.4 81.1935
1.41 80.634
1.42 79.0416
1.43 77.7753
1.44 76.7051
1.45 75.5128
1.46 74.2818
1.47 73.0326
1.48 72.9334
1.49 71.8454
1.5 70.7474
1.51 69.635
1.52 68.5024
1.53 67.3559
1.54 66.1898
1.55 65.0104
1.56 63.8119
1.57 62.6007
1.58 61.371
1.59 60.1292
1.6 58.8695
1.61 57.5983
1.62 56.3098
1.63 55.0106
1.64 53.6946
1.65 52.3684
1.66 51.0262
1.67 49.6745
1.68 48.3074
1.69 46.9315
1.7 45.5408
1.71 44.142
1.72 42.7292
1.73 41.3089
1.74 39.8753
1.75 38.4349
1.76 36.9819
1.77 35.5229
1.78 34.0519
1.79 32.5757
1.8 31.0882
1.81 29.5962
1.82 28.0937
1.83 26.3819
1.84 24.8616
1.85 23.3388
1.86 21.8067
1.87 20.2727
1.88 18.7302
1.89 17.1866
1.9 15.6353
1.91 14.0836
1.92 12.525
1.93 10.9667
1.94 9.40226
1.95 7.83896
1.96 6.27028
1.97 4.7035
1.98 3.13211
1.99 1.56339
2 -0.00915356
2.01 -1.57826
2.02 -3.1504
2.03 -4.71835
2.04 -6.28854
2.05 -7.85377
2.06 -9.42048
2.07 -10.9814
2.08 -12.5431
2.09 -14.0983
2.1 -15.6534
2.11 -17.2012
2.12 -18.7482
2.13 -20.2871
2.14 -21.8245
2.15 -23.3531
2.16 -24.8792
2.17 -26.3959
2.18 -27.9095
2.19 -29.4128
2.2 -30.9121
2.21 -32.4006
2.22 -33.8843
2.23 -35.3564
2.24 -36.823
2.25 -38.2773
2.26 -39.7254
2.27 -41.1604
2.28 -42.5886
2.29 -44.003
2.3 -45.4098
2.31 -46.8021
2.32 -48.1861
2.33 -49.555
2.34 -50.9149
2.35 -52.259
2.36 -53.5935
2.37 -54.9114
2.38 -56.2191
2.39 -57.5097
2.4 -58.7893
2.41 -60.0512
2.42 -61.3015
2.43 -62.5334
2.44 -63.7532
2.45 -64.9539
2.46 -66.1419
2.47 -67.3104
2.48 -68.4654
2.49 -69.6003
2.5 -70.7213
2.51 -71.8217
2.52 -72.9075
2.53 -73.9721
2.54 -75.0216
2.55 -76.0495
2.56 -77.0618
2.57 -78.0519
2.58 -79.0259
2.59 -79.9772
2.6 -80.912
2.61 -81.8237
2.62 -82.7183
2.63 -83.5893
2.64 -84.4429
2.65 -85.2725
2.66 -86.0842
2.67 -86.8716
2.68 -87.6406
2.69 -88.3849
2.7 -89.1104
2.71 -89.8109
2.72 -90.4924
2.73 -91.1484
2.74 -91.785
2.75 -92.3959
2.76 -92.987
2.77 -93.5522
2.78 -94.0973
2.79 -94.6162
2.8 -95.1147
2.81 -95.5868
2.82 -96.0383
2.83 -96.4631
2.84 -96.8671
2.85 -97.2442
2.86 -97.6003
2.87 -97.9293
2.88 -98.2372
2.89 -98.5178
2.9 -98.7771
2.91 -99.009
2.92 -99.2195
2.93 -99.4026
2.94 -99.5641
2.95 -99.4906
2.96 -99.6082
2.97 -99.6963
2.98 -99.7623
2.99 -99.8012
3 -99.818
3.01 -99.8077
3.02 -99.7752
3.03 -99.7156
3.04 -99.6339
3.05 -99.5252
3.06 -99.3943
3.07 -99.2364
3.08 -99.0566
3.09 -98.8498
3.1 -98.6211
3.11 -98.3656
3.12 -98.0883
3.13 -97.7844
3.14 -97.4588
3.15 -97.1066
3.16 -96.733
3.17 -96.3331
3.18 -95.9119
3.19 -95.4645
3.2 -94.9961
3.21 -94.5018
3.22 -93.9866
3.23 -93.4459
3.24 -92.8845
3.25 -92.2978
3.26 -91.6907
3.27 -91.0586
3.28 -90.4066
3.29 -89.7298
3.3 -89.0333
3.31 -88.3124
3.32 -87.5722
3.33 -86.808
3.34 -86.0249
3.35 -85.2182
3.36 -84.3928
3.37 -83.5443
3.38 -83.484
3.39 -82.5304
3.4 -81.4345
3.41 -80.2849
3.42 -79.7643
3.43 -78.0461
3.44 -76.7992
3.45 -75.7044
3.46 -74.4879
3.47 -73.2341
3.48 -71.9623
3.49 -71.8495
3.5 -70.7435
3.51 -69.6285
3.52 -68.4988
3.53 -67.3495
3.54 -66.1863
3.55 -65.0042
3.56 -63.8086
3.57 -62.5947
3.58 -61.3679
3.59 -60.1234
3.6 -58.8666
3.61 -57.5927
3.62 -56.3072
3.63 -55.0051
3.64 -53.6921
3.65 -52.3631
3.66 -51.0239
3.67 -49.6694
3.68 -48.3053
3.69 -46.9266
3.7 -45.5389
3.71 -44.1373
3.72 -42.7274
3.73 -41.3043
3.74 -39.8737
3.75 -38.4305
3.76 -36.9805
3.77 -35.5186
3.78 -34.0506
3.79 -32.5716
3.8 -31.0871
3.81 -29.5923
3.82 -28.0927
3.83 -26.3806
3.84 -24.8631
3.85 -23.3375
3.86 -21.8081
3.87 -20.2714
3.88 -18.7317
3.89 -17.1853
3.9 -15.6368
3.91 -14.0823
3.92 -12.5264
3.93 -10.9654
3.94 -9.40369
3.95 -7.83766
3.96 -6.2717
3.97 -4.70219
3.98 -3.13352
3.99 -1.56208
4 0.0077473
4.01 1.57957
4.02 3.149
4.03 4.71965
4.04 6.28715
4.05 7.85508
4.06 9.41909
4.07 10.9828
4.08 12.5417
4.09 14.0996
4.1 15.652
4.11 17.2025
4.12 18.7468
4.13 20.2884
4.14 21.8231
4.15 23.3544
4.16 24.8779
4.17 26.3972
4.18 27.9081
4.19 29.4141
4.2 30.9108
4.21 32.4018
4.22 33.883
4.23 35.3577
4.24 36.8217
4.25 38.2786
4.26 39.7241
4.27 41.1617
4.28 42.5873
4.29 44.0043
4.3 45.4085
4.31 46.8034
4.32 48.1848
4.33 49.5563
4.34 50.9136
4.35 52.2603
4.36 53.5922
4.37 54.9127
4.38 56.2178
4.39 57.511
4.4 58.788
4.41 60.0525
4.42 61.3002
4.43 62.5347
4.44 63.7519
4.45 64.9552
4.46 66.1406
4.47 67.3116
4.48 68.4641
4.49 69.6016
4.5 70.72
4.51 71.8229
4.52 72.9062
4.53 73.9733
4.54 75.0204
4.55 76.0508
4.56 77.0605
4.57 78.0531
4.58 79.0246
4.59 79.9785
4.6 80.9108
4.61 81.8249
4.62 82.717
4.63 83.5906
4.64 84.4417
4.65 85.2737
4.66 86.083
4.67 86.8728
4.68 87.6393
4.69 88.3861
4.7 89.1092
4.71 89.8122
4.72 90.4911
4.73 91.1496
4.74 91.7838
4.75 92.3971
4.76 92.9858
4.77 93.5534
4.78 94.0961
4.79 94.6174
4.8 95.1135
4.81 95.588
4.82 96.0371
4.83 96.4643
4.84 96.8659
4.85 97.2454
4.86 97.5991
4.87 97.9305
4.88 98.236
4.89 98.519
4.9 98.7759
4.91 99.0102
4.92 99.2183
4.93 99.4037
4.94 99.5629
4.95 99.4919
4.96 99.607
4.97 99.6975
4.98 99.7612
4.99 99.8025
5 99.8169
5.01 99.8089
5.02 99.7741
5.03 99.7169
5.04 99.6328
5.05 99.5264
5.06 99.3932
5.07 99.2377
5.08 99.0554
5.09 98.851
5.1 98.62
5.11 98.3668
5.12 98.0872
5.13 97.7856
5.14 97.4576
5.15 97.1079
5.16 96.7319
5.17 96.3343
5.18 95.9107
5.19 95.4658
5.2 94.995
5.21 94.503
5.22 93.9855
5.23 93.4471
5.24 92.8833
5.25 92.299
5.26 91.6896
5.27 91.0598
5.28 90.4054
5.29 89.7309
5.3 89.0321
5.31 88.3136
5.32 87.5711
5.33 86.8092
5.34 86.0238
5.35 85.2193
5.36 84.3917
5.37 83.5455
5.38 83.4823
5.39 82.5307
5.4 81.4324
5.41 80.2852
5.42 79.7598
5.43 78.0479
5.44 76.7976
5.45 75.7044
5.46 74.4862
5.47 73.2342
5.48 71.9606
5.49 71.8507
5.5 70.7424
5.51 69.6296
5.52 68.4976
5.53 67.3507
5.54 66.1852
5.55 65.0053
5.56 63.8075
5.57 62.5958
5.58 61.3668
5.59 60.1245
5.6 58.8655
5.61 57.5938
5.62 56.306
5.63 55.0062
5.64 53.6909
5.65 52.3643
5.66 51.0228
5.67 49.6705
5.68 48.3041
5.69 46.9277
5.7 45.5377
5.71 44.1384
5.72 42.7263
5.73 41.3055
5.74 39.8726
5.75 38.4316
5.76 36.9793
5.77 35.5198
5.78 34.0495
5.79 32.5727
5.8 31.086
5.81 29.5934
5.82 28.0916
5.83 26.3817
5.84 24.862
5.85 23.3386
5.86 21.807
5.87 20.2725
5.88 18.7306
5.89 17.1864
5.9 15.6357
5.91 14.0834
5.92 12.5253
5.93 10.9665
5.94 9.40261
5.95 7.83873
5.96 6.27062
5.97 4.70326
5.98 3.13245
5.99 1.56315
6 -0.00881556
6.01 -1.5785
6.02 -3.15007
6.03 -4.71859
6.04 -6.28821
6.05 -7.85402
6.06 -9.42015
6.07 -10.9817
6.08 -12.5428
6.09 -14.0985
6.1 -15.653
6.11 -17.2015
6.12 -18.7479
6.13 -20.2874
6.14 -21.8242
6.15 -23.3533
6.16 -24.8789
6.17 -26.3962
6.18 -27.9092
6.19 -29.413
6.2 -30.9118
6.21 -32.4008
6.22 -33.884
6.23 -35.3566
6.24 -36.8227
6.25 -38.2776
6.26 -39.7251
6.27 -41.1607
6.28 -42.5883
6.29 -44.0032
6.3 -45.4095
6.31 -46.8023
6.32 -48.1858
6.33 -49.5553
6.34 -50.9146
6.35 -52.2593
6.36 -53.5932
6.37 -54.9117
6.38 -56.2188
6.39 -57.51
6.4 -58.789
6.41 -60.0514
6.42 -61.3012
6.43 -62.5337
6.44 -63.7529
6.45 -64.9542
6.46 -66.1416
6.47 -67.3106
6.48 -68.4651
6.49 -69.6006
6.5 -70.721
6.51 -71.8219
6.52 -72.9072
6.53 -73.9723
6.54 -75.0214
6.55 -76.0498
6.56 -77.0615
6.57 -78.0521
6.58 -79.0256
6.59 -79.9775
6.6 -80.9117
6.61 -81.8239
6.62 -82.718
6.63 -83.5896
6.64 -84.4426
6.65 -85.2728
6.66 -86.0839
6.67 -86.8718
6.68 -87.6403
6.69 -88.3851
6.7 -89.1102
6.71 -89.8112
6.72 -90.4921
6.73 -91.1486
6.74 -91.7847
6.75 -92.3961
6.76 -92.9868
6.77 -93.5524
6.78 -94.0971
6.79 -94.6164
6.8 -95.1145
6.81 -95.587
6.82 -96.0381
6.83 -96.4633
6.84 -96.8668
6.85 -97.2444
6.86 -97.6
6.87 -97.9295
6.88 -98.2369
6.89 -98.518
6.9 -98.7768
6.91 -99.0093
6.92 -99.2193
6.93 -99.4028
6.94 -99.5638
6.95 -99.4909
6.96 -99.608
6.97 -99.6966
6.98 -99.7621
6.99 -99.8015
7 -99.8178
7.01 -99.808
7.02 -99.775
7.03 -99.7159
7.04 -99.6337
7.05 -99.5254
7.06 -99.3941
7.07 -99.2367
7.08 -99.0564
7.09 -98.8501
7.1 -98.6209
7.11 -98.3659
7.12 -98.0881
7.13 -97.7847
7.14 -97.4586
7.15 -97.1069
7.16 -96.7328
7.17 -96.3334
7.18 -95.9117
7.19 -95.4648
7.2 -94.9959
7.21 -94.5021
7.22 -93.9864
7.23 -93.4461
7.24 -92.8843
7.25 -92.298
7.26 -91.6905
7.27 -91.0589
7.28 -90.4063
7.29 -89.73
7.3 -89.0331
7.31 -88.3127
7.32 -87.572
7.33 -86.8083
7.34 -86.0247
7.35 -85.2184
7.36 -84.3926
7.37 -83.5446
7.38 -83.4831
7.39 -82.5298
7.4 -81.4334
7.41 -80.2842
7.42 -79.7604
7.43 -78.047
7.44 -76.7975
7.45 -75.7035
7.46 -74.4868
7.47 -73.2335
7.48 -71.9614
7.49 -71.8498
7.5 -70.7433
7.51 -69.6287
7.52 -68.4985
7.53 -67.3498
7.54 -66.1861
7.55 -65.0044
7.56 -63.8084
7.57 -62.5949
7.58 -61.3677
7.59 -60.1236
7.6 -58.8664
7.61 -57.5929
7.62 -56.3069
7.63 -55.0053
7.64 -53.6918
7.65 -52.3634
7.66 -51.0237
7.67 -49.6697
7.68 -48.305
7.69 -46.9268
7.7 -45.5386
7.71 -44.1375
7.72 -42.7272
7.73 -41.3046
7.74 -39.8734
7.75 -38.4308
7.76 -36.9802
7.77 -35.5189
7.78 -34.0504
7.79 -32.5718
7.8 -31.0868
7.81 -29.5925
7.82 -28.0925
7.83 -26.3808
7.84 -24.8628
7.85 -23.3377
7.86 -21.8079
7.87 -20.2716
7.88 -18.7315
7.89 -17.1856
7.9 -15.6365
7.91 -14.0825
7.92 -12.5262
7.93 -10.9656
7.94 -9.40346
7.95 -7.83788
7.96 -6.27147
7.97 -4.70241
7.98 -3.13329
7.99 -1.56231
8 0.00797281
8.01 1.57934
8.02 3.14923
8.03 4.71943
8.04 6.28737
8.05 7.85485
8.06 9.41931
8.07 10.9825
8.08 12.542
8.09 14.0994
8.1 15.6522
8.11 17.2023
8.12 18.747
8.13 20.2882
8.14 21.8233
8.15 23.3541
8.16 24.8781
8.17 26.397
8.18 27.9083
8.19 29.4138
8.2 30.911
8.21 32.4016
8.22 33.8832
8.23 35.3574
8.24 36.8219
8.25 38.2784
8.26 39.7243
8.27 41.1615
8.28 42.5875
8.29 44.004
8.3 45.4087
8.31 46.8031
8.32 48.185
8.33 49.5561
8.34 50.9138
8.35 52.2601
8.36 53.5924
8.37 54.9125
8.38 56.218
8.39 57.5107
8.4 58.7882
8.41 60.0522
8.42 61.3004
8.43 62.5345
8.44 63.7521
8.45 64.955
8.46 66.1408
8.47 67.3114
8.48 68.4643
8.49 69.6014
8.5 70.7203
8.51 71.8227
8.52 72.9064
8.53 73.9731
8.54 75.0206
8.55 76.0505
8.56 77.0607
8.57 78.0529
8.58 79.0248
8.59 79.9783
8.6 80.911
8.61 81.8247
8.62 82.7172
8.63 83.5904
8.64 84.4419
8.65 85.2735
8.66 86.0832
8.67 86.8726
8.68 87.6395
8.69 88.3859
8.7 89.1094
8.71 89.8119
8.72 90.4913
8.73 91.1494
8.74 91.784
8.75 92.3969
8.76 92.986
8.77 93.5532
8.78 94.0963
8.79 94.6172
8.8 95.1137
8.81 95.5878
8.82 96.0373
8.83 96.4641
8.84 96.8661
8.85 97.2452
8.86 97.5993
8.87 97.9303
8.88 98.2362
8.89 98.5188
8.9 98.7761
8.91 99.01
8.92 99.2185
8.93 99.4035
8.94 99.5631
8.95 99.4917
8.96 99.6072
8.97 99.6973
8.98 99.7614
8.99 99.8023
9 99.8171
9.01 99.8087
9.02 99.7743
9.03 99.7167
9.04 99.633
9.05 99.5262
9.06 99.3934
9.07 99.2375
9.08 99.0556
9.09 98.8508
9.1 98.6202
9.11 98.3667
9.12 98.0874
9.13 97.7854
9.14 97.4578
9.15 97.1077
9.16 96.7321
9.17 96.3341
9.18 95.9109
9.19 95.4656
9.2 94.9952
9.21 94.5028
9.22 93.9857
9.23 93.4469
9.24 92.8835
9.25 92.2988
9.26 91.6898
9.27 91.0596
9.28 90.4056
9.29 89.7308
9.3 89.0323
9.31 88.3134
9.32 87.5713
9.33 86.809
9.34 86.024
9.35 85.2191
9.36 84.3919
9.37 83.5453
9.38 83.4824
9.39 82.5305
9.4 81.4326
9.41 80.285
9.42 79.7599
9.43 78.0477
9.44 76.7976
9.45 75.7042
9.46 74.4863
9.47 73.234
9.48 71.9608
9.49 71.8505
9.5 70.7426
9.51 69.6294
9.52 68.4978
9.53 67.3505
9.54 66.1854
9.55 65.0051
9.56 63.8077
9.57 62.5956
9.58 61.367
9.59 60.1243
9.6 58.8657
9.61 57.5936
9.62 56.3062
9.63 55.006
9.64 53.6911
9.65 52.3641
9.66 51.023
9.67 49.6704
9.68 48.3043
9.69 46.9275
9.7 45.5379
9.71 44.1382
9.72 42.7265
9.73 41.3053
9.74 39.8727
9.75 38.4315
9.76 36.9795
9.77 35.5196
9.78 34.0497
9.79 32.5725
9.8 31.0861
9.81 29.5932
9.82 28.0918
9.83 26.3815
9.84 24.8622
9.85 23.3384
9.86 21.8072
9.87 20.2723
9.88 18.7308
9.89 17.1862
9.9 15.6359
9.91 14.0832
9.92 12.5255
9.93 10.9663
9.94 9.40279
9.95 7.83855
9.96 6.2708
9.97 4.70308
9.98 3.13263
9.99 1.56297
10 -0.00863778
10.01 -1.57868
10.02 -3.14989
10.03 -4.71876
10.04 -6.28804
10.05 -7.85419
10.06 -9.41997
10.07 -10.9819
10.08 -12.5426
10.09 -14.0987
10.1 -15.6529
10.11 -17.2016
10.12 -18.7477
10.13 -20.2876
10.14 -21.824
10.15 -23.3535
10.16 -24.8788
10.17 -26.3964
10.18 -27.909
10.19 -29.4132
10.2 -30.9117
10.21 -32.401
10.22 -33.8838
10.23 -35.3568
10.24 -36.8226
10.25 -38.2777
10.26 -39.725
10.27 -41.1609
10.28 -42.5881
10.29 -44.0034
10.3 -45.4093
10.31 -46.8025
10.32 -48.1857
10.33 -49.5554
10.34 -50.9145
10.35 -52.2594
10.36 -53.593
10.37 -54.9119
10.38 -56.2187
10.39 -57.5101
10.4 -58.7889
10.41 -60.0516
10.42 -61.301
10.43 -62.5338
10.44 -63.7527
10.45 -64.9544
10.46 -66.1415
10.47 -67.3108
10.48 -68.465
10.49 -69.6008
10.5 -70.7209
10.51 -71.8221
10.52 -72.907
10.53 -73.9725
10.54 -75.0212
10.55 -76.0499
10.56 -77.0613
10.57 -78.0523
10.58 -79.0255
10.59 -79.9777
10.6 -80.9116
10.61 -81.8241
10.62 -82.7178
10.63 -83.5898
10.64 -84.4425
10.65 -85.2729
10.66 -86.0838
10.67 -86.872
10.68 -87.6401
10.69 -88.3853
10.7 -89.11
10.71 -89.8113
10.72 -90.4919
10.73 -91.1488
10.74 -91.7846
10.75 -92.3963
10.76 -92.9866
10.77 -93.5526
10.78 -94.0969
10.79 -94.6166
10.8 -95.1143
10.81 -95.5872
10.82 -96.0379
10.83 -96.4635
10.84 -96.8667
10.85 -97.2446
10.86 -97.5999
10.87 -97.9297
10.88 -98.2367
10.89 -98.5182
10.9 -98.7767
10.91 -99.0094
10.92 -99.2191
10.93 -99.403
10.94 -99.5637
10.95 -99.4911
10.96 -99.6078
10.97 -99.6967
10.98 -99.762
10.99 -99.8017
11 -99.8177
11.01 -99.8082
11.02 -99.7749
11.03 -99.7161
11.04 -99.6336
11.05 -99.5256
11.06 -99.3939
11.07 -99.2369
11.08 -99.0562
11.09 -98.8503
11.1 -98.6208
11.11 -98.3661
11.12 -98.088
11.13 -97.7848
11.14 -97.4584
11.15 -97.1071
11.16 -96.7327
11.17 -96.3336
11.18 -95.9115
11.19 -95.465
11.2 -94.9957
11.21 -94.5022
11.22 -93.9863
11.23 -93.4463
11.24 -92.8841
11.25 -92.2982
11.26 -91.6903
11.27 -91.0591
11.28 -90.4062
11.29 -89.7302
11.3 -89.0329
11.31 -88.3128
11.32 -87.5719
11.33 -86.8085
11.34 -86.0245
11.35 -85.2186
11.36 -84.3925
11.37 -83.5448
11.38 -83.4829
11.39 -82.53
11.4 -81.4332
11.41 -80.2843
11.42 -79.7603
11.43 -78.0472
11.44 -76.7975
11.45 -75.7037
11.46 -74.4867
11.47 -73.2336
11.48 -71.9612
11.49 -71.8499
11.5 -70.7432
11.51 -69.6289
11.52 -68.4984
11.53 -67.3499
11.54 -66.186
11.55 -65.0046
11.56 -63.8082
11.57 -62.5951
11.58 -61.3675
11.59 -60.1238
11.6 -58.8662
11.61 -57.5931
11.62 -56.3068
11.63 -55.0055
11.64 -53.6917
11.65 -52.3635
11.66 -51.0235
11.67 -49.6698
11.68 -48.3049
11.69 -46.927
11.7 -45.5385
11.71 -44.1377
11.72 -42.727
11.73 -41.3047
11.74 -39.8733
11.75 -38.4309
11.76 -36.9801
11.77 -35.519
11.78 -34.0503
11.79 -32.572
11.8 -31.0867
11.81 -29.5926
11.82 -28.0923
11.83 -26.381
11.84 -24.8627
11.85 -23.3378
11.86 -21.8078
11.87 -20.2718
11.88 -18.7313
11.89 -17.1857
11.9 -15.6364
11.91 -14.0827
11.92 -12.526
11.93 -10.9658
11.94 -9.40332
11.95 -7.83803
11.96 -6.27133
11.97 -4.70256
11.98 -3.13315
11.99 -1.56245
12 0.00811309
12.01 1.5792
12.02 3.14937
12.03 4.71929
12.04 6.28751
12.05 7.85472
12.06 9.41945
12.07 10.9824
12.08 12.5421
12.09 14.0992
12.1 15.6524
12.11 17.2021
12.12 18.7472
12.13 20.2881
12.14 21.8235
12.15 23.354
12.16 24.8783
12.17 26.3969
12.18 27.9085
12.19 29.4137
12.2 30.9112
12.21 32.4015
12.22 33.8833
12.23 35.3573
12.24 36.8221
12.25 38.2782
12.26 39.7245
12.27 41.1614
12.28 42.5876
12.29 44.0039
12.3 45.4088
12.31 46.803
12.32 48.1852
12.33 49.5559
12.34 50.914
12.35 52.2599
12.36 53.5925
12.37 54.9124
12.38 56.2182
12.39 57.5106
12.4 58.7884
12.41 60.0521
12.42 61.3005
12.43 62.5343
12.44 63.7522
12.45 64.9549
12.46 66.141
12.47 67.3113
12.48 68.4645
12.49 69.6013
12.5 70.7204
12.51 71.8226
12.52 72.9065
12.53 73.973
12.54 75.0207
12.55 76.0504
12.56 77.0609
12.57 78.0528
12.58 79.025
12.59 79.9781
12.6 80.9111
12.61 81.8246
12.62 82.7174
12.63 83.5902
12.64 84.442
12.65 85.2734
12.66 86.0833
12.67 86.8724
12.68 87.6397
12.69 88.3857
12.7 89.1095
12.71 89.8118
12.72 90.4915
12.73 91.1493
12.74 91.7841
12.75 92.3968
12.76 92.9862
12.77 93.5531
12.78 94.0964
12.79 94.6171
12.8 95.1139
12.81 95.5877
12.82 96.0374
12.83 96.464
12.84 96.8662
12.85 97.245
12.86 97.5994
12.87 97.9302
12.88 98.2363
12.89 98.5186
12.9 98.7762
12.91 99.0099
12.92 99.2187
12.93 99.4034
12.94 99.5632
12.95 99.4915
12.96 99.6073
12.97 99.6972
12.98 99.7615
12.99 99.8022
13 99.8172
13.01 99.8086
13.02 99.7744
13.03 99.7166
13.04 99.6331
13.05 99.5261
13.06 99.3935
13.07 99.2374
13.08 99.0558
13.09 98.8507
13.1 98.6203
13.11 98.3665
13.12 98.0875
13.13 97.7853
13.14 97.4579
13.15 97.1075
13.16 96.7322
13.17 96.334
13.18 95.9111
13.19 95.4654
13.2 94.9953
13.21 94.5027
13.22 93.9858
13.23 93.4467
13.24 92.8837
13.25 92.2986
13.26 91.6899
13.27 91.0595
13.28 90.4057
13.29 89.7306
13.3 89.0324
13.31 88.3133
13.32 87.5714
13.33 86.8089
13.34 86.0241
13.35 85.219
13.36 84.392
13.37 83.5452
13.38 83.4825
13.39 82.5304
13.4 81.4328
13.41 80.2848
13.42 79.76
13.43 78.0476
13.44 76.7976
13.45 75.7041
13.46 74.4864
13.47 73.2339
13.48 71.9609
13.49 71.8504
13.5 70.7427
13.51 69.6293
13.52 68.498
13.53 67.3504
13.54 66.1855
13.55 65.005
13.56 63.8078
13.57 62.5955
13.58 61.3671
13.59 60.1242
13.6 58.8658
13.61 57.5935
13.62 56.3063
13.63 55.0059
13.64 53.6912
13.65 52.364
13.66 51.0231
13.67 49.6702
13.68 48.3045
13.69 46.9274
13.7 45.5381
13.71 44.1381
13.72 42.7266
13.73 41.3052
13.74 39.8729
13.75 38.4313
13.76 36.9796
13.77 35.5195
13.78 34.0498
13.79 32.5724
13.8 31.0863
13.81 29.5931
13.82 28.0919
13.83 26.3814
13.84 24.8623
13.85 23.3383
13.86 21.8073
13.87 20.2722
13.88 18.7309
13.89 17.1861
13.9 15.636
13.91 14.0831
13.92 12.5256
13.93 10.9662
13.94 9.4029
13.95 7.83844
13.96 6.27091
13.97 4.70297
13.98 3.13274
13.99 1.56286
14 -0.0085271
14.01 -1.57879
14.02 -3.14978
14.03 -4.71887
14.04 -6.28793
14.05 -7.8543
14.06 -9.41986
14.07 -10.982
14.08 -12.5425
14.09 -14.0988
14.1 -15.6528
14.11 -17.2017
14.12 -18.7476
14.13 -20.2877
14.14 -21.8239
14.15 -23.3536
14.16 -24.8787
14.17 -26.3965
14.18 -27.9089
14.19 -29.4133
14.2 -30.9116
14.21 -32.4011
14.22 -33.8837
14.23 -35.3569
14.24 -36.8225
14.25 -38.2778
14.26 -39.7248
14.27 -41.161
14.28 -42.588
14.29 -44.0035
14.3 -45.4092
14.31 -46.8026
14.32 -48.1856
14.33 -49.5555
14.34 -50.9144
14.35 -52.2595
14.36 -53.5929
14.37 -54.912
14.38 -56.2186
14.39 -57.5102
14.4 -58.7888
14.41 -60.0517
14.42 -61.3009
14.43 -62.5339
14.44 -63.7526
14.45 -64.9545
14.46 -66.1414
14.47 -67.3109
14.48 -68.4648
14.49 -69.6009
14.5 -70.7208
14.51 -71.8222
14.52 -72.9069
14.53 -73.9726
14.54 -75.0211
14.55 -76.05
14.56 -77.0612
14.57 -78.0524
14.58 -79.0254
14.59 -79.9778
14.6 -80.9115
14.61 -81.8242
14.62 -82.7177
14.63 -83.5899
14.64 -84.4424
14.65 -85.273
14.66 -86.0837
14.67 -86.8721
14.68 -87.64
14.69 -88.3854
14.7 -89.1099
14.71 -89.8114
14.72 -90.4918
14.73 -91.1489
14.74 -91.7845
14.75 -92.3964
14.76 -92.9865
14.77 -93.5527
14.78 -94.0968
14.79 -94.6167
14.8 -95.1142
14.81 -95.5873
14.82 -96.0378
14.83 -96.4636
14.84 -96.8666
14.85 -97.2447
14.86 -97.5998
14.87 -97.9298
14.88 -98.2366
14.89 -98.5183
14.9 -98.7766
14.91 -99.0095
14.92 -99.219
14.93 -99.4031
14.94 -99.5636
14.95 -99.4912
14.96 -99.6077
14.97 -99.6968
14.98 -99.7619
14.99 -99.8018
15 -99.8176
15.01 -99.8083
15.02 -99.7748
15.03 -99.7162
15.04 -99.6335
15.05 -99.5257
15.06 -99.3938
15.07 -99.237
15.08 -99.0561
15.09 -98.8504
15.1 -98.6207
15.11 -98.3662
15.12 -98.0879
15.13 -97.7849
15.14 -97.4583
15.15 -97.1072
15.16 -96.7326
15.17 -96.3336
15.18 -95.9114
15.19 -95.4651
15.2 -94.9956
15.21 -94.5023
15.22 -93.9862
15.23 -93.4464
15.24 -92.884
15.25 -92.2983
15.26 -91.6903
15.27 -91.0592
15.28 -90.4061
15.29 -89.7303
15.3 -89.0328
15.31 -88.3129
15.32 -87.5718
15.33 -86.8086
15.34 -86.0244
15.35 -85.2187
15.36 -84.3924
15.37 -83.5448
15.38 -83.4828
15.39 -82.5301
15.4 -81.4331
15.41 -80.2844
15.42 -79.7602
15.43 -78.0473
15.44 -76.7975
15.45 -75.7038
15.46 -74.4867
15.47 -73.2337
15.48 -71.9612
15.49 -71.85
15.5 -70.7431
15.51 -69.629
15.52 -68.4983
15.53 -67.35
15.54 -66.1859
15.55 -65.0047
15.56 -63.8082
15.57 -62.5952
15.58 -61.3674
15.59 -60.1239
15.6 -58.8661
15.61 -57.5932
15.62 -56.3067
15.63 -55.0056
15.64 -53.6916
15.65 -52.3636
15.66 -51.0234
15.67 -49.6699
15.68 -48.3048
15.69 -46.927
15.7 -45.5384
15.71 -44.1378
15.72 -42.7269
15.73 -41.3048
15.74 -39.8732
15.75 -38.431
15.76 -36.98
15.77 -35.5191
15.78 -34.0502
15.79 -32.5721
15.8 -31.0866
15.81 -29.5927
15.82 -28.0922
15.83 -26.3811
15.84 -24.8626
15.85 -23.3379
15.86 -21.8077
15.87 -20.2719
15.88 -18.7312
15.89 -17.1858
15.9 -15.6363
15.91 -14.0828
15.92 -12.5259
15.93 -10.9659
15.94 -9.40323
15.95 -7.83811
15.96 -6.27124
15.97 -4.70264
15.98 -3.13307
15.99 -1.56253
16 0.00820043
16.01 1.57911
16.02 3.14946
16.03 4.7192
16.04 6.2876
16.05 7.85463
16.06 9.41954
16.07 10.9823
16.08 12.5422
16.09 14.0991
16.1 15.6524
16.11 17.2021
16.12 18.7473
16.13 20.288
16.14 21.8236
16.15 23.3539
16.16 24.8783
16.17 26.3968
16.18 27.9086
16.19 29.4136
16.2 30.9112
16.21 32.4014
16.22 33.8834
16.23 35.3572
16.24 36.8221
16.25 38.2781
16.26 39.7245
16.27 41.1613
16.28 42.5877
16.29 44.0038
16.3 45.4089
16.31 46.8029
16.32 48.1852
16.33 49.5558
16.34 50.914
16.35 52.2598
16.36 53.5926
16.37 54.9123
16.38 56.2183
16.39 57.5105
16.4 58.7884
16.41 60.052
16.42 61.3006
16.43 62.5343
16.44 63.7523
16.45 64.9548
16.46 66.1411
16.47 67.3112
16.48 68.4645
16.49 69.6012
16.5 70.7205
16.51 71.8225
16.52 72.9066
16.53 73.9729
16.54 75.0208
16.55 76.0503
16.56 77.0609
16.57 78.0527
16.58 79.0251
16.59 79.9781
16.6 80.9112
16.61 81.8245
16.62 82.7174
16.63 83.5902
16.64 84.4421
16.65 85.2733
16.66 86.0834
16.67 86.8724
16.68 87.6397
16.69 88.3857
16.7 89.1096
16.71 89.8117
16.72 90.4915
16.73 91.1492
16.74 91.7842
16.75 92.3967
16.76 92.9862
16.77 93.553
16.78 94.0965
16.79 94.617
16.8 95.1139
16.81 95.5876
16.82 96.0375
16.83 96.4639
16.84 96.8663
16.85 97.245
16.86 97.5995
16.87 97.9301
16.88 98.2364
16.89 98.5186
16.9 98.7763
16.91 99.0098
16.92 99.2187
16.93 99.4033
16.94 99.5633
16.95 99.4914
16.96 99.6074
16.97 99.6971
16.98 99.7616
16.99 99.8021
17 99.8173
17.01 99.8085
17.02 99.7745
17.03 99.7165
17.04 99.6332
17.05 99.526
17.06 99.3936
17.07 99.2373
17.08 99.0558
17.09 98.8506
17.1 98.6204
17.11 98.3665
17.12 98.0876
17.13 97.7852
17.14 97.458
17.15 97.1075
17.16 96.7323
17.17 96.3339
17.18 95.9111
17.19 95.4654
17.2 94.9954
17.21 94.5026
17.22 93.9859
17.23 93.4467
17.24 92.8837
17.25 92.2986
17.26 91.69
17.27 91.0594
17.28 90.4058
17.29 89.7306
17.3 89.0325
17.31 88.3132
17.32 87.5715
17.33 86.8088
17.34 86.0242
17.35 85.2189
17.36 84.3921
17.37 83.5451
17.38 83.4826
17.39 82.5303
17.4 81.4328
17.41 80.2847
17.42 79.76
17.43 78.0475
17.44 76.7976
17.45 75.704
17.46 74.4864
17.47 73.2339
17.48 71.9609
17.49 71.8503
17.5 70.7428
17.51 69.6292
17.52 68.498
17.53 67.3503
17.54 66.1856
17.55 65.0049
17.56 63.8079
17.57 62.5954
17.58 61.3672
17.59 60.1241
17.6 58.8659
17.61 57.5934
17.62 56.3064
17.63 55.0058
17.64 53.6913
17.65 52.3639
17.66 51.0231
17.67 49.6702
17.68 48.3045
17.69 46.9273
17.7 45.5381
17.71 44.138
17.72 42.7267
17.73 41.3051
17.74 39.8729
17.75 38.4313
17.76 36.9797
17.77 35.5194
17.78 34.0499
17.79 32.5723
17.8 31.0863
17.81 29.593
17.82 28.092
17.83 26.3813
17.84 24.8623
17.85 23.3382
17.86 21.8074
17.87 20.2721
17.88 18.731
17.89 17.1861
17.9 15.636
17.91 14.083
17.92 12.5257
17.93 10.9661
17.94 9.40297
17.95 7.83837
17.96 6.27098
17.97 4.7029
17.98 3.13281
17.99 1.56279
18 -0.00845819
18.01 -1.57886
18.02 -3.14971
18.03 -4.71894
18.04 -6.28786
18.05 -7.85437
18.06 -9.41979
18.07 -10.982
18.08 -12.5424
18.09 -14.0989
18.1 -15.6527
18.11 -17.2018
18.12 -18.7475
18.13 -20.2877
18.14 -21.8238
18.15 -23.3537
18.16 -24.8786
18.17 -26.3965
18.18 -27.9088
18.19 -29.4134
18.2 -30.9115
18.21 -32.4012
18.22 -33.8837
18.23 -35.357
18.24 -36.8224
18.25 -38.2779
18.26 -39.7248
18.27 -41.161
18.28 -42.588
18.29 -44.0036
18.3 -45.4091
18.31 -46.8027
18.32 -48.1855
18.33 -49.5556
18.34 -50.9143
18.35 -52.2596
18.36 -53.5928
18.37 -54.912
18.38 -56.2185
18.39 -57.5103
18.4 -58.7887
18.41 -60.0518
18.42 -61.3009
18.43 -62.534
18.44 -63.7525
18.45 -64.9545
18.46 -66.1413
18.47 -67.3109
18.48 -68.4648
18.49 -69.6009
18.5 -70.7207
18.51 -71.8222
18.52 -72.9068
18.53 -73.9727
18.54 -75.021
18.55 -76.0501
18.56 -77.0612
18.57 -78.0525
18.58 -79.0253
18.59 -79.9778
18.6 -80.9114
18.61 -81.8242
18.62 -82.7177
18.63 -83.5899
18.64 -84.4423
18.65 -85.2731
18.66 -86.0836
18.67 -86.8721
18.68 -87.64
18.69 -88.3854
18.7 -89.1099
18.71 -89.8115
18.72 -90.4918
18.73 -91.149
18.74 -91.7844
18.75 -92.3965
18.76 -92.9865
18.77 -93.5528
18.78 -94.0967
18.79 -94.6168
18.8 -95.1142
18.81 -95.5874
18.82 -96.0377
18.83 -96.4636
18.84 -96.8665
18.85 -97.2447
18.86 -97.5997
18.87 -97.9299
18.88 -98.2366
18.89 -98.5183
18.9 -98.7765
18.91 -99.0096
18.92 -99.219
18.93 -99.4031
18.94 -99.5635
18.95 -99.4912
18.96 -99.6077
18.97 -99.6969
18.98 -99.7618
18.99 -99.8019
19 -99.8175
19.01 -99.8083
19.02 -99.7747
19.03 -99.7162
19.04 -99.6334
19.05 -99.5258
19.06 -99.3938
19.07 -99.2371
19.08 -99.0561
19.09 -98.8504
19.1 -98.6206
19.11 -98.3662
19.12 -98.0878
19.13 -97.785
19.14 -97.4582
19.15 -97.1072
19.16 -96.7325
19.17 -96.3337
19.18 -95.9114
19.19 -95.4651
19.2 -94.9956
19.21 -94.5024
19.22 -93.9861
19.23 -93.4464
19.24 -92.884
19.25 -92.2983
19.26 -91.6902
19.27 -91.0592
19.28 -90.406
19.29 -89.7303
19.3 -89.0327
19.31 -88.313
19.32 -87.5717
19.33 -86.8086
19.34 -86.0244
19.35 -85.2187
19.36 -84.3923
19.37 -83.5449
19.38 -83.4828
19.39 -82.5301
19.4 -81.4331
19.41 -80.2845
19.42 -79.7602
19.43 -78.0473
19.44 -76.7975
19.45 -75.7038
19.46 -74.4866
19.47 -73.2337
19.48 -71.9611
19.49 -71.8501
19.5 -70.743
19.51 -69.629
19.52 -68.4982
19.53 -67.3501
19.54 -66.1858
19.55 -65.0047
19.56 -63.8081
19.57 -62.5952
19.58 -61.3674
19.59 -60.1239
19.6 -58.8661
19.61 -57.5932
19.62 -56.3066
19.63 -55.0056
19.64 -53.6915
19.65 -52.3637
19.66 -51.0234
19.67 -49.67
19.68 -48.3047
19.69 -46.9271
19.7 -45.5383
19.71 -44.1378
19.72 -42.7269
19.73 -41.3049
19.74 -39.8731
19.75 -38.4311
19.76 -36.9799
19.77 -35.5192
19.78 -34.0501
19.79 -32.5721
19.8 -31.0865
19.81 -29.5928
19.82 -28.0922
19.83 -26.3811
19.84 -24.8625
19.85 -23.338
19.86 -21.8076
19.87 -20.2719
19.88 -18.7312
19.89 -17.1858
19.9 -15.6362
19.91 -14.0828
19.92 -12.5259
19.93 -10.9659
19.94 -9.40318
19.95 -7.83817
19.96 -6.27119
19.97 -4.7027
19.98 -3.13301
19.99 -1.56259
20 0.0082548
20.01 1.57906
20.02 3.14951
20.03 4.71915
20.04 6.28765
20.05 7.85457
20.06 9.41959
20.07 10.9822
20.08 12.5422
20.09 14.0991
20.1 15.6525
20.11 17.202
20.12 18.7473
20.13 20.2879
20.14 21.8236
20.15 23.3539
20.16 24.8784
20.17 26.3967
20.18 27.9086
20.19 29.4136
20.2 30.9113
20.21 32.4014
20.22 33.8835
20.23 35.3572
20.24 36.8222
20.25 38.2781
20.26 39.7246
20.27 41.1612
20.28 42.5878
20.29 44.0038
20.3 45.4089
20.31 46.8029
20.32 48.1853
20.33 49.5558
20.34 50.9141
20.35 52.2598
20.36 53.5926
20.37 54.9122
20.38 56.2183
20.39 57.5105
20.4 58.7885
20.41 60.052
20.42 61.3007
20.43 62.5342
20.44 63.7523
20.45 64.9547
20.46 66.1411
20.47 67.3111
20.48 68.4646
20.49 69.6011
20.5 70.7205
20.51 71.8224
20.52 72.9067
20.53 73.9729
20.54 75.0208
20.55 76.0503
20.56 77.061
20.57 78.0527
20.58 79.0251
20.59 79.978
20.6 80.9112
20.61 81.8244
20.62 82.7175
20.63 83.5901
20.64 84.4421
20.65 85.2733
20.66 86.0834
20.67 86.8723
20.68 87.6398
20.69 88.3856
20.7 89.1097
20.71 89.8117
20.72 90.4916
20.73 91.1491
20.74 91.7842
20.75 92.3966
20.76 92.9863
20.77 93.5529
20.78 94.0966
20.79 94.6169
20.8 95.114
20.81 95.5875
20.82 96.0376
20.83 96.4638
20.84 96.8663
20.85 97.2449
20.86 97.5995
20.87 97.93
20.88 98.2364
20.89 98.5185
20.9 98.7763
20.91 99.0098
20.92 99.2188
20.93 99.4033
20.94 99.5633
20.95 99.4914
20.96 99.6075
20.97 99.6971
20.98 99.7616
20.99 99.802
21 99.8173
21.01 99.8085
21.02 99.7745
21.03 99.7164
21.04 99.6332
21.05 99.5259
21.06 99.3936
21.07 99.2372
21.08 99.0559
21.09 98.8506
21.1 98.6204
21.11 98.3664
21.12 98.0876
21.13 97.7852
21.14 97.4581
21.15 97.1074
21.16 96.7323
21.17 96.3339
21.18 95.9112
21.19 95.4653
21.2 94.9954
21.21 94.5026
21.22 93.9859
21.23 93.4466
21.24 92.8838
21.25 92.2985
21.26 91.69
21.27 91.0594
21.28 90.4059
21.29 89.7305
21.3 89.0326
21.31 88.3132
21.32 87.5715
21.33 86.8088
21.34 86.0242
21.35 85.2189
21.36 84.3921
21.37 83.5451
21.38 83.4826
21.39 82.5303
21.4 81.4329
21.41 80.2847
21.42 79.7601
21.43 78.0475
21.44 76.7976
21.45 75.704
21.46 74.4865
21.47 73.2338
21.48 71.961
21.49 71.8502
21.5 70.7428
21.51 69.6292
21.52 68.4981
21.53 67.3503
21.54 66.1856
21.55 65.0049
21.56 63.8079
21.57 62.5954
21.58 61.3672
21.59 60.1241
21.6 58.8659
21.61 57.5934
21.62 56.3065
21.63 55.0058
21.64 53.6914
21.65 52.3638
21.66 51.0232
21.67 49.6701
21.68 48.3046
21.69 46.9273
21.7 45.5382
21.71 44.138
21.72 42.7267
21.73 41.3051
21.74 39.873
21.75 38.4312
21.76 36.9798
21.77 35.5193
21.78 34.0499
21.79 32.5723
21.8 31.0864
21.81 29.593
21.82 28.092
21.83 26.3813
21.84 24.8624
21.85 23.3381
21.86 21.8075
21.87 20.2721
21.88 18.731
21.89 17.186
21.9 15.6361
21.91 14.083
21.92 12.5257
21.93 10.9661
21.94 9.40302
21.95 7.83833
21.96 6.27103
21.97 4.70286
21.98 3.13285
21.99 1.56275
22 -0.00841528
22.01 -1.5789
22.02 -3.14967
22.03 -4.71899
22.04 -6.28781
22.05 -7.85441
22.06 -9.41975
22.07 -10.9821
22.08 -12.5424
22.09 -14.0989
22.1 -15.6527
22.11 -17.2018
22.12 -18.7475
22.13 -20.2878
22.14 -21.8238
22.15 -23.3537
22.16 -24.8785
22.17 -26.3966
22.18 -27.9088
22.19 -29.4134
22.2 -30.9114
22.21 -32.4012
22.22 -33.8836
22.23 -35.357
22.24 -36.8223
22.25 -38.2779
22.26 -39.7247
22.27 -41.1611
22.28 -42.5879
22.29 -44.0036
22.3 -45.4091
22.31 -46.8027
22.32 -48.1854
22.33 -49.5556
22.34 -50.9142
22.35 -52.2596
22.36 -53.5928
22.37 -54.9121
22.38 -56.2185
22.39 -57.5103
22.4 -58.7886
22.41 -60.0518
22.42 -61.3008
22.43 -62.5341
22.44 -63.7525
22.45 -64.9546
22.46 -66.1413
22.47 -67.311
22.48 -68.4647
22.49 -69.601
22.5 -70.7207
22.51 -71.8223
22.52 -72.9068
22.53 -73.9727
22.54 -75.021
22.55 -76.0501
22.56 -77.0611
22.57 -78.0525
22.58 -79.0252
22.59 -79.9779
22.6 -80.9114
22.61 -81.8243
22.62 -82.7176
22.63 -83.59
22.64 -84.4423
22.65 -85.2731
22.66 -86.0836
22.67 -86.8722
22.68 -87.6399
22.69 -88.3855
22.7 -89.1098
22.71 -89.8115
22.72 -90.4917
22.73 -91.149
22.74 -91.7844
22.75 -92.3965
22.76 -92.9864
22.77 -93.5528
22.78 -94.0967
22.79 -94.6168
22.8 -95.1141
22.81 -95.5874
22.82 -96.0377
22.83 -96.4637
22.84 -96.8665
22.85 -97.2448
22.86 -97.5997
22.87 -97.9299
22.88 -98.2365
22.89 -98.5184
22.9 -98.7765
22.91 -99.0096
22.92 -99.2189
22.93 -99.4032
22.94 -99.5635
22.95 -99.4913
22.96 -99.6076
22.97 -99.6969
22.98 -99.7618
22.99 -99.8019
23 -99.8175
23.01 -99.8083
23.02 -99.7747
23.03 -99.7163
23.04 -99.6334
23.05 -99.5258
23.06 -99.3937
23.07 -99.2371
23.08 -99.056
23.09 -98.8505
23.1 -98.6206
23.11 -98.3663
23.12 -98.0878
23.13 -97.785
23.14 -97.4582
23.15 -97.1073
23.16 -96.7325
23.17 -96.3337
23.18 -95.9113
23.19 -95.4652
23.2 -94.9956
23.21 -94.5024
23.22 -93.9861
23.23 -93.4465
23.24 -92.8839
23.25 -92.2984
23.26 -91.6902
23.27 -91.0593
23.28 -90.406
23.29 -89.7304
23.3 -89.0327
23.31 -88.313
23.32 -87.5717
23.33 -86.8087
23.34 -86.0243
23.35 -85.2188
23.36 -84.3923
23.37 -83.5449
23.38 -83.4828
23.39 -82.5301
23.4 -81.433
23.41 -80.2845
23.42 -79.7602
23.43 -78.0474
23.44 -76.7975
23.45 -75.7039
23.46 -74.4866
23.47 -73.2337
23.48 -71.9611
23.49 -71.8501
23.5 -70.743
23.51 -69.6291
23.52 -68.4982
23.53 -67.3501
23.54 -66.1858
23.55 -65.0048
23.56 -63.8081
23.57 -62.5953
23.58 -61.3673
23.59 -60.1239
23.6 -58.866
23.61 -57.5933
23.62 -56.3066
23.63 -55.0057
23.64 -53.6915
23.65 -52.3637
23.66 -51.0233
23.67 -49.67
23.68 -48.3047
23.69 -46.9271
23.7 -45.5383
23.71 -44.1379
23.72 -42.7269
23.73 -41.3049
23.74 -39.8731
23.75 -38.4311
23.76 -36.9799
23.77 -35.5192
23.78 -34.0501
23.79 -32.5722
23.8 -31.0865
23.81 -29.5928
23.82 -28.0921
23.83 -26.3812
23.84 -24.8625
23.85 -23.338
23.86 -21.8076
23.87 -20.2719
23.88 -18.7311
23.89 -17.1859
23.9 -15.6362
23.91 -14.0829
23.92 -12.5259
23.93 -10.9659
23.94 -9.40314
23.95 -7.8382
23.96 -6.27115
23.97 -4.70273
23.98 -3.13298
23.99 -1.56262
24 0.00828865
24.01 1.57902
24.02 3.14954
24.03 4.71911
24.04 6.28769
24.05 7.85454
24.06 9.41963
24.07 10.9822
24.08 12.5423
24.09 14.0991
24.1 15.6525
24.11 17.202
24.12 18.7473
24.13 20.2879
24.14 21.8237
24.15 23.3538
24.16 24.8784
24.17 26.3967
24.18 27.9086
24.19 29.4135
24.2 30.9113
24.21 32.4013
24.22 33.8835
24.23 35.3571
24.24 36.8222
24.25 38.2781
24.26 39.7246
24.27 41.1612
24.28 42.5878
24.29 44.0037
24.3 45.409
24.31 46.8028
24.32 48.1853
24.33 49.5558
24.34 50.9141
24.35 52.2598
24.36 53.5927
24.37 54.9122
24.38 56.2183
24.39 57.5104
24.4 58.7885
24.41 60.0519
24.42 61.3007
24.43 62.5342
24.44 63.7524
24.45 64.9547
24.46 66.1411
24.47 67.3111
24.48 68.4646
24.49 69.6011
24.5 70.7206
24.51 71.8224
24.52 72.9067
24.53 73.9728
24.54 75.0209
24.55 76.0503
24.56 77.061
24.57 78.0526
24.58 79.0251
24.59 79.978
24.6 80.9113
24.61 81.8244
24.62 82.7175
24.63 83.5901
24.64 84.4422
24.65 85.2733
24.66 86.0835
24.67 86.8723
24.68 87.6398
24.69 88.3856
24.7 89.1097
24.71 89.8117
24.72 90.4916
24.73 91.1491
24.74 91.7843
24.75 92.3966
24.76 92.9863
24.77 93.5529
24.78 94.0966
24.79 94.6169
24.8 95.114
24.81 95.5875
24.82 96.0376
24.83 96.4638
24.84 96.8664
24.85 97.2449
24.86 97.5996
24.87 97.93
24.88 98.2364
24.89 98.5185
24.9 98.7764
24.91 99.0097
24.92 99.2188
24.93 99.4033
24.94 99.5634
24.95 99.4914
24.96 99.6075
24.97 99.6971
24.98 99.7617
24.99 99.802
25 99.8174
25.01 99.8085
25.02 99.7746
25.03 99.7164
25.04 99.6333
25.05 99.5259
25.06 99.3936
25.07 99.2372
25.08 99.0559
25.09 98.8506
25.1 98.6205
25.11 98.3664
25.12 98.0877
25.13 97.7851
25.14 97.4581
25.15 97.1074
25.16 96.7324
25.17 96.3339
25.18 95.9112
25.19 95.4653
25.2 94.9954
25.21 94.5025
25.22 93.986
25.23 93.4466
25.24 92.8838
25.25 92.2985
25.26 91.69
25.27 91.0594
25.28 90.4059
25.29 89.7305
25.3 89.0326
25.31 88.3131
25.32 87.5716
25.33 86.8088
25.34 86.0242
25.35 85.2189
25.36 84.3922
25.37 83.5451
25.38 83.4827
25.39 82.5303
25.4 81.4329
25.41 80.2847
25.42 79.7601
25.43 78.0475
25.44 76.7976
25.45 75.704
25.46 74.4865
25.47 73.2338
25.48 71.961
25.49 71.8502
25.5 70.7429
25.51 69.6292
25.52 68.4981
25.53 67.3502
25.54 66.1857
25.55 65.0049
25.56 63.8079
25.57 62.5954
25.58 61.3672
25.59 60.1241
25.6 58.8659
25.61 57.5934
25.62 56.3065
25.63 55.0058
25.64 53.6914
25.65 52.3638
25.66 51.0232
25.67 49.6701
25.68 48.3046
25.69 46.9272
25.7 45.5382
25.71 44.138
25.72 42.7267
25.73 41.305
25.74 39.873
25.75 38.4312
25.76 36.9798
25.77 35.5193
25.78 34.05
25.79 32.5723
25.8 31.0864
25.81 29.5929
25.82 28.092
25.83 26.3813
25.84 24.8624
25.85 23.3381
25.86 21.8075
25.87 20.2721
25.88 18.731
25.89 17.186
25.9 15.6361
25.91 14.083
25.92 12.5258
25.93 10.966
25.94 9.40304
25.95 7.8383
25.96 6.27105
25.97 4.70283
25.98 3.13288
25.99 1.56272
26 -0.00838857
26.01 -1.57893
26.02 -3.14964
26.03 -4.71901
26.04 -6.28779
26.05 -7.85444
26.06 -9.41973
26.07 -10.9821
26.08 -12.5424
26.09 -14.099
26.1 -15.6526
26.11 -17.2019
26.12 -18.7474
26.13 -20.2878
26.14 -21.8237
26.15 -23.3537
26.16 -24.8785
26.17 -26.3966
26.18 -27.9087
26.19 -29.4134
26.2 -30.9114
26.21 -32.4012
26.22 -33.8836
26.23 -35.357
26.24 -36.8223
26.25 -38.278
26.26 -39.7247
26.27 -41.1611
26.28 -42.5879
26.29 -44.0036
26.3 -45.4091
26.31 -46.8027
26.32 -48.1854
26.33 -49.5557
26.34 -50.9142
26.35 -52.2597
26.36 -53.5928
26.37 -54.9121
26.38 -56.2184
26.39 -57.5104
26.4 -58.7886
26.41 -60.0518
26.42 -61.3008
26.43 -62.5341
26.44 -63.7525
26.45 -64.9546
26.46 -66.1412
26.47 -67.311
26.48 -68.4647
26.49 -69.601
26.5 -70.7206
26.51 -71.8223
26.52 -72.9068
26.53 -73.9727
26.54 -75.021
26.55 -76.0502
26.56 -77.0611
26.57 -78.0525
26.58 -79.0252
26.59 -79.9779
26.6 -80.9113
26.61 -81.8243
26.62 -82.7176
26.63 -83.59
26.64 -84.4423
26.65 -85.2732
26.66 -86.0836
26.67 -86.8722
26.68 -87.6399
26.69 -88.3855
26.7 -89.1098
26.71 -89.8116
26.72 -90.4917
26.73 -91.149
26.74 -91.7843
26.75 -92.3965
26.76 -92.9864
26.77 -93.5528
26.78 -94.0967
26.79 -94.6168
26.8 -95.1141
26.81 -95.5874
26.82 -96.0377
26.83 -96.4637
26.84 -96.8665
26.85 -97.2448
26.86 -97.5996
26.87 -97.9299
26.88 -98.2365
26.89 -98.5184
26.9 -98.7765
26.91 -99.0096
26.92 -99.2189
26.93 -99.4032
26.94 -99.5634
26.95 -99.4913
26.96 -99.6076
26.97 -99.697
26.98 -99.7617
26.99 -99.8019
27 -99.8175
27.01 -99.8084
27.02 -99.7746
27.03 -99.7163
27.04 -99.6333
27.05 -99.5258
27.06 -99.3937
27.07 -99.2371
27.08 -99.056
27.09 -98.8505
27.1 -98.6205
27.11 -98.3663
27.12 -98.0878
27.13 -97.785
27.14 -97.4582
27.15 -97.1073
27.16 -96.7325
27.17 -96.3338
27.18 -95.9113
27.19 -95.4652
27.2 -94.9955
27.21 -94.5025
27.22 -93.9861
27.23 -93.4465
27.24 -92.8839
27.25 -92.2984
27.26 -91.6901
27.27 -91.0593
27.28 -90.406
27.29 -89.7304
27.3 -89.0327
27.31 -88.3131
27.32 -87.5716
27.33 -86.8087
27.34 -86.0243
27.35 -85.2188
27.36 -84.3923
27.37 -83.545
27.38 -83.4827
27.39 -82.5302
27.4 -81.433
27.41 -80.2846
27.42 -79.7601
27.43 -78.0474
27.44 -76.7975
27.45 -75.7039
27.46 -74.4866
27.47 -73.2338
27.48 -71.9611
27.49 -71.8501
27.5 -70.743
27.51 -69.6291
27.52 -68.4982
27.53 -67.3502
27.54 -66.1858
27.55 -65.0048
27.56 -63.808
27.57 -62.5953
27.58 -61.3673
27.59 -60.124
27.6 -58.866
27.61 -57.5933
27.62 -56.3066
27.63 -55.0057
27.64 -53.6915
27.65 -52.3637
27.66 -51.0233
27.67 -49.67
27.68 -48.3047
27.69 -46.9272
27.7 -45.5383
27.71 -44.1379
27.72 -42.7268
27.73 -41.3049
27.74 -39.8731
27.75 -38.4311
27.76 -36.9799
27.77 -35.5192
27.78 -34.05
27.79 -32.5722
27.8 -31.0865
27.81 -29.5928
27.82 -28.0921
27.83 -26.3812
27.84 -24.8625
27.85 -23.338
27.86 -21.8076
27.87 -20.272
27.88 -18.7311
27.89 -17.1859
27.9 -15.6362
27.91 -14.0829
27.92 -12.5258
27.93 -10.966
27.94 -9.40312
27.95 -7.83822
27.96 -6.27113
27.97 -4.70275
27.98 -3.13296
27.99 -1.56264
28 0.00830973
28.01 1.579
28.02 3.14956
28.03 4.71909
28.04 6.28771
28.05 7.85452
28.06 9.41965
28.07 10.9822
28.08 12.5423
28.09 14.099
28.1 15.6525
28.11 17.202
28.12 18.7474
28.13 20.2879
28.14 21.8237
28.15 23.3538
28.16 24.8784
28.17 26.3967
28.18 27.9087
28.19 29.4135
28.2 30.9113
28.21 32.4013
28.22 33.8835
28.23 35.3571
28.24 36.8222
28.25 38.278
28.26 39.7246
28.27 41.1612
28.28 42.5878
28.29 44.0037
28.3 45.409
28.31 46.8028
28.32 48.1853
28.33 49.5557
28.34 50.9141
28.35 52.2597
28.36 53.5927
28.37 54.9122
28.38 56.2184
28.39 57.5104
28.4 58.7885
28.41 60.0519
28.42 61.3007
28.43 62.5342
28.44 63.7524
28.45 64.9547
28.46 66.1412
28.47 67.3111
28.48 68.4646
28.49 69.6011
28.5 70.7206
28.51 71.8224
28.52 72.9067
28.53 73.9728
28.54 75.0209
28.55 76.0502
28.56 77.061
28.57 78.0526
28.58 79.0252
28.59 79.978
28.6 80.9113
28.61 81.8244
28.62 82.7175
28.63 83.5901
28.64 84.4422
28.65 85.2732
28.66 86.0835
28.67 86.8723
28.68 87.6398
28.69 88.3856
28.7 89.1097
28.71 89.8116
28.72 90.4916
28.73 91.1491
28.74 91.7843
28.75 92.3966
28.76 92.9863
28.77 93.5529
28.78 94.0966
28.79 94.6169
28.8 95.114
28.81 95.5875
28.82 96.0376
28.83 96.4638
28.84 96.8664
28.85 97.2449
28.86 97.5996
28.87 97.93
28.88 98.2365
28.89 98.5185
28.9 98.7764
28.91 99.0097
28.92 99.2188
28.93 99.4033
28.94 99.5634
28.95 99.4914
28.96 99.6075
28.97 99.697
28.98 99.7617
28.99 99.802
29 99.8174
29.01 99.8084
29.02 99.7746
29.03 99.7164
29.04 99.6333
29.05 99.5259
29.06 99.3937
29.07 99.2372
29.08 99.0559
29.09 98.8505
29.1 98.6205
29.11 98.3664
29.12 98.0877
29.13 97.7851
29.14 97.4581
29.15 97.1074
29.16 96.7324
29.17 96.3338
29.18 95.9112
29.19 95.4653
29.2 94.9955
29.21 94.5025
29.22 93.986
29.23 93.4466
29.24 92.8838
29.25 92.2985
29.26 91.6901
29.27 91.0594
29.28 90.4059
29.29 89.7305
29.3 89.0326
29.31 88.3131
29.32 87.5716
29.33 86.8088
29.34 86.0243
29.35 85.2189
29.36 84.3922
29.37 83.545
29.38 83.4827
29.39 82.5302
29.4 81.4329
29.41 80.2846
29.42 79.7601
29.43 78.0474
29.44 76.7976
29.45 75.704
29.46 74.4865
29.47 73.2338
29.48 71.961
29.49 71.8502
29.5 70.7429
29.51 69.6292
29.52 68.4981
29.53 67.3502
29.54 66.1857
29.55 65.0049
29.56 63.808
29.57 62.5953
29.58 61.3673
29.59 60.124
29.6 58.866
29.61 57.5933
29.62 56.3065
29.63 55.0058
29.64 53.6914
29.65 52.3638
29.66 51.0232
29.67 49.6701
29.68 48.3046
29.69 46.9272
29.7 45.5382
29.71 44.138
29.72 42.7268
29.73 41.305
29.74 39.873
29.75 38.4312
29.76 36.9798
29.77 35.5193
29.78 34.05
29.79 32.5722
29.8 31.0864
29.81 29.5929
29.82 28.0921
29.83 26.3812
29.84 24.8624
29.85 23.3381
29.86 21.8075
29.87 20.272
29.88 18.7311
29.89 17.186
29.9 15.6361
29.91 14.0829
29.92 12.5258
29.93 10.966
29.94 9.40306
29.95 7.83829
29.96 6.27107
29.97 4.70282
29.98 3.13289
29.99 1.56271
30 -0.00837194
30.01 -1.57894
30.02 -3.14963
30.03 -4.71903
30.04 -6.28777
30.05 -7.85446
30.06 -9.41971
30.07 -10.9821
30.08 -12.5423
30.09 -14.099
30.1 -15.6526
30.11 -17.2019
30.12 -18.7474
30.13 -20.2878
30.14 -21.8237
30.15 -23.3538
30.16 -24.8785
30.17 -26.3966
30.18 -27.9087
30.19 -29.4134
30.2 -30.9114
30.21 -32.4012
30.22 -33.8836
30.23 -35.3571
30.24 -36.8223
30.25 -38.278
30.26 -39.7247
30.27 -41.1611
30.28 -42.5879
30.29 -44.0037
30.3 -45.4091
30.31 -46.8028
30.32 -48.1854
30.33 -49.5557
30.34 -50.9142
30.35 -52.2597
30.36 -53.5928
30.37 -54.9121
30.38 -56.2184
30.39 -57.5104
30.4 -58.7886
30.41 -60.0519
30.42 -61.3008
30.43 -62.5341
30.44 -63.7525
30.45 -64.9546
30.46 -66.1412
30.47 -67.311
30.48 -68.4647
30.49 -69.601
30.5 -70.7206
30.51 -71.8223
30.52 -72.9068
30.53 -73.9727
30.54 -75.021
30.55 -76.0502
30.56 -77.0611
30.57 -78.0526
30.58 -79.0252
30.59 -79.9779
30.6 -80.9113
30.61 -81.8243
30.62 -82.7176
30.63 -83.59
30.64 -84.4422
30.65 -85.2732
30.66 -86.0835
30.67 -86.8722
30.68 -87.6399
30.69 -88.3855
30.7 -89.1098
30.71 -89.8116
30.72 -90.4917
30.73 -91.149
30.74 -91.7843
30.75 -92.3965
30.76 -92.9864
30.77 -93.5528
30.78 -94.0967
30.79 -94.6168
30.8 -95.1141
30.81 -95.5874
30.82 -96.0377
30.83 -96.4637
30.84 -96.8664
30.85 -97.2448
30.86 -97.5996
30.87 -97.9299
30.88 -98.2365
30.89 -98.5184
30.9 -98.7764
30.91 -99.0097
30.92 -99.2189
30.93 -99.4032
30.94 -99.5634
30.95 -99.4913
30.96 -99.6076
30.97 -99.697
30.98 -99.7617
30.99 -99.8019
31 -99.8174
31.01 -99.8084
31.02 -99.7746
31.03 -99.7163
31.04 -99.6333
31.05 -99.5258
31.06 -99.3937
31.07 -99.2371
31.08 -99.056
31.09 -98.8505
31.1 -98.6205
31.11 -98.3663
31.12 -98.0877
31.13 -97.7851
31.14 -97.4582
31.15 -97.1073
31.16 -96.7324
31.17 -96.3338
31.18 -95.9113
31.19 -95.4652
31.2 -94.9955
31.21 -94.5025
31.22 -93.986
31.23 -93.4465
31.24 -92.8839
31.25 -92.2984
31.26 -91.6901
31.27 -91.0593
31.28 -90.406
31.29 -89.7304
31.3 -89.0327
31.31 -88.3131
31.32 -87.5716
31.33 -86.8087
31.34 -86.0243
31.35 -85.2188
31.36 -84.3922
31.37 -83.545
31.38 -83.4827
31.39 -82.5302
31.4 -81.433
31.41 -80.2846
31.42 -79.7601
31.43 -78.0474
31.44 -76.7975
31.45 -75.7039
31.46 -74.4866
31.47 -73.2338
31.48 -71.961
31.49 -71.8501
31.5 -70.7429
31.51 -69.6291
31.52 -68.4982
31.53 -67.3502
31.54 -66.1857
31.55 -65.0048
31.56 -63.808
31.57 -62.5953
31.58 -61.3673
31.59 -60.124
31.6 -58.866
31.61 -57.5933
31.62 -56.3066
31.63 -55.0057
31.64 -53.6915
31.65 -52.3637
31.66 -51.0233
31.67 -49.67
31.68 -48.3047
31.69 -46.9272
31.7 -45.5383
31.71 -44.1379
31.72 -42.7268
31.73 -41.305
31.74 -39.8731
31.75 -38.4311
31.76 -36.9799
31.77 -35.5192
31.78 -34.05
31.79 -32.5722
31.8 -31.0865
31.81 -29.5929
31.82 -28.0921
31.83 -26.3812
31.84 -24.8625
31.85 -23.338
31.86 -21.8075
31.87 -20.272
31.88 -18.7311
31.89 -17.1859
31.9 -15.6362
31.91 -14.0829
31.92 -12.5258
31.93 -10.966
31.94 -9.40311
31.95 -7.83824
31.96 -6.27112
31.97 -4.70277
31.98 -3.13294
31.99 -1.56266
32 0.00832285
32.01 1.57899
32.02 3.14958
32.03 4.71908
32.04 6.28772
32.05 7.85451
32.06 9.41966
32.07 10.9822
32.08 12.5423
32.09 14.099
32.1 15.6526
32.11 17.2019
32.12 18.7474
32.13 20.2879
32.14 21.8237
32.15 23.3538
32.16 24.8785
32.17 26.3967
32.18 27.9087
32.19 29.4135
32.2 30.9114
32.21 32.4013
32.22 33.8835
32.23 35.3571
32.24 36.8223
32.25 38.278
32.26 39.7247
32.27 41.1612
32.28 42.5878
32.29 44.0037
32.3 45.409
32.31 46.8028
32.32 48.1854
32.33 49.5557
32.34 50.9142
32.35 52.2597
32.36 53.5927
32.37 54.9122
32.38 56.2184
32.39 57.5104
32.4 58.7886
32.41 60.0519
32.42 61.3007
32.43 62.5341
32.44 63.7524
32.45 64.9547
32.46 66.1412
32.47 67.3111
32.48 68.4647
32.49 69.6011
32.5 70.7206
32.51 71.8224
32.52 72.9067
32.53 73.9728
32.54 75.0209
32.55 76.0502
32.56 77.0611
32.57 78.0526
32.58 79.0252
32.59 79.9779
32.6 80.9113
32.61 81.8244
32.62 82.7176
32.63 83.59
32.64 84.4422
32.65 85.2732
32.66 86.0835
32.67 86.8723
32.68 87.6399
32.69 88.3856
32.7 89.1097
32.71 89.8116
32.72 90.4917
32.73 91.1491
32.74 91.7843
32.75 92.3966
32.76 92.9863
32.77 93.5529
32.78 94.0966
32.79 94.6169
32.8 95.1141
32.81 95.5875
32.82 96.0376
32.83 96.4638
32.84 96.8664
32.85 97.2449
32.86 97.5996
32.87 97.93
32.88 98.2365
32.89 98.5184
32.9 98.7764
32.91 99.0097
32.92 99.2188
32.93 99.4032
32.94 99.5634
32.95 99.4913
32.96 99.6075
32.97 99.697
32.98 99.7617
32.99 99.802
33 99.8174
33.01 99.8084
33.02 99.7746
33.03 99.7164
33.04 99.6333
33.05 99.5259
33.06 99.3937
33.07 99.2372
33.08 99.0559
33.09 98.8505
33.1 98.6205
33.11 98.3663
33.12 98.0877
33.13 97.7851
33.14 97.4581
33.15 97.1074
33.16 96.7324
33.17 96.3338
33.18 95.9112
33.19 95.4653
33.2 94.9955
33.21 94.5025
33.22 93.986
33.23 93.4466
33.24 92.8838
33.25 92.2985
33.26 91.6901
33.27 91.0593
33.28 90.4059
33.29 89.7304
33.3 89.0326
33.31 88.3131
33.32 87.5716
33.33 86.8087
33.34 86.0243
33.35 85.2188
33.36 84.3922
33.37 83.545
33.38 83.4827
33.39 82.5302
33.4 81.4329
33.41 80.2846
33.42 79.7601
33.43 78.0474
33.44 76.7975
33.45 75.7039
33.46 74.4865
33.47 73.2338
33.48 71.961
33.49 71.8502
33.5 70.7429
33.51 69.6291
33.52 68.4981
33.53 67.3502
33.54 66.1857
33.55 65.0048
33.56 63.808
33.57 62.5953
33.58 61.3673
33.59 60.124
33.6 58.866
33.61 57.5933
33.62 56.3065
33.63 55.0057
33.64 53.6914
33.65 52.3638
33.66 51.0232
33.67 49.6701
33.68 48.3046
33.69 46.9272
33.7 45.5382
33.71 44.1379
33.72 42.7268
33.73 41.305
33.74 39.873
33.75 38.4312
33.76 36.9798
33.77 35.5193
33.78 34.05
33.79 32.5722
33.8 31.0864
33.81 29.5929
33.82 28.0921
33.83 26.3812
33.84 24.8624
33.85 23.3381
33.86 21.8075
33.87 20.272
33.88 18.7311
33.89 17.186
33.9 15.6361
33.91 14.0829
33.92 12.5258
33.93 10.966
33.94 9.40307
33.95 7.83828
33.96 6.27108
33.97 4.7028
33.98 3.1329
33.99 1.5627
34 -0.00836158
34.01 -1.57895
34.02 -3.14962
34.03 -4.71904
34.04 -6.28776
34.05 -7.85447
34.06 -9.4197
34.07 -10.9821
34.08 -12.5423
34.09 -14.099
34.1 -15.6526
34.11 -17.2019
34.12 -18.7474
34.13 -20.2878
34.14 -21.8237
34.15 -23.3538
34.16 -24.8785
34.17 -26.3966
34.18 -27.9087
34.19 -29.4135
34.2 -30.9114
34.21 -32.4012
34.22 -33.8836
34.23 -35.3571
34.24 -36.8223
34.25 -38.278
34.26 -39.7247
34.27 -41.1611
34.28 -42.5879
34.29 -44.0037
34.3 -45.409
34.31 -46.8028
34.32 -48.1854
34.33 -49.5557
34.34 -50.9142
34.35 -52.2597
34.36 -53.5927
34.37 -54.9121
34.38 -56.2184
34.39 -57.5104
34.4 -58.7886
34.41 -60.0519
34.42 -61.3008
34.43 -62.5341
34.44 -63.7524
34.45 -64.9546
34.46 -66.1412
34.47 -67.311
34.48 -68.4647
34.49 -69.601
34.5 -70.7206
34.51 -71.8223
34.52 -72.9068
34.53 -73.9728
34.54 -75.0209
34.55 -76.0502
34.56 -77.0611
34.57 -78.0526
34.58 -79.0252
34.59 -79.9779
34.6 -80.9113
34.61 -81.8243
34.62 -82.7176
34.63 -83.59
34.64 -84.4422
34.65 -85.2732
34.66 -86.0835
34.67 -86.8722
34.68 -87.6399
34.69 -88.3855
34.7 -89.1098
34.71 -89.8116
34.72 -90.4917
34.73 -91.149
34.74 -91.7843
34.75 -92.3965
34.76 -92.9864
34.77 -93.5528
34.78 -94.0967
34.79 -94.6168
34.8 -95.1141
34.81 -95.5875
34.82 -96.0376
34.83 -96.4637
34.84 -96.8664
34.85 -97.2448
34.86 -97.5996
34.87 -97.9299
34.88 -98.2365
34.89 -98.5184
34.9 -98.7764
34.91 -99.0097
34.92 -99.2189
34.93 -99.4032
34.94 -99.5634
34.95 -99.4913
34.96 -99.6076
34.97 -99.697
34.98 -99.7617
34.99 -99.8019
35 -99.8174
35.01 -99.8084
35.02 -99.7746
35.03 -99.7163
35.04 -99.6333
35.05 -99.5258
35.06 -99.3937
35.07 -99.2371
35.08 -99.056
35.09 -98.8505
35.1 -98.6205
35.11 -98.3663
35.12 -98.0877
35.13 -97.7851
35.14 -97.4582
35.15 -97.1073
35.16 -96.7324
35.17 -96.3338
35.18 -95.9113
35.19 -95.4652
35.2 -94.9955
35.21 -94.5025
35.22 -93.986
35.23 -93.4465
35.24 -92.8839
35.25 -92.2984
35.26 -91.6901
35.27 -91.0593
35.28 -90.4059
35.29 -89.7304
35.3 -89.0327
35.31 -88.3131
35.32 -87.5716
35.33 -86.8087
35.34 -86.0243
35.35 -85.2188
35.36 -84.3922
35.37 -83.545
35.38 -83.4827
35.39 -82.5302
35.4 -81.433
35.41 -80.2846
35.42 -79.7601
35.43 -78.0474
35.44 -76.7975
35.45 -75.7039
35.46 -74.4865
35.47 -73.2338
35.48 -71.961
35.49 -71.8502
35.5 -70.7429
35.51 -69.6291
35.52 -68.4982
35.53 -67.3502
35.54 -66.1857
35.55 -65.0048
35.56 -63.808
35.57 -62.5953
35.58 -61.3673
35.59 -60.124
35.6 -58.866
35.61 -57.5933
35.62 -56.3065
35.63 -55.0057
35.64 -53.6915
35.65 -52.3638
35.66 -51.0233
35.67 -49.67
35.68 -48.3047
35.69 -46.9272
35.7 -45.5383
35.71 -44.1379
35.72 -42.7268
35.73 -41.305
35.74 -39.8731
35.75 -38.4311
35.76 -36.9799
35.77 -35.5193
35.78 -34.05
35.79 -32.5722
35.8 -31.0865
35.81 -29.5929
35.82 -28.0921
35.83 -26.3812
35.84 -24.8625
35.85 -23.3381
35.86 -21.8075
35.87 -20.272
35.88 -18.7311
35.89 -17.1859
35.9 -15.6362
35.91 -14.0829
35.92 -12.5258
35.93 -10.966
35.94 -9.4031
35.95 -7.83824
35.96 -6.27111
35.97 -4.70277
35.98 -3.13293
35.99 -1.56267
36 0.00833102
36.01 1.57898
36.02 3.14959
36.03 4.71907
36.04 6.28773
36.05 7.8545
36.06 9.41967
36.07 10.9822
36.08 12.5423
36.09 14.099
36.1 15.6526
36.11 17.2019
36.12 18.7474
36.13 20.2879
36.14 21.8237
36.15 23.3538
36.16 24.8785
36.17 26.3967
36.18 27.9087
36.19 29.4135
36.2 30.9114
36.21 32.4013
36.22 33.8835
36.23 35.3571
36.24 36.8223
36.25 38.278
36.26 39.7247
36.27 41.1612
36.28 42.5879
36.29 44.0037
36.3 45.409
36.31 46.8028
36.32 48.1854
36.33 49.5557
36.34 50.9142
36.35 52.2597
36.36 53.5927
36.37 54.9122
36.38 56.2184
36.39 57.5104
36.4 58.7886
36.41 60.0519
36.42 61.3007
36.43 62.5341
36.44 63.7524
36.45 64.9546
36.46 66.1412
36.47 67.3111
36.48 68.4647
36.49 69.6011
36.5 70.7206
36.51 71.8224
36.52 72.9067
36.53 73.9728
36.54 75.0209
36.55 76.0502
36.56 77.0611
36.57 78.0526
36.58 79.0252
36.59 79.9779
36.6 80.9113
36.61 81.8244
36.62 82.7176
36.63 83.59
36.64 84.4422
36.65 85.2732
36.66 86.0835
36.67 86.8722
36.68 87.6399
36.69 88.3855
36.7 89.1097
36.71 89.8116
36.72 90.4917
36.73 91.1491
36.74 91.7843
36.75 92.3966
36.76 92.9863
36.77 93.5529
36.78 94.0966
36.79 94.6169
36.8 95.1141
36.81 95.5875
36.82 96.0376
36.83 96.4638
36.84 96.8664
36.85 97.2448
36.86 97.5996
36.87 97.93
36.88 98.2365
36.89 98.5184
36.9 98.7764
36.91 99.0097
36.92 99.2189
36.93 99.4032
36.94 99.5634
36.95 99.4913
36.96 99.6075
36.97 99.697
36.98 99.7617
36.99 99.802
37 99.8174
37.01 99.8084
37.02 99.7746
37.03 99.7164
37.04 99.6333
37.05 99.5259
37.06 99.3937
37.07 99.2372
37.08 99.056
37.09 98.8505
37.1 98.6205
37.11 98.3663
37.12 98.0877
37.13 97.7851
37.14 97.4581
37.15 97.1074
37.16 96.7324
37.17 96.3338
37.18 95.9112
37.19 95.4652
37.2 94.9955
37.21 94.5025
37.22 93.986
37.23 93.4466
37.24 92.8838
37.25 92.2984
37.26 91.6901
37.27 91.0593
37.28 90.4059
37.29 89.7304
37.3 89.0326
37.31 88.3131
37.32 87.5716
37.33 86.8087
37.34 86.0243
37.35 85.2188
37.36 84.3922
37.37 83.545
37.38 83.4827
37.39 82.5302
37.4 81.4329
37.41 80.2846
37.42 79.7601
37.43 78.0474
37.44 76.7975
37.45 75.7039
37.46 74.4865
37.47 73.2338
37.48 71.961
37.49 71.8502
37.5 70.7429
37.51 69.6291
37.52 68.4981
37.53 67.3502
37.54 66.1857
37.55 65.0048
37.56 63.808
37.57 62.5953
37.58 61.3673
37.59 60.124
37.6 58.866
37.61 57.5933
37.62 56.3065
37.63 55.0057
37.64 53.6914
37.65 52.3638
37.66 51.0233
37.67 49.6701
37.68 48.3046
37.69 46.9272
37.7 45.5382
37.71 44.1379
37.72 42.7268
37.73 41.305
37.74 39.873
37.75 38.4312
37.76 36.9798
37.77 35.5193
37.78 34.05
37.79 32.5722
37.8 31.0864
37.81 29.5929
37.82 28.0921
37.83 26.3812
37.84 24.8624
37.85 23.3381
37.86 21.8075
37.87 20.272
37.88 18.7311
37.89 17.1859
37.9 15.6361
37.91 14.0829
37.92 12.5258
37.93 10.966
37.94 9.40308
37.95 7.83827
37.96 6.27109
37.97 4.7028
37.98 3.13291
37.99 1.56269
38 -0.00835514
38.01 -1.57896
38.02 -3.14961
38.03 -4.71905
38.04 -6.28775
38.05 -7.85447
38.06 -9.41969
38.07 -10.9821
38.08 -12.5423
38.09 -14.099
38.1 -15.6526
38.11 -17.2019
38.12 -18.7474
38.13 -20.2878
38.14 -21.8237
38.15 -23.3538
38.16 -24.8785
38.17 -26.3966
38.18 -27.9087
38.19 -29.4135
38.2 -30.9114
38.21 -32.4013
38.22 -33.8836
38.23 -35.3571
38.24 -36.8223
38.25 -38.278
38.26 -39.7247
38.27 -41.1611
38.28 -42.5879
38.29 -44.0037
38.3 -45.409
38.31 -46.8028
38.32 -48.1854
38.33 -49.5557
38.34 -50.9142
38.35 -52.2597
38.36 -53.5927
38.37 -54.9121
38.38 -56.2184
38.39 -57.5104
38.4 -58.7886
38.41 -60.0519
38.42 -61.3008
38.43 -62.5341
38.44 -63.7524
38.45 -64.9546
38.46 -66.1412
38.47 -67.311
38.48 -68.4647
38.49 -69.601
38.5 -70.7206
38.51 -71.8223
38.52 -72.9067
38.53 -73.9728
38.54 -75.0209
38.55 -76.0502
38.56 -77.0611
38.57 -78.0526
38.58 -79.0252
38.59 -79.9779
38.6 -80.9113
38.61 -81.8243
38.62 -82.7176
38.63 -83.59
38.64 -84.4422
38.65 -85.2732
38.66 -86.0835
38.67 -86.8722
38.68 -87.6399
38.69 -88.3855
38.7 -89.1098
38.71 -89.8116
38.72 -90.4917
38.73 -91.149
38.74 -91.7843
38.75 -92.3965
38.76 -92.9864
38.77 -93.5529
38.78 -94.0967
38.79 -94.6168
38.8 -95.1141
38.81 -95.5875
38.82 -96.0376
38.83 -96.4637
38.84 -96.8664
38.85 -97.2448
38.86 -97.5996
38.87 -97.9299
38.88 -98.2365
38.89 -98.5184
38.9 -98.7764
38.91 -99.0097
38.92 -99.2189
38.93 -99.4032
38.94 -99.5634
38.95 -99.4913
38.96 -99.6076
38.97 -99.697
38.98 -99.7617
38.99 -99.802
39 -99.8174
39.01 -99.8084
39.02 -99.7746
39.03 -99.7163
39.04 -99.6333
39.05 -99.5259
39.06 -99.3937
39.07 -99.2371
39.08 -99.056
39.09 -98.8505
39.1 -98.6205
39.11 -98.3663
39.12 -98.0877
39.13 -97.7851
39.14 -97.4582
39.15 -97.1073
39.16 -96.7324
39.17 -96.3338
39.18 -95.9113
39.19 -95.4652
39.2 -94.9955
39.21 -94.5025
39.22 -93.986
39.23 -93.4465
39.24 -92.8839
39.25 -92.2984
39.26 -91.6901
39.27 -91.0593
39.28 -90.4059
39.29 -89.7304
39.3 -89.0327
39.31 -88.3131
39.32 -87.5716
39.33 -86.8087
39.34 -86.0243
39.35 -85.2188
39.36 -84.3922
39.37 -83.545
39.38 -83.4827
39.39 -82.5302
39.4 -81.433
39.41 -80.2846
39.42 -79.7601
39.43 -78.0474
39.44 -76.7975
39.45 -75.7039
39.46 -74.4865
39.47 -73.2338
39.48 -71.961
39.49 -71.8502
39.5 -70.7429
39.51 -69.6291
39.52 -68.4982
39.53 -67.3502
39.54 -66.1857
39.55 -65.0048
39.56 -63.808
39.57 -62.5953
39.58 -61.3673
39.59 -60.124
39.6 -58.866
39.61 -57.5933
39.62 -56.3065
39.63 -55.0057
39.64 -53.6914
39.65 -52.3638
39.66 -51.0233
39.67 -49.67
39.68 -48.3047
39.69 -46.9272
39.7 -45.5383
39.71 -44.1379
39.72 -42.7268
39.73 -41.305
39.74 -39.8731
39.75 -38.4311
39.76 -36.9798
39.77 -35.5193
39.78 -34.05
39.79 -32.5722
39.8 -31.0865
39.81 -29.5929
39.82 -28.0921
39.83 -26.3812
39.84 -24.8625
39.85 -23.3381
39.86 -21.8075
39.87 -20.272
39.88 -18.7311
39.89 -17.1859
39.9 -15.6362
39.91 -14.0829
39.92 -12.5258
39.93 -10.966
39.94 -9.4031
39.95 -7.83825
39.96 -6.27111
39.97 -4.70278
39.98 -3.13293
39.99 -1.56267
40 0.00833611
40.01 1.57898
40.02 3.14959
40.03 4.71907
40.04 6.28774
40.05 7.85449
40.06 9.41967
40.07 10.9822
40.08 12.5423
40.09 14.099
40.1 15.6526
40.11 17.2019
40.12 18.7474
40.13 20.2879
40.14 21.8237
40.15 23.3538
40.16 24.8785
40.17 26.3967
40.18 27.9087
40.19 29.4135
40.2 30.9114
40.21 32.4013
40.22 33.8835
40.23 35.3571
40.24 36.8223
40.25 38.278
40.26 39.7247
40.27 41.1612
40.28 42.5879
40.29 44.0037
40.3 45.409
40.31 46.8028
40.32 48.1854
40.33 49.5557
40.34 50.9142
40.35 52.2597
40.36 53.5927
40.37 54.9122
40.38 56.2184
40.39 57.5104
40.4 58.7886
40.41 60.0519
40.42 61.3007
40.43 62.5341
40.44 63.7524
40.45 64.9546
40.46 66.1412
40.47 67.3111
40.48 68.4647
40.49 69.6011
40.5 70.7206
40.51 71.8224
40.52 72.9067
40.53 73.9728
40.54 75.0209
40.55 76.0502
40.56 77.0611
40.57 78.0526
40.58 79.0252
40.59 79.9779
40.6 80.9113
40.61 81.8244
40.62 82.7176
40.63 83.59
40.64 84.4422
40.65 85.2732
40.66 86.0835
40.67 86.8722
40.68 87.6399
40.69 88.3855
40.7 89.1097
40.71 89.8116
40.72 90.4917
40.73 91.1491
40.74 91.7843
40.75 92.3966
40.76 92.9863
40.77 93.5529
40.78 94.0966
40.79 94.6169
40.8 95.1141
40.81 95.5875
40.82 96.0376
40.83 96.4638
40.84 96.8664
40.85 97.2448
40.86 97.5996
40.87 97.93
40.88 98.2365
40.89 98.5184
40.9 98.7764
40.91 99.0097
40.92 99.2189
40.93 99.4032
40.94 99.5634
40.95 99.4913
40.96 99.6075
40.97 99.697
40.98 99.7617
40.99 99.802
41 99.8174
41.01 99.8084
41.02 99.7746
41.03 99.7164
41.04 99.6333
41.05 99.5259
41.06 99.3937
41.07 99.2372
41.08 99.056
41.09 98.8505
41.1 98.6205
41.11 98.3663
41.12 98.0877
41.13 97.7851
41.14 97.4581
41.15 97.1074
41.16 96.7324
41.17 96.3338
41.18 95.9113
41.19 95.4652
41.2 94.9955
41.21 94.5025
41.22 93.986
41.23 93.4466
41.24 92.8838
41.25 92.2984
41.26 91.6901
41.27 91.0593
41.28 90.4059
41.29 89.7304
41.3 89.0326
41.31 88.3131
41.32 87.5716
41.33 86.8087
41.34 86.0243
41.35 85.2188
41.36 84.3922
41.37 83.545
41.38 83.4827
41.39 82.5302
41.4 81.433
41.41 80.2846
41.42 79.7601
41.43 78.0474
41.44 76.7975
41.45 75.7039
41.46 74.4865
41.47 73.2338
41.48 71.961
41.49 71.8502
41.5 70.7429
41.51 69.6291
41.52 68.4981
41.53 67.3502
41.54 66.1857
41.55 65.0048
41.56 63.808
41.57 62.5953
41.58 61.3673
41.59 60.124
41.6 58.866
41.61 57.5933
41.62 56.3065
41.63 55.0057
41.64 53.6914
41.65 52.3638
41.66 51.0233
41.67 49.6701
41.68 48.3046
41.69 46.9272
41.7 45.5382
41.71 44.1379
41.72 42.7268
41.73 41.305
41.74 39.873
41.75 38.4312
41.76 36.9798
41.77 35.5193
41.78 34.05
41.79 32.5722
41.8 31.0864
41.81 29.5929
41.82 28.0921
41.83 26.3812
41.84 24.8624
41.85 23.3381
41.86 21.8075
41.87 20.272
41.88 18.7311
41.89 17.1859
41.9 15.6361
41.91 14.0829
41.92 12.5258
41.93 10.966
41.94 9.40308
41.95 7.83826
41.96 6.27109
41.97 4.70279
41.98 3.13291
41.99 1.56269
42 -0.00835112
42.01 -1.57896
42.02 -3.14961
42.03 -4.71905
42.04 -6.28775
42.05 -7.85448
42.06 -9.41969
42.07 -10.9822
42.08 -12.5423
42.09 -14.099
42.1 -15.6526
42.11 -17.2019
42.12 -18.7474
42.13 -20.2879
42.14 -21.8237
42.15 -23.3538
42.16 -24.8785
42.17 -26.3966
42.18 -27.9087
42.19 -29.4135
42.2 -30.9114
42.21 -32.4013
42.22 -33.8836
42.23 -35.3571
42.24 -36.8223
42.25 -38.278
42.26 -39.7247
42.27 -41.1612
42.28 -42.5879
42.29 -44.0037
42.3 -45.409
42.31 -46.8028
42.32 -48.1854
42.33 -49.5557
42.34 -50.9142
42.35 -52.2597
42.36 -53.5927
42.37 -54.9121
42.38 -56.2184
42.39 -57.5104
42.4 -58.7886
42.41 -60.0519
42.42 -61.3008
42.43 -62.5341
42.44 -63.7524
42.45 -64.9546
42.46 -66.1412
42.47 -67.311
42.48 -68.4647
42.49 -69.601
42.5 -70.7206
42.51 -71.8223
42.52 -72.9067
42.53 -73.9728
42.54 -75.0209
42.55 -76.0502
42.56 -77.0611
42.57 -78.0526
42.58 -79.0252
42.59 -79.9779
42.6 -80.9113
42.61 -81.8243
42.62 -82.7176
42.63 -83.59
42.64 -84.4422
42.65 -85.2732
42.66 -86.0835
42.67 -86.8722
42.68 -87.6399
42.69 -88.3855
42.7 -89.1098
42.71 -89.8116
42.72 -90.4917
42.73 -91.1491
42.74 -91.7843
42.75 -92.3965
42.76 -92.9864
42.77 -93.5529
42.78 -94.0966
42.79 -94.6168
42.8 -95.1141
42.81 -95.5875
42.82 -96.0376
42.83 -96.4637
42.84 -96.8664
42.85 -97.2448
42.86 -97.5996
42.87 -97.9299
42.88 -98.2365
42.89 -98.5184
42.9 -98.7764
42.91 -99.0097
42.92 -99.2189
42.93 -99.4032
42.94 -99.5634
42.95 -99.4913
42.96 -99.6076
42.97 -99.697
42.98 -99.7617
42.99 -99.802
43 -99.8174
43.01 -99.8084
43.02 -99.7746
43.03 -99.7163
43.04 -99.6333
43.05 -99.5259
43.06 -99.3937
43.07 -99.2372
43.08 -99.056
43.09 -98.8505
43.1 -98.6205
43.11 -98.3663
43.12 -98.0877
43.13 -97.7851
43.14 -97.4581
43.15 -97.1073
43.16 -96.7324
43.17 -96.3338
43.18 -95.9113
43.19 -95.4652
43.2 -94.9955
43.21 -94.5025
43.22 -93.986
43.23 -93.4465
43.24 -92.8839
43.25 -92.2984
43.26 -91.6901
43.27 -91.0593
43.28 -90.4059
43.29 -89.7304
43.3 -89.0327
43.31 -88.3131
43.32 -87.5716
43.33 -86.8087
43.34 -86.0243
43.35 -85.2188
43.36 -84.3922
43.37 -83.545
43.38 -83.4827
43.39 -82.5302
43.4 -81.433
43.41 -80.2846
43.42 -79.7601
43.43 -78.0474
43.44 -76.7975
43.45 -75.7039
43.46 -74.4865
43.47 -73.2338
43.48 -71.961
43.49 -71.8502
43.5 -70.7429
43.51 -69.6291
43.52 -68.4982
43.53 -67.3502
43.54 -66.1857
43.55 -65.0048
43.56 -63.808
43.57 -62.5953
43.58 -61.3673
43.59 -60.124
43.6 -58.866
43.61 -57.5933
43.62 -56.3065
43.63 -55.0057
43.64 -53.6914
43.65 -52.3638
43.66 -51.0233
43.67 -49.67
43.68 -48.3047
43.69 -46.9272
43.7 -45.5383
43.71 -44.1379
43.72 -42.7268
43.73 -41.305
43.74 -39.8731
43.75 -38.4311
43.76 -36.9798
43.77 -35.5193
43.78 -34.05
43.79 -32.5722
43.8 -31.0865
43.81 -29.5929
43.82 -28.0921
43.83 -26.3812
43.84 -24.8625
43.85 -23.3381
43.86 -21.8075
43.87 -20.272
43.88 -18.7311
43.89 -17.1859
43.9 -15.6362
43.91 -14.0829
43.92 -12.5258
43.93 -10.966
43.94 -9.40309
43.95 -7.83825
43.96 -6.2711
43.97 -4.70278
43.98 -3.13293
43.99 -1.56267
44 0.00833928
44.01 1.57897
44.02 3.14959
44.03 4.71906
44.04 6.28774
44.05 7.85449
44.06 9.41968
44.07 10.9822
44.08 12.5423
44.09 14.099
44.1 15.6526
44.11 17.2019
44.12 18.7474
44.13 20.2879
44.14 21.8237
44.15 23.3538
44.16 24.8785
44.17 26.3967
44.18 27.9087
44.19 29.4135
44.2 30.9114
44.21 32.4013
44.22 33.8835
44.23 35.3571
44.24 36.8223
44.25 38.278
44.26 39.7247
44.27 41.1612
44.28 42.5879
44.29 44.0037
44.3 45.409
44.31 46.8028
44.32 48.1854
44.33 49.5557
44.34 50.9142
44.35 52.2597
44.36 53.5927
44.37 54.9122
44.38 56.2184
44.39 57.5104
44.4 58.7886
44.41 60.0519
44.42 61.3007
44.43 62.5341
44.44 63.7524
44.45 64.9546
44.46 66.1412
44.47 67.3111
44.48 68.4647
44.49 69.601
44.5 70.7206
44.51 71.8224
44.52 72.9067
44.53 73.9728
44.54 75.0209
44.55 76.0502
44.56 77.0611
44.57 78.0526
44.58 79.0252
44.59 79.9779
44.6 80.9113
44.61 81.8244
44.62 82.7176
44.63 83.59
44.64 84.4422
44.65 85.2732
44.66 86.0835
44.67 86.8722
44.68 87.6399
44.69 88.3855
44.7 89.1097
44.71 89.8116
44.72 90.4917
44.73 91.1491
44.74 91.7843
44.75 92.3966
44.76 92.9864
44.77 93.5529
44.78 94.0966
44.79 94.6169
44.8 95.1141
44.81 95.5875
44.82 96.0376
44.83 96.4638
44.84 96.8664
44.85 97.2448
44.86 97.5996
44.87 97.93
44.88 98.2365
44.89 98.5184
44.9 98.7764
44.91 99.0097
44.92 99.2189
44.93 99.4032
44.94 99.5634
44.95 99.4913
44.96 99.6075
44.97 99.697
44.98 99.7617
44.99 99.802
45 99.8174
45.01 99.8084
45.02 99.7746
45.03 99.7164
45.04 99.6333
45.05 99.5259
45.06 99.3937
45.07 99.2372
45.08 99.056
45.09 98.8505
45.1 98.6205
45.11 98.3663
45.12 98.0877
45.13 97.7851
45.14 97.4581
45.15 97.1073
45.16 96.7324
45.17 96.3338
45.18 95.9113
45.19 95.4652
45.2 94.9955
45.21 94.5025
45.22 93.986
45.23 93.4465
45.24 92.8839
45.25 92.2984
45.26 91.6901
45.27 91.0593
45.28 90.4059
45.29 89.7304
45.3 89.0326
45.31 88.3131
45.32 87.5716
45.33 86.8087
45.34 86.0243
45.35 85.2188
45.36 84.3922
45.37 83.545
45.38 83.4827
45.39 82.5302
45.4 81.433
45.41 80.2846
45.42 79.7601
45.43 78.0474
45.44 76.7975
45.45 75.7039
45.46 74.4865
45.47 73.2338
45.48 71.961
45.49 71.8502
45.5 70.7429
45.51 69.6291
45.52 68.4981
45.53 67.3502
45.54 66.1857
45.55 65.0048
45.56 63.808
45.57 62.5953
45.58 61.3673
45.59 60.124
45.6 58.866
45.61 57.5933
45.62 56.3065
45.63 55.0057
45.64 53.6914
45.65 52.3638
45.66 51.0233
45.67 49.6701
45.68 48.3046
45.69 46.9272
45.7 45.5382
45.71 44.1379
45.72 42.7268
45.73 41.305
45.74 39.873
45.75 38.4312
45.76 36.9798
45.77 35.5193
45.78 34.05
45.79 32.5722
45.8 31.0864
45.81 29.5929
45.82 28.0921
45.83 26.3812
45.84 24.8624
45.85 23.3381
45.86 21.8075
45.87 20.272
45.88 18.7311
45.89 17.1859
45.9 15.6361
45.91 14.0829
45.92 12.5258
45.93 10.966
45.94 9.40308
45.95 7.83826
45.96 6.27109
45.97 4.70279
45.98 3.13292
45.99 1.56268
46 -0.00834862
46.01 -1.57896
46.02 -3.1496
46.03 -4.71905
46.04 -6.28775
46.05 -7.85448
46.06 -9.41969
46.07 -10.9822
46.08 -12.5423
46.09 -14.099
46.1 -15.6526
46.11 -17.2019
46.12 -18.7474
46.13 -20.2879
46.14 -21.8237
46.15 -23.3538
46.16 -24.8785
46.17 -26.3966
46.18 -27.9087
46.19 -29.4135
46.2 -30.9114
46.21 -32.4013
46.22 -33.8836
46.23 -35.3571
46.24 -36.8223
46.25 -38.278
46.26 -39.7247
46.27 -41.1612
46.28 -42.5879
46.29 -44.0037
46.3 -45.409
46.31 -46.8028
46.32 -48.1854
46.33 -49.5557
46.34 -50.9142
46.35 -52.2597
46.36 -53.5927
46.37 -54.9121
46.38 -56.2184
46.39 -57.5104
46.4 -58.7886
46.41 -60.0519
46.42 -61.3008
46.43 -62.5341
46.44 -63.7524
46.45 -64.9546
46.46 -66.1412
46.47 -67.311
46.48 -68.4647
46.49 -69.601
46.5 -70.7206
46.51 -71.8223
46.52 -72.9067
46.53 -73.9728
46.54 -75.0209
46.55 -76.0502
46.56 -77.0611
46.57 -78.0526
46.58 -79.0252
46.59 -79.9779
46.6 -80.9113
46.61 -81.8243
46.62 -82.7176
46.63 -83.59
46.64 -84.4422
46.65 -85.2732
46.66 -86.0835
46.67 -86.8722
46.68 -87.6399
46.69 -88.3855
46.7 -89.1098
46.71 -89.8116
46.72 -90.4917
46.73 -91.1491
46.74 -91.7843
46.75 -92.3965
46.76 -92.9864
46.77 -93.5529
46.78 -94.0966
46.79 -94.6168
46.8 -95.1141
46.81 -95.5875
46.82 -96.0376
46.83 -96.4637
46.84 -96.8664
46.85 -97.2448
46.86 -97.5996
46.87 -97.93
46.88 -98.2365
46.89 -98.5184
46.9 -98.7764
46.91 -99.0097
46.92 -99.2189
46.93 -99.4032
46.94 -99.5634
46.95 -99.4913
46.96 -99.6076
46.97 -99.697
46.98 -99.7617
46.99 -99.802
47 -99.8174
47.01 -99.8084
47.02 -99.7746
47.03 -99.7163
47.04 -99.6333
47.05 -99.5259
47.06 -99.3937
47.07 -99.2372
47.08 -99.056
47.09 -98.8505
47.1 -98.6205
47.11 -98.3663
47.12 -98.0877
47.13 -97.7851
47.14 -97.4581
47.15 -97.1073
47.16 -96.7324
47.17 -96.3338
47.18 -95.9113
47.19 -95.4652
47.2 -94.9955
47.21 -94.5025
47.22 -93.986
47.23 -93.4465
47.24 -92.8839
47.25 -92.2984
47.26 -91.6901
47.27 -91.0593
47.28 -90.4059
47.29 -89.7304
47.3 -89.0327
47.31 -88.3131
47.32 -87.5716
47.33 -86.8087
47.34 -86.0243
47.35 -85.2188
47.36 -84.3922
47.37 -83.545
47.38 -83.4827
47.39 -82.5302
47.4 -81.433
47.41 -80.2846
47.42 -79.7601
47.43 -78.0474
47.44 -76.7975
47.45 -75.7039
47.46 -74.4865
47.47 -73.2338
47.48 -71.961
47.49 -71.8502
47.5 -70.7429
47.51 -69.6291
47.52 -68.4982
47.53 -67.3502
47.54 -66.1857
47.55 -65.0048
47.56 -63.808
47.57 -62.5953
47.58 -61.3673
47.59 -60.124
47.6 -58.866
47.61 -57.5933
47.62 -56.3065
47.63 -55.0057
47.64 -53.6914
47.65 -52.3638
47.66 -51.0233
47.67 -49.67
47.68 -48.3047
47.69 -46.9272
47.7 -45.5383
47.71 -44.1379
47.72 -42.7268
47.73 -41.305
47.74 -39.8731
47.75 -38.4311
47.76 -36.9798
47.77 -35.5193
47.78 -34.05
47.79 -32.5722
47.8 -31.0865
47.81 -29.5929
47.82 -28.0921
47.83 -26.3812
47.84 -24.8625
47.85 -23.3381
47.86 -21.8075
47.87 -20.272
47.88 -18.7311
47.89 -17.1859
47.9 -15.6362
47.91 -14.0829
47.92 -12.5258
47.93 -10.966
47.94 -9.40309
47.95 -7.83825
47.96 -6.2711
47.97 -4.70278
47.98 -3.13292
47.99 -1.56268
48 0.00834125
48.01 1.57897
48.02 3.1496
48.03 4.71906
48.04 6.28774
48.05 7.85449
48.06 9.41968
48.07 10.9822
48.08 12.5423
48.09 14.099
48.1 15.6526
48.11 17.2019
48.12 18.7474
48.13 20.2879
48.14 21.8237
48.15 23.3538
48.16 24.8785
48.17 26.3967
48.18 27.9087
48.19 29.4135
48.2 30.9114
48.21 32.4013
48.22 33.8835
48.23 35.3571
48.24 36.8223
48.25 38.278
48.26 39.7247
48.27 41.1612
48.28 42.5879
48.29 44.0037
48.3 45.409
48.31 46.8028
48.32 48.1854
48.33 49.5557
48.34 50.9142
48.35 52.2597
48.36 53.5927
48.37 54.9122
48.38 56.2184
48.39 57.5104
48.4 58.7886
48.41 60.0519
48.42 61.3007
48.43 62.5341
48.44 63.7524
48.45 64.9546
48.46 66.1412
48.47 67.3111
48.48 68.4647
48.49 69.601
48.5 70.7206
48.51 71.8224
48.52 72.9067
48.53 73.9728
48.54 75.0209
48.55 76.0502
48.56 77.0611
48.57 78.0526
48.58 79.0252
48.59 79.9779
48.6 80.9113
48.61 81.8244
48.62 82.7176
48.63 83.59
48.64 84.4422
48.65 85.2732
48.66 86.0835
48.67 86.8722
48.68 87.6399
48.69 88.3855
48.7 89.1097
48.71 89.8116
48.72 90.4917
48.73 91.1491
48.74 91.7843
48.75 92.3966
48.76 92.9864
48.77 93.5529
48.78 94.0966
48.79 94.6169
48.8 95.1141
48.81 95.5875
48.82 96.0376
48.83 96.4638
48.84 96.8664
48.85 97.2448
48.86 97.5996
48.87 97.93
48.88 98.2365
48.89 98.5184
48.9 98.7764
48.91 99.0097
48.92 99.2189
48.93 99.4032
48.94 99.5634
48.95 99.4913
48.96 99.6075
48.97 99.697
48.98 99.7617
48.99 99.802
49 99.8174
49.01 99.8084
49.02 99.7746
49.03 99.7163
49.04 99.6333
49.05 99.5259
49.06 99.3937
49.07 99.2372
49.08 99.056
49.09 98.8505
49.1 98.6205
49.11 98.3663
49.12 98.0877
49.13 97.7851
49.14 97.4581
49.15 97.1073
49.16 96.7324
49.17 96.3338
49.18 95.9113
49.19 95.4652
49.2 94.9955
49.21 94.5025
49.22 93.986
49.23 93.4465
49.24 92.8839
49.25 92.2984
49.26 91.6901
49.27 91.0593
49.28 90.4059
49.29 89.7304
49.3 89.0326
49.31 88.3131
49.32 87.5716
49.33 86.8087
49.34 86.0243
49.35 85.2188
49.36 84.3922
49.37 83.545
49.38 83.4827
49.39 82.5302
49.4 81.433
49.41 80.2846
49.42 79.7601
49.43 78.0474
49.44 76.7975
49.45 75.7039
49.46 74.4865
49.47 73.2338
49.48 71.961
49.49 71.8502
49.5 70.7429
49.51 69.6291
49.52 68.4981
49.53 67.3502
49.54 66.1857
49.55 65.0048
49.56 63.808
49.57 62.5953
49.58 61.3673
49.59 60.124
49.6 58.866
49.61 57.5933
49.62 56.3065
49.63 55.0057
49.64 53.6914
49.65 52.3638
49.66 51.0233
49.67 49.67
49.68 48.3046
49.69 46.9272
49.7 45.5382
49.71 44.1379
49.72 42.7268
49.73 41.305
49.74 39.8731
49.75 38.4312
49.76 36.9798
49.77 35.5193
49.78 34.05
49.79 32.5722
49.8 31.0864
49.81 29.5929
49.82 28.0921
49.83 26.3812
49.84 24.8624
49.85 23.3381
49.86 21.8075
49.87 20.272
49.88 18.7311
49.89 17.1859
49.9 15.6362
49.91 14.0829
49.92 12.5258
49.93 10.966
49.94 9.40308
49.95 7.83826
49.96 6.27109
49.97 4.70279
49.98 3.13292
49.99 1.56268
50 -0.00834707
