0.02 0.000109667
0.04 0.000320756
0.04 0.000320756
0.06 0.000508904
0.06 0.000508904
0.08 0.000687713
0.08 0.000687713
0.1 0.000895107
0.1 0.000895107
0.12 0.0011453
0.12 0.0011453
0.14 0.00139741
0.14 0.00139741
0.16 0.00160978
0.16 0.00160978
0.18 0.00177066
0.18 0.00177066
0.2 0.00189797
0.2 0.00189797
0.22 0.00206354
0.22 0.00206354
0.24 0.00231213
0.24 0.00231213
0.26 0.00261379
0.26 0.00261379
0.28 0.00288877
0.28 0.00288877
0.3 0.00309958
0.3 0.00309958
0.32 0.00324171
0.32 0.00324171
0.34 0.0033069
0.34 0.0033069
0.36 0.00329131
0.36 0.00329131
0.38 0.00324629
0.38 0.00324629
0.4 0.00327883
0.4 0.00327883
0.42 0.00342385
0.42 0.00342385
0.44 0.00362014
0.44 0.00362014
0.46 0.00367466
0.46 0.00367466
0.48 0.00348451
0.48 0.00348451
0.5 0.00307131
0.5 0.00307131
0.52 0.00272856
0.52 0.00272856
0.54 0.00265012
0.54 0.00265012
0.56 0.00265795
0.56 0.00265795
0.58 0.00273117
0.58 0.00273117
0.6 0.00291068
0.6 0.00291068
0.62 0.0032012
0.62 0.0032012
0.64 0.00352367
0.64 0.00352367
0.66 0.00367451
0.66 0.00367451
0.68 0.00369889
0.68 0.00369889
0.7 0.00369904
0.7 0.00369904
0.72 0.00365076
0.72 0.00365076
0.74 0.00349057
0.74 0.00349057
0.76 0.00312539
0.76 0.00312539
0.78 0.00252956
0.78 0.00252956
0.8 0.00171304
0.8 0.00171304
0.82 0.000791215
0.82 0.000791215
0.84 -0.000229506
0.84 -0.000229506
0.86 -0.00145709
0.86 -0.00145709
0.88 -0.00282942
0.88 -0.00282942
0.9 -0.00413695
0.9 -0.00413695
0.92 -0.00528444
0.92 -0.00528444
0.94 -0.00625306
0.94 -0.00625306
0.96 -0.00706438
0.96 -0.00706438
0.98 -0.0079111
0.98 -0.0079111
1 -0.00890026
1 -0.00890026
1.02 -0.0100412
1.02 -0.0100412
1.04 -0.0113649
1.04 -0.0113649
1.06 -0.0128394
1.06 -0.0128394
1.08 -0.014266
1.08 -0.014266
1.1 -0.0154909
1.1 -0.0154909
1.12 -0.0163896
1.12 -0.0163896
1.14 -0.0170145
1.14 -0.0170145
1.16 -0.0172245
1.16 -0.0172245
1.18 -0.0164345
1.18 -0.0164345
1.2 -0.0147201
1.2 -0.0147201
1.22 -0.0128678
1.22 -0.0128678
1.24 -0.011283
1.24 -0.011283
1.26 -0.0100212
1.26 -0.0100212
1.28 -0.00915849
1.28 -0.00915849
1.3 -0.00865421
1.3 -0.00865421
1.32 -0.00849088
1.32 -0.00849088
1.34 -0.00866495
1.34 -0.00866495
1.36 -0.00921116
1.36 -0.00921116
1.38 -0.0102204
1.38 -0.0102204
1.4 -0.0116999
1.4 -0.0116999
1.42 -0.013666
1.42 -0.013666
1.44 -0.0157981
1.44 -0.0157981
1.46 -0.0174771
1.46 -0.0174771
1.48 -0.0185521
1.48 -0.0185521
1.5 -0.0192733
1.5 -0.0192733
1.52 -0.0199029
1.52 -0.0199029
1.54 -0.0203944
1.54 -0.0203944
1.56 -0.0207752
1.56 -0.0207752
1.58 -0.021226
1.58 -0.021226
1.6 -0.0219021
1.6 -0.0219021
1.62 -0.0218103
1.62 -0.0218103
1.64 -0.0188995
1.64 -0.0188995
1.66 -0.0134959
1.66 -0.0134959
1.68 -0.00755417
1.68 -0.00755417
1.7 -0.00166026
1.7 -0.00166026
1.72 0.00403037
1.72 0.00403037
1.74 0.00936403
1.74 0.00936403
1.76 0.014555
1.76 0.014555
1.78 0.0196746
1.78 0.0196746
1.8 0.0247434
1.8 0.0247434
1.82 0.0295582
1.82 0.0295582
1.84 0.0337562
1.84 0.0337562
1.86 0.037243
1.86 0.037243
1.88 0.0399807
1.88 0.0399807
1.9 0.0418684
1.9 0.0418684
1.92 0.0427984
1.92 0.0427984
1.94 0.0427486
1.94 0.0427486
1.96 0.0417122
1.96 0.0417122
1.98 0.0397018
1.98 0.0397018
2 0.0367162
2 0.0367162
2.02 0.0327891
2.02 0.0327891
2.04 0.027932
2.04 0.027932
2.06 0.00432819
2.06 0.00432819
2.08 -0.0421803
2.08 -0.0421803
2.1 -0.0700695
2.1 -0.0700695
2.12 -0.0765106
2.12 -0.0765106
2.14 -0.0822605
2.14 -0.0822605
2.16 -0.0862126
2.16 -0.0862126
2.18 -0.085843
2.18 -0.085843
2.2 -0.0801796
2.2 -0.0801796
2.22 -0.073909
2.22 -0.073909
2.24 -0.0677583
2.24 -0.0677583
2.26 -0.0620249
2.26 -0.0620249
2.28 -0.0571168
2.28 -0.0571168
2.3 -0.0530311
2.3 -0.0530311
2.32 -0.0495652
2.32 -0.0495652
2.34 -0.0466999
2.34 -0.0466999
2.36 -0.0444042
2.36 -0.0444042
2.38 -0.0426581
2.38 -0.0426581
2.4 -0.0415881
2.4 -0.0415881
2.42 -0.0397695
2.42 -0.0397695
2.44 -0.0333128
2.44 -0.0333128
2.46 -0.0246311
2.46 -0.0246311
2.48 -0.016795
2.48 -0.016795
2.5 -0.00951007
2.5 -0.00951007
2.52 -0.0033835
2.52 -0.0033835
2.54 0.00143577
2.54 0.00143577
2.56 0.00632495
2.56 0.00632495
2.58 0.0133968
2.58 0.0133968
2.6 0.0213652
2.6 0.0213652
2.62 0.0288932
2.62 0.0288932
2.64 0.0361025
2.64 0.0361025
2.66 0.0426462
2.66 0.0426462
2.68 0.0484951
2.68 0.0484951
2.7 0.0536195
2.7 0.0536195
2.72 0.0580153
2.72 0.0580153
2.74 0.0616576
2.74 0.0616576
2.76 0.0645452
2.76 0.0645452
2.78 0.0666848
2.78 0.0666848
2.8 0.0685963
2.8 0.0685963
2.82 0.070847
2.82 0.070847
2.84 0.0735541
2.84 0.0735541
2.86 0.0764715
2.86 0.0764715
2.88 0.0789394
2.88 0.0789394
2.9 0.0807143
2.9 0.0807143
2.92 0.0817655
2.92 0.0817655
2.94 0.0819805
2.94 0.0819805
2.96 0.0813372
2.96 0.0813372
2.98 0.0798327
2.98 0.0798327
3 0.00625696
3 0.00625696
3.02 -0.0586306
3.02 -0.0586306
3.04 -0.0580709
3.04 -0.0580709
3.06 -0.0588951
3.06 -0.0588951
3.08 -0.0579233
3.08 -0.0579233
3.1 -0.0585114
3.1 -0.0585114
3.12 -0.0580516
3.12 -0.0580516
3.14 -0.0590268
3.14 -0.0590268
3.16 -0.0593157
3.16 -0.0593157
3.18 -0.060714
3.18 -0.060714
3.2 -0.0601673
3.2 -0.0601673
3.22 -0.0589083
3.22 -0.0589083
3.24 -0.0573093
3.24 -0.0573093
3.26 -0.0564501
3.26 -0.0564501
3.28 -0.0555732
3.28 -0.0555732
3.3 -0.0555342
3.3 -0.0555342
3.32 -0.055666
3.32 -0.055666
3.34 -0.0535497
3.34 -0.0535497
3.36 -0.0475727
3.36 -0.0475727
3.38 -0.0419079
3.38 -0.0419079
3.4 -0.0366906
3.4 -0.0366906
3.42 -0.0323043
3.42 -0.0323043
3.44 -0.0289068
3.44 -0.0289068
3.46 -0.0243841
3.46 -0.0243841
3.48 -0.0174802
3.48 -0.0174802
3.5 -0.0106482
3.5 -0.0106482
3.52 -0.00406555
3.52 -0.00406555
3.54 0.00210392
3.54 0.00210392
3.56 0.00768105
3.56 0.00768105
3.58 0.0125792
3.58 0.0125792
3.6 0.0170058
3.6 0.0170058
3.62 0.0217582
3.62 0.0217582
3.64 0.0266317
3.64 0.0266317
3.66 0.0309915
3.66 0.0309915
3.68 0.0350092
3.68 0.0350092
3.7 0.0384755
3.7 0.0384755
3.72 0.0413722
3.72 0.0413722
3.74 0.0435861
3.74 0.0435861
3.76 0.0453131
3.76 0.0453131
3.78 0.0471018
3.78 0.0471018
3.8 0.0493517
3.8 0.0493517
3.82 0.0518513
3.82 0.0518513
3.84 0.0540248
3.84 0.0540248
3.86 0.055495
3.86 0.055495
3.88 0.0562407
3.88 0.0562407
3.9 0.0561238
3.9 0.0561238
3.92 0.0551349
3.92 0.0551349
3.94 0.0532607
3.94 0.0532607
3.96 0.0506496
3.96 0.0506496
3.98 0.0489223
3.98 0.0489223
4 0.0487491
4 0.0487491
4.02 0.048542
4.02 0.048542
4.04 0.0478747
4.04 0.0478747
4.06 0.0473352
4.06 0.0473352
4.08 0.0470567
4.08 0.0470567
4.1 0.0463874
4.1 0.0463874
4.12 0.0226096
4.12 0.0226096
4.14 -0.0113824
4.14 -0.0113824
4.16 -0.0240335
4.16 -0.0240335
4.18 -0.0264148
4.18 -0.0264148
4.2 -0.028821
4.2 -0.028821
4.22 -0.0317028
4.22 -0.0317028
4.24 -0.0347538
4.24 -0.0347538
4.26 -0.0382701
4.26 -0.0382701
4.28 -0.0417152
4.28 -0.0417152
4.3 -0.0450992
4.3 -0.0450992
4.32 -0.0480957
4.32 -0.0480957
4.34 -0.0502153
4.34 -0.0502153
4.36 -0.0490234
4.36 -0.0490234
4.38 -0.0458813
4.38 -0.0458813
4.4 -0.0433602
4.4 -0.0433602
4.42 -0.0409602
4.42 -0.0409602
4.44 -0.0376229
4.44 -0.0376229
4.46 -0.0328198
4.46 -0.0328198
4.48 -0.0265238
4.48 -0.0265238
4.5 -0.0198113
4.5 -0.0198113
4.52 -0.0136679
4.52 -0.0136679
4.54 -0.00824945
4.54 -0.00824945
4.56 -0.00370803
4.56 -0.00370803
4.58 -0.000206142
4.58 -0.000206142
4.6 0.00215657
4.6 0.00215657
4.62 0.0033253
4.62 0.0033253
4.64 0.00329939
4.64 0.00329939
4.66 0.00223194
4.66 0.00223194
4.68 0.00256929
4.68 0.00256929
4.7 0.00490706
4.7 0.00490706
4.72 0.00686783
4.72 0.00686783
4.74 0.00815778
4.74 0.00815778
4.76 0.00870236
4.76 0.00870236
4.78 0.00821642
4.78 0.00821642
4.8 0.00682345
4.8 0.00682345
4.82 0.00435272
4.82 0.00435272
4.84 0.00204517
4.84 0.00204517
4.86 0.003641
4.86 0.003641
4.88 0.00794453
4.88 0.00794453
4.9 0.0118925
4.9 0.0118925
4.92 0.0156756
4.92 0.0156756
4.94 0.0187395
4.94 0.0187395
4.96 0.0220578
4.96 0.0220578
4.98 0.0269313
4.98 0.0269313
5 0.0320419
5 0.0320419
5.02 0.0365636
5.02 0.0365636
5.04 0.0405949
5.04 0.0405949
5.06 0.0438473
5.06 0.0438473
5.08 0.0463573
5.08 0.0463573
5.1 0.0480547
5.1 0.0480547
5.12 0.0493152
5.12 0.0493152
5.14 0.0510691
5.14 0.0510691
5.16 0.0532823
5.16 0.0532823
5.18 0.0552256
5.18 0.0552256
5.2 0.056873
5.2 0.056873
5.22 0.0578304
5.22 0.0578304
5.24 0.0205521
5.24 0.0205521
5.26 -0.0448029
5.26 -0.0448029
5.28 -0.0724533
5.28 -0.0724533
5.3 -0.0705699
5.3 -0.0705699
5.32 -0.068027
5.32 -0.068027
5.34 -0.0657801
5.34 -0.0657801
5.36 -0.0636505
5.36 -0.0636505
5.38 -0.0620857
5.38 -0.0620857
5.4 -0.0609678
5.4 -0.0609678
5.42 -0.060424
5.42 -0.060424
5.44 -0.0601863
5.44 -0.0601863
5.46 -0.0595379
5.46 -0.0595379
5.48 -0.0579531
5.48 -0.0579531
5.5 -0.0556462
5.5 -0.0556462
5.52 -0.0532164
5.52 -0.0532164
5.54 -0.0510735
5.54 -0.0510735
5.56 -0.0492324
5.56 -0.0492324
5.58 -0.0478036
5.58 -0.0478036
5.6 -0.04676
5.6 -0.04676
5.62 -0.0461274
5.62 -0.0461274
5.64 -0.0458269
5.64 -0.0458269
5.66 -0.0450114
5.66 -0.0450114
5.68 -0.0427778
5.68 -0.0427778
5.7 -0.0392956
5.7 -0.0392956
5.72 -0.0353438
5.72 -0.0353438
5.74 -0.0314478
5.74 -0.0314478
5.76 -0.0276328
5.76 -0.0276328
5.78 -0.0235917
5.78 -0.0235917
5.8 -0.0188909
5.8 -0.0188909
5.82 -0.0137355
5.82 -0.0137355
5.84 -0.00852699
5.84 -0.00852699
5.86 -0.00325593
5.86 -0.00325593
5.88 0.00213263
5.88 0.00213263
5.9 0.00740471
5.9 0.00740471
5.92 0.0124323
5.92 0.0124323
5.94 0.0170686
5.94 0.0170686
5.96 0.0211522
5.96 0.0211522
5.98 0.0246855
5.98 0.0246855
6 0.028223
6 0.028223
6.02 0.0322534
6.02 0.0322534
6.04 0.036822
6.04 0.036822
6.06 0.0413062
6.06 0.0413062
6.08 0.0450644
6.08 0.0450644
6.1 0.0482482
6.1 0.0482482
6.12 0.0514446
6.12 0.0514446
6.14 0.0546975
6.14 0.0546975
6.16 0.0574968
6.16 0.0574968
6.18 0.0597822
6.18 0.0597822
6.2 0.0615074
6.2 0.0615074
6.22 0.0626687
6.22 0.0626687
6.24 0.0637963
6.24 0.0637963
6.26 0.0652096
6.26 0.0652096
6.28 0.0666229
6.28 0.0666229
6.3 0.0677209
6.3 0.0677209
6.32 0.0683487
6.32 0.0683487
6.34 0.0686662
6.34 0.0686662
6.36 0.0688783
6.36 0.0688783
6.38 0.0688832
6.38 0.0688832
6.4 0.0685298
6.4 0.0685298
6.42 0.067827
6.42 0.067827
6.44 0.0575122
6.44 0.0575122
6.46 -0.0147733
6.46 -0.0147733
6.48 -0.0710652
6.48 -0.0710652
6.5 -0.0702868
6.5 -0.0702868
6.52 -0.0704127
6.52 -0.0704127
6.54 -0.068909
6.54 -0.068909
6.56 -0.0682602
6.56 -0.0682602
6.58 -0.0663843
6.58 -0.0663843
6.6 -0.0652696
6.6 -0.0652696
6.62 -0.0634518
6.62 -0.0634518
6.64 -0.0619632
6.64 -0.0619632
6.66 -0.0593455
6.66 -0.0593455
6.68 -0.0570899
6.68 -0.0570899
6.7 -0.0541555
6.7 -0.0541555
6.72 -0.0513322
6.72 -0.0513322
6.74 -0.0479866
6.74 -0.0479866
6.76 -0.0448757
6.76 -0.0448757
6.78 -0.0415191
6.78 -0.0415191
6.8 -0.0384828
6.8 -0.0384828
6.82 -0.0353997
6.82 -0.0353997
6.84 -0.0328425
6.84 -0.0328425
6.86 -0.0304495
6.86 -0.0304495
6.88 -0.0275507
6.88 -0.0275507
6.9 -0.0233867
6.9 -0.0233867
6.92 -0.0189416
6.92 -0.0189416
6.94 -0.0145858
6.94 -0.0145858
6.96 -0.0105619
6.96 -0.0105619
6.98 -0.00654611
6.98 -0.00654611
7 -0.00220331
7 -0.00220331
7.02 0.00269424
7.02 0.00269424
7.04 0.00771809
7.04 0.00771809
7.06 0.0124625
7.06 0.0124625
7.08 0.016702
7.08 0.016702
7.1 0.0204958
7.1 0.0204958
7.12 0.0237886
7.12 0.0237886
7.14 0.0267229
7.14 0.0267229
7.16 0.0297113
7.16 0.0297113
7.18 0.0331657
7.18 0.0331657
7.2 0.0367817
7.2 0.0367817
7.22 0.04016
7.22 0.04016
7.24 0.0433456
7.24 0.0433456
7.26 0.0464018
7.26 0.0464018
7.28 0.0490894
7.28 0.0490894
7.3 0.0513765
7.3 0.0513765
7.32 0.0532433
7.32 0.0532433
7.34 0.0546728
7.34 0.0546728
7.36 0.0557681
7.36 0.0557681
7.38 0.0568256
7.38 0.0568256
7.4 0.0578871
7.4 0.0578871
7.42 0.0585886
7.42 0.0585886
7.44 0.0585966
7.44 0.0585966
7.46 0.058074
7.46 0.058074
7.48 0.057566
7.48 0.057566
7.5 0.0572369
7.5 0.0572369
7.52 0.0568936
7.52 0.0568936
7.54 0.0564391
7.54 0.0564391
7.56 0.0556833
7.56 0.0556833
7.58 0.0175717
7.58 0.0175717
7.6 -0.0228366
7.6 -0.0228366
7.62 -0.0293839
7.62 -0.0293839
7.64 -0.0312448
7.64 -0.0312448
7.66 -0.0322711
7.66 -0.0322711
7.68 -0.0336147
7.68 -0.0336147
7.7 -0.0340795
7.7 -0.0340795
7.72 -0.0350009
7.72 -0.0350009
7.74 -0.0357094
7.74 -0.0357094
7.76 -0.0364331
7.76 -0.0364331
7.78 -0.036333
7.78 -0.036333
7.8 -0.0360931
7.8 -0.0360931
7.82 -0.0348407
7.82 -0.0348407
7.84 -0.0333152
7.84 -0.0333152
7.86 -0.0312755
7.86 -0.0312755
7.88 -0.0291174
7.88 -0.0291174
7.9 -0.0266475
7.9 -0.0266475
7.92 -0.0241883
7.92 -0.0241883
7.94 -0.021553
7.94 -0.021553
7.96 -0.0193229
7.96 -0.0193229
7.98 -0.0175931
7.98 -0.0175931
8 -0.0157211
8 -0.0157211
8.02 -0.0130551
8.02 -0.0130551
8.04 -0.0100806
8.04 -0.0100806
8.06 -0.00716886
8.06 -0.00716886
8.08 -0.00441495
8.08 -0.00441495
8.1 -0.00167944
8.1 -0.00167944
8.12 0.000923661
8.12 0.000923661
8.14 0.00349033
8.14 0.00349033
8.16 0.00595089
8.16 0.00595089
8.18 0.00839681
8.18 0.00839681
8.2 0.0108563
8.2 0.0108563
8.22 0.013313
8.22 0.013313
8.24 0.0155565
8.24 0.0155565
8.26 0.0175005
8.26 0.0175005
8.28 0.0190423
8.28 0.0190423
8.3 0.0201422
8.3 0.0201422
8.32 0.0209194
8.32 0.0209194
8.34 0.021536
8.34 0.021536
8.36 0.0220242
8.36 0.0220242
8.38 0.0224258
8.38 0.0224258
8.4 0.0227845
8.4 0.0227845
8.42 0.0231069
8.42 0.0231069
8.44 0.0235081
8.44 0.0235081
8.46 0.0239075
8.46 0.0239075
8.48 0.0241807
8.48 0.0241807
8.5 0.0241844
8.5 0.0241844
8.52 0.0251008
8.52 0.0251008
8.54 0.0276726
8.54 0.0276726
8.56 0.0306013
8.56 0.0306013
8.58 0.0333893
8.58 0.0333893
8.6 0.0358714
8.6 0.0358714
8.62 0.0378793
8.62 0.0378793
8.64 0.039354
8.64 0.039354
8.66 0.0402664
8.66 0.0402664
8.68 0.0406189
8.68 0.0406189
8.7 0.0404068
8.7 0.0404068
8.72 0.0135545
8.72 0.0135545
8.74 -0.0207491
8.74 -0.0207491
8.76 -0.0301871
8.76 -0.0301871
8.78 -0.0308111
8.78 -0.0308111
8.8 -0.0310907
8.8 -0.0310907
8.82 -0.0317906
8.82 -0.0317906
8.84 -0.0320212
8.84 -0.0320212
8.86 -0.0324365
8.86 -0.0324365
8.88 -0.0330474
8.88 -0.0330474
8.9 -0.0343046
8.9 -0.0343046
8.92 -0.0358869
8.92 -0.0358869
8.94 -0.0382931
8.94 -0.0382931
8.96 -0.0403205
8.96 -0.0403205
8.98 -0.0394308
8.98 -0.0394308
9 -0.0367996
9 -0.0367996
9.02 -0.0347794
9.02 -0.0347794
9.04 -0.0326958
9.04 -0.0326958
9.06 -0.0300296
9.06 -0.0300296
9.08 -0.026781
9.08 -0.026781
9.1 -0.0238586
9.1 -0.0238586
9.12 -0.0208049
9.12 -0.0208049
9.14 -0.0177666
9.14 -0.0177666
9.16 -0.0152989
9.16 -0.0152989
9.18 -0.0137555
9.18 -0.0137555
9.2 -0.0132576
9.2 -0.0132576
9.22 -0.0140411
9.22 -0.0140411
9.24 -0.0146208
9.24 -0.0146208
9.26 -0.0138715
9.26 -0.0138715
9.28 -0.0127733
9.28 -0.0127733
9.3 -0.0113619
9.3 -0.0113619
9.32 -0.00912976
9.32 -0.00912976
9.34 -0.00622162
9.34 -0.00622162
9.36 -0.00255586
9.36 -0.00255586
9.38 0.00173003
9.38 0.00173003
9.4 0.00631559
9.4 0.00631559
9.42 0.0104891
9.42 0.0104891
9.44 0.0138053
9.44 0.0138053
9.46 0.016196
9.46 0.016196
9.48 0.0175814
9.48 0.0175814
9.5 0.0177154
9.5 0.0177154
9.52 0.0166982
9.52 0.0166982
9.54 0.0170902
9.54 0.0170902
9.56 0.0190131
9.56 0.0190131
9.58 0.020628
9.58 0.020628
9.6 0.0221651
9.6 0.0221651
9.62 0.0233966
9.62 0.0233966
9.64 0.0240021
9.64 0.0240021
9.66 0.0238438
9.66 0.0238438
9.68 0.0243446
9.68 0.0243446
9.7 0.0261526
9.7 0.0261526
9.72 0.0278078
9.72 0.0278078
9.74 0.0289183
9.74 0.0289183
9.76 0.0297623
9.76 0.0297623
9.78 0.0302276
9.78 0.0302276
9.8 0.0301521
9.8 0.0301521
9.82 0.0294544
9.82 0.0294544
9.84 0.0282658
9.84 0.0282658
9.86 0.0267328
9.86 0.0267328
9.88 0.0252654
9.88 0.0252654
9.9 0.0242098
9.9 0.0242098
9.92 0.0236411
9.92 0.0236411
9.94 0.0232242
9.94 0.0232242
9.96 0.023152
9.96 0.023152
9.98 0.0235096
9.98 0.0235096
10 0.0234382
10 0.0234382
