0.02 1.09667e-06
0.04 5.40091e-06
0.04 5.40091e-06
0.06 1.36975e-05
0.06 1.36975e-05
0.08 2.56637e-05
0.08 2.56637e-05
0.1 4.14919e-05
0.1 4.14919e-05
0.12 6.18959e-05
0.12 6.18959e-05
0.14 8.7323e-05
0.14 8.7323e-05
0.16 0.000117395
0.16 0.000117395
0.18 0.000151199
0.18 0.000151199
0.2 0.000187886
0.2 0.000187886
0.22 0.000227501
0.22 0.000227501
0.24 0.000271257
0.24 0.000271257
0.26 0.000320517
0.26 0.000320517
0.28 0.000375542
0.28 0.000375542
0.3 0.000435426
0.3 0.000435426
0.32 0.000498838
0.32 0.000498838
0.34 0.000564324
0.34 0.000564324
0.36 0.000630306
0.36 0.000630306
0.38 0.000695682
0.38 0.000695682
0.4 0.000760934
0.4 0.000760934
0.42 0.000827961
0.42 0.000827961
0.44 0.0008984
0.44 0.0008984
0.46 0.000971348
0.46 0.000971348
0.48 0.00104294
0.48 0.00104294
0.5 0.0011085
0.5 0.0011085
0.52 0.0011665
0.52 0.0011665
0.54 0.00122028
0.54 0.00122028
0.56 0.00127336
0.56 0.00127336
0.58 0.00132726
0.58 0.00132726
0.6 0.00138367
0.6 0.00138367
0.62 0.00144479
0.62 0.00144479
0.64 0.00151204
0.64 0.00151204
0.66 0.00158402
0.66 0.00158402
0.68 0.00165776
0.68 0.00165776
0.7 0.00173174
0.7 0.00173174
0.72 0.00180524
0.72 0.00180524
0.74 0.00187665
0.74 0.00187665
0.76 0.00194281
0.76 0.00194281
0.78 0.00199936
0.78 0.00199936
0.8 0.00204178
0.8 0.00204178
0.82 0.00206683
0.82 0.00206683
0.84 0.00207244
0.84 0.00207244
0.86 0.00205558
0.86 0.00205558
0.88 0.00201271
0.88 0.00201271
0.9 0.00194305
0.9 0.00194305
0.92 0.00184883
0.92 0.00184883
0.94 0.00173346
0.94 0.00173346
0.96 0.00160029
0.96 0.00160029
0.98 0.00145053
0.98 0.00145053
1 0.00128242
1 0.00128242
1.02 0.001093
1.02 0.001093
1.04 0.000878942
1.04 0.000878942
1.06 0.0006369
1.06 0.0006369
1.08 0.000365846
1.08 0.000365846
1.1 6.82776e-05
1.1 6.82776e-05
1.12 -0.000250527
1.12 -0.000250527
1.14 -0.000584568
1.14 -0.000584568
1.16 -0.000926958
1.16 -0.000926958
1.18 -0.00126355
1.18 -0.00126355
1.2 -0.00157509
1.2 -0.00157509
1.22 -0.00185097
1.22 -0.00185097
1.24 -0.00209248
1.24 -0.00209248
1.26 -0.00230552
1.26 -0.00230552
1.28 -0.00249732
1.28 -0.00249732
1.3 -0.00267545
1.3 -0.00267545
1.32 -0.0028469
1.32 -0.0028469
1.34 -0.00301846
1.34 -0.00301846
1.36 -0.00319722
1.36 -0.00319722
1.38 -0.00339153
1.38 -0.00339153
1.4 -0.00361074
1.4 -0.00361074
1.42 -0.00386439
1.42 -0.00386439
1.44 -0.00415903
1.44 -0.00415903
1.46 -0.00449179
1.46 -0.00449179
1.48 -0.00485208
1.48 -0.00485208
1.5 -0.00523033
1.5 -0.00523033
1.52 -0.00562209
1.52 -0.00562209
1.54 -0.00602507
1.54 -0.00602507
1.56 -0.00643676
1.56 -0.00643676
1.58 -0.00685678
1.58 -0.00685678
1.6 -0.00728806
1.6 -0.00728806
1.62 -0.00772518
1.62 -0.00772518
1.64 -0.00813228
1.64 -0.00813228
1.66 -0.00845623
1.66 -0.00845623
1.68 -0.00866674
1.68 -0.00866674
1.7 -0.00875888
1.7 -0.00875888
1.72 -0.00873518
1.72 -0.00873518
1.74 -0.00860123
1.74 -0.00860123
1.76 -0.00836204
1.76 -0.00836204
1.78 -0.00801975
1.78 -0.00801975
1.8 -0.00757557
1.8 -0.00757557
1.82 -0.00703255
1.82 -0.00703255
1.84 -0.00639941
1.84 -0.00639941
1.86 -0.00568941
1.86 -0.00568941
1.88 -0.00491718
1.88 -0.00491718
1.9 -0.00409869
1.9 -0.00409869
1.92 -0.00325202
1.92 -0.00325202
1.94 -0.00239655
1.94 -0.00239655
1.96 -0.00155194
1.96 -0.00155194
1.98 -0.000737802
1.98 -0.000737802
2 2.6378e-05
2 2.6378e-05
2.02 0.000721431
2.02 0.000721431
2.04 0.00132864
2.04 0.00132864
2.06 0.00165125
2.06 0.00165125
2.08 0.00127272
2.08 0.00127272
2.1 0.000150227
2.1 0.000150227
2.12 -0.00131557
2.12 -0.00131557
2.14 -0.00290329
2.14 -0.00290329
2.16 -0.00458802
2.16 -0.00458802
2.18 -0.00630857
2.18 -0.00630857
2.2 -0.0079688
2.2 -0.0079688
2.22 -0.00950968
2.22 -0.00950968
2.24 -0.0109264
2.24 -0.0109264
2.26 -0.0122242
2.26 -0.0122242
2.28 -0.0134156
2.28 -0.0134156
2.3 -0.0145171
2.3 -0.0145171
2.32 -0.015543
2.32 -0.015543
2.34 -0.0165057
2.34 -0.0165057
2.36 -0.0174167
2.36 -0.0174167
2.38 -0.0182874
2.38 -0.0182874
2.4 -0.0191298
2.4 -0.0191298
2.42 -0.0199434
2.42 -0.0199434
2.44 -0.0206742
2.44 -0.0206742
2.46 -0.0212537
2.46 -0.0212537
2.48 -0.0216679
2.48 -0.0216679
2.5 -0.021931
2.5 -0.021931
2.52 -0.0220599
2.52 -0.0220599
2.54 -0.0220794
2.54 -0.0220794
2.56 -0.0220018
2.56 -0.0220018
2.58 -0.0218046
2.58 -0.0218046
2.6 -0.0214569
2.6 -0.0214569
2.62 -0.0209544
2.62 -0.0209544
2.64 -0.0203044
2.64 -0.0203044
2.66 -0.0195169
2.66 -0.0195169
2.68 -0.0186055
2.68 -0.0186055
2.7 -0.0175844
2.7 -0.0175844
2.72 -0.016468
2.72 -0.016468
2.74 -0.0152713
2.74 -0.0152713
2.76 -0.0140093
2.76 -0.0140093
2.78 -0.012697
2.78 -0.012697
2.8 -0.0113441
2.8 -0.0113441
2.82 -0.00994971
2.82 -0.00994971
2.84 -0.00850569
2.84 -0.00850569
2.86 -0.00700544
2.86 -0.00700544
2.88 -0.00545133
2.88 -0.00545133
2.9 -0.00385479
2.9 -0.00385479
2.92 -0.00223
2.92 -0.00223
2.94 -0.000592536
2.94 -0.000592536
2.96 0.00104064
2.96 0.00104064
2.98 0.00265234
2.98 0.00265234
3 0.00351324
3 0.00351324
3.02 0.0029895
3.02 0.0029895
3.04 0.00182249
3.04 0.00182249
3.06 0.000652826
3.06 0.000652826
3.08 -0.000515358
3.08 -0.000515358
3.1 -0.00167971
3.1 -0.00167971
3.12 -0.00284534
3.12 -0.00284534
3.14 -0.00401612
3.14 -0.00401612
3.16 -0.00519954
3.16 -0.00519954
3.18 -0.00639984
3.18 -0.00639984
3.2 -0.00760865
3.2 -0.00760865
3.22 -0.00879941
3.22 -0.00879941
3.24 -0.00996158
3.24 -0.00996158
3.26 -0.0110992
3.26 -0.0110992
3.28 -0.0122194
3.28 -0.0122194
3.3 -0.0133305
3.3 -0.0133305
3.32 -0.0144425
3.32 -0.0144425
3.34 -0.0155346
3.34 -0.0155346
3.36 -0.0165459
3.36 -0.0165459
3.38 -0.0174407
3.38 -0.0174407
3.4 -0.0182267
3.4 -0.0182267
3.42 -0.0189166
3.42 -0.0189166
3.44 -0.0195287
3.44 -0.0195287
3.46 -0.0200616
3.46 -0.0200616
3.48 -0.0204803
3.48 -0.0204803
3.5 -0.0207616
3.5 -0.0207616
3.52 -0.0209087
3.52 -0.0209087
3.54 -0.0209283
3.54 -0.0209283
3.56 -0.0208305
3.56 -0.0208305
3.58 -0.0206279
3.58 -0.0206279
3.6 -0.020332
3.6 -0.020332
3.62 -0.0199444
3.62 -0.0199444
3.64 -0.0194605
3.64 -0.0194605
3.66 -0.0188842
3.66 -0.0188842
3.68 -0.0182242
3.68 -0.0182242
3.7 -0.0174894
3.7 -0.0174894
3.72 -0.0166909
3.72 -0.0166909
3.74 -0.0158413
3.74 -0.0158413
3.76 -0.0149523
3.76 -0.0149523
3.78 -0.0140282
3.78 -0.0140282
3.8 -0.0130636
3.8 -0.0130636
3.82 -0.0120516
3.82 -0.0120516
3.84 -0.0109929
3.84 -0.0109929
3.86 -0.00989766
3.86 -0.00989766
3.88 -0.0087803
3.88 -0.0087803
3.9 -0.00765666
3.9 -0.00765666
3.92 -0.00654407
3.92 -0.00654407
3.94 -0.00546011
3.94 -0.00546011
3.96 -0.00442101
3.96 -0.00442101
3.98 -0.00342529
3.98 -0.00342529
4 -0.00244858
4 -0.00244858
4.02 -0.00147567
4.02 -0.00147567
4.04 -0.0005115
4.04 -0.0005115
4.06 0.000440599
4.06 0.000440599
4.08 0.00138452
4.08 0.00138452
4.1 0.00231896
4.1 0.00231896
4.12 0.00300893
4.12 0.00300893
4.14 0.0031212
4.14 0.0031212
4.16 0.00276704
4.16 0.00276704
4.18 0.00226256
4.18 0.00226256
4.2 0.0017102
4.2 0.0017102
4.22 0.00110496
4.22 0.00110496
4.24 0.000440395
4.24 0.000440395
4.26 -0.000289844
4.26 -0.000289844
4.28 -0.0010897
4.28 -0.0010897
4.3 -0.00195784
4.3 -0.00195784
4.32 -0.00288979
4.32 -0.00288979
4.34 -0.0038729
4.34 -0.0038729
4.36 -0.00486529
4.36 -0.00486529
4.38 -0.00581433
4.38 -0.00581433
4.4 -0.00670675
4.4 -0.00670675
4.42 -0.00754995
4.42 -0.00754995
4.44 -0.00833578
4.44 -0.00833578
4.46 -0.00904021
4.46 -0.00904021
4.48 -0.00963365
4.48 -0.00963365
4.5 -0.010097
4.5 -0.010097
4.52 -0.0104318
4.52 -0.0104318
4.54 -0.010651
4.54 -0.010651
4.56 -0.0107705
4.56 -0.0107705
4.58 -0.0108097
4.58 -0.0108097
4.6 -0.0107902
4.6 -0.0107902
4.62 -0.0107354
4.62 -0.0107354
4.64 -0.0106691
4.64 -0.0106691
4.66 -0.0106138
4.66 -0.0106138
4.68 -0.0105658
4.68 -0.0105658
4.7 -0.010491
4.7 -0.010491
4.72 -0.0103733
4.72 -0.0103733
4.74 -0.010223
4.74 -0.010223
4.76 -0.0100544
4.76 -0.0100544
4.78 -0.00988523
4.78 -0.00988523
4.8 -0.00973483
4.8 -0.00973483
4.82 -0.00962307
4.82 -0.00962307
4.84 -0.00955909
4.84 -0.00955909
4.86 -0.00950223
4.86 -0.00950223
4.88 -0.00938637
4.88 -0.00938637
4.9 -0.009188
4.9 -0.009188
4.92 -0.00891232
4.92 -0.00891232
4.94 -0.00856817
4.94 -0.00856817
4.96 -0.0081602
4.96 -0.0081602
4.98 -0.00767031
4.98 -0.00767031
5 -0.00708057
5 -0.00708057
5.02 -0.00639452
5.02 -0.00639452
5.04 -0.00562293
5.04 -0.00562293
5.06 -0.00477851
5.06 -0.00477851
5.08 -0.00387647
5.08 -0.00387647
5.1 -0.00293235
5.1 -0.00293235
5.12 -0.00195865
5.12 -0.00195865
5.14 -0.000954803
5.14 -0.000954803
5.16 8.87111e-05
5.16 8.87111e-05
5.18 0.00117379
5.18 0.00117379
5.2 0.00229478
5.2 0.00229478
5.22 0.00344181
5.22 0.00344181
5.24 0.00422564
5.24 0.00422564
5.26 0.00398313
5.26 0.00398313
5.28 0.00281057
5.28 0.00281057
5.3 0.00138033
5.3 0.00138033
5.32 -5.63636e-06
5.32 -5.63636e-06
5.34 -0.00134371
5.34 -0.00134371
5.36 -0.00263801
5.36 -0.00263801
5.38 -0.00389538
5.38 -0.00389538
5.4 -0.00512591
5.4 -0.00512591
5.42 -0.00633983
5.42 -0.00633983
5.44 -0.00754593
5.44 -0.00754593
5.46 -0.00874317
5.46 -0.00874317
5.48 -0.00991808
5.48 -0.00991808
5.5 -0.0110541
5.5 -0.0110541
5.52 -0.0121427
5.52 -0.0121427
5.54 -0.0131856
5.54 -0.0131856
5.56 -0.0141887
5.56 -0.0141887
5.58 -0.015159
5.58 -0.015159
5.6 -0.0161047
5.6 -0.0161047
5.62 -0.0170335
5.62 -0.0170335
5.64 -0.0179531
5.64 -0.0179531
5.66 -0.0188615
5.66 -0.0188615
5.68 -0.0197393
5.68 -0.0197393
5.7 -0.0205601
5.7 -0.0205601
5.72 -0.0213065
5.72 -0.0213065
5.74 -0.0219744
5.74 -0.0219744
5.76 -0.0225652
5.76 -0.0225652
5.78 -0.0230774
5.78 -0.0230774
5.8 -0.0235023
5.8 -0.0235023
5.82 -0.0238285
5.82 -0.0238285
5.84 -0.0240512
5.84 -0.0240512
5.86 -0.024169
5.86 -0.024169
5.88 -0.0241802
5.88 -0.0241802
5.9 -0.0240848
5.9 -0.0240848
5.92 -0.0238865
5.92 -0.0238865
5.94 -0.0235915
5.94 -0.0235915
5.96 -0.0232093
5.96 -0.0232093
5.98 -0.0227509
5.98 -0.0227509
6 -0.0222218
6 -0.0222218
6.02 -0.021617
6.02 -0.021617
6.04 -0.0209263
6.04 -0.0209263
6.06 -0.020145
6.06 -0.020145
6.08 -0.0192813
6.08 -0.0192813
6.1 -0.0183482
6.1 -0.0183482
6.12 -0.0173512
6.12 -0.0173512
6.14 -0.0162898
6.14 -0.0162898
6.16 -0.0151679
6.16 -0.0151679
6.18 -0.0139951
6.18 -0.0139951
6.2 -0.0127822
6.2 -0.0127822
6.22 -0.0115404
6.22 -0.0115404
6.24 -0.0102758
6.24 -0.0102758
6.26 -0.00898572
6.26 -0.00898572
6.28 -0.00766739
6.28 -0.00766739
6.3 -0.00632395
6.3 -0.00632395
6.32 -0.00496326
6.32 -0.00496326
6.34 -0.00359311
6.34 -0.00359311
6.36 -0.00221766
6.36 -0.00221766
6.38 -0.000840048
6.38 -0.000840048
6.4 0.000534082
6.4 0.000534082
6.42 0.00189765
6.42 0.00189765
6.44 0.00315104
6.44 0.00315104
6.46 0.00357843
6.46 0.00357843
6.48 0.00272005
6.48 0.00272005
6.5 0.00130653
6.5 0.00130653
6.52 -0.000100469
6.52 -0.000100469
6.54 -0.00149369
6.54 -0.00149369
6.56 -0.00286538
6.56 -0.00286538
6.58 -0.00421182
6.58 -0.00421182
6.6 -0.00552836
6.6 -0.00552836
6.62 -0.00681557
6.62 -0.00681557
6.64 -0.00806972
6.64 -0.00806972
6.66 -0.00928281
6.66 -0.00928281
6.68 -0.0104472
6.68 -0.0104472
6.7 -0.0115596
6.7 -0.0115596
6.72 -0.0126145
6.72 -0.0126145
6.74 -0.0136077
6.74 -0.0136077
6.76 -0.0145363
6.76 -0.0145363
6.78 -0.0154003
6.78 -0.0154003
6.8 -0.0162003
6.8 -0.0162003
6.82 -0.0169391
6.82 -0.0169391
6.84 -0.0176215
6.84 -0.0176215
6.86 -0.0182544
6.86 -0.0182544
6.88 -0.0188344
6.88 -0.0188344
6.9 -0.0193438
6.9 -0.0193438
6.92 -0.0197671
6.92 -0.0197671
6.94 -0.0201024
6.94 -0.0201024
6.96 -0.0203539
6.96 -0.0203539
6.98 -0.0205249
6.98 -0.0205249
7 -0.0206124
7 -0.0206124
7.02 -0.0206075
7.02 -0.0206075
7.04 -0.0205034
7.04 -0.0205034
7.06 -0.0203016
7.06 -0.0203016
7.08 -0.0200099
7.08 -0.0200099
7.1 -0.019638
7.1 -0.019638
7.12 -0.0191951
7.12 -0.0191951
7.14 -0.01869
7.14 -0.01869
7.16 -0.0181257
7.16 -0.0181257
7.18 -0.0174969
7.18 -0.0174969
7.2 -0.0167974
7.2 -0.0167974
7.22 -0.016028
7.22 -0.016028
7.24 -0.0151929
7.24 -0.0151929
7.26 -0.0142955
7.26 -0.0142955
7.28 -0.0133406
7.28 -0.0133406
7.3 -0.0123359
7.3 -0.0123359
7.32 -0.0112897
7.32 -0.0112897
7.34 -0.0102105
7.34 -0.0102105
7.36 -0.00910614
7.36 -0.00910614
7.38 -0.0079802
7.38 -0.0079802
7.4 -0.00683307
7.4 -0.00683307
7.42 -0.00566832
7.42 -0.00566832
7.44 -0.00449646
7.44 -0.00449646
7.46 -0.00332976
7.46 -0.00332976
7.48 -0.00217336
7.48 -0.00217336
7.5 -0.00102533
7.5 -0.00102533
7.52 0.000115976
7.52 0.000115976
7.54 0.0012493
7.54 0.0012493
7.56 0.00237053
7.56 0.00237053
7.58 0.00310308
7.58 0.00310308
7.6 0.00305043
7.6 0.00305043
7.62 0.00252822
7.62 0.00252822
7.64 0.00192194
7.64 0.00192194
7.66 0.00128678
7.66 0.00128678
7.68 0.000627921
7.68 0.000627921
7.7 -4.90209e-05
7.7 -4.90209e-05
7.72 -0.000739825
7.72 -0.000739825
7.74 -0.00144693
7.74 -0.00144693
7.76 -0.00216835
7.76 -0.00216835
7.78 -0.00289601
7.78 -0.00289601
7.8 -0.00362027
7.8 -0.00362027
7.82 -0.00432961
7.82 -0.00432961
7.84 -0.00501117
7.84 -0.00501117
7.86 -0.00565708
7.86 -0.00565708
7.88 -0.00626101
7.88 -0.00626101
7.9 -0.00681866
7.9 -0.00681866
7.92 -0.00732701
7.92 -0.00732701
7.94 -0.00778443
7.94 -0.00778443
7.96 -0.00819319
7.96 -0.00819319
7.98 -0.00856235
7.98 -0.00856235
8 -0.00889549
8 -0.00889549
8.02 -0.00918325
8.02 -0.00918325
8.04 -0.00941461
8.04 -0.00941461
8.06 -0.0095871
8.06 -0.0095871
8.08 -0.00970294
8.08 -0.00970294
8.1 -0.00976389
8.1 -0.00976389
8.12 -0.00977144
8.12 -0.00977144
8.14 -0.0097273
8.14 -0.0097273
8.16 -0.00963289
8.16 -0.00963289
8.18 -0.00948941
8.18 -0.00948941
8.2 -0.00929688
8.2 -0.00929688
8.22 -0.00905519
8.22 -0.00905519
8.24 -0.00876649
8.24 -0.00876649
8.26 -0.00843593
8.26 -0.00843593
8.28 -0.0080705
8.28 -0.0080705
8.3 -0.00767865
8.3 -0.00767865
8.32 -0.00726803
8.32 -0.00726803
8.34 -0.00684348
8.34 -0.00684348
8.36 -0.00640788
8.36 -0.00640788
8.38 -0.00596338
8.38 -0.00596338
8.4 -0.00551127
8.4 -0.00551127
8.42 -0.00505236
8.42 -0.00505236
8.44 -0.00458621
8.44 -0.00458621
8.46 -0.00411205
8.46 -0.00411205
8.48 -0.00363117
8.48 -0.00363117
8.5 -0.00314752
8.5 -0.00314752
8.52 -0.00265467
8.52 -0.00265467
8.54 -0.00212694
8.54 -0.00212694
8.56 -0.0015442
8.56 -0.0015442
8.58 -0.00090429
8.58 -0.00090429
8.6 -0.000211683
8.6 -0.000211683
8.62 0.000525824
8.62 0.000525824
8.64 0.00129816
8.64 0.00129816
8.66 0.00209436
8.66 0.00209436
8.68 0.00290322
8.68 0.00290322
8.7 0.00371347
8.7 0.00371347
8.72 0.00425309
8.72 0.00425309
8.74 0.00418114
8.74 0.00418114
8.76 0.00367178
8.76 0.00367178
8.78 0.0030618
8.78 0.0030618
8.8 0.00244278
8.8 0.00244278
8.82 0.00181397
8.82 0.00181397
8.84 0.00117585
8.84 0.00117585
8.86 0.000531271
8.86 0.000531271
8.88 -0.000123567
8.88 -0.000123567
8.9 -0.000797087
8.9 -0.000797087
8.92 -0.001499
8.92 -0.001499
8.94 -0.0022408
8.94 -0.0022408
8.96 -0.00302694
8.96 -0.00302694
8.98 -0.00382445
8.98 -0.00382445
9 -0.00458675
9 -0.00458675
9.02 -0.00530254
9.02 -0.00530254
9.04 -0.00597729
9.04 -0.00597729
9.06 -0.00660455
9.06 -0.00660455
9.08 -0.00717265
9.08 -0.00717265
9.1 -0.00767905
9.1 -0.00767905
9.12 -0.00812568
9.12 -0.00812568
9.14 -0.0085114
9.14 -0.0085114
9.16 -0.00884205
9.16 -0.00884205
9.18 -0.0091326
9.18 -0.0091326
9.2 -0.00940273
9.2 -0.00940273
9.22 -0.00967572
9.22 -0.00967572
9.24 -0.00996234
9.24 -0.00996234
9.26 -0.0102473
9.26 -0.0102473
9.28 -0.0105137
9.28 -0.0105137
9.3 -0.0107551
9.3 -0.0107551
9.32 -0.01096
9.32 -0.01096
9.34 -0.0111135
9.34 -0.0111135
9.36 -0.0112013
9.36 -0.0112013
9.38 -0.0112095
9.38 -0.0112095
9.4 -0.0111291
9.4 -0.0111291
9.42 -0.010961
9.42 -0.010961
9.44 -0.0107181
9.44 -0.0107181
9.46 -0.0104181
9.46 -0.0104181
9.48 -0.0100803
9.48 -0.0100803
9.5 -0.00972732
9.5 -0.00972732
9.52 -0.00938318
9.52 -0.00938318
9.54 -0.0090453
9.54 -0.0090453
9.56 -0.00868426
9.56 -0.00868426
9.58 -0.00828785
9.58 -0.00828785
9.6 -0.00785992
9.6 -0.00785992
9.62 -0.0074043
9.62 -0.0074043
9.64 -0.00693032
9.64 -0.00693032
9.66 -0.00645186
9.66 -0.00645186
9.68 -0.00596998
9.68 -0.00596998
9.7 -0.005465
9.7 -0.005465
9.72 -0.0049254
9.72 -0.0049254
9.74 -0.00435814
9.74 -0.00435814
9.76 -0.00377133
9.76 -0.00377133
9.78 -0.00317143
9.78 -0.00317143
9.8 -0.00256763
9.8 -0.00256763
9.82 -0.00197157
9.82 -0.00197157
9.84 -0.00139437
9.84 -0.00139437
9.86 -0.000844382
9.86 -0.000844382
9.88 -0.0003244
9.88 -0.0003244
9.9 0.000170351
9.9 0.000170351
9.92 0.00064886
9.92 0.00064886
9.94 0.00111751
9.94 0.00111751
9.96 0.00158127
9.96 0.00158127
9.98 0.00204789
9.98 0.00204789
10 0.00251737
10 0.00251737
