0.02 1.09783e-06
0.04 5.4089e-06
0.06 1.37256e-05
0.08 2.57329e-05
0.1 4.16311e-05
0.12 6.21425e-05
0.14 8.77238e-05
0.16 0.000118006
0.18 0.000152085
0.2 0.000189115
0.22 0.000229148
0.24 0.000273401
0.26 0.000323245
0.28 0.000378951
0.3 0.00043962
0.32 0.000503927
0.34 0.000570419
0.36 0.000637517
0.38 0.000704114
0.4 0.000770683
0.42 0.000839123
0.44 0.00091107
0.46 0.000985618
0.48 0.0010589
0.5 0.00112622
0.52 0.00118603
0.54 0.00124166
0.56 0.0012966
0.58 0.00135236
0.6 0.00141066
0.62 0.00147367
0.64 0.00154281
0.66 0.00161671
0.68 0.00169236
0.7 0.00176828
0.72 0.0018437
0.74 0.00191704
0.76 0.00198509
0.78 0.00204349
0.8 0.00208768
0.82 0.00211436
0.84 0.00212145
0.86 0.00210584
0.88 0.00206397
0.9 0.00199496
0.92 0.00190102
0.94 0.00178548
0.96 0.00165168
0.98 0.00150079
1 0.001331
1.02 0.00113936
1.04 0.00092246
1.06 0.000676937
1.08 0.000401715
1.1 9.92517e-05
1.12 -0.000225202
1.14 -0.000565657
1.16 -0.000915222
1.18 -0.00125972
1.2 -0.00157984
1.22 -0.00186485
1.24 -0.00211595
1.26 -0.00233892
1.28 -0.0025409
1.3 -0.00272938
1.32 -0.00291128
1.34 -0.00309335
1.36 -0.00328265
1.38 -0.0034875
1.4 -0.00371725
1.42 -0.00398147
1.44 -0.00428674
1.46 -0.00463021
1.48 -0.00500136
1.5 -0.00539059
1.52 -0.00579345
1.54 -0.00620761
1.56 -0.00663058
1.58 -0.0070619
1.6 -0.00750452
1.62 -0.00795297
1.64 -0.00837131
1.66 -0.00870627
1.68 -0.00892728
1.7 -0.00902915
1.72 -0.00901412
1.74 -0.00888752
1.76 -0.00865409
1.78 -0.00831574
1.8 -0.00787346
1.82 -0.00733009
1.84 -0.00669416
1.86 -0.00597879
1.88 -0.00519846
1.9 -0.0043691
1.92 -0.00350876
1.94 -0.00263685
1.96 -0.00177311
1.98 -0.000937282
2 -0.000149033
2.02 0.000572232
2.04 0.00120752
2.06 0.00105687
2.08 0.000112169
2.1 -0.00127987
2.12 -0.00302489
2.14 -0.00481503
2.16 -0.00672048
2.18 -0.00864734
2.2 -0.0105083
2.22 -0.0122419
2.24 -0.0138418
2.26 -0.0153137
2.28 -0.0166679
2.3 -0.0179212
2.32 -0.0190865
2.34 -0.020176
2.36 -0.0212002
2.38 -0.0221703
2.4 -0.0230977
2.42 -0.0239818
2.44 -0.024768
2.46 -0.0253876
2.48 -0.025826
2.5 -0.0260971
2.52 -0.0262176
2.54 -0.0262121
2.56 -0.0260929
2.58 -0.0258373
2.6 -0.0254148
2.62 -0.0248207
2.64 -0.0240628
2.66 -0.0231512
2.68 -0.0220997
2.7 -0.0209228
2.72 -0.0196357
2.74 -0.0182538
2.76 -0.0167926
2.78 -0.0152681
2.8 -0.0136908
2.82 -0.0120604
2.84 -0.0103699
2.86 -0.00861361
2.88 -0.00679483
2.9 -0.00492599
2.92 -0.00302233
2.94 -0.00110055
2.96 0.000821241
2.98 0.00272463
3 0.00330024
3.02 0.00255579
3.04 0.00118016
3.06 -0.000627475
3.08 -0.00229543
3.1 -0.00400087
3.12 -0.00568252
3.14 -0.00736201
3.16 -0.00903991
3.18 -0.010719
3.2 -0.0123902
3.22 -0.0140239
3.24 -0.0156091
3.26 -0.017147
3.28 -0.0186441
3.3 -0.0201067
3.32 -0.0215438
3.34 -0.0229332
3.36 -0.0242128
3.38 -0.0253458
3.4 -0.0263389
3.42 -0.0272039
3.44 -0.0279581
3.46 -0.0285997
3.48 -0.0290931
3.5 -0.0294148
3.52 -0.0295676
3.54 -0.0295581
3.56 -0.0293963
3.58 -0.0290951
3.6 -0.0286663
3.62 -0.0281119
3.64 -0.0274281
3.66 -0.0266194
3.68 -0.0256954
3.7 -0.0246661
3.72 -0.0235438
3.74 -0.0223423
3.76 -0.0210748
3.78 -0.0197471
3.8 -0.0183556
3.82 -0.016895
3.84 -0.0153678
3.86 -0.0137862
3.88 -0.0121665
3.9 -0.0105266
3.92 -0.00888599
3.94 -0.00726447
3.96 -0.00568055
3.98 -0.0041351
4 -0.00260603
4.02 -0.00108042
4.04 0.000434543
4.06 0.0019333
4.08 0.00286676
4.1 0.00296974
4.12 0.00252396
4.14 0.00174138
4.16 0.000897871
4.18 3.07874e-05
4.2 -0.000875076
4.22 -0.00181995
4.24 -0.00281185
4.26 -0.00385551
4.28 -0.00495459
4.3 -0.00610655
4.32 -0.00730627
4.34 -0.00854009
4.36 -0.00976538
4.38 -0.0109285
4.4 -0.0120155
4.42 -0.0130327
4.44 -0.0139714
4.46 -0.0148069
4.48 -0.0155089
4.5 -0.0160577
4.52 -0.0164544
4.54 -0.0167114
4.56 -0.0168446
4.58 -0.0168729
4.6 -0.0168181
4.62 -0.0167037
4.64 -0.0165539
4.66 -0.0163915
4.68 -0.0162134
4.7 -0.0159862
4.72 -0.0156942
4.74 -0.0153486
4.76 -0.0149646
4.78 -0.0145606
4.8 -0.0141572
4.82 -0.0137754
4.84 -0.0134255
4.86 -0.0130683
4.88 -0.0126387
4.9 -0.0121144
4.92 -0.011502
4.94 -0.0108113
4.96 -0.0100485
4.98 -0.00919663
5 -0.00823918
5.02 -0.00718094
5.04 -0.00603404
5.06 -0.00481253
5.08 -0.00353302
5.1 -0.00221248
5.12 -0.000864835
5.14 0.000509028
5.16 0.00191724
5.18 0.00336032
5.2 0.00483128
5.22 0.00485945
5.24 0.00344483
5.26 0.00133604
5.28 -0.00125632
5.3 -0.00365908
5.32 -0.00604394
5.34 -0.00833548
5.36 -0.0105558
5.38 -0.0127049
5.4 -0.0147887
5.42 -0.0168168
5.44 -0.0187926
5.46 -0.0207142
5.48 -0.0225637
5.5 -0.0243234
5.52 -0.0259813
5.54 -0.0275378
5.56 -0.0289962
5.58 -0.0303624
5.6 -0.0316426
5.62 -0.032844
5.64 -0.0339729
5.66 -0.0350271
5.68 -0.0359866
5.7 -0.0368248
5.72 -0.0375245
5.74 -0.038082
5.76 -0.038499
5.78 -0.0387751
5.8 -0.0389022
5.82 -0.0388707
5.84 -0.0386768
5.86 -0.0383212
5.88 -0.037804
5.9 -0.0371273
5.92 -0.036297
5.94 -0.0353222
5.96 -0.0342149
5.98 -0.0329891
6 -0.0316536
6.02 -0.0302064
6.04 -0.0286408
6.06 -0.0269556
6.08 -0.0251626
6.1 -0.0232785
6.12 -0.0213127
6.14 -0.0192683
6.16 -0.0171532
6.18 -0.014981
6.2 -0.0127665
6.22 -0.0105248
6.24 -0.00826592
6.26 -0.00599129
6.28 -0.00370192
6.3 -0.00140477
6.32 0.000888579
6.34 0.00271123
6.36 0.00296399
6.38 0.00189275
6.4 0.000135388
6.42 -0.00194606
6.44 -0.00392396
6.46 -0.00591739
6.48 -0.00786526
6.5 -0.00976546
6.52 -0.0116038
6.54 -0.0133754
6.56 -0.015077
6.58 -0.0167026
6.6 -0.0182497
6.62 -0.0197165
6.64 -0.0211007
6.66 -0.0223924
6.68 -0.023585
6.7 -0.0246745
6.72 -0.0256562
6.74 -0.0265257
6.76 -0.0272812
6.78 -0.0279229
6.8 -0.0284531
6.82 -0.0288751
6.84 -0.0291955
6.86 -0.0294224
6.88 -0.0295544
6.9 -0.0295754
6.92 -0.0294722
6.94 -0.0292446
6.96 -0.0288995
6.98 -0.0284423
7 -0.0278725
7.02 -0.0271838
7.04 -0.0263722
7.06 -0.0254418
7.08 -0.0244034
7.1 -0.0232694
7.12 -0.0220522
7.14 -0.0207635
7.16 -0.0194094
7.18 -0.0179878
7.2 -0.0164954
7.22 -0.0149361
7.24 -0.0133173
7.26 -0.0116451
7.28 -0.0099275
7.3 -0.00817512
7.32 -0.00639903
7.34 -0.00461058
7.36 -0.00282022
7.38 -0.00103427
7.4 0.000744397
7.42 0.00250984
7.44 0.00308518
7.46 0.00246937
7.48 0.00126834
7.5 -0.00034097
7.52 -0.001833
7.54 -0.00335711
7.56 -0.00484913
7.58 -0.0063206
7.6 -0.00776539
7.62 -0.0091817
7.64 -0.0105714
7.66 -0.0119314
7.68 -0.013259
7.7 -0.0145448
7.72 -0.0157851
7.74 -0.0169791
7.76 -0.0181245
7.78 -0.0192108
7.8 -0.0202282
7.82 -0.0211635
7.84 -0.0220038
7.86 -0.0227402
7.88 -0.0233668
7.9 -0.023879
7.92 -0.0242745
7.94 -0.0245519
7.96 -0.0247146
7.98 -0.0247729
8 -0.0247317
8.02 -0.0245834
8.04 -0.0243189
8.06 -0.0239378
8.08 -0.0234448
8.1 -0.0228441
8.12 -0.0221401
8.14 -0.0213373
8.16 -0.0204405
8.18 -0.0194541
8.2 -0.0183816
8.22 -0.0172266
8.24 -0.0159948
8.26 -0.0146953
8.28 -0.013339
8.3 -0.0119385
8.32 -0.0105053
8.34 -0.00904865
8.36 -0.00757549
8.38 -0.00609217
8.4 -0.0046042
8.42 -0.00311651
8.44 -0.00163279
8.46 -0.000156317
8.48 0.00130766
8.5 0.00272751
8.52 0.00301913
8.54 0.0022296
8.56 0.000951764
8.58 -0.000639567
8.6 -0.00206412
8.62 -0.00346809
8.64 -0.00479935
8.66 -0.00607487
8.68 -0.00729433
8.7 -0.00846012
8.72 -0.00957736
8.74 -0.0106456
8.76 -0.0116626
8.78 -0.0126216
8.8 -0.013522
8.82 -0.0143654
8.84 -0.0151523
8.86 -0.0158797
8.88 -0.0165519
8.9 -0.0171775
8.92 -0.0177669
8.94 -0.0183325
8.96 -0.0188797
8.98 -0.0193769
9 -0.0197791
9.02 -0.0200764
9.04 -0.0202762
9.06 -0.0203741
9.08 -0.0203608
9.1 -0.0202361
9.12 -0.0200046
9.14 -0.0196679
9.16 -0.0192349
9.18 -0.0187237
9.2 -0.0181573
9.22 -0.0175626
9.24 -0.0169539
9.26 -0.0163196
9.28 -0.0156468
9.3 -0.0149327
9.32 -0.0141698
9.34 -0.013347
9.36 -0.0124539
9.38 -0.0114804
9.4 -0.0104212
9.42 -0.00928118
9.44 -0.00807671
9.46 -0.00682936
9.48 -0.00556208
9.5 -0.00430108
9.52 -0.00307394
9.54 -0.00188156
9.56 -0.000697865
9.58 0.000486256
9.6 0.00166398
9.62 0.00282867
9.64 0.0033866
9.66 0.00327898
9.68 0.00280944
9.7 0.0021098
9.72 0.00145991
9.74 0.000800089
9.76 0.000149441
9.78 -0.000498742
9.8 -0.00114746
9.82 -0.00180264
9.84 -0.00247132
9.86 -0.00315597
9.88 -0.00385528
9.9 -0.00455903
9.92 -0.00525405
9.94 -0.00592891
9.96 -0.00657452
9.98 -0.00717853
10 -0.00773698
