0.02 0
0.04 0
0.06 0
0.08 0
0.1 0
0.12 0
0.14 0
0.16 0
0.18 0
0.2 0
0.22 5.44963e-12
0.24 0
0.26 5.44963e-12
0.28 7.13405e-11
0.3 -2.17985e-11
0.32 1.08993e-11
0.34 -5.44963e-12
0.36 5.44963e-12
0.38 0
0.4 0
0.42 0
0.44 0
0.46 0
0.48 0
0.5 1.08993e-11
0.52 -5.44963e-12
0.54 1.08993e-11
0.56 -1.08993e-11
0.58 1.08993e-11
0.6 -5.44963e-12
0.62 5.44963e-12
0.64 5.44963e-12
0.66 0
0.68 5.44963e-12
0.7 5.44963e-12
0.72 5.44963e-12
0.74 5.44963e-12
0.76 0
0.78 0
0.8 0
0.82 0
0.84 0
0.86 0
0.88 0
0.9 0
0.92 0
0.94 0
0.96 0
0.98 0
1 -2.17985e-11
1.02 2.17985e-11
1.04 -2.17985e-11
1.06 -2.17985e-11
1.08 2.17985e-11
1.1 -2.17985e-11
1.12 2.17985e-11
1.14 -2.17985e-11
1.16 2.17985e-11
1.18 -2.17985e-11
1.2 -3.07161e-10
1.22 -1.98168e-10
1.24 -5.48925e-10
1.26 1.74388e-10
1.28 -1.30791e-10
1.3 8.71941e-11
1.32 -8.71941e-11
1.34 4.35971e-11
1.36 -2.17985e-11
1.38 0
1.4 -2.17985e-11
1.42 2.17985e-11
1.44 -2.17985e-11
1.46 2.17985e-11
1.48 -2.17985e-11
1.5 -2.17985e-11
1.52 -2.17985e-11
1.54 2.17985e-11
1.56 -2.17985e-11
1.58 -2.17985e-11
1.6 2.17985e-11
1.62 -2.17985e-11
1.64 2.17985e-11
1.66 -2.17985e-11
1.68 2.17985e-11
1.7 -2.17985e-11
1.72 1.36241e-11
1.74 -2.17985e-11
1.76 2.17985e-11
1.78 2.17985e-11
1.8 -2.17985e-11
1.82 2.17985e-11
1.84 0
1.86 1.14145e-09
1.88 7.92671e-10
1.9 -1.74388e-10
1.92 1.74388e-10
1.94 -8.71941e-11
1.96 4.5975e-10
1.98 1.10974e-10
2 0
2.02 2.29875e-10
2.04 1.98168e-10
2.06 353139
2.08 -1.71713e-09
2.1 8.73115e-11
2.12 3.12866e-10
2.14 -9.55879e-10
2.16 -1.11731e-09
2.18 1.00977e-09
2.2 -1.21736e-09
2.22 3.94024e-10
2.24 -1.51361e-09
2.26 -3.8812e-10
2.28 3.93251e-09
2.3 -4.18068e-10
2.32 1.06792e-09
2.34 -1.92908e-09
2.36 -1.66739e-09
2.38 1.63516e-09
2.4 3.25434e-10
2.42 -2.33603e-09
2.44 -9.02611e-11
2.46 -6.23182e-10
2.48 4.79908e-10
2.5 -2.66885e-09
2.52 6.97067e-10
2.54 3.91042e-09
2.56 2.15006e-09
2.58 -7.82971e-10
2.6 -5.63424e-10
2.62 8.74162e-11
2.64 1.03832e-09
2.66 -1.4902e-09
2.68 8.16444e-10
2.7 1.13352e-09
2.72 -6.97553e-10
2.74 5.23165e-10
2.76 -3.48777e-10
2.78 1.74388e-10
2.8 -1.74388e-10
2.82 1.74388e-10
2.84 -1.74388e-10
2.86 1.74388e-10
2.88 0
2.9 0
2.92 1.74388e-10
2.94 -1.74388e-10
2.96 6.34139e-10
2.98 2.21947e-10
3 669010
3.02 -6.98492e-10
3.04 -4.36557e-10
3.06 -2.11003e-10
3.08 -2.72848e-10
3.1 5.27507e-10
3.12 -1.4029e-10
3.14 -5.84464e-10
3.16 4.49006e-10
3.18 2.26862e-10
3.2 -1.98259e-10
3.22 -3.94738e-10
3.24 -1.52089e-09
3.26 -2.06135e-09
3.28 3.65374e-10
3.3 2.74206e-09
3.32 1.78574e-09
3.34 3.98648e-09
3.36 -1.12479e-09
3.38 -2.50841e-10
3.4 -3.7597e-09
3.42 -1.50326e-09
3.44 -6.72906e-10
3.46 2.06421e-09
3.48 1.82625e-09
3.5 3.7755e-09
3.52 -1.02659e-10
3.54 1.06446e-09
3.56 2.63506e-09
3.58 5.40849e-10
3.6 1.04044e-09
3.62 3.90372e-10
3.64 3.0082e-09
3.66 2.60392e-09
3.68 -1.30791e-10
3.7 1.30791e-10
3.72 4.35971e-11
3.74 -4.35971e-11
3.76 0
3.78 0
3.8 0
3.82 0
3.84 0
3.86 1.74388e-10
3.88 2.2829e-09
3.9 -6.97553e-10
3.92 -1.58534e-09
3.94 1.74388e-10
3.96 -1.74388e-10
3.98 3.48777e-10
4 3.96336e-10
4.02 4.5975e-10
4.04 5.70724e-10
4.06 1.10974e-10
4.08 285320
4.1 138836
4.12 1.38243e-10
4.14 -4.27463e-11
4.16 -1.9827e-10
4.18 -1.48361e-10
4.2 -2.49088e-10
4.22 -8.44693e-11
4.24 -1.82013e-10
4.26 2.11005e-10
4.28 -6.75216e-10
4.3 9.44002e-10
4.32 -1.33587e-09
4.34 1.56188e-09
4.36 -1.73465e-10
4.38 -1.17621e-10
4.4 2.92148e-10
4.42 -1.36153e-09
4.44 1.42632e-09
4.46 -8.97823e-11
4.48 6.32362e-10
4.5 -6.99281e-10
4.52 -3.2289e-09
4.54 -2.19675e-10
4.56 5.31736e-10
4.58 -2.24883e-10
4.6 2.84515e-09
4.62 -1.45238e-09
4.64 2.27094e-09
4.66 6.34159e-10
4.68 9.03638e-10
4.7 1.00273e-09
4.72 3.91184e-09
4.74 1.28016e-09
4.76 -4.35971e-11
4.78 4.35971e-11
4.8 0
4.82 0
4.84 0
4.86 0
4.88 0
4.9 0
4.92 4.35971e-11
4.94 -4.35971e-11
4.96 4.35971e-11
4.98 -4.35971e-11
5 4.35971e-11
5.02 -4.35971e-11
5.04 4.35971e-11
5.06 0
5.08 0
5.1 0
5.12 4.5975e-10
5.14 1.10974e-10
5.16 0
5.18 0
5.2 0
5.22 756070
5.24 1.57161e-09
5.26 -2.91038e-11
5.28 -6.8394e-10
5.3 -2.41926e-10
5.32 -1.2551e-10
5.34 6.23459e-10
5.36 -3.19085e-09
5.38 -1.29145e-09
5.4 -1.26818e-10
5.42 -1.4558e-10
5.44 -2.05236e-09
5.46 -1.61118e-09
5.48 -7.41684e-10
5.5 1.39433e-09
5.52 3.17052e-10
5.54 1.91039e-09
5.56 -4.94271e-10
5.58 5.66797e-10
5.6 -2.30169e-09
5.62 3.79627e-10
5.64 5.05845e-11
5.66 -2.26992e-09
5.68 -1.86941e-09
5.7 1.20354e-09
5.72 -3.76801e-09
5.74 4.0821e-09
5.76 -7.28204e-09
5.78 -1.04188e-09
5.8 -3.76536e-09
5.82 -8.1392e-09
5.84 1.73098e-09
5.86 2.02726e-09
5.88 7.75828e-09
5.9 -2.00547e-09
5.92 1.39511e-09
5.94 -8.71941e-10
5.96 7.84747e-10
5.98 -5.23165e-10
6 3.48777e-10
6.02 -3.48777e-10
6.04 1.74388e-10
6.06 0
6.08 1.74388e-10
6.1 1.74388e-10
6.12 -1.74388e-10
6.14 1.74388e-10
6.16 -1.74388e-10
6.18 1.74388e-10
6.2 -1.74388e-10
6.22 1.74388e-10
6.24 0
6.26 0
6.28 0
6.3 0
6.32 0
6.34 235925
6.36 568137
6.38 2.03727e-10
6.4 2.76486e-10
6.42 -2.32831e-10
6.44 -5.43878e-10
6.46 -3.01952e-10
6.48 2.83535e-10
6.5 6.35168e-10
6.52 -1.95107e-09
6.54 -1.80123e-11
6.56 1.36946e-09
6.58 -1.18588e-09
6.6 2.57083e-09
6.62 -1.17351e-10
6.64 1.59525e-09
6.66 1.38364e-09
6.68 3.01811e-09
6.7 2.50577e-09
6.72 2.59115e-09
6.74 -2.0598e-09
6.76 2.17978e-09
6.78 2.04883e-09
6.8 -3.31811e-10
6.82 1.03486e-09
6.84 -1.66495e-09
6.86 2.74963e-09
6.88 7.6439e-10
6.9 -1.61915e-09
6.92 1.39244e-09
6.94 8.39133e-10
6.96 -1.10772e-09
6.98 -1.16722e-09
7 -2.12436e-09
7.02 4.30421e-09
7.04 3.34507e-09
7.06 3.95543e-09
7.08 -9.59136e-10
7.1 6.97553e-10
7.12 4.12982e-09
7.14 3.60666e-09
7.16 -6.10359e-10
7.18 4.35971e-10
7.2 -2.61582e-10
7.22 8.71941e-11
7.24 -8.71941e-11
7.26 8.71941e-11
7.28 -8.71941e-11
7.3 8.71941e-11
7.32 1.22864e-09
7.34 8.79866e-10
7.36 -8.71941e-11
7.38 8.71941e-11
7.4 3.72556e-10
7.42 4.8353e-10
7.44 603031
7.46 -8.14907e-10
7.48 -4.07454e-10
7.5 -2.83762e-10
7.52 -3.25599e-10
7.54 -1.11868e-10
7.56 8.44238e-10
7.58 1.09935e-10
7.6 -1.99151e-10
7.62 -8.80163e-10
7.64 -7.84262e-10
7.66 -1.13975e-09
7.68 -7.09157e-11
7.7 -2.03024e-09
7.72 -1.04927e-09
7.74 -1.66954e-09
7.76 -4.76896e-10
7.78 1.73496e-09
7.8 8.94007e-11
7.82 1.07625e-09
7.84 7.47666e-10
7.86 -6.18963e-10
7.88 7.56492e-10
7.9 5.03902e-11
7.92 -4.63261e-10
7.94 -7.73499e-10
7.96 1.84798e-09
7.98 2.80845e-09
8 -2.60504e-09
8.02 -2.30998e-10
8.04 -1.66258e-09
8.06 2.22145e-09
8.08 1.72208e-09
8.1 -1.08993e-09
8.12 7.4115e-10
8.14 4.17342e-09
8.16 -1.17712e-09
8.18 9.15538e-10
8.2 -4.79568e-10
8.22 4.79568e-10
8.24 -4.35971e-10
8.26 4.35971e-10
8.28 -2.61582e-10
8.3 2.61582e-10
8.32 -8.71941e-11
8.34 8.71941e-11
8.36 1.22864e-09
8.38 -2.61582e-10
8.4 8.71941e-11
8.42 8.71941e-11
8.44 -8.71941e-11
8.46 5.46944e-10
8.48 4.8353e-10
8.5 12325
8.52 563118
8.54 -5.82077e-11
8.56 -7.27596e-11
8.58 -1.81899e-10
8.6 -2.54659e-11
8.62 1.8963e-10
8.64 4.50427e-10
8.66 4.61512e-10
8.68 1.52028e-10
8.7 6.85411e-10
8.72 -1.45335e-09
8.74 -1.2506e-09
8.76 -1.7009e-09
8.78 -4.97102e-11
8.8 -1.27176e-10
8.82 -8.34166e-10
8.84 6.82926e-11
8.86 1.08551e-09
8.88 -4.40206e-09
8.9 1.78603e-09
8.92 -5.19342e-10
8.94 1.96176e-09
8.96 3.28279e-11
8.98 2.27094e-09
9 2.0081e-09
9.02 3.1309e-10
9.04 1.43358e-09
9.06 -2.47413e-09
9.08 1.35851e-10
9.1 2.7554e-09
9.12 8.86844e-10
9.14 2.11246e-09
9.16 -2.73472e-09
9.18 2.61582e-10
9.2 -2.17985e-10
9.22 1.30791e-10
9.24 -4.35971e-11
9.26 4.35971e-11
9.28 -4.35971e-11
9.3 4.35971e-11
9.32 4.35971e-11
9.34 -4.35971e-11
9.36 4.35971e-11
9.38 4.35971e-11
9.4 -4.35971e-11
9.42 2.17985e-10
9.44 -4.35971e-11
9.46 8.71941e-11
9.48 -8.71941e-11
9.5 8.71941e-11
9.52 0
9.54 0
9.56 0
9.58 3.72556e-10
9.6 -2.61582e-10
9.62 2.61582e-10
9.64 301375
9.66 25422.1
9.68 1.61526e-09
9.7 2.91038e-11
9.72 -4.23825e-10
9.74 -1.36879e-10
9.76 -2.18506e-10
9.78 1.41711e-10
9.8 1.43814e-11
9.82 -4.74614e-10
9.84 1.36904e-11
9.86 2.41716e-10
9.88 -1.95101e-10
9.9 3.52308e-10
9.92 -1.0834e-09
9.94 -1.24283e-10
9.96 2.38233e-10
9.98 1.64868e-11
10 -2.95756e-10
