0.02 1.0501e-06
0.04 5.05237e-06
0.06 1.23638e-05
0.08 2.20743e-05
0.1 3.36874e-05
0.12 4.71352e-05
0.14 6.2007e-05
0.16 7.70618e-05
0.18 9.0628e-05
0.2 0.000101298
0.22 0.000108796
0.24 0.000114186
0.26 0.000118765
0.28 0.000122775
0.3 0.000125381
0.32 0.000125499
0.34 0.000122147
0.36 0.000114503
0.38 0.000102509
0.4 8.7886e-05
0.42 7.37724e-05
0.44 6.28469e-05
0.46 5.50136e-05
0.48 4.7162e-05
0.5 3.55686e-05
0.52 1.99378e-05
0.54 4.87006e-06
0.56 -5.19853e-06
0.58 -8.30255e-06
0.6 -2.82494e-06
0.62 1.26775e-05
0.64 3.82578e-05
0.66 7.06689e-05
0.68 0.000104936
0.7 0.000137677
0.72 0.000166554
0.74 0.000188767
0.76 0.000200585
0.78 0.000197974
0.8 0.000177828
0.82 0.000139439
0.84 8.43467e-05
0.86 1.39699e-05
0.88 -6.996e-05
0.9 -0.000162502
0.92 -0.000255678
0.94 -0.000340956
0.96 -0.000410908
0.98 -0.000461615
1 -0.000493517
1.02 -0.000509386
1.04 -0.000513299
1.06 -0.000509928
1.08 -0.000502022
1.1 -0.000489186
1.12 -0.000468775
1.14 -0.000438137
1.16 -0.000394587
1.18 -0.000329448
1.2 -0.000230923
1.22 -9.8056e-05
1.24 5.67176e-05
1.26 0.00021609
1.28 0.000362358
1.3 0.000479423
1.32 0.000554556
1.34 0.000578596
1.36 0.000545766
1.38 0.000452892
1.4 0.000299661
1.42 8.91293e-05
1.44 -0.000169569
1.46 -0.00045609
1.48 -0.000742385
1.5 -0.00100315
1.52 -0.00122116
1.54 -0.00138498
1.56 -0.00148708
1.58 -0.00152622
1.6 -0.00150841
1.62 -0.00143481
1.64 -0.0012808
1.66 -0.00101143
1.68 -0.000622242
1.7 -0.00014015
1.72 0.000397227
1.74 0.000948664
1.76 0.00147559
1.78 0.00194647
1.8 0.00233643
1.82 0.00262579
1.84 0.00279727
1.86 0.00283785
1.88 0.00274237
1.9 0.00251322
1.92 0.00215899
1.94 0.00169423
1.96 0.00113908
1.98 0.000517879
2 -0.000142561
2.02 -0.000814673
2.04 -0.00147183
2.06 -0.0020773
2.08 -0.00260073
2.1 -0.00303817
2.12 -0.00338503
2.14 -0.00362562
2.16 -0.00373783
2.18 -0.0036727
2.2 -0.00336075
2.22 -0.0027866
2.24 -0.00200266
2.26 -0.0010805
2.28 -0.000101833
2.3 0.000849457
2.32 0.0016988
2.34 0.00238473
2.36 0.00286049
2.38 0.00309571
2.4 0.00307597
2.42 0.00281587
2.44 0.00239504
2.46 0.00191283
2.48 0.00141479
2.5 0.000918693
2.52 0.000438652
2.54 -1.9963e-05
2.56 -0.000441363
2.58 -0.00077936
2.6 -0.000987238
2.62 -0.0010536
2.64 -0.000987504
2.66 -0.000807273
2.68 -0.000540271
2.7 -0.000217716
2.72 0.000127708
2.74 0.000463918
2.76 0.000761373
2.78 0.000994963
2.8 0.00115024
2.82 0.00122899
2.84 0.00124436
2.86 0.00121158
2.88 0.00113953
2.9 0.00103048
2.92 0.000886329
2.94 0.000709687
2.96 0.000503667
2.98 0.000272652
3 4.60597e-05
3.02 -0.000143641
3.04 -0.000295771
3.06 -0.000410403
3.08 -0.00048735
3.1 -0.000532684
3.12 -0.000554325
3.14 -0.000563385
3.16 -0.000570604
3.18 -0.000585939
3.2 -0.000603611
3.22 -0.00060272
3.24 -0.000578052
3.26 -0.000541511
3.28 -0.000506616
3.3 -0.000488062
3.32 -0.000499398
3.34 -0.000522899
3.36 -0.000501601
3.38 -0.000409355
3.4 -0.000266014
3.42 -9.8471e-05
3.44 6.21157e-05
3.46 0.000205479
3.48 0.000355976
3.5 0.000524911
3.52 0.000697485
3.54 0.000856598
3.56 0.000984408
3.58 0.00106379
3.6 0.00108332
3.62 0.00104574
3.64 0.000963314
3.66 0.000842567
3.68 0.000687975
3.7 0.000505662
3.72 0.000301212
3.74 8.00939e-05
3.76 -0.000150571
3.78 -0.000376346
3.8 -0.000574764
3.82 -0.000724491
3.84 -0.000815806
3.86 -0.000852182
3.88 -0.000843982
3.9 -0.000805234
3.92 -0.000752449
3.94 -0.000702364
3.96 -0.000669419
3.98 -0.000649447
4 -0.000615942
4.02 -0.000553606
4.04 -0.000469073
4.06 -0.00036846
4.08 -0.000241647
4.1 -8.30105e-05
4.12 8.39245e-05
4.14 0.000229311
4.16 0.000334162
4.18 0.000385283
4.2 0.000373617
4.22 0.000294191
4.24 0.000146484
4.26 -6.58819e-05
4.28 -0.000332851
4.3 -0.000637066
4.32 -0.000956817
4.34 -0.0012634
4.36 -0.0015026
4.38 -0.00161741
4.4 -0.00159905
4.42 -0.00146719
4.44 -0.00123212
4.46 -0.0008945
4.48 -0.00045542
4.5 6.8302e-05
4.52 0.000636603
4.54 0.00119865
4.56 0.00170461
4.58 0.00210845
4.6 0.00237103
4.62 0.00246295
4.64 0.00236667
4.66 0.00207873
4.68 0.00163245
4.7 0.00109799
4.72 0.000529859
4.74 -4.40384e-05
4.76 -0.000600639
4.78 -0.00112285
4.8 -0.0015984
4.82 -0.00201932
4.84 -0.00237153
4.86 -0.00259862
4.88 -0.00263083
4.9 -0.00245493
4.92 -0.00209841
4.94 -0.00160146
4.96 -0.00100622
4.98 -0.000336289
5 0.000381818
5.02 0.00110023
5.04 0.0017674
5.06 0.00233661
5.08 0.00276787
5.1 0.00303203
5.12 0.00311504
5.14 0.0030275
5.16 0.00279857
5.18 0.00245728
5.2 0.00203072
5.22 0.00157219
5.24 0.00112268
5.26 0.000668898
5.28 0.00021515
5.3 -0.000191867
5.32 -0.000514049
5.34 -0.000742302
5.36 -0.000879744
5.38 -0.000935681
5.4 -0.000926757
5.42 -0.000872107
5.44 -0.000791176
5.46 -0.000694245
5.48 -0.000580037
5.5 -0.000445212
5.52 -0.000295469
5.54 -0.00014648
5.56 -1.68039e-05
5.58 7.62638e-05
5.6 0.000118053
5.62 9.80304e-05
5.64 1.06674e-05
5.66 -0.000136206
5.68 -0.000314747
5.7 -0.000489627
5.72 -0.000636629
5.74 -0.000746864
5.76 -0.000819211
5.78 -0.000851973
5.8 -0.000838599
5.82 -0.00077322
5.84 -0.000658903
5.86 -0.000504876
5.88 -0.000321222
5.9 -0.00012052
5.92 8.13202e-05
5.94 0.000267053
5.96 0.00041888
5.98 0.00052096
6 0.000567073
6.02 0.000565072
6.04 0.000530735
6.06 0.000475725
6.08 0.000400535
6.1 0.000302453
6.12 0.00018761
6.14 6.90482e-05
6.16 -4.49807e-05
6.18 -0.000152267
6.2 -0.000252041
6.22 -0.000344432
6.24 -0.000424934
6.26 -0.000481869
6.28 -0.000505302
6.3 -0.000493617
6.32 -0.000451891
6.34 -0.000378404
6.36 -0.000251866
6.38 -7.38172e-05
6.4 0.000115213
6.42 0.000287033
6.44 0.000429768
6.46 0.000535576
6.48 0.000605079
6.5 0.00064334
6.52 0.000653022
6.54 0.000632821
6.56 0.000583453
6.58 0.000508043
6.6 0.000410314
6.62 0.000292897
6.64 0.000161936
6.66 3.00917e-05
6.68 -9.22827e-05
6.7 -0.000198786
6.72 -0.00028292
6.74 -0.000340191
6.76 -0.00036985
6.78 -0.00037451
6.8 -0.000359408
6.82 -0.000331751
6.84 -0.000301339
6.86 -0.000278917
6.88 -0.000264432
6.9 -0.00024309
6.92 -0.000203509
6.94 -0.000148423
6.96 -8.70999e-05
6.98 -2.73449e-05
7 3.00448e-05
7.02 9.03499e-05
7.04 0.0001567
7.06 0.00022421
7.08 0.000282449
7.1 0.000321002
7.12 0.000331529
7.14 0.000309062
7.16 0.000256422
7.18 0.000186282
7.2 0.000112873
7.22 4.33574e-05
7.24 -1.89462e-05
7.26 -7.00787e-05
7.28 -0.000108505
7.3 -0.000135952
7.32 -0.000155089
7.34 -0.000169157
7.36 -0.000180625
7.38 -0.000188079
7.4 -0.000187155
7.42 -0.000177273
7.44 -0.000143934
7.46 -8.1171e-05
7.48 -1.67434e-05
7.5 3.64188e-05
7.52 8.14206e-05
7.54 0.000118223
7.56 0.000145759
7.58 0.000160756
7.6 0.000160176
7.62 0.000140229
7.64 9.81493e-05
7.66 3.3535e-05
7.68 -4.88834e-05
7.7 -0.000140575
7.72 -0.000235186
7.74 -0.000331484
7.76 -0.000424993
7.78 -0.000504872
7.8 -0.000561071
7.82 -0.000583012
7.84 -0.000562106
7.86 -0.000496977
7.88 -0.000390845
7.9 -0.000250581
7.92 -8.61364e-05
7.94 9.08874e-05
7.96 0.000264982
7.98 0.000415726
8 0.000530529
8.02 0.000612506
8.04 0.000668268
8.06 0.000697861
8.08 0.000698598
8.1 0.000670483
8.12 0.000615654
8.14 0.000537875
8.16 0.000442463
8.18 0.000335956
8.2 0.000226444
8.22 0.000122052
8.24 2.80605e-05
8.26 -5.38534e-05
8.28 -0.000124576
8.3 -0.000186875
8.32 -0.000243079
8.34 -0.000293008
8.36 -0.000335015
8.38 -0.000367294
8.4 -0.000387928
8.42 -0.000395323
8.44 -0.000387626
8.46 -0.000363663
8.48 -0.000325272
8.5 -0.000277177
8.52 -0.000194822
8.54 -4.3783e-05
8.56 0.000163392
8.58 0.000400957
8.6 0.000650611
8.62 0.000890832
8.64 0.00110112
8.66 0.00126274
8.68 0.00136138
8.7 0.00138714
8.72 0.00133549
8.74 0.001209
8.76 0.00101973
8.78 0.000784998
8.8 0.000520094
8.82 0.000237646
8.84 -4.64557e-05
8.86 -0.000315191
8.88 -0.000559046
8.9 -0.000775524
8.92 -0.000964809
8.94 -0.00113099
8.96 -0.00127245
8.98 -0.00135388
9 -0.00133239
9.02 -0.0012077
9.04 -0.00100157
9.06 -0.000728036
9.08 -0.000399113
9.1 -3.8017e-05
9.12 0.000327535
9.14 0.000674363
9.16 0.000975493
9.18 0.00119985
9.2 0.0013186
9.22 0.00130774
9.24 0.0011646
9.26 0.000919706
9.28 0.000609509
9.3 0.000262642
9.32 -8.70797e-05
9.34 -0.000404106
9.36 -0.000657405
9.38 -0.000822024
9.4 -0.00088402
9.42 -0.000846155
9.44 -0.000727935
9.46 -0.000557335
9.48 -0.000365129
9.5 -0.000184622
9.52 -4.77944e-05
9.54 4.33452e-05
9.56 0.000115417
9.58 0.000178392
9.6 0.000226993
9.62 0.000257281
9.64 0.000272096
9.66 0.00026932
9.68 0.000241002
9.7 0.000202729
9.72 0.00016986
9.74 0.00013923
9.76 0.000107311
9.78 7.2217e-05
9.8 2.9992e-05
9.82 -2.51541e-05
9.84 -9.73686e-05
9.86 -0.00018704
9.88 -0.00028823
9.9 -0.000387584
9.92 -0.000468697
9.94 -0.000519827
9.96 -0.000533162
9.98 -0.000501046
10 -0.000426454
