0.02 0.000103198
0.04 0.000286784
0.04 0.000286784
0.06 0.000416308
0.06 0.000416308
0.08 0.000502438
0.08 0.000502438
0.1 0.000580391
0.1 0.000580391
0.12 0.000660546
0.12 0.000660546
0.14 0.000700555
0.14 0.000700555
0.16 0.000663597
0.16 0.000663597
0.18 0.000548755
0.18 0.000548755
0.2 0.000387641
0.2 0.000387641
0.22 0.000262305
0.22 0.000262305
0.24 0.000219949
0.24 0.000219949
0.26 0.000228469
0.26 0.000228469
0.28 0.000208915
0.28 0.000208915
0.3 0.000130756
0.3 0.000130756
0.32 5.1307e-07
0.32 5.1307e-07
0.34 -0.000176572
0.34 -0.000176572
0.36 -0.00038909
0.36 -0.00038909
0.38 -0.000572966
0.38 -0.000572966
0.4 -0.00061943
0.4 -0.00061943
0.42 -0.000505331
0.42 -0.000505331
0.44 -0.000309307
0.44 -0.000309307
0.46 -0.000231686
0.46 -0.000231686
0.48 -0.000363348
0.48 -0.000363348
0.5 -0.000658159
0.5 -0.000658159
0.52 -0.000809347
0.52 -0.000809347
0.54 -0.000639882
0.54 -0.000639882
0.56 -0.000356934
0.56 -0.000356934
0.58 -7.64023e-06
0.58 -7.64023e-06
0.6 0.000419618
0.6 0.000419618
0.62 0.000897169
0.62 0.000897169
0.64 0.00131857
0.64 0.00131857
0.66 0.00147343
0.66 0.00147343
0.68 0.00141981
0.68 0.00141981
0.7 0.00127644
0.7 0.00127644
0.72 0.00103765
0.72 0.00103765
0.74 0.000666875
0.74 0.000666875
0.76 0.000110369
0.76 0.000110369
0.78 -0.000607073
0.78 -0.000607073
0.8 -0.00142076
0.8 -0.00142076
0.82 -0.00216791
0.82 -0.00216791
0.84 -0.00280755
0.84 -0.00280755
0.86 -0.00341715
0.86 -0.00341715
0.88 -0.00390998
0.88 -0.00390998
0.9 -0.00407612
0.9 -0.00407612
0.92 -0.00385163
0.92 -0.00385163
0.94 -0.0032731
0.94 -0.0032731
0.96 -0.00243241
0.96 -0.00243241
0.98 -0.00158914
0.98 -0.00158914
1 -0.00089893
1 -0.00089893
1.02 -0.000402488
1.02 -0.000402488
1.04 -0.000145885
1.04 -0.000145885
1.06 -9.79306e-05
1.06 -9.79306e-05
1.08 -6.10248e-05
1.08 -6.10248e-05
1.1 0.000103153
1.1 0.000103153
1.12 0.000486187
1.12 0.000486187
1.14 0.000993267
1.14 0.000993267
1.16 0.0017136
1.16 0.0017136
1.18 0.00313537
1.18 0.00313537
1.2 0.0050431
1.2 0.0050431
1.22 0.00654637
1.22 0.00654637
1.24 0.00721881
1.24 0.00721881
1.26 0.00705109
1.26 0.00705109
1.28 0.00606482
1.28 0.00606482
1.3 0.00443722
1.3 0.00443722
1.32 0.00234468
1.32 0.00234468
1.34 -3.93726e-05
1.34 -3.93726e-05
1.36 -0.00257758
1.36 -0.00257758
1.38 -0.00519082
1.38 -0.00519082
1.4 -0.00772651
1.4 -0.00772651
1.42 -0.0100619
1.42 -0.0100619
1.44 -0.0117826
1.44 -0.0117826
1.46 -0.0122696
1.46 -0.0122696
1.48 -0.0114724
1.48 -0.0114724
1.5 -0.0097981
1.5 -0.0097981
1.52 -0.00767962
1.52 -0.00767962
1.54 -0.00524605
1.54 -0.00524605
1.56 -0.00270212
1.56 -0.00270212
1.58 -0.000383972
1.58 -0.000383972
1.6 0.00144096
1.6 0.00144096
1.62 0.00363956
1.62 0.00363956
1.64 0.00797754
1.64 0.00797754
1.66 0.013708
1.66 0.013708
1.68 0.0185459
1.68 0.0185459
1.7 0.0217567
1.7 0.0217567
1.72 0.0231766
1.72 0.0231766
1.74 0.0227658
1.74 0.0227658
1.76 0.020944
1.76 0.020944
1.78 0.0180426
1.78 0.0180426
1.8 0.014379
1.8 0.014379
1.82 0.0100768
1.82 0.0100768
1.84 0.00513329
1.84 0.00513329
1.86 -0.000166208
1.86 -0.000166208
1.88 -0.00549248
1.88 -0.00549248
1.9 -0.0106082
1.9 -0.0106082
1.92 -0.0153219
1.92 -0.0153219
1.94 -0.0194086
1.94 -0.0194086
1.96 -0.0226921
1.96 -0.0226921
1.98 -0.0250477
1.98 -0.0250477
2 -0.0264351
2 -0.0264351
2.02 -0.0268482
2.02 -0.0268482
2.04 -0.0263644
2.04 -0.0263644
2.06 -0.0246276
2.06 -0.0246276
2.08 -0.0216407
2.08 -0.0216407
2.1 -0.018536
2.1 -0.018536
2.12 -0.0154481
2.12 -0.0154481
2.14 -0.0113465
2.14 -0.0113465
2.16 -0.00591117
2.16 -0.00591117
2.18 0.00321308
2.18 0.00321308
2.2 0.0157442
2.2 0.0157442
2.22 0.0265483
2.22 0.0265483
2.24 0.034225
2.24 0.034225
2.26 0.038577
2.26 0.038577
2.28 0.0390988
2.28 0.0390988
2.3 0.0363117
2.3 0.0363117
2.32 0.0307545
2.32 0.0307545
2.34 0.023186
2.34 0.023186
2.36 0.0141824
2.36 0.0141824
2.38 0.00454978
2.38 0.00454978
2.4 -0.00526723
2.4 -0.00526723
2.42 -0.0132397
2.42 -0.0132397
2.44 -0.0154523
2.44 -0.0154523
2.46 -0.0144828
2.46 -0.0144828
2.48 -0.0135862
2.48 -0.0135862
2.5 -0.0124652
2.5 -0.0124652
2.52 -0.0117939
2.52 -0.0117939
2.54 -0.0116613
2.54 -0.0116613
2.56 -0.010746
2.56 -0.010746
2.58 -0.0071465
2.58 -0.0071465
2.6 -0.00252955
2.6 -0.00252955
2.62 0.00152336
2.62 0.00152336
2.64 0.00494388
2.64 0.00494388
2.66 0.00729797
2.66 0.00729797
2.68 0.00852517
2.68 0.00852517
2.7 0.00865952
2.7 0.00865952
2.72 0.00779901
2.72 0.00779901
2.74 0.00608809
2.74 0.00608809
2.76 0.00371282
2.76 0.00371282
2.78 0.00090009
2.78 0.00090009
2.8 -0.00165012
2.8 -0.00165012
2.82 -0.00326322
2.82 -0.00326322
2.84 -0.00381409
2.84 -0.00381409
2.86 -0.00358564
2.86 -0.00358564
2.88 -0.00327768
2.88 -0.00327768
2.9 -0.00313629
2.9 -0.00313629
2.92 -0.00318284
2.92 -0.00318284
2.94 -0.00350071
2.94 -0.00350071
2.96 -0.00407143
2.96 -0.00407143
2.98 -0.0048448
2.98 -0.0048448
3 -0.00399156
3 -0.00399156
3.02 -0.00275206
3.02 -0.00275206
3.04 -0.00194472
3.04 -0.00194472
3.06 -0.00106459
3.06 -0.00106459
3.08 -0.000660505
3.08 -0.000660505
3.1 -0.000559565
3.1 -0.000559565
3.12 -0.00101914
3.12 -0.00101914
3.14 -0.00184603
3.14 -0.00184603
3.16 -0.00305681
3.16 -0.00305681
3.18 -0.00439449
3.18 -0.00439449
3.2 -0.00448948
3.2 -0.00448948
3.22 -0.00321539
3.22 -0.00321539
3.24 -0.00232544
3.24 -0.00232544
3.26 -0.00179557
3.26 -0.00179557
3.28 -0.00182524
3.28 -0.00182524
3.3 -0.00236523
3.3 -0.00236523
3.32 -0.00340401
3.32 -0.00340401
3.34 -0.00195231
3.34 -0.00195231
3.36 0.00267657
3.36 0.00267657
3.38 0.00647574
3.38 0.00647574
3.4 0.00878617
3.4 0.00878617
3.42 0.00961417
3.42 0.00961417
3.44 0.00861055
3.44 0.00861055
3.46 0.00827206
3.46 0.00827206
3.48 0.00953089
3.48 0.00953089
3.5 0.0100913
3.5 0.0100913
3.52 0.00966891
3.52 0.00966891
3.54 0.00840558
3.54 0.00840558
3.56 0.00617735
3.56 0.00617735
3.58 0.00326412
3.58 0.00326412
3.6 1.65859e-05
3.6 1.65859e-05
3.62 -0.00248313
3.62 -0.00248313
3.64 -0.00440433
3.64 -0.00440433
3.66 -0.00619637
3.66 -0.00619637
3.68 -0.00764638
3.68 -0.00764638
3.7 -0.0088315
3.7 -0.0088315
3.72 -0.00975677
3.72 -0.00975677
3.74 -0.0104508
3.74 -0.0104508
3.76 -0.0107389
3.76 -0.0107389
3.78 -0.0100927
3.78 -0.0100927
3.8 -0.00828336
3.8 -0.00828336
3.82 -0.00569713
3.82 -0.00569713
3.84 -0.00311575
3.84 -0.00311575
3.86 -0.00102716
3.86 -0.00102716
3.88 0.000455294
3.88 0.000455294
3.9 0.00118093
3.9 0.00118093
3.92 0.00115206
3.92 0.00115206
3.94 0.000431034
3.94 0.000431034
3.96 -0.000753803
3.96 -0.000753803
3.98 -0.000767811
3.98 -0.000767811
4 0.000901101
4 0.000901101
4.02 0.00251075
4.02 0.00251075
4.04 0.00356191
4.04 0.00356191
4.06 0.00459633
4.06 0.00459633
4.08 0.00567314
4.08 0.00567314
4.1 0.00611323
4.1 0.00611323
4.12 0.00634872
4.12 0.00634872
4.14 0.00604967
4.14 0.00604967
4.16 0.00447687
4.16 0.00447687
4.18 0.00211526
4.18 0.00211526
4.2 -0.000626704
4.2 -0.000626704
4.22 -0.00353595
4.22 -0.00353595
4.24 -0.00643719
4.24 -0.00643719
4.26 -0.00914445
4.26 -0.00914445
4.28 -0.0112612
4.28 -0.0112612
4.3 -0.0125177
4.3 -0.0125177
4.32 -0.0128099
4.32 -0.0128099
4.34 -0.0115965
4.34 -0.0115965
4.36 -0.00694819
4.36 -0.00694819
4.38 -0.00060791
4.38 -0.00060791
4.4 0.00437386
4.4 0.00437386
4.42 0.00839433
4.42 0.00839433
4.44 0.0122236
4.44 0.0122236
4.46 0.0162341
4.46 0.0162341
4.48 0.0201553
4.48 0.0201553
4.5 0.0228313
4.5 0.0228313
4.52 0.0232717
4.52 0.0232717
4.54 0.0215778
4.54 0.0215778
4.56 0.0178934
4.56 0.0178934
4.58 0.0125226
4.58 0.0125226
4.6 0.00583908
4.6 0.00583908
4.62 -0.0016515
4.62 -0.0016515
4.64 -0.00944093
4.64 -0.00944093
4.66 -0.0168724
4.66 -0.0168724
4.68 -0.0212526
4.68 -0.0212526
4.7 -0.0220226
4.7 -0.0220226
4.72 -0.0217086
4.72 -0.0217086
4.74 -0.020694
4.74 -0.020694
4.76 -0.0191858
4.76 -0.0191858
4.78 -0.0175854
4.78 -0.0175854
4.8 -0.0158977
4.8 -0.0158977
4.82 -0.0143988
4.82 -0.0143988
4.84 -0.0120151
4.84 -0.0120151
4.86 -0.00545954
4.86 -0.00545954
4.88 0.00337143
4.88 0.00337143
4.9 0.0108775
4.9 0.0108775
4.92 0.0169181
4.92 0.0169181
4.94 0.0207607
4.94 0.0207607
4.96 0.0233026
4.96 0.0233026
4.98 0.025754
4.98 0.025754
5 0.0267599
5 0.0267599
5.02 0.0256424
5.02 0.0256424
5.04 0.0227772
5.04 0.0227772
5.06 0.0182471
5.06 0.0182471
5.08 0.0125276
5.08 0.0125276
5.1 0.00601941
5.1 0.00601941
5.12 -0.000452102
5.12 -0.000452102
5.14 -0.00561907
5.14 -0.00561907
5.16 -0.00931497
5.16 -0.00931497
5.18 -0.0121303
5.18 -0.0121303
5.2 -0.013997
5.2 -0.013997
5.22 -0.0152584
5.22 -0.0152584
5.24 -0.0151445
5.24 -0.0151445
5.26 -0.0142466
5.26 -0.0142466
5.28 -0.013217
5.28 -0.013217
5.3 -0.0104725
5.3 -0.0104725
5.32 -0.00731055
5.32 -0.00731055
5.34 -0.00465293
5.34 -0.00465293
5.36 -0.00241029
5.36 -0.00241029
5.38 -0.00101562
5.38 -0.00101562
5.4 -0.000375469
5.4 -0.000375469
5.42 -0.000534324
5.42 -0.000534324
5.44 -0.00117742
5.44 -0.00117742
5.46 -0.00151995
5.46 -0.00151995
5.48 -0.00108925
5.48 -0.00108925
5.5 -0.000156976
5.5 -0.000156976
5.52 0.000606246
5.52 0.000606246
5.54 0.000808566
5.54 0.000808566
5.56 0.000471505
5.56 0.000471505
5.58 -0.000421146
5.58 -0.000421146
5.6 -0.00174278
5.6 -0.00174278
5.62 -0.00338665
5.62 -0.00338665
5.64 -0.00515506
5.64 -0.00515506
5.66 -0.00612614
5.66 -0.00612614
5.68 -0.00546646
5.68 -0.00546646
5.7 -0.00350945
5.7 -0.00350945
5.72 -0.00121445
5.72 -0.00121445
5.74 0.000773758
5.74 0.000773758
5.76 0.00235127
5.76 0.00235127
5.78 0.00376717
5.78 0.00376717
5.8 0.00537323
5.8 0.00537323
5.82 0.00688453
5.82 0.00688453
5.84 0.00786095
5.84 0.00786095
5.86 0.00832476
5.86 0.00832476
5.88 0.00836743
5.88 0.00836743
5.9 0.00782877
5.9 0.00782877
5.92 0.00669477
5.92 0.00669477
5.94 0.00497171
5.94 0.00497171
5.96 0.00268294
5.96 0.00268294
5.98 3.68141e-05
5.98 3.68141e-05
6 -0.00224047
6 -0.00224047
6.02 -0.00357179
6.02 -0.00357179
6.04 -0.00390635
6.04 -0.00390635
6.06 -0.00388369
6.06 -0.00388369
6.08 -0.00412694
6.08 -0.00412694
6.1 -0.00444305
6.1 -0.00444305
6.12 -0.00424497
6.12 -0.00424497
6.14 -0.00354028
6.14 -0.00354028
6.16 -0.00288745
6.16 -0.00288745
6.18 -0.00236991
6.18 -0.00236991
6.2 -0.00204442
6.2 -0.00204442
6.22 -0.00191244
6.22 -0.00191244
6.24 -0.00146376
6.24 -0.00146376
6.26 -0.000451054
6.26 -0.000451054
6.28 0.000748474
6.28 0.000748474
6.3 0.00175266
6.3 0.00175266
6.32 0.0023758
6.32 0.0023758
6.34 0.00276643
6.34 0.00276643
6.36 0.00311506
6.36 0.00311506
6.38 0.00330896
6.38 0.00330896
6.4 0.00320779
6.4 0.00320779
6.42 0.00285065
6.42 0.00285065
6.44 0.00248149
6.44 0.00248149
6.46 0.00357402
6.46 0.00357402
6.48 0.00428763
6.48 0.00428763
6.5 0.00372655
6.5 0.00372655
6.52 0.00299952
6.52 0.00299952
6.54 0.00191081
6.54 0.00191081
6.56 0.000793609
6.56 0.000793609
6.58 -0.000410975
6.58 -0.000410975
6.6 -0.00159508
6.6 -0.00159508
6.62 -0.00291389
6.62 -0.00291389
6.64 -0.00382235
6.64 -0.00382235
6.66 -0.00414844
6.66 -0.00414844
6.68 -0.00424807
6.68 -0.00424807
6.7 -0.00407704
6.7 -0.00407704
6.72 -0.00359194
6.72 -0.00359194
6.74 -0.00294889
6.74 -0.00294889
6.76 -0.0022863
6.76 -0.0022863
6.78 -0.00171712
6.78 -0.00171712
6.8 -0.00132059
6.8 -0.00132059
6.82 -0.00115418
6.82 -0.00115418
6.84 -0.00138017
6.84 -0.00138017
6.86 -0.00190785
6.86 -0.00190785
6.88 -0.00176979
6.88 -0.00176979
6.9 -0.000542978
6.9 -0.000542978
6.92 0.00089506
6.92 0.00089506
6.94 0.00192943
6.94 0.00192943
6.96 0.00247808
6.96 0.00247808
6.98 0.00273723
6.98 0.00273723
7 0.00316693
7 0.00316693
7.02 0.00385494
7.02 0.00385494
7.04 0.004443
7.04 0.004443
7.06 0.00446488
7.06 0.00446488
7.08 0.00384566
7.08 0.00384566
7.1 0.00269339
7.1 0.00269339
7.12 0.00114069
7.12 0.00114069
7.14 -0.000581637
7.14 -0.000581637
7.16 -0.0019159
7.16 -0.0019159
7.18 -0.00245317
7.18 -0.00245317
7.2 -0.00247758
7.2 -0.00247758
7.22 -0.00242368
7.22 -0.00242368
7.24 -0.0022257
7.24 -0.0022257
7.26 -0.00185885
7.26 -0.00185885
7.28 -0.00155832
7.28 -0.00155832
7.3 -0.00137336
7.3 -0.00137336
7.32 -0.00130318
7.32 -0.00130318
7.34 -0.00136405
7.34 -0.00136405
7.36 -0.00142986
7.36 -0.00142986
7.38 -0.00122382
7.38 -0.00122382
7.4 -0.000733747
7.4 -0.000733747
7.42 -0.000361491
7.42 -0.000361491
7.44 -0.000426104
7.44 -0.000426104
7.46 -0.000737677
7.46 -0.000737677
7.48 -0.000741528
7.48 -0.000741528
7.5 -0.000317738
7.5 -0.000317738
7.52 0.000288439
7.52 0.000288439
7.54 0.000927199
7.54 0.000927199
7.56 0.00137793
7.56 0.00137793
7.58 0.00248894
7.58 0.00248894
7.6 0.00316081
7.6 0.00316081
7.62 0.00252137
7.62 0.00252137
7.64 0.0014463
7.64 0.0014463
7.66 0.000181094
7.66 0.000181094
7.68 -0.000854457
7.68 -0.000854457
7.7 -0.00162595
7.7 -0.00162595
7.72 -0.00233616
7.72 -0.00233616
7.74 -0.00319324
7.74 -0.00319324
7.76 -0.00357787
7.76 -0.00357787
7.78 -0.00338798
7.78 -0.00338798
7.8 -0.00274788
7.8 -0.00274788
7.82 -0.00142021
7.82 -0.00142021
7.84 0.000203371
7.84 0.000203371
7.86 0.00184782
7.86 0.00184782
7.88 0.00338281
7.88 0.00338281
7.9 0.00462629
7.9 0.00462629
7.92 0.00549106
7.92 0.00549106
7.94 0.00592558
7.94 0.00592558
7.96 0.00560056
7.96 0.00560056
7.98 0.00435747
7.98 0.00435747
8 0.00311339
8 0.00311339
8.02 0.0024384
8.02 0.0024384
8.04 0.0019879
8.04 0.0019879
8.06 0.00133495
8.06 0.00133495
8.08 0.000544123
8.08 0.000544123
8.1 -0.000256166
8.1 -0.000256166
8.12 -0.00104931
8.12 -0.00104931
8.14 -0.00174425
8.14 -0.00174425
8.16 -0.00231545
8.16 -0.00231545
8.18 -0.00268772
8.18 -0.00268772
8.2 -0.00278459
8.2 -0.00278459
8.22 -0.00266487
8.22 -0.00266487
8.24 -0.00251688
8.24 -0.00251688
8.26 -0.00245086
8.26 -0.00245086
8.28 -0.00253265
8.28 -0.00253265
8.3 -0.00279581
8.3 -0.00279581
8.32 -0.00307702
8.32 -0.00307702
8.34 -0.003218
8.34 -0.003218
8.36 -0.00317959
8.36 -0.00317959
8.38 -0.00295164
8.38 -0.00295164
8.4 -0.00251448
8.4 -0.00251448
8.42 -0.00191562
8.42 -0.00191562
8.44 -0.0010903
8.44 -0.0010903
8.46 -0.000190552
8.46 -0.000190552
8.48 0.000611957
8.48 0.000611957
8.5 0.00113823
8.5 0.00113823
8.52 0.00249778
8.52 0.00249778
8.54 0.00523267
8.54 0.00523267
8.56 0.00784624
8.56 0.00784624
8.58 0.00973353
8.58 0.00973353
8.6 0.0107059
8.6 0.0107059
8.62 0.0106386
8.62 0.0106386
8.64 0.00958637
8.64 0.00958637
8.66 0.00768034
8.66 0.00768034
8.68 0.00512165
8.68 0.00512165
8.7 0.00212046
8.7 0.00212046
8.72 -0.000458659
8.72 -0.000458659
8.74 -0.00277426
8.74 -0.00277426
8.76 -0.00516389
8.76 -0.00516389
8.78 -0.00713887
8.78 -0.00713887
8.8 -0.00876751
8.8 -0.00876751
8.82 -0.00999438
8.82 -0.00999438
8.84 -0.0104748
8.84 -0.0104748
8.86 -0.0103619
8.86 -0.0103619
8.88 -0.0101454
8.88 -0.0101454
8.9 -0.00990413
8.9 -0.00990413
8.92 -0.00967891
8.92 -0.00967891
8.94 -0.00967966
8.94 -0.00967966
8.96 -0.00900888
8.96 -0.00900888
8.98 -0.00517701
8.98 -0.00517701
9 1.22786e-05
9 1.22786e-05
9.02 0.00408101
9.02 0.00408101
9.04 0.007388
9.04 0.007388
9.06 0.0104234
9.06 0.0104234
9.08 0.0129362
9.08 0.0129362
9.1 0.0140769
9.1 0.0140769
9.12 0.0142661
9.12 0.0142661
9.14 0.0135278
9.14 0.0135278
9.16 0.0114232
9.16 0.0114232
9.18 0.00793691
9.18 0.00793691
9.2 0.00325272
9.2 0.00325272
9.22 -0.00241639
9.22 -0.00241639
9.24 -0.00728011
9.24 -0.00728011
9.26 -0.0100312
9.26 -0.0100312
9.28 -0.0116426
9.28 -0.0116426
9.3 -0.0121289
9.3 -0.0121289
9.32 -0.0111038
9.32 -0.0111038
9.34 -0.00887864
9.34 -0.00887864
9.36 -0.00562699
9.36 -0.00562699
9.38 -0.00174177
9.38 -0.00174177
9.4 0.00218703
9.4 0.00218703
9.42 0.00527635
9.42 0.00527635
9.44 0.00700386
9.44 0.00700386
9.46 0.00734587
9.46 0.00734587
9.48 0.00633548
9.48 0.00633548
9.5 0.00393673
9.5 0.00393673
9.52 0.000510083
9.52 0.000510083
9.54 -0.00123492
9.54 -0.00123492
9.56 -0.00123239
9.56 -0.00123239
9.58 -0.00135969
9.58 -0.00135969
9.6 -0.00137884
9.6 -0.00137884
9.62 -0.0015054
9.62 -0.0015054
9.64 -0.00202241
9.64 -0.00202241
9.66 -0.00299019
9.66 -0.00299019
9.68 -0.00297487
9.68 -0.00297487
9.7 -0.00145395
9.7 -0.00145395
9.72 -2.4266e-05
9.72 -2.4266e-05
9.74 0.000873873
9.74 0.000873873
9.76 0.00149845
9.76 0.00149845
9.78 0.00173441
9.78 0.00173441
9.8 0.00145069
9.8 0.00145069
9.82 0.000634819
9.82 0.000634819
9.84 -0.000496255
9.84 -0.000496255
9.86 -0.0017128
9.86 -0.0017128
9.88 -0.0025553
9.88 -0.0025553
9.9 -0.00268719
9.9 -0.00268719
9.92 -0.0020995
9.92 -0.0020995
9.94 -0.00121101
9.94 -0.00121101
9.96 7.61945e-05
9.96 7.61945e-05
9.98 0.001728
9.98 0.001728
10 0.00280466
10 0.00280466
