0 0 0 0 0 0 0
0.1 80916.5 890000 -295128 -80916.5 890000 295128
0.2 161833 1.78e+06 -590257 -161833 1.78e+06 590257
0.3 242750 2.67e+06 -885385 -242750 2.67e+06 885385
0.4 323666 3.56e+06 -1.18051e+06 -323666 3.56e+06 1.18051e+06
0.5 404583 4.45e+06 -1.47564e+06 -404583 4.45e+06 1.47564e+06
0.6 485499 5.34e+06 -1.77077e+06 -485499 5.34e+06 1.77077e+06
0.7 566416 6.23e+06 -2.0659e+06 -566416 6.23e+06 2.0659e+06
0.8 647332 7.12e+06 -2.36103e+06 -647332 7.12e+06 2.36103e+06
0.9 728249 8.01e+06 -2.65616e+06 -728249 8.01e+06 2.65616e+06
1 809165 8.9e+06 -2.95128e+06 -809165 8.9e+06 2.95128e+06
