0.01 809165 8.90128e+06 5.93571e+06 -809165 8.89872e+06 -5.91938e+06
0.02 809165 8.90756e+06 5.97591e+06 -809165 8.89244e+06 -5.87918e+06
0.03 809165 8.92352e+06 6.07806e+06 -809165 8.87648e+06 -5.77703e+06
0.04 809165 8.95327e+06 6.26849e+06 -809165 8.84673e+06 -5.58659e+06
0.05 809165 9.00021e+06 6.56894e+06 -809165 8.79979e+06 -5.28615e+06
0.06 809165 9.06688e+06 6.99568e+06 -809165 8.73312e+06 -4.85941e+06
0.07 809165 9.15486e+06 7.55887e+06 -809165 8.64514e+06 -4.29622e+06
0.08 809165 9.26473e+06 8.26211e+06 -809165 8.53527e+06 -3.59297e+06
0.09 809165 9.39599e+06 9.10226e+06 -809165 8.40401e+06 -2.75283e+06
0.1 809165 9.54708e+06 1.00694e+07 -809165 8.25292e+06 -1.78568e+06
0.11 809165 9.71547e+06 1.11472e+07 -809165 8.08453e+06 -707889
0.12 809165 9.89765e+06 1.23133e+07 -809165 7.90235e+06 458204
0.13 809165 1.00893e+07 1.35401e+07 -809165 7.71069e+06 1.68499e+06
0.14 809165 1.02855e+07 1.47956e+07 -809165 7.51454e+06 2.9405e+06
0.15 809165 1.04806e+07 1.60445e+07 -809165 7.31943e+06 4.18942e+06
0.16 809165 1.06688e+07 1.72494e+07 -809165 7.13118e+06 5.39431e+06
0.17 809165 1.08442e+07 1.8372e+07 -809165 6.95581e+06 6.51687e+06
0.18 809165 1.10008e+07 1.93743e+07 -809165 6.79921e+06 7.51921e+06
0.19 809165 1.1133e+07 2.02203e+07 -809165 6.66704e+06 8.36519e+06
0.2 809165 1.12355e+07 2.08768e+07 -809165 6.56448e+06 9.02169e+06
0.21 809165 1.1304e+07 2.13148e+07 -809165 6.49604e+06 9.45976e+06
0.22 809165 1.13346e+07 2.15108e+07 -809165 6.46543e+06 9.65571e+06
0.23 809165 1.13246e+07 2.14471e+07 -809165 6.47538e+06 9.59199e+06
0.24 809165 1.12724e+07 2.1113e+07 -809165 6.52757e+06 9.25793e+06
0.25 809165 1.11775e+07 2.05053e+07 -809165 6.62252e+06 8.65017e+06
0.26 809165 1.10404e+07 1.96281e+07 -809165 6.75956e+06 7.77301e+06
0.27 809165 1.08632e+07 1.84934e+07 -809165 6.93683e+06 6.63834e+06
0.28 809165 1.06487e+07 1.71206e+07 -809165 7.15131e+06 5.26552e+06
0.29 809165 1.04011e+07 1.55359e+07 -809165 7.39888e+06 3.68082e+06
0.3 809165 1.01255e+07 1.37719e+07 -809165 7.67447e+06 1.91683e+06
0.31 809165 9.82786e+06 1.18666e+07 -809165 7.97214e+06 11502.5
0.32 809165 9.51472e+06 9.86224e+06 -809165 8.28528e+06 -1.99285e+06
0.33 809165 9.1932e+06 7.80428e+06 -809165 8.6068e+06 -4.05081e+06
0.34 809165 8.87069e+06 5.73996e+06 -809165 8.92931e+06 -6.11513e+06
0.35 809165 8.55464e+06 3.71698e+06 -809165 9.24536e+06 -8.13811e+06
0.36 809165 8.25235e+06 1.78207e+06 -809165 9.54765e+06 -1.0073e+07
0.37 809165 7.97076e+06 -20344.3 -809165 9.82924e+06 -1.18754e+07
0.38 809165 7.71624e+06 -1.64949e+06 -809165 1.00838e+07 -1.35046e+07
0.39 809165 7.49441e+06 -3.0694e+06 -809165 1.03056e+07 -1.49245e+07
0.4 809165 7.30996e+06 -4.25e+06 -809165 1.049e+07 -1.61051e+07
0.41 809165 7.16654e+06 -5.16798e+06 -809165 1.06335e+07 -1.70231e+07
0.42 809165 7.06664e+06 -5.80745e+06 -809165 1.07334e+07 -1.76625e+07
0.43 809165 7.0115e+06 -6.16039e+06 -809165 1.07885e+07 -1.80155e+07
0.44 809165 7.00112e+06 -6.22682e+06 -809165 1.07989e+07 -1.80819e+07
0.45 809165 7.03425e+06 -6.0148e+06 -809165 1.07658e+07 -1.78699e+07
0.46 809165 7.10841e+06 -5.54009e+06 -809165 1.06916e+07 -1.73952e+07
0.47 809165 7.22003e+06 -4.82566e+06 -809165 1.058e+07 -1.66807e+07
0.48 809165 7.36451e+06 -3.90087e+06 -809165 1.04355e+07 -1.5756e+07
0.49 809165 7.5364e+06 -2.80059e+06 -809165 1.02636e+07 -1.46557e+07
0.5 809165 7.72959e+06 -1.56405e+06 -809165 1.00704e+07 -1.34191e+07
0.51 809165 7.93745e+06 -233579 -809165 9.86255e+06 -1.20887e+07
0.52 809165 8.15309e+06 1.14669e+06 -809165 9.64691e+06 -1.07084e+07
0.53 809165 8.36955e+06 2.53224e+06 -809165 9.43045e+06 -9.32285e+06
0.54 809165 8.58004e+06 3.87955e+06 -809165 9.21996e+06 -7.97554e+06
0.55 809165 8.77812e+06 5.14744e+06 -809165 9.02188e+06 -6.70765e+06
0.56 809165 8.95793e+06 6.29834e+06 -809165 8.84207e+06 -5.55675e+06
0.57 809165 9.11433e+06 7.29944e+06 -809165 8.68567e+06 -4.55565e+06
0.58 809165 9.2431e+06 8.12368e+06 -809165 8.5569e+06 -3.73141e+06
0.59 809165 9.34104e+06 8.75053e+06 -809165 8.45896e+06 -3.10456e+06
0.6 809165 9.40604e+06 9.16661e+06 -809165 8.39396e+06 -2.68848e+06
0.61 809165 9.43719e+06 9.36598e+06 -809165 8.36281e+06 -2.4891e+06
0.62 809165 9.43474e+06 9.35032e+06 -809165 8.36526e+06 -2.50477e+06
0.63 809165 9.40012e+06 9.12873e+06 -809165 8.39988e+06 -2.72636e+06
0.64 809165 9.33586e+06 8.71739e+06 -809165 8.46414e+06 -3.1377e+06
0.65 809165 9.24548e+06 8.13893e+06 -809165 8.55452e+06 -3.71616e+06
0.66 809165 9.13342e+06 7.42163e+06 -809165 8.66658e+06 -4.43346e+06
0.67 809165 9.00481e+06 6.59843e+06 -809165 8.79519e+06 -5.25666e+06
0.68 809165 8.86535e+06 5.70577e+06 -809165 8.93465e+06 -6.14932e+06
0.69 809165 8.72109e+06 4.78235e+06 -809165 9.07891e+06 -7.07274e+06
0.7 809165 8.57821e+06 3.86781e+06 -809165 9.22179e+06 -7.98728e+06
0.71 809165 8.44284e+06 3.00136e+06 -809165 9.35716e+06 -8.85372e+06
0.72 809165 8.32085e+06 2.22049e+06 -809165 9.47915e+06 -9.6346e+06
0.73 809165 8.2176e+06 1.55963e+06 -809165 9.5824e+06 -1.02955e+07
0.74 809165 8.13783e+06 1.04906e+06 -809165 9.66217e+06 -1.0806e+07
0.75 809165 8.08545e+06 713790 -809165 9.71455e+06 -1.11413e+07
0.76 809165 8.06343e+06 572791 -809165 9.73657e+06 -1.12823e+07
0.77 809165 8.07366e+06 638275 -809165 9.72634e+06 -1.12168e+07
0.78 809165 8.11693e+06 915285 -809165 9.68307e+06 -1.09398e+07
0.79 809165 8.19289e+06 1.40149e+06 -809165 9.60711e+06 -1.04536e+07
0.8 809165 8.30003e+06 2.08722e+06 -809165 9.49997e+06 -9.76786e+06
0.81 809165 8.43572e+06 2.95579e+06 -809165 9.36428e+06 -8.8993e+06
0.82 809165 8.59635e+06 3.98395e+06 -809165 9.20365e+06 -7.87114e+06
0.83 809165 8.77738e+06 5.14268e+06 -809165 9.02262e+06 -6.7124e+06
0.84 809165 8.97351e+06 6.39809e+06 -809165 8.82649e+06 -5.45699e+06
0.85 809165 9.17886e+06 7.7125e+06 -809165 8.62114e+06 -4.14258e+06
0.86 809165 9.38714e+06 9.04567e+06 -809165 8.41286e+06 -2.80942e+06
0.87 809165 9.59187e+06 1.03561e+07 -809165 8.20813e+06 -1.49902e+06
0.88 809165 9.78656e+06 1.16023e+07 -809165 8.01344e+06 -252810
0.89 809165 9.96498e+06 1.27443e+07 -809165 7.83502e+06 889202
0.9 809165 1.01213e+07 1.37448e+07 -809165 7.6787e+06 1.88975e+06
0.91 809165 1.02503e+07 1.45706e+07 -809165 7.54969e+06 2.71552e+06
0.92 809165 1.03476e+07 1.51934e+07 -809165 7.4524e+06 3.33828e+06
0.93 809165 1.04097e+07 1.55909e+07 -809165 7.3903e+06 3.73576e+06
0.94 809165 1.04342e+07 1.57476e+07 -809165 7.36581e+06 3.89249e+06
0.95 809165 1.04198e+07 1.56553e+07 -809165 7.38023e+06 3.80025e+06
0.96 809165 1.03664e+07 1.53135e+07 -809165 7.43363e+06 3.45843e+06
0.97 809165 1.02751e+07 1.47292e+07 -809165 7.52492e+06 2.87406e+06
0.98 809165 1.01482e+07 1.39168e+07 -809165 7.65184e+06 2.06167e+06
0.99 809165 9.98898e+06 1.28979e+07 -809165 7.81102e+06 1.04282e+06
1 809165 9.80192e+06 1.17005e+07 -809165 7.99808e+06 -154544
1.01 809165 9.5922e+06 1.03582e+07 -809165 8.2078e+06 -1.49689e+06
1.02 809165 9.36578e+06 8.90889e+06 -809165 8.43422e+06 -2.9462e+06
1.03 809165 9.1291e+06 7.394e+06 -809165 8.6709e+06 -4.46109e+06
1.04 809165 8.88897e+06 5.85695e+06 -809165 8.91103e+06 -5.99814e+06
1.05 809165 8.65227e+06 4.34186e+06 -809165 9.14773e+06 -7.51323e+06
1.06 809165 8.42579e+06 2.89219e+06 -809165 9.37421e+06 -8.9629e+06
1.07 809165 8.21599e+06 1.54935e+06 -809165 9.58401e+06 -1.03057e+07
1.08 809165 8.02885e+06 351448 -809165 9.77115e+06 -1.15036e+07
1.09 809165 7.86959e+06 -667947 -809165 9.93041e+06 -1.2523e+07
1.1 809165 7.74259e+06 -1.48081e+06 -809165 1.00574e+07 -1.33359e+07
1.11 809165 7.65124e+06 -2.06555e+06 -809165 1.01488e+07 -1.39206e+07
1.12 809165 7.59779e+06 -2.40767e+06 -809165 1.02022e+07 -1.42628e+07
1.13 809165 7.58333e+06 -2.50021e+06 -809165 1.02167e+07 -1.43553e+07
1.14 809165 7.60774e+06 -2.34395e+06 -809165 1.01923e+07 -1.4199e+07
1.15 809165 7.6697e+06 -1.94735e+06 -809165 1.01303e+07 -1.38024e+07
1.16 809165 7.76673e+06 -1.3263e+06 -809165 1.00333e+07 -1.31814e+07
1.17 809165 7.89527e+06 -503548 -809165 9.90473e+06 -1.23586e+07
1.18 809165 8.05081e+06 492012 -809165 9.74919e+06 -1.13631e+07
1.19 809165 8.22801e+06 1.62628e+06 -809165 9.57199e+06 -1.02288e+07
1.2 809165 8.42092e+06 2.86105e+06 -809165 9.37908e+06 -8.99404e+06
1.21 809165 8.62312e+06 4.15526e+06 -809165 9.17688e+06 -7.69983e+06
1.22 809165 8.82793e+06 5.46625e+06 -809165 8.97207e+06 -6.38884e+06
1.23 809165 9.02868e+06 6.75122e+06 -809165 8.77132e+06 -5.10387e+06
1.24 809165 9.21886e+06 7.96852e+06 -809165 8.58114e+06 -3.88657e+06
1.25 809165 9.39236e+06 9.07902e+06 -809165 8.40764e+06 -2.77607e+06
1.26 809165 9.54364e+06 1.00473e+07 -809165 8.25636e+06 -1.80776e+06
1.27 809165 9.66794e+06 1.0843e+07 -809165 8.13206e+06 -1.01213e+06
1.28 809165 9.76141e+06 1.14412e+07 -809165 8.03859e+06 -413844
1.29 809165 9.82123e+06 1.18241e+07 -809165 7.97877e+06 -30942.4
1.3 809165 9.8457e+06 1.19808e+07 -809165 7.9543e+06 125716
1.31 809165 9.83431e+06 1.19079e+07 -809165 7.96569e+06 52776.6
1.32 809165 9.7877e+06 1.16096e+07 -809165 8.0123e+06 -245518
1.33 809165 9.70772e+06 1.10976e+07 -809165 8.09228e+06 -757492
1.34 809165 9.59727e+06 1.03907e+07 -809165 8.20273e+06 -1.46443e+06
1.35 809165 9.46029e+06 9.51388e+06 -809165 8.33971e+06 -2.34121e+06
1.36 809165 9.30158e+06 8.49797e+06 -809165 8.49842e+06 -3.35712e+06
1.37 809165 9.12664e+06 7.3782e+06 -809165 8.67336e+06 -4.47689e+06
1.38 809165 8.94151e+06 6.19326e+06 -809165 8.85849e+06 -5.66183e+06
1.39 809165 8.75259e+06 4.98399e+06 -809165 9.04741e+06 -6.87109e+06
1.4 809165 8.56637e+06 3.79203e+06 -809165 9.23363e+06 -8.06305e+06
1.41 809165 8.38927e+06 2.65847e+06 -809165 9.41073e+06 -9.19662e+06
1.42 809165 8.22742e+06 1.62251e+06 -809165 9.57258e+06 -1.02326e+07
1.43 809165 8.08645e+06 720162 -809165 9.71355e+06 -1.11349e+07
1.44 809165 7.9713e+06 -16899.5 -809165 9.8287e+06 -1.1872e+07
1.45 809165 7.88608e+06 -562396 -809165 9.91392e+06 -1.24175e+07
1.46 809165 7.83391e+06 -896300 -809165 9.96609e+06 -1.27514e+07
1.47 809165 7.81685e+06 -1.0055e+06 -809165 9.98315e+06 -1.28606e+07
1.48 809165 7.8358e+06 -884214 -809165 9.9642e+06 -1.27393e+07
1.49 809165 7.89048e+06 -534236 -809165 9.90952e+06 -1.23893e+07
1.5 809165 7.97943e+06 35161.5 -809165 9.82057e+06 -1.18199e+07
1.51 809165 8.10009e+06 807485 -809165 9.69991e+06 -1.10476e+07
1.52 809165 8.24883e+06 1.75955e+06 -809165 9.55117e+06 -1.00955e+07
1.53 809165 8.4211e+06 2.86223e+06 -809165 9.3789e+06 -8.99286e+06
1.54 809165 8.61157e+06 4.08135e+06 -809165 9.18843e+06 -7.77374e+06
1.55 809165 8.81427e+06 5.37883e+06 -809165 8.98573e+06 -6.47626e+06
1.56 809165 9.02285e+06 6.71388e+06 -809165 8.77715e+06 -5.1412e+06
1.57 809165 9.2307e+06 8.04432e+06 -809165 8.5693e+06 -3.81077e+06
1.58 809165 9.43124e+06 9.32792e+06 -809165 8.36876e+06 -2.52717e+06
1.59 809165 9.61807e+06 1.05238e+07 -809165 8.18193e+06 -1.33132e+06
1.6 809165 9.78521e+06 1.15936e+07 -809165 8.01479e+06 -261472
1.61 809165 9.92729e+06 1.25031e+07 -809165 7.87271e+06 647974
1.62 809165 1.00397e+07 1.32227e+07 -809165 7.76028e+06 1.36762e+06
1.63 809165 1.01188e+07 1.37291e+07 -809165 7.68116e+06 1.87399e+06
1.64 809165 1.0162e+07 1.40054e+07 -809165 7.63799e+06 2.15033e+06
1.65 809165 1.01678e+07 1.40422e+07 -809165 7.63224e+06 2.18713e+06
1.66 809165 1.01358e+07 1.38375e+07 -809165 7.66422e+06 1.98242e+06
1.67 809165 1.0067e+07 1.3397e+07 -809165 7.73305e+06 1.5419e+06
1.68 809165 9.96334e+06 1.27338e+07 -809165 7.83666e+06 878723
1.69 809165 9.82811e+06 1.18682e+07 -809165 7.97189e+06 13092.4
1.7 809165 9.6654e+06 1.08267e+07 -809165 8.1346e+06 -1.02836e+06
1.71 809165 9.48026e+06 9.64165e+06 -809165 8.31974e+06 -2.21344e+06
1.72 809165 9.27842e+06 8.34971e+06 -809165 8.52158e+06 -3.50538e+06
1.73 809165 9.06615e+06 6.99104e+06 -809165 8.73385e+06 -4.86405e+06
1.74 809165 8.85006e+06 5.60789e+06 -809165 8.94994e+06 -6.2472e+06
1.75 809165 8.63686e+06 4.24326e+06 -809165 9.16314e+06 -7.61183e+06
1.76 809165 8.43319e+06 2.93955e+06 -809165 9.36681e+06 -8.91554e+06
1.77 809165 8.24534e+06 1.7372e+06 -809165 9.55466e+06 -1.01179e+07
1.78 809165 8.07914e+06 673391 -809165 9.72086e+06 -1.11817e+07
1.79 809165 7.93971e+06 -219114 -809165 9.86029e+06 -1.20742e+07
1.8 809165 7.8313e+06 -913033 -809165 9.9687e+06 -1.27681e+07
1.81 809165 7.75718e+06 -1.38743e+06 -809165 1.00428e+07 -1.32425e+07
1.82 809165 7.71954e+06 -1.62836e+06 -809165 1.00805e+07 -1.34834e+07
1.83 809165 7.71939e+06 -1.62934e+06 -809165 1.00806e+07 -1.34844e+07
1.84 809165 7.75654e+06 -1.39152e+06 -809165 1.00435e+07 -1.32466e+07
1.85 809165 7.82963e+06 -923665 -809165 9.97037e+06 -1.27788e+07
1.86 809165 7.93616e+06 -241841 -809165 9.86384e+06 -1.20969e+07
1.87 809165 8.07253e+06 631090 -809165 9.72747e+06 -1.1224e+07
1.88 809165 8.23425e+06 1.66621e+06 -809165 9.56575e+06 -1.01889e+07
1.89 809165 8.41599e+06 2.82948e+06 -809165 9.38401e+06 -9.02561e+06
1.9 809165 8.6118e+06 4.08285e+06 -809165 9.1882e+06 -7.77224e+06
1.91 809165 8.81531e+06 5.38545e+06 -809165 8.98469e+06 -6.46964e+06
1.92 809165 9.01989e+06 6.69495e+06 -809165 8.78011e+06 -5.16014e+06
1.93 809165 9.21892e+06 7.96887e+06 -809165 8.58108e+06 -3.88622e+06
1.94 809165 9.40595e+06 9.16601e+06 -809165 8.39405e+06 -2.68908e+06
1.95 809165 9.57494e+06 1.02477e+07 -809165 8.22506e+06 -1.6074e+06
1.96 809165 9.72045e+06 1.11791e+07 -809165 8.07955e+06 -676017
1.97 809165 9.8378e+06 1.19302e+07 -809165 7.9622e+06 75134.4
1.98 809165 9.92324e+06 1.24771e+07 -809165 7.87676e+06 622009
1.99 809165 9.97404e+06 1.28023e+07 -809165 7.82596e+06 947210
2 809165 9.98863e+06 1.28956e+07 -809165 7.81137e+06 1.04055e+06
2.01 809165 9.96657e+06 1.27545e+07 -809165 7.83343e+06 899361
2.02 809165 9.90864e+06 1.23837e+07 -809165 7.89136e+06 528596
2.03 809165 9.81679e+06 1.17957e+07 -809165 7.98321e+06 -59357.1
2.04 809165 9.69404e+06 1.101e+07 -809165 8.10596e+06 -845068
2.05 809165 9.54443e+06 1.00524e+07 -809165 8.25557e+06 -1.8027e+06
2.06 809165 9.37286e+06 8.95425e+06 -809165 8.42714e+06 -2.90084e+06
2.07 809165 9.18497e+06 7.75157e+06 -809165 8.61503e+06 -4.10352e+06
2.08 809165 8.98689e+06 6.48371e+06 -809165 8.81311e+06 -5.37138e+06
2.09 809165 8.78511e+06 5.19215e+06 -809165 9.01489e+06 -6.66294e+06
2.1 809165 8.58623e+06 3.91915e+06 -809165 9.21377e+06 -7.93593e+06
2.11 809165 8.39676e+06 2.7064e+06 -809165 9.40324e+06 -9.14869e+06
2.12 809165 8.22291e+06 1.59364e+06 -809165 9.57709e+06 -1.02614e+07
2.13 809165 8.0704e+06 617413 -809165 9.7296e+06 -1.12377e+07
2.14 809165 7.94423e+06 -190142 -809165 9.85577e+06 -1.20452e+07
2.15 809165 7.84859e+06 -802310 -809165 9.95141e+06 -1.26574e+07
2.16 809165 7.78667e+06 -1.19868e+06 -809165 1.00133e+07 -1.30538e+07
2.17 809165 7.76056e+06 -1.36579e+06 -809165 1.00394e+07 -1.32209e+07
2.18 809165 7.77122e+06 -1.29759e+06 -809165 1.00288e+07 -1.31527e+07
2.19 809165 7.8184e+06 -995600 -809165 9.9816e+06 -1.28507e+07
2.2 809165 7.90068e+06 -468910 -809165 9.89932e+06 -1.2324e+07
2.21 809165 8.01552e+06 266138 -809165 9.78448e+06 -1.1589e+07
2.22 809165 8.1593e+06 1.18646e+06 -809165 9.6407e+06 -1.06686e+07
2.23 809165 8.32748e+06 2.26298e+06 -809165 9.47252e+06 -9.59211e+06
2.24 809165 8.51474e+06 3.46154e+06 -809165 9.28526e+06 -8.39355e+06
2.25 809165 8.7151e+06 4.74402e+06 -809165 9.0849e+06 -7.11107e+06
2.26 809165 8.92219e+06 6.06956e+06 -809165 8.87781e+06 -5.78553e+06
2.27 809165 9.12939e+06 7.39584e+06 -809165 8.67061e+06 -4.45925e+06
2.28 809165 9.33009e+06 8.68049e+06 -809165 8.46991e+06 -3.17459e+06
2.29 809165 9.51787e+06 9.88242e+06 -809165 8.28213e+06 -1.97267e+06
2.3 809165 9.68671e+06 1.09631e+07 -809165 8.11329e+06 -891951
2.31 809165 9.8312e+06 1.1888e+07 -809165 7.9688e+06 32908.7
2.32 809165 9.94671e+06 1.26273e+07 -809165 7.85329e+06 772230
2.33 809165 1.00295e+07 1.31573e+07 -809165 7.77049e+06 1.30224e+06
2.34 809165 1.00769e+07 1.3461e+07 -809165 7.72305e+06 1.60586e+06
2.35 809165 1.00875e+07 1.35283e+07 -809165 7.71253e+06 1.67323e+06
2.36 809165 1.00607e+07 1.33571e+07 -809165 7.73927e+06 1.50204e+06
2.37 809165 9.99754e+06 1.29527e+07 -809165 7.80246e+06 1.09762e+06
2.38 809165 9.89992e+06 1.23278e+07 -809165 7.90008e+06 472741
2.39 809165 9.77095e+06 1.15023e+07 -809165 8.02905e+06 -352758
2.4 809165 9.61474e+06 1.05025e+07 -809165 8.18526e+06 -1.35263e+06
2.41 809165 9.43626e+06 9.36005e+06 -809165 8.36374e+06 -2.49504e+06
2.42 809165 9.2412e+06 8.11147e+06 -809165 8.5588e+06 -3.74362e+06
2.43 809165 9.03576e+06 6.79651e+06 -809165 8.76424e+06 -5.05858e+06
2.44 809165 8.8265e+06 5.45706e+06 -809165 8.9735e+06 -6.39803e+06
2.45 809165 8.62007e+06 4.13578e+06 -809165 9.17993e+06 -7.71931e+06
2.46 809165 8.42306e+06 2.87474e+06 -809165 9.37694e+06 -8.98035e+06
2.47 809165 8.24173e+06 1.71406e+06 -809165 9.55827e+06 -1.0141e+07
2.48 809165 8.08184e+06 690660 -809165 9.71816e+06 -1.11644e+07
2.49 809165 7.94847e+06 -162990 -809165 9.85153e+06 -1.20181e+07
2.5 809165 7.84585e+06 -819853 -809165 9.95415e+06 -1.26749e+07
2.51 809165 7.77721e+06 -1.25922e+06 -809165 1.00228e+07 -1.31143e+07
2.52 809165 7.7447e+06 -1.46734e+06 -809165 1.00553e+07 -1.33224e+07
2.53 809165 7.74929e+06 -1.43793e+06 -809165 1.00507e+07 -1.3293e+07
2.54 809165 7.79079e+06 -1.17227e+06 -809165 1.00092e+07 -1.30274e+07
2.55 809165 7.86782e+06 -679262 -809165 9.93218e+06 -1.25344e+07
2.56 809165 7.97783e+06 24926.3 -809165 9.82217e+06 -1.18302e+07
2.57 809165 8.11726e+06 917354 -809165 9.68274e+06 -1.09377e+07
2.58 809165 8.28156e+06 1.96905e+06 -809165 9.51844e+06 -9.88604e+06
2.59 809165 8.46543e+06 3.14596e+06 -809165 9.33457e+06 -8.70913e+06
2.6 809165 8.66292e+06 4.41001e+06 -809165 9.13708e+06 -7.44508e+06
2.61 809165 8.86763e+06 5.72037e+06 -809165 8.93237e+06 -6.13472e+06
2.62 809165 9.07298e+06 7.03473e+06 -809165 8.72702e+06 -4.82036e+06
2.63 809165 9.27232e+06 8.3107e+06 -809165 8.52768e+06 -3.54438e+06
2.64 809165 9.45924e+06 9.50714e+06 -809165 8.34076e+06 -2.34795e+06
2.65 809165 9.62771e+06 1.05855e+07 -809165 8.17229e+06 -1.2696e+06
2.66 809165 9.77231e+06 1.1511e+07 -809165 8.02769e+06 -344074
2.67 809165 9.88837e+06 1.22539e+07 -809165 7.91163e+06 398833
2.68 809165 9.97217e+06 1.27903e+07 -809165 7.82783e+06 935223
2.69 809165 1.0021e+07 1.3103e+07 -809165 7.77899e+06 1.24786e+06
2.7 809165 1.00333e+07 1.31818e+07 -809165 7.76666e+06 1.32673e+06
2.71 809165 1.00087e+07 1.30244e+07 -809165 7.79125e+06 1.16934e+06
2.72 809165 9.94805e+06 1.26359e+07 -809165 7.85195e+06 780836
2.73 809165 9.85321e+06 1.20289e+07 -809165 7.94679e+06 173793
2.74 809165 9.7273e+06 1.12229e+07 -809165 8.0727e+06 -632160
2.75 809165 9.57438e+06 1.02441e+07 -809165 8.22562e+06 -1.61099e+06
2.76 809165 9.39938e+06 9.12401e+06 -809165 8.40062e+06 -2.73108e+06
2.77 809165 9.20797e+06 7.89882e+06 -809165 8.59203e+06 -3.95627e+06
2.78 809165 9.00632e+06 6.60809e+06 -809165 8.79368e+06 -5.247e+06
2.79 809165 8.80094e+06 5.29349e+06 -809165 8.99906e+06 -6.5616e+06
2.8 809165 8.59846e+06 3.99746e+06 -809165 9.20154e+06 -7.85762e+06
2.81 809165 8.40543e+06 2.76188e+06 -809165 9.39457e+06 -9.09321e+06
2.82 809165 8.22807e+06 1.62665e+06 -809165 9.57193e+06 -1.02284e+07
2.83 809165 8.07213e+06 628486 -809165 9.72787e+06 -1.12266e+07
2.84 809165 7.94264e+06 -200324 -809165 9.85736e+06 -1.20554e+07
2.85 809165 7.84381e+06 -832926 -809165 9.95619e+06 -1.2688e+07
2.86 809165 7.77884e+06 -1.24877e+06 -809165 1.00212e+07 -1.31039e+07
2.87 809165 7.74986e+06 -1.43429e+06 -809165 1.00501e+07 -1.32894e+07
2.88 809165 7.75782e+06 -1.38331e+06 -809165 1.00422e+07 -1.32384e+07
2.89 809165 7.80251e+06 -1.09728e+06 -809165 9.99749e+06 -1.29524e+07
2.9 809165 7.88251e+06 -585191 -809165 9.91749e+06 -1.24403e+07
2.91 809165 7.99529e+06 136675 -809165 9.80471e+06 -1.17184e+07
2.92 809165 8.13724e+06 1.04529e+06 -809165 9.66276e+06 -1.08098e+07
2.93 809165 8.30384e+06 2.11161e+06 -809165 9.49616e+06 -9.74348e+06
2.94 809165 8.48973e+06 3.30151e+06 -809165 9.31027e+06 -8.55358e+06
2.95 809165 8.68899e+06 4.57689e+06 -809165 9.11101e+06 -7.2782e+06
2.96 809165 8.89521e+06 5.89687e+06 -809165 8.90479e+06 -5.95822e+06
2.97 809165 9.10179e+06 7.21915e+06 -809165 8.69821e+06 -4.63594e+06
2.98 809165 9.3021e+06 8.50131e+06 -809165 8.4979e+06 -3.35378e+06
2.99 809165 9.48972e+06 9.70224e+06 -809165 8.31028e+06 -2.15285e+06
3 809165 9.65863e+06 1.07834e+07 -809165 8.14137e+06 -1.0717e+06
3.01 809165 9.8076e+06 1.1737e+07 -809165 7.9924e+06 -118137
3.02 809165 9.94118e+06 1.25919e+07 -809165 7.85882e+06 736841
3.03 809165 1.00619e+07 1.33649e+07 -809165 7.73806e+06 1.50985e+06
3.04 809165 1.01694e+07 1.40528e+07 -809165 7.63059e+06 2.19771e+06
3.05 809165 1.02632e+07 1.46531e+07 -809165 7.5368e+06 2.79804e+06
3.06 809165 1.03431e+07 1.51643e+07 -809165 7.45694e+06 3.30922e+06
3.07 809165 1.04089e+07 1.55855e+07 -809165 7.39114e+06 3.73037e+06
3.08 809165 1.04606e+07 1.59164e+07 -809165 7.33943e+06 4.06136e+06
3.09 809165 1.04983e+07 1.61578e+07 -809165 7.30172e+06 4.30275e+06
3.1 809165 1.05222e+07 1.63109e+07 -809165 7.27781e+06 4.45579e+06
3.11 809165 1.05326e+07 1.63775e+07 -809165 7.2674e+06 4.5224e+06
3.12 809165 1.05299e+07 1.63601e+07 -809165 7.27011e+06 4.50506e+06
3.13 809165 1.05145e+07 1.62619e+07 -809165 7.28546e+06 4.40685e+06
3.14 809165 1.04871e+07 1.60865e+07 -809165 7.31287e+06 4.23138e+06
3.15 809165 1.04483e+07 1.58378e+07 -809165 7.35172e+06 3.98271e+06
3.16 809165 1.03987e+07 1.55204e+07 -809165 7.4013e+06 3.66535e+06
3.17 809165 1.03391e+07 1.51393e+07 -809165 7.46085e+06 3.28418e+06
3.18 809165 1.02704e+07 1.46995e+07 -809165 7.52955e+06 2.84442e+06
3.19 809165 1.01934e+07 1.42066e+07 -809165 7.60656e+06 2.35154e+06
3.2 809165 1.0109e+07 1.36664e+07 -809165 7.69096e+06 1.81126e+06
3.21 809165 1.00181e+07 1.30845e+07 -809165 7.78186e+06 1.22946e+06
3.22 809165 9.92169e+06 1.24672e+07 -809165 7.87831e+06 612128
3.23 809165 9.82065e+06 1.18204e+07 -809165 7.97935e+06 -34666.8
3.24 809165 9.71594e+06 1.11502e+07 -809165 8.08406e+06 -704842
3.25 809165 9.60853e+06 1.04627e+07 -809165 8.19147e+06 -1.39235e+06
3.26 809165 9.49935e+06 9.76388e+06 -809165 8.30065e+06 -2.0912e+06
3.27 809165 9.38931e+06 9.05953e+06 -809165 8.41069e+06 -2.79556e+06
3.28 809165 9.2793e+06 8.35537e+06 -809165 8.5207e+06 -3.49972e+06
3.29 809165 9.17018e+06 7.6569e+06 -809165 8.62982e+06 -4.19819e+06
3.3 809165 9.06276e+06 6.96937e+06 -809165 8.73724e+06 -4.88572e+06
3.31 809165 8.95784e+06 6.29777e+06 -809165 8.84216e+06 -5.55732e+06
3.32 809165 8.85614e+06 5.64679e+06 -809165 8.94386e+06 -6.2083e+06
3.33 809165 8.75834e+06 5.02078e+06 -809165 9.04166e+06 -6.83431e+06
3.34 809165 8.66507e+06 4.42377e+06 -809165 9.13493e+06 -7.43132e+06
3.35 809165 8.57689e+06 3.8594e+06 -809165 9.22311e+06 -7.99569e+06
3.36 809165 8.49433e+06 3.33094e+06 -809165 9.30567e+06 -8.52415e+06
3.37 809165 8.41783e+06 2.84125e+06 -809165 9.38217e+06 -9.01384e+06
3.38 809165 8.34777e+06 2.39281e+06 -809165 9.45223e+06 -9.46228e+06
3.39 809165 8.28447e+06 1.98767e+06 -809165 9.51553e+06 -9.86742e+06
3.4 809165 8.2282e+06 1.62747e+06 -809165 9.5718e+06 -1.02276e+07
3.41 809165 8.17914e+06 1.31347e+06 -809165 9.62086e+06 -1.05416e+07
3.42 809165 8.13743e+06 1.04649e+06 -809165 9.66257e+06 -1.08086e+07
3.43 809165 8.10314e+06 826975 -809165 9.69686e+06 -1.10281e+07
3.44 809165 8.07627e+06 654976 -809165 9.72373e+06 -1.12001e+07
3.45 809165 8.05677e+06 530175 -809165 9.74323e+06 -1.13249e+07
3.46 809165 8.04454e+06 451892 -809165 9.75546e+06 -1.14032e+07
3.47 809165 8.03942e+06 419112 -809165 9.76058e+06 -1.1436e+07
3.48 809165 8.0412e+06 430498 -809165 9.7588e+06 -1.14246e+07
3.49 809165 8.04962e+06 484414 -809165 9.75038e+06 -1.13707e+07
3.5 809165 8.06439e+06 578952 -809165 9.73561e+06 -1.12761e+07
3.51 809165 8.08517e+06 711950 -809165 9.71483e+06 -1.11431e+07
3.52 809165 8.11158e+06 881024 -809165 9.68842e+06 -1.09741e+07
3.53 809165 8.14323e+06 1.08359e+06 -809165 9.65677e+06 -1.07715e+07
3.54 809165 8.17968e+06 1.3169e+06 -809165 9.62032e+06 -1.05382e+07
3.55 809165 8.22048e+06 1.57804e+06 -809165 9.57952e+06 -1.0277e+07
3.56 809165 8.26515e+06 1.86402e+06 -809165 9.53485e+06 -9.99107e+06
3.57 809165 8.31323e+06 2.17171e+06 -809165 9.48677e+06 -9.68338e+06
3.58 809165 8.3642e+06 2.49797e+06 -809165 9.4358e+06 -9.35712e+06
3.59 809165 8.41757e+06 2.83959e+06 -809165 9.38243e+06 -9.0155e+06
3.6 809165 8.47284e+06 3.19337e+06 -809165 9.32716e+06 -8.66172e+06
3.61 809165 8.52951e+06 3.55612e+06 -809165 9.27049e+06 -8.29897e+06
3.62 809165 8.58709e+06 3.92469e+06 -809165 9.21291e+06 -7.9304e+06
3.63 809165 8.6451e+06 4.296e+06 -809165 9.1549e+06 -7.55909e+06
3.64 809165 8.70307e+06 4.66705e+06 -809165 9.09693e+06 -7.18803e+06
3.65 809165 8.76055e+06 5.03497e+06 -809165 9.03945e+06 -6.82012e+06
3.66 809165 8.81711e+06 5.39697e+06 -809165 8.98289e+06 -6.45812e+06
3.67 809165 8.87233e+06 5.75045e+06 -809165 8.92767e+06 -6.10464e+06
3.68 809165 8.92584e+06 6.09293e+06 -809165 8.87416e+06 -5.76216e+06
3.69 809165 8.97727e+06 6.42214e+06 -809165 8.82273e+06 -5.43295e+06
3.7 809165 9.0263e+06 6.73596e+06 -809165 8.7737e+06 -5.11913e+06
3.71 809165 9.07262e+06 7.03248e+06 -809165 8.72738e+06 -4.82261e+06
3.72 809165 9.11598e+06 7.31e+06 -809165 8.68402e+06 -4.54509e+06
3.73 809165 9.15613e+06 7.567e+06 -809165 8.64387e+06 -4.28809e+06
3.74 809165 9.19288e+06 7.80221e+06 -809165 8.60712e+06 -4.05288e+06
3.75 809165 9.22605e+06 8.01454e+06 -809165 8.57395e+06 -3.84055e+06
3.76 809165 9.25552e+06 8.20314e+06 -809165 8.54448e+06 -3.65195e+06
3.77 809165 9.28117e+06 8.36737e+06 -809165 8.51883e+06 -3.48772e+06
3.78 809165 9.30296e+06 8.50679e+06 -809165 8.49704e+06 -3.3483e+06
3.79 809165 9.32083e+06 8.6212e+06 -809165 8.47917e+06 -3.23389e+06
3.8 809165 9.33479e+06 8.71056e+06 -809165 8.46521e+06 -3.14453e+06
3.81 809165 9.34487e+06 8.77506e+06 -809165 8.45513e+06 -3.08003e+06
3.82 809165 9.35112e+06 8.81506e+06 -809165 8.44888e+06 -3.04003e+06
3.83 809165 9.35363e+06 8.83112e+06 -809165 8.44637e+06 -3.02397e+06
3.84 809165 9.3525e+06 8.82394e+06 -809165 8.4475e+06 -3.03115e+06
3.85 809165 9.34789e+06 8.79438e+06 -809165 8.45211e+06 -3.0607e+06
3.86 809165 9.33993e+06 8.74348e+06 -809165 8.46007e+06 -3.11161e+06
3.87 809165 9.32882e+06 8.67236e+06 -809165 8.47118e+06 -3.18272e+06
3.88 809165 9.31475e+06 8.5823e+06 -809165 8.48525e+06 -3.27279e+06
3.89 809165 9.29794e+06 8.47466e+06 -809165 8.50206e+06 -3.38043e+06
3.9 809165 9.2786e+06 8.3509e+06 -809165 8.5214e+06 -3.50419e+06
3.91 809165 9.25699e+06 8.21254e+06 -809165 8.54301e+06 -3.64255e+06
3.92 809165 9.23334e+06 8.06118e+06 -809165 8.56666e+06 -3.79391e+06
3.93 809165 9.20792e+06 7.89846e+06 -809165 8.59208e+06 -3.95663e+06
3.94 809165 9.18098e+06 7.72603e+06 -809165 8.61902e+06 -4.12905e+06
3.95 809165 9.15279e+06 7.5456e+06 -809165 8.64721e+06 -4.30948e+06
3.96 809165 9.12361e+06 7.35885e+06 -809165 8.67639e+06 -4.49624e+06
3.97 809165 9.09371e+06 7.16746e+06 -809165 8.70629e+06 -4.68763e+06
3.98 809165 9.06334e+06 6.97308e+06 -809165 8.73666e+06 -4.882e+06
3.99 809165 9.03276e+06 6.77735e+06 -809165 8.76724e+06 -5.07774e+06
4 809165 9.00222e+06 6.58182e+06 -809165 8.79778e+06 -5.27326e+06
4.01 809165 8.97194e+06 6.38804e+06 -809165 8.82806e+06 -5.46705e+06
4.02 809165 8.94217e+06 6.19744e+06 -809165 8.85783e+06 -5.65765e+06
4.03 809165 8.9131e+06 6.0114e+06 -809165 8.8869e+06 -5.84369e+06
4.04 809165 8.88495e+06 5.83122e+06 -809165 8.91505e+06 -6.02387e+06
4.05 809165 8.8579e+06 5.6581e+06 -809165 8.9421e+06 -6.19699e+06
4.06 809165 8.83213e+06 5.49314e+06 -809165 8.96787e+06 -6.36195e+06
4.07 809165 8.80779e+06 5.33735e+06 -809165 8.99221e+06 -6.51774e+06
4.08 809165 8.78503e+06 5.19162e+06 -809165 9.01497e+06 -6.66347e+06
4.09 809165 8.76395e+06 5.05674e+06 -809165 9.03605e+06 -6.79835e+06
4.1 809165 8.74468e+06 4.93338e+06 -809165 9.05532e+06 -6.92171e+06
4.11 809165 8.7273e+06 4.8221e+06 -809165 9.0727e+06 -7.03298e+06
4.12 809165 8.71187e+06 4.72336e+06 -809165 9.08813e+06 -7.13173e+06
4.13 809165 8.69845e+06 4.63747e+06 -809165 9.10155e+06 -7.21762e+06
4.14 809165 8.68708e+06 4.56466e+06 -809165 9.11292e+06 -7.29043e+06
4.15 809165 8.67776e+06 4.50505e+06 -809165 9.12224e+06 -7.35004e+06
4.16 809165 8.67051e+06 4.45863e+06 -809165 9.12949e+06 -7.39646e+06
4.17 809165 8.6653e+06 4.4253e+06 -809165 9.1347e+06 -7.42978e+06
4.18 809165 8.66211e+06 4.40488e+06 -809165 9.13789e+06 -7.45021e+06
4.19 809165 8.66089e+06 4.39706e+06 -809165 9.13911e+06 -7.45803e+06
4.2 809165 8.66158e+06 4.40147e+06 -809165 9.13842e+06 -7.45362e+06
4.21 809165 8.66411e+06 4.41764e+06 -809165 9.13589e+06 -7.43745e+06
4.22 809165 8.66839e+06 4.44504e+06 -809165 9.13161e+06 -7.41005e+06
4.23 809165 8.67433e+06 4.48305e+06 -809165 9.12567e+06 -7.37204e+06
4.24 809165 8.68182e+06 4.53102e+06 -809165 9.11818e+06 -7.32407e+06
4.25 809165 8.69076e+06 4.58821e+06 -809165 9.10924e+06 -7.26688e+06
4.26 809165 8.70101e+06 4.65386e+06 -809165 9.09899e+06 -7.20123e+06
4.27 809165 8.71246e+06 4.72716e+06 -809165 9.08754e+06 -7.12793e+06
4.28 809165 8.72498e+06 4.80727e+06 -809165 9.07502e+06 -7.04782e+06
4.29 809165 8.73842e+06 4.89332e+06 -809165 9.06158e+06 -6.96177e+06
4.3 809165 8.75266e+06 4.98444e+06 -809165 9.04734e+06 -6.87065e+06
4.31 809165 8.76755e+06 5.07973e+06 -809165 9.03245e+06 -6.77536e+06
4.32 809165 8.78295e+06 5.17831e+06 -809165 9.01705e+06 -6.67678e+06
4.33 809165 8.79872e+06 5.27929e+06 -809165 9.00128e+06 -6.5758e+06
4.34 809165 8.81474e+06 5.3818e+06 -809165 8.98526e+06 -6.47329e+06
4.35 809165 8.83086e+06 5.48498e+06 -809165 8.96914e+06 -6.37011e+06
4.36 809165 8.84695e+06 5.58801e+06 -809165 8.95305e+06 -6.26708e+06
4.37 809165 8.8629e+06 5.69008e+06 -809165 8.9371e+06 -6.16501e+06
4.38 809165 8.87858e+06 5.79043e+06 -809165 8.92142e+06 -6.06466e+06
4.39 809165 8.89388e+06 5.88834e+06 -809165 8.90612e+06 -5.96675e+06
4.4 809165 8.90868e+06 5.98313e+06 -809165 8.89132e+06 -5.87196e+06
4.41 809165 8.92291e+06 6.07417e+06 -809165 8.87709e+06 -5.78092e+06
4.42 809165 8.93645e+06 6.16088e+06 -809165 8.86355e+06 -5.69421e+06
4.43 809165 8.94924e+06 6.24272e+06 -809165 8.85076e+06 -5.61236e+06
4.44 809165 8.9612e+06 6.31925e+06 -809165 8.8388e+06 -5.53584e+06
4.45 809165 8.97225e+06 6.39003e+06 -809165 8.82775e+06 -5.46506e+06
4.46 809165 8.98236e+06 6.45473e+06 -809165 8.81764e+06 -5.40036e+06
4.47 809165 8.99147e+06 6.51304e+06 -809165 8.80853e+06 -5.34205e+06
4.48 809165 8.99955e+06 6.56474e+06 -809165 8.80045e+06 -5.29035e+06
4.49 809165 9.00657e+06 6.60966e+06 -809165 8.79343e+06 -5.24543e+06
4.5 809165 9.01251e+06 6.64767e+06 -809165 8.78749e+06 -5.20742e+06
4.51 809165 9.01736e+06 6.67873e+06 -809165 8.78264e+06 -5.17635e+06
4.52 809165 9.02112e+06 6.70284e+06 -809165 8.77888e+06 -5.15225e+06
4.53 809165 9.02381e+06 6.72005e+06 -809165 8.77619e+06 -5.13504e+06
4.54 809165 9.02544e+06 6.73047e+06 -809165 8.77456e+06 -5.12462e+06
4.55 809165 9.02603e+06 6.73425e+06 -809165 8.77397e+06 -5.12084e+06
4.56 809165 9.02562e+06 6.7316e+06 -809165 8.77438e+06 -5.12349e+06
4.57 809165 9.02424e+06 6.72276e+06 -809165 8.77576e+06 -5.13233e+06
4.58 809165 9.02193e+06 6.70802e+06 -809165 8.77807e+06 -5.14706e+06
4.59 809165 9.01876e+06 6.68771e+06 -809165 8.78124e+06 -5.16738e+06
4.6 809165 9.01477e+06 6.66217e+06 -809165 8.78523e+06 -5.19292e+06
4.61 809165 9.01002e+06 6.63178e+06 -809165 8.78998e+06 -5.22331e+06
4.62 809165 9.00458e+06 6.59696e+06 -809165 8.79542e+06 -5.25813e+06
4.63 809165 8.99852e+06 6.55813e+06 -809165 8.80148e+06 -5.29696e+06
4.64 809165 8.99189e+06 6.51573e+06 -809165 8.80811e+06 -5.33936e+06
4.65 809165 8.98478e+06 6.47023e+06 -809165 8.81522e+06 -5.38486e+06
4.66 809165 8.97726e+06 6.42208e+06 -809165 8.82274e+06 -5.43301e+06
4.67 809165 8.9694e+06 6.37175e+06 -809165 8.8306e+06 -5.48334e+06
4.68 809165 8.96127e+06 6.31971e+06 -809165 8.83873e+06 -5.53537e+06
4.69 809165 8.95295e+06 6.26644e+06 -809165 8.84705e+06 -5.58865e+06
4.7 809165 8.9445e+06 6.21238e+06 -809165 8.8555e+06 -5.64271e+06
4.71 809165 8.936e+06 6.15799e+06 -809165 8.864e+06 -5.6971e+06
4.72 809165 8.92752e+06 6.10371e+06 -809165 8.87248e+06 -5.75138e+06
4.73 809165 8.91912e+06 6.04994e+06 -809165 8.88088e+06 -5.80514e+06
4.74 809165 8.91087e+06 5.99711e+06 -809165 8.88913e+06 -5.85798e+06
4.75 809165 8.90282e+06 5.94558e+06 -809165 8.89718e+06 -5.90951e+06
4.76 809165 8.89503e+06 5.89571e+06 -809165 8.90497e+06 -5.95938e+06
4.77 809165 8.88755e+06 5.84784e+06 -809165 8.91245e+06 -6.00725e+06
4.78 809165 8.88043e+06 5.80227e+06 -809165 8.91957e+06 -6.05282e+06
4.79 809165 8.87371e+06 5.75927e+06 -809165 8.92629e+06 -6.09582e+06
4.8 809165 8.86743e+06 5.71908e+06 -809165 8.93257e+06 -6.136e+06
4.81 809165 8.86163e+06 5.68194e+06 -809165 8.93837e+06 -6.17315e+06
4.82 809165 8.85633e+06 5.64801e+06 -809165 8.94367e+06 -6.20708e+06
4.83 809165 8.85155e+06 5.61745e+06 -809165 8.94845e+06 -6.23764e+06
4.84 809165 8.84733e+06 5.59038e+06 -809165 8.95267e+06 -6.2647e+06
4.85 809165 8.84366e+06 5.5669e+06 -809165 8.95634e+06 -6.28819e+06
4.86 809165 8.84056e+06 5.54705e+06 -809165 8.95944e+06 -6.30804e+06
4.87 809165 8.83803e+06 5.53087e+06 -809165 8.96197e+06 -6.32422e+06
4.88 809165 8.83607e+06 5.51835e+06 -809165 8.96393e+06 -6.33674e+06
4.89 809165 8.83468e+06 5.50947e+06 -809165 8.96532e+06 -6.34562e+06
4.9 809165 8.83385e+06 5.50416e+06 -809165 8.96615e+06 -6.35093e+06
4.91 809165 8.83357e+06 5.50235e+06 -809165 8.96643e+06 -6.35274e+06
4.92 809165 8.83382e+06 5.50391e+06 -809165 8.96618e+06 -6.35117e+06
4.93 809165 8.83457e+06 5.50874e+06 -809165 8.96543e+06 -6.34635e+06
4.94 809165 8.83581e+06 5.51666e+06 -809165 8.96419e+06 -6.33843e+06
4.95 809165 8.8375e+06 5.52752e+06 -809165 8.9625e+06 -6.32757e+06
4.96 809165 8.83963e+06 5.54112e+06 -809165 8.96037e+06 -6.31397e+06
4.97 809165 8.84215e+06 5.55726e+06 -809165 8.95785e+06 -6.29783e+06
4.98 809165 8.84504e+06 5.57573e+06 -809165 8.95496e+06 -6.27936e+06
4.99 809165 8.84825e+06 5.5963e+06 -809165 8.95175e+06 -6.25879e+06
5 809165 8.85175e+06 5.61873e+06 -809165 8.94825e+06 -6.23636e+06
5.01 809165 8.85551e+06 5.64279e+06 -809165 8.94449e+06 -6.21229e+06
5.02 809165 8.85949e+06 5.66824e+06 -809165 8.94051e+06 -6.18685e+06
5.03 809165 8.86364e+06 5.69482e+06 -809165 8.93636e+06 -6.16027e+06
5.04 809165 8.86793e+06 5.72228e+06 -809165 8.93207e+06 -6.13281e+06
5.05 809165 8.87232e+06 5.75039e+06 -809165 8.92768e+06 -6.1047e+06
5.06 809165 8.87678e+06 5.7789e+06 -809165 8.92322e+06 -6.07619e+06
5.07 809165 8.88126e+06 5.80757e+06 -809165 8.91874e+06 -6.04752e+06
5.08 809165 8.88572e+06 5.83617e+06 -809165 8.91428e+06 -6.01892e+06
5.09 809165 8.89015e+06 5.86449e+06 -809165 8.90985e+06 -5.9906e+06
5.1 809165 8.89449e+06 5.8923e+06 -809165 8.90551e+06 -5.96279e+06
5.11 809165 8.89873e+06 5.91942e+06 -809165 8.90127e+06 -5.93567e+06
5.12 809165 8.90283e+06 5.94565e+06 -809165 8.89717e+06 -5.90943e+06
5.13 809165 8.90676e+06 5.97083e+06 -809165 8.89324e+06 -5.88426e+06
5.14 809165 8.9105e+06 5.99478e+06 -809165 8.8895e+06 -5.86031e+06
5.15 809165 8.91403e+06 6.01737e+06 -809165 8.88597e+06 -5.83772e+06
5.16 809165 8.91733e+06 6.03847e+06 -809165 8.88267e+06 -5.81662e+06
5.17 809165 8.92038e+06 6.05796e+06 -809165 8.87962e+06 -5.79713e+06
5.18 809165 8.92316e+06 6.07576e+06 -809165 8.87684e+06 -5.77933e+06
5.19 809165 8.92566e+06 6.09177e+06 -809165 8.87434e+06 -5.76332e+06
5.2 809165 8.92787e+06 6.10594e+06 -809165 8.87213e+06 -5.74915e+06
5.21 809165 8.92979e+06 6.11822e+06 -809165 8.87021e+06 -5.73687e+06
5.22 809165 8.93141e+06 6.12858e+06 -809165 8.86859e+06 -5.72651e+06
5.23 809165 8.93272e+06 6.13701e+06 -809165 8.86728e+06 -5.71808e+06
5.24 809165 8.93374e+06 6.14351e+06 -809165 8.86626e+06 -5.71158e+06
5.25 809165 8.93446e+06 6.14809e+06 -809165 8.86554e+06 -5.707e+06
5.26 809165 8.93488e+06 6.15079e+06 -809165 8.86512e+06 -5.7043e+06
5.27 809165 8.93501e+06 6.15165e+06 -809165 8.86499e+06 -5.70344e+06
5.28 809165 8.93487e+06 6.15074e+06 -809165 8.86513e+06 -5.70435e+06
5.29 809165 8.93446e+06 6.14811e+06 -809165 8.86554e+06 -5.70698e+06
5.3 809165 8.93379e+06 6.14385e+06 -809165 8.86621e+06 -5.71124e+06
5.31 809165 8.93289e+06 6.13805e+06 -809165 8.86711e+06 -5.71704e+06
5.32 809165 8.93176e+06 6.13081e+06 -809165 8.86824e+06 -5.72428e+06
5.33 809165 8.93042e+06 6.12224e+06 -809165 8.86958e+06 -5.73285e+06
5.34 809165 8.92889e+06 6.11244e+06 -809165 8.87111e+06 -5.74265e+06
5.35 809165 8.92718e+06 6.10155e+06 -809165 8.87282e+06 -5.75354e+06
5.36 809165 8.92533e+06 6.08967e+06 -809165 8.87467e+06 -5.76542e+06
5.37 809165 8.92334e+06 6.07695e+06 -809165 8.87666e+06 -5.77814e+06
5.38 809165 8.92124e+06 6.06351e+06 -809165 8.87876e+06 -5.79158e+06
5.39 809165 8.91905e+06 6.04947e+06 -809165 8.88095e+06 -5.80562e+06
5.4 809165 8.91678e+06 6.03497e+06 -809165 8.88322e+06 -5.82012e+06
5.41 809165 8.91447e+06 6.02014e+06 -809165 8.88553e+06 -5.83494e+06
5.42 809165 8.91212e+06 6.00511e+06 -809165 8.88788e+06 -5.84998e+06
5.43 809165 8.90976e+06 5.99e+06 -809165 8.89024e+06 -5.86509e+06
5.44 809165 8.9074e+06 5.97493e+06 -809165 8.8926e+06 -5.88016e+06
5.45 809165 8.90507e+06 5.96001e+06 -809165 8.89493e+06 -5.89507e+06
5.46 809165 8.90278e+06 5.94537e+06 -809165 8.89722e+06 -5.90972e+06
5.47 809165 8.90056e+06 5.9311e+06 -809165 8.89944e+06 -5.92399e+06
5.48 809165 8.8984e+06 5.9173e+06 -809165 8.9016e+06 -5.93779e+06
5.49 809165 8.89633e+06 5.90406e+06 -809165 8.90367e+06 -5.95103e+06
5.5 809165 8.89436e+06 5.89147e+06 -809165 8.90564e+06 -5.96362e+06
5.51 809165 8.89251e+06 5.8796e+06 -809165 8.90749e+06 -5.97548e+06
5.52 809165 8.89078e+06 5.86853e+06 -809165 8.90922e+06 -5.98656e+06
5.53 809165 8.88918e+06 5.8583e+06 -809165 8.91082e+06 -5.99679e+06
5.54 809165 8.88772e+06 5.84897e+06 -809165 8.91228e+06 -6.00612e+06
5.55 809165 8.88641e+06 5.84058e+06 -809165 8.91359e+06 -6.01451e+06
5.56 809165 8.88525e+06 5.83316e+06 -809165 8.91475e+06 -6.02193e+06
5.57 809165 8.88425e+06 5.82674e+06 -809165 8.91575e+06 -6.02835e+06
5.58 809165 8.88341e+06 5.82133e+06 -809165 8.91659e+06 -6.03376e+06
5.59 809165 8.88272e+06 5.81694e+06 -809165 8.91728e+06 -6.03815e+06
5.6 809165 8.88219e+06 5.81357e+06 -809165 8.91781e+06 -6.04152e+06
5.61 809165 8.88182e+06 5.8112e+06 -809165 8.91818e+06 -6.04388e+06
5.62 809165 8.88161e+06 5.80983e+06 -809165 8.91839e+06 -6.04526e+06
5.63 809165 8.88155e+06 5.80943e+06 -809165 8.91845e+06 -6.04566e+06
5.64 809165 8.88163e+06 5.80996e+06 -809165 8.91837e+06 -6.04513e+06
5.65 809165 8.88185e+06 5.81139e+06 -809165 8.91815e+06 -6.0437e+06
5.66 809165 8.88221e+06 5.81368e+06 -809165 8.91779e+06 -6.04141e+06
5.67 809165 8.88269e+06 5.81677e+06 -809165 8.91731e+06 -6.03832e+06
5.68 809165 8.8833e+06 5.82063e+06 -809165 8.9167e+06 -6.03446e+06
5.69 809165 8.88401e+06 5.82518e+06 -809165 8.91599e+06 -6.02991e+06
5.7 809165 8.88482e+06 5.83037e+06 -809165 8.91518e+06 -6.02471e+06
5.71 809165 8.88572e+06 5.83614e+06 -809165 8.91428e+06 -6.01894e+06
5.72 809165 8.8867e+06 5.84243e+06 -809165 8.9133e+06 -6.01266e+06
5.73 809165 8.88775e+06 5.84916e+06 -809165 8.91225e+06 -6.00593e+06
5.74 809165 8.88886e+06 5.85626e+06 -809165 8.91114e+06 -5.99883e+06
5.75 809165 8.89002e+06 5.86367e+06 -809165 8.90998e+06 -5.99142e+06
5.76 809165 8.89122e+06 5.87132e+06 -809165 8.90878e+06 -5.98377e+06
5.77 809165 8.89244e+06 5.87915e+06 -809165 8.90756e+06 -5.97594e+06
5.78 809165 8.89368e+06 5.88707e+06 -809165 8.90632e+06 -5.96802e+06
5.79 809165 8.89492e+06 5.89504e+06 -809165 8.90508e+06 -5.96005e+06
5.8 809165 8.89616e+06 5.90298e+06 -809165 8.90384e+06 -5.95211e+06
5.81 809165 8.89739e+06 5.91083e+06 -809165 8.90261e+06 -5.94426e+06
5.82 809165 8.89859e+06 5.91854e+06 -809165 8.90141e+06 -5.93655e+06
5.83 809165 8.89977e+06 5.92605e+06 -809165 8.90023e+06 -5.92903e+06
5.84 809165 8.9009e+06 5.93331e+06 -809165 8.8991e+06 -5.92178e+06
5.85 809165 8.90199e+06 5.94027e+06 -809165 8.89801e+06 -5.91482e+06
5.86 809165 8.90302e+06 5.94689e+06 -809165 8.89698e+06 -5.9082e+06
5.87 809165 8.904e+06 5.95312e+06 -809165 8.896e+06 -5.90196e+06
5.88 809165 8.90491e+06 5.95894e+06 -809165 8.89509e+06 -5.89615e+06
5.89 809165 8.90574e+06 5.96431e+06 -809165 8.89426e+06 -5.89078e+06
5.9 809165 8.90651e+06 5.9692e+06 -809165 8.89349e+06 -5.88589e+06
5.91 809165 8.90719e+06 5.9736e+06 -809165 8.89281e+06 -5.88149e+06
5.92 809165 8.9078e+06 5.97748e+06 -809165 8.8922e+06 -5.87761e+06
5.93 809165 8.90833e+06 5.98084e+06 -809165 8.89167e+06 -5.87425e+06
5.94 809165 8.90877e+06 5.98366e+06 -809165 8.89123e+06 -5.87143e+06
5.95 809165 8.90912e+06 5.98595e+06 -809165 8.89088e+06 -5.86914e+06
5.96 809165 8.9094e+06 5.98769e+06 -809165 8.8906e+06 -5.86739e+06
5.97 809165 8.90959e+06 5.98891e+06 -809165 8.89041e+06 -5.86618e+06
5.98 809165 8.9097e+06 5.98961e+06 -809165 8.8903e+06 -5.86548e+06
5.99 809165 8.90973e+06 5.9898e+06 -809165 8.89027e+06 -5.86529e+06
6 809165 8.90968e+06 5.98949e+06 -809165 8.89032e+06 -5.8656e+06
6.01 809165 8.90956e+06 5.98872e+06 -809165 8.89044e+06 -5.86637e+06
6.02 809165 8.90936e+06 5.98749e+06 -809165 8.89064e+06 -5.8676e+06
6.03 809165 8.90911e+06 5.98583e+06 -809165 8.89089e+06 -5.86926e+06
6.04 809165 8.90879e+06 5.98378e+06 -809165 8.89121e+06 -5.87131e+06
6.05 809165 8.90841e+06 5.98136e+06 -809165 8.89159e+06 -5.87373e+06
6.06 809165 8.90798e+06 5.97861e+06 -809165 8.89202e+06 -5.87648e+06
6.07 809165 8.9075e+06 5.97555e+06 -809165 8.8925e+06 -5.87954e+06
6.08 809165 8.90698e+06 5.97223e+06 -809165 8.89302e+06 -5.88286e+06
6.09 809165 8.90643e+06 5.96867e+06 -809165 8.89357e+06 -5.88642e+06
6.1 809165 8.90584e+06 5.96492e+06 -809165 8.89416e+06 -5.89017e+06
6.11 809165 8.90523e+06 5.961e+06 -809165 8.89477e+06 -5.89408e+06
6.12 809165 8.9046e+06 5.95697e+06 -809165 8.8954e+06 -5.89812e+06
6.13 809165 8.90395e+06 5.95284e+06 -809165 8.89605e+06 -5.90225e+06
6.14 809165 8.9033e+06 5.94866e+06 -809165 8.8967e+06 -5.90643e+06
6.15 809165 8.90264e+06 5.94446e+06 -809165 8.89736e+06 -5.91063e+06
6.16 809165 8.90199e+06 5.94028e+06 -809165 8.89801e+06 -5.91481e+06
6.17 809165 8.90134e+06 5.93614e+06 -809165 8.89866e+06 -5.91895e+06
6.18 809165 8.90071e+06 5.93208e+06 -809165 8.89929e+06 -5.92301e+06
6.19 809165 8.90009e+06 5.92813e+06 -809165 8.89991e+06 -5.92696e+06
6.2 809165 8.89949e+06 5.92431e+06 -809165 8.90051e+06 -5.93078e+06
6.21 809165 8.89892e+06 5.92065e+06 -809165 8.90108e+06 -5.93444e+06
6.22 809165 8.89838e+06 5.91717e+06 -809165 8.90162e+06 -5.93792e+06
6.23 809165 8.89787e+06 5.9139e+06 -809165 8.90213e+06 -5.94119e+06
6.24 809165 8.89739e+06 5.91084e+06 -809165 8.90261e+06 -5.94424e+06
6.25 809165 8.89695e+06 5.90803e+06 -809165 8.90305e+06 -5.94706e+06
6.26 809165 8.89655e+06 5.90546e+06 -809165 8.90345e+06 -5.94963e+06
6.27 809165 8.89619e+06 5.90316e+06 -809165 8.90381e+06 -5.95193e+06
6.28 809165 8.89587e+06 5.90113e+06 -809165 8.90413e+06 -5.95396e+06
6.29 809165 8.8956e+06 5.89937e+06 -809165 8.9044e+06 -5.95572e+06
6.3 809165 8.89537e+06 5.8979e+06 -809165 8.90463e+06 -5.95719e+06
6.31 809165 8.89518e+06 5.89671e+06 -809165 8.90482e+06 -5.95838e+06
6.32 809165 8.89504e+06 5.8958e+06 -809165 8.90496e+06 -5.95929e+06
6.33 809165 8.89494e+06 5.89517e+06 -809165 8.90506e+06 -5.95992e+06
6.34 809165 8.89489e+06 5.89482e+06 -809165 8.90511e+06 -5.96027e+06
6.35 809165 8.89487e+06 5.89473e+06 -809165 8.90513e+06 -5.96035e+06
6.36 809165 8.8949e+06 5.89491e+06 -809165 8.9051e+06 -5.96018e+06
6.37 809165 8.89497e+06 5.89533e+06 -809165 8.90503e+06 -5.95976e+06
6.38 809165 8.89507e+06 5.89599e+06 -809165 8.90493e+06 -5.9591e+06
6.39 809165 8.89521e+06 5.89687e+06 -809165 8.90479e+06 -5.95822e+06
6.4 809165 8.89538e+06 5.89796e+06 -809165 8.90462e+06 -5.95712e+06
6.41 809165 8.89558e+06 5.89925e+06 -809165 8.90442e+06 -5.95584e+06
6.42 809165 8.89581e+06 5.90071e+06 -809165 8.90419e+06 -5.95438e+06
6.43 809165 8.89606e+06 5.90233e+06 -809165 8.90394e+06 -5.95276e+06
6.44 809165 8.89634e+06 5.90409e+06 -809165 8.90366e+06 -5.951e+06
6.45 809165 8.89663e+06 5.90597e+06 -809165 8.90337e+06 -5.94912e+06
6.46 809165 8.89694e+06 5.90795e+06 -809165 8.90306e+06 -5.94714e+06
6.47 809165 8.89726e+06 5.91002e+06 -809165 8.90274e+06 -5.94507e+06
6.48 809165 8.89759e+06 5.91215e+06 -809165 8.90241e+06 -5.94294e+06
6.49 809165 8.89793e+06 5.91433e+06 -809165 8.90207e+06 -5.94076e+06
6.5 809165 8.89828e+06 5.91653e+06 -809165 8.90172e+06 -5.93856e+06
6.51 809165 8.89862e+06 5.91874e+06 -809165 8.90138e+06 -5.93635e+06
6.52 809165 8.89897e+06 5.92095e+06 -809165 8.90103e+06 -5.93414e+06
6.53 809165 8.89931e+06 5.92313e+06 -809165 8.90069e+06 -5.93196e+06
6.54 809165 8.89964e+06 5.92526e+06 -809165 8.90036e+06 -5.92983e+06
6.55 809165 8.89997e+06 5.92734e+06 -809165 8.90003e+06 -5.92775e+06
6.56 809165 8.90028e+06 5.92935e+06 -809165 8.89972e+06 -5.92574e+06
6.57 809165 8.90058e+06 5.93128e+06 -809165 8.89942e+06 -5.92381e+06
6.58 809165 8.90087e+06 5.9331e+06 -809165 8.89913e+06 -5.92199e+06
6.59 809165 8.90114e+06 5.93482e+06 -809165 8.89886e+06 -5.92027e+06
6.6 809165 8.90139e+06 5.93643e+06 -809165 8.89861e+06 -5.91866e+06
6.61 809165 8.90162e+06 5.9379e+06 -809165 8.89838e+06 -5.91718e+06
6.62 809165 8.90183e+06 5.93925e+06 -809165 8.89817e+06 -5.91584e+06
6.63 809165 8.90202e+06 5.94046e+06 -809165 8.89798e+06 -5.91463e+06
6.64 809165 8.90218e+06 5.94152e+06 -809165 8.89782e+06 -5.91357e+06
6.65 809165 8.90233e+06 5.94244e+06 -809165 8.89767e+06 -5.91265e+06
6.66 809165 8.90245e+06 5.94321e+06 -809165 8.89755e+06 -5.91188e+06
6.67 809165 8.90254e+06 5.94383e+06 -809165 8.89746e+06 -5.91126e+06
6.68 809165 8.90262e+06 5.9443e+06 -809165 8.89738e+06 -5.91079e+06
6.69 809165 8.90267e+06 5.94462e+06 -809165 8.89733e+06 -5.91047e+06
6.7 809165 8.9027e+06 5.9448e+06 -809165 8.8973e+06 -5.91029e+06
6.71 809165 8.9027e+06 5.94484e+06 -809165 8.8973e+06 -5.91025e+06
6.72 809165 8.90269e+06 5.94474e+06 -809165 8.89731e+06 -5.91035e+06
6.73 809165 8.90265e+06 5.94451e+06 -809165 8.89735e+06 -5.91058e+06
6.74 809165 8.90259e+06 5.94415e+06 -809165 8.89741e+06 -5.91093e+06
6.75 809165 8.90252e+06 5.94368e+06 -809165 8.89748e+06 -5.91141e+06
6.76 809165 8.90243e+06 5.9431e+06 -809165 8.89757e+06 -5.91199e+06
6.77 809165 8.90232e+06 5.94242e+06 -809165 8.89768e+06 -5.91267e+06
6.78 809165 8.9022e+06 5.94165e+06 -809165 8.8978e+06 -5.91344e+06
6.79 809165 8.90207e+06 5.94079e+06 -809165 8.89793e+06 -5.9143e+06
6.8 809165 8.90192e+06 5.93986e+06 -809165 8.89808e+06 -5.91523e+06
6.81 809165 8.90177e+06 5.93886e+06 -809165 8.89823e+06 -5.91622e+06
6.82 809165 8.9016e+06 5.93782e+06 -809165 8.8984e+06 -5.91727e+06
6.83 809165 8.90143e+06 5.93672e+06 -809165 8.89857e+06 -5.91836e+06
6.84 809165 8.90126e+06 5.9356e+06 -809165 8.89874e+06 -5.91949e+06
6.85 809165 8.90108e+06 5.93445e+06 -809165 8.89892e+06 -5.92064e+06
6.86 809165 8.9009e+06 5.93329e+06 -809165 8.8991e+06 -5.9218e+06
6.87 809165 8.90072e+06 5.93212e+06 -809165 8.89928e+06 -5.92297e+06
6.88 809165 8.90053e+06 5.93096e+06 -809165 8.89947e+06 -5.92413e+06
6.89 809165 8.90035e+06 5.92981e+06 -809165 8.89965e+06 -5.92527e+06
6.9 809165 8.90018e+06 5.92869e+06 -809165 8.89982e+06 -5.9264e+06
6.91 809165 8.90001e+06 5.9276e+06 -809165 8.89999e+06 -5.92749e+06
6.92 809165 8.89984e+06 5.92654e+06 -809165 8.90016e+06 -5.92855e+06
6.93 809165 8.89968e+06 5.92553e+06 -809165 8.90032e+06 -5.92956e+06
6.94 809165 8.89953e+06 5.92457e+06 -809165 8.90047e+06 -5.93052e+06
6.95 809165 8.89939e+06 5.92366e+06 -809165 8.90061e+06 -5.93143e+06
6.96 809165 8.89926e+06 5.92282e+06 -809165 8.90074e+06 -5.93227e+06
6.97 809165 8.89914e+06 5.92205e+06 -809165 8.90086e+06 -5.93304e+06
6.98 809165 8.89903e+06 5.92134e+06 -809165 8.90097e+06 -5.93375e+06
6.99 809165 8.89893e+06 5.92071e+06 -809165 8.90107e+06 -5.93438e+06
7 809165 8.89885e+06 5.92015e+06 -809165 8.90115e+06 -5.93494e+06
7.01 809165 8.89877e+06 5.91967e+06 -809165 8.90123e+06 -5.93542e+06
7.02 809165 8.89871e+06 5.91927e+06 -809165 8.90129e+06 -5.93582e+06
7.03 809165 8.89866e+06 5.91895e+06 -809165 8.90134e+06 -5.93614e+06
7.04 809165 8.89862e+06 5.9187e+06 -809165 8.90138e+06 -5.93638e+06
7.05 809165 8.89859e+06 5.91854e+06 -809165 8.90141e+06 -5.93655e+06
7.06 809165 8.89858e+06 5.91845e+06 -809165 8.90142e+06 -5.93664e+06
7.07 809165 8.89858e+06 5.91843e+06 -809165 8.90142e+06 -5.93666e+06
7.08 809165 8.89858e+06 5.91849e+06 -809165 8.90142e+06 -5.9366e+06
7.09 809165 8.8986e+06 5.91861e+06 -809165 8.9014e+06 -5.93648e+06
7.1 809165 8.89863e+06 5.9188e+06 -809165 8.90137e+06 -5.93629e+06
7.11 809165 8.89867e+06 5.91905e+06 -809165 8.90133e+06 -5.93604e+06
7.12 809165 8.89872e+06 5.91936e+06 -809165 8.90128e+06 -5.93573e+06
7.13 809165 8.89878e+06 5.91972e+06 -809165 8.90122e+06 -5.93537e+06
7.14 809165 8.89884e+06 5.92013e+06 -809165 8.90116e+06 -5.93495e+06
7.15 809165 8.89891e+06 5.92059e+06 -809165 8.90109e+06 -5.9345e+06
7.16 809165 8.89899e+06 5.92108e+06 -809165 8.90101e+06 -5.93401e+06
7.17 809165 8.89907e+06 5.92161e+06 -809165 8.90093e+06 -5.93348e+06
7.18 809165 8.89916e+06 5.92216e+06 -809165 8.90084e+06 -5.93293e+06
7.19 809165 8.89925e+06 5.92274e+06 -809165 8.90075e+06 -5.93235e+06
7.2 809165 8.89934e+06 5.92333e+06 -809165 8.90066e+06 -5.93176e+06
7.21 809165 8.89944e+06 5.92394e+06 -809165 8.90056e+06 -5.93115e+06
7.22 809165 8.89953e+06 5.92455e+06 -809165 8.90047e+06 -5.93054e+06
7.23 809165 8.89963e+06 5.92516e+06 -809165 8.90037e+06 -5.92993e+06
7.24 809165 8.89972e+06 5.92577e+06 -809165 8.90028e+06 -5.92931e+06
7.25 809165 8.89982e+06 5.92638e+06 -809165 8.90018e+06 -5.92871e+06
7.26 809165 8.89991e+06 5.92697e+06 -809165 8.90009e+06 -5.92812e+06
7.27 809165 8.9e+06 5.92755e+06 -809165 8.9e+06 -5.92754e+06
7.28 809165 8.90009e+06 5.9281e+06 -809165 8.89991e+06 -5.92699e+06
7.29 809165 8.90017e+06 5.92863e+06 -809165 8.89983e+06 -5.92645e+06
7.3 809165 8.90025e+06 5.92914e+06 -809165 8.89975e+06 -5.92595e+06
7.31 809165 8.90032e+06 5.92961e+06 -809165 8.89968e+06 -5.92547e+06
7.32 809165 8.90039e+06 5.93006e+06 -809165 8.89961e+06 -5.92503e+06
7.33 809165 8.90046e+06 5.93046e+06 -809165 8.89954e+06 -5.92463e+06
7.34 809165 8.90051e+06 5.93083e+06 -809165 8.89949e+06 -5.92426e+06
7.35 809165 8.90057e+06 5.93116e+06 -809165 8.89943e+06 -5.92393e+06
7.36 809165 8.90061e+06 5.93146e+06 -809165 8.89939e+06 -5.92363e+06
7.37 809165 8.90065e+06 5.93171e+06 -809165 8.89935e+06 -5.92338e+06
7.38 809165 8.90068e+06 5.93191e+06 -809165 8.89932e+06 -5.92317e+06
7.39 809165 8.90071e+06 5.93208e+06 -809165 8.89929e+06 -5.92301e+06
7.4 809165 8.90073e+06 5.93221e+06 -809165 8.89927e+06 -5.92288e+06
7.41 809165 8.90074e+06 5.93229e+06 -809165 8.89926e+06 -5.92279e+06
7.42 809165 8.90075e+06 5.93234e+06 -809165 8.89925e+06 -5.92275e+06
7.43 809165 8.90075e+06 5.93235e+06 -809165 8.89925e+06 -5.92274e+06
7.44 809165 8.90075e+06 5.93232e+06 -809165 8.89925e+06 -5.92277e+06
7.45 809165 8.90073e+06 5.93225e+06 -809165 8.89927e+06 -5.92284e+06
7.46 809165 8.90072e+06 5.93215e+06 -809165 8.89928e+06 -5.92294e+06
7.47 809165 8.9007e+06 5.93201e+06 -809165 8.8993e+06 -5.92308e+06
7.48 809165 8.90067e+06 5.93185e+06 -809165 8.89933e+06 -5.92324e+06
7.49 809165 8.90064e+06 5.93166e+06 -809165 8.89936e+06 -5.92343e+06
7.5 809165 8.90061e+06 5.93144e+06 -809165 8.89939e+06 -5.92365e+06
7.51 809165 8.90057e+06 5.9312e+06 -809165 8.89943e+06 -5.92389e+06
7.52 809165 8.90053e+06 5.93094e+06 -809165 8.89947e+06 -5.92415e+06
7.53 809165 8.90049e+06 5.93066e+06 -809165 8.89951e+06 -5.92443e+06
7.54 809165 8.90044e+06 5.93037e+06 -809165 8.89956e+06 -5.92472e+06
7.55 809165 8.90039e+06 5.93006e+06 -809165 8.89961e+06 -5.92503e+06
7.56 809165 8.90034e+06 5.92975e+06 -809165 8.89966e+06 -5.92534e+06
7.57 809165 8.90029e+06 5.92943e+06 -809165 8.89971e+06 -5.92566e+06
7.58 809165 8.90024e+06 5.92911e+06 -809165 8.89976e+06 -5.92598e+06
7.59 809165 8.90019e+06 5.92878e+06 -809165 8.89981e+06 -5.92631e+06
7.6 809165 8.90014e+06 5.92846e+06 -809165 8.89986e+06 -5.92663e+06
7.61 809165 8.90009e+06 5.92814e+06 -809165 8.89991e+06 -5.92695e+06
7.62 809165 8.90004e+06 5.92783e+06 -809165 8.89996e+06 -5.92726e+06
7.63 809165 8.9e+06 5.92753e+06 -809165 8.9e+06 -5.92756e+06
7.64 809165 8.89995e+06 5.92724e+06 -809165 8.90005e+06 -5.92785e+06
7.65 809165 8.89991e+06 5.92696e+06 -809165 8.90009e+06 -5.92813e+06
7.66 809165 8.89987e+06 5.92669e+06 -809165 8.90013e+06 -5.9284e+06
7.67 809165 8.89983e+06 5.92644e+06 -809165 8.90017e+06 -5.92865e+06
7.68 809165 8.89979e+06 5.92621e+06 -809165 8.90021e+06 -5.92888e+06
7.69 809165 8.89976e+06 5.926e+06 -809165 8.90024e+06 -5.92909e+06
7.7 809165 8.89973e+06 5.9258e+06 -809165 8.90027e+06 -5.92929e+06
7.71 809165 8.8997e+06 5.92563e+06 -809165 8.9003e+06 -5.92946e+06
7.72 809165 8.89968e+06 5.92548e+06 -809165 8.90032e+06 -5.92961e+06
7.73 809165 8.89966e+06 5.92534e+06 -809165 8.90034e+06 -5.92974e+06
7.74 809165 8.89964e+06 5.92524e+06 -809165 8.90036e+06 -5.92985e+06
7.75 809165 8.89963e+06 5.92515e+06 -809165 8.90037e+06 -5.92994e+06
7.76 809165 8.89962e+06 5.92508e+06 -809165 8.90038e+06 -5.93001e+06
7.77 809165 8.89961e+06 5.92504e+06 -809165 8.90039e+06 -5.93005e+06
7.78 809165 8.8996e+06 5.92502e+06 -809165 8.9004e+06 -5.93007e+06
7.79 809165 8.8996e+06 5.92501e+06 -809165 8.9004e+06 -5.93008e+06
7.8 809165 8.89961e+06 5.92503e+06 -809165 8.90039e+06 -5.93006e+06
7.81 809165 8.89961e+06 5.92507e+06 -809165 8.90039e+06 -5.93002e+06
7.82 809165 8.89962e+06 5.92512e+06 -809165 8.90038e+06 -5.92997e+06
7.83 809165 8.89963e+06 5.92519e+06 -809165 8.90037e+06 -5.9299e+06
7.84 809165 8.89965e+06 5.92528e+06 -809165 8.90035e+06 -5.92981e+06
7.85 809165 8.89966e+06 5.92538e+06 -809165 8.90034e+06 -5.92971e+06
7.86 809165 8.89968e+06 5.9255e+06 -809165 8.90032e+06 -5.92959e+06
7.87 809165 8.8997e+06 5.92563e+06 -809165 8.9003e+06 -5.92946e+06
7.88 809165 8.89972e+06 5.92576e+06 -809165 8.90028e+06 -5.92933e+06
7.89 809165 8.89974e+06 5.92591e+06 -809165 8.90026e+06 -5.92918e+06
7.9 809165 8.89977e+06 5.92606e+06 -809165 8.90023e+06 -5.92902e+06
7.91 809165 8.89979e+06 5.92623e+06 -809165 8.90021e+06 -5.92886e+06
7.92 809165 8.89982e+06 5.92639e+06 -809165 8.90018e+06 -5.9287e+06
7.93 809165 8.89985e+06 5.92656e+06 -809165 8.90015e+06 -5.92853e+06
7.94 809165 8.89987e+06 5.92673e+06 -809165 8.90013e+06 -5.92836e+06
7.95 809165 8.8999e+06 5.9269e+06 -809165 8.9001e+06 -5.92819e+06
7.96 809165 8.89993e+06 5.92707e+06 -809165 8.90007e+06 -5.92802e+06
7.97 809165 8.89995e+06 5.92724e+06 -809165 8.90005e+06 -5.92785e+06
7.98 809165 8.89998e+06 5.9274e+06 -809165 8.90002e+06 -5.92769e+06
7.99 809165 8.9e+06 5.92756e+06 -809165 8.9e+06 -5.92753e+06
8 809165 8.90003e+06 5.92772e+06 -809165 8.89997e+06 -5.92737e+06
8.01 809165 8.90005e+06 5.92786e+06 -809165 8.89995e+06 -5.92723e+06
8.02 809165 8.90007e+06 5.928e+06 -809165 8.89993e+06 -5.92709e+06
8.03 809165 8.90009e+06 5.92813e+06 -809165 8.89991e+06 -5.92696e+06
8.04 809165 8.90011e+06 5.92825e+06 -809165 8.89989e+06 -5.92683e+06
8.05 809165 8.90013e+06 5.92837e+06 -809165 8.89987e+06 -5.92672e+06
8.06 809165 8.90014e+06 5.92847e+06 -809165 8.89986e+06 -5.92662e+06
8.07 809165 8.90016e+06 5.92856e+06 -809165 8.89984e+06 -5.92653e+06
8.08 809165 8.90017e+06 5.92864e+06 -809165 8.89983e+06 -5.92645e+06
8.09 809165 8.90018e+06 5.92871e+06 -809165 8.89982e+06 -5.92638e+06
8.1 809165 8.90019e+06 5.92876e+06 -809165 8.89981e+06 -5.92632e+06
8.11 809165 8.9002e+06 5.92881e+06 -809165 8.8998e+06 -5.92628e+06
8.12 809165 8.9002e+06 5.92884e+06 -809165 8.8998e+06 -5.92625e+06
8.13 809165 8.90021e+06 5.92887e+06 -809165 8.89979e+06 -5.92622e+06
8.14 809165 8.90021e+06 5.92888e+06 -809165 8.89979e+06 -5.92621e+06
8.15 809165 8.90021e+06 5.92888e+06 -809165 8.89979e+06 -5.92621e+06
8.16 809165 8.90021e+06 5.92887e+06 -809165 8.89979e+06 -5.92622e+06
8.17 809165 8.9002e+06 5.92885e+06 -809165 8.8998e+06 -5.92624e+06
8.18 809165 8.9002e+06 5.92882e+06 -809165 8.8998e+06 -5.92627e+06
8.19 809165 8.90019e+06 5.92878e+06 -809165 8.89981e+06 -5.92631e+06
8.2 809165 8.90019e+06 5.92873e+06 -809165 8.89981e+06 -5.92635e+06
8.21 809165 8.90018e+06 5.92868e+06 -809165 8.89982e+06 -5.92641e+06
8.22 809165 8.90017e+06 5.92862e+06 -809165 8.89983e+06 -5.92647e+06
8.23 809165 8.90016e+06 5.92855e+06 -809165 8.89984e+06 -5.92654e+06
8.24 809165 8.90015e+06 5.92848e+06 -809165 8.89985e+06 -5.92661e+06
8.25 809165 8.90013e+06 5.9284e+06 -809165 8.89987e+06 -5.92669e+06
8.26 809165 8.90012e+06 5.92832e+06 -809165 8.89988e+06 -5.92677e+06
8.27 809165 8.90011e+06 5.92824e+06 -809165 8.89989e+06 -5.92685e+06
8.28 809165 8.90009e+06 5.92815e+06 -809165 8.89991e+06 -5.92694e+06
8.29 809165 8.90008e+06 5.92806e+06 -809165 8.89992e+06 -5.92703e+06
8.3 809165 8.90007e+06 5.92797e+06 -809165 8.89993e+06 -5.92712e+06
8.31 809165 8.90005e+06 5.92788e+06 -809165 8.89995e+06 -5.92721e+06
8.32 809165 8.90004e+06 5.92779e+06 -809165 8.89996e+06 -5.9273e+06
8.33 809165 8.90002e+06 5.9277e+06 -809165 8.89998e+06 -5.92739e+06
8.34 809165 8.90001e+06 5.92762e+06 -809165 8.89999e+06 -5.92747e+06
8.35 809165 8.9e+06 5.92753e+06 -809165 8.9e+06 -5.92756e+06
8.36 809165 8.89999e+06 5.92745e+06 -809165 8.90001e+06 -5.92764e+06
8.37 809165 8.89997e+06 5.92737e+06 -809165 8.90003e+06 -5.92772e+06
8.38 809165 8.89996e+06 5.9273e+06 -809165 8.90004e+06 -5.92779e+06
8.39 809165 8.89995e+06 5.92723e+06 -809165 8.90005e+06 -5.92786e+06
8.4 809165 8.89994e+06 5.92717e+06 -809165 8.90006e+06 -5.92792e+06
8.41 809165 8.89993e+06 5.92711e+06 -809165 8.90007e+06 -5.92798e+06
8.42 809165 8.89992e+06 5.92706e+06 -809165 8.90008e+06 -5.92803e+06
8.43 809165 8.89992e+06 5.92701e+06 -809165 8.90008e+06 -5.92808e+06
8.44 809165 8.89991e+06 5.92697e+06 -809165 8.90009e+06 -5.92812e+06
8.45 809165 8.8999e+06 5.92693e+06 -809165 8.9001e+06 -5.92816e+06
8.46 809165 8.8999e+06 5.9269e+06 -809165 8.9001e+06 -5.92819e+06
8.47 809165 8.8999e+06 5.92688e+06 -809165 8.9001e+06 -5.92821e+06
8.48 809165 8.89989e+06 5.92686e+06 -809165 8.90011e+06 -5.92823e+06
8.49 809165 8.89989e+06 5.92685e+06 -809165 8.90011e+06 -5.92824e+06
8.5 809165 8.89989e+06 5.92684e+06 -809165 8.90011e+06 -5.92825e+06
8.51 809165 8.89989e+06 5.92684e+06 -809165 8.90011e+06 -5.92825e+06
8.52 809165 8.89989e+06 5.92685e+06 -809165 8.90011e+06 -5.92824e+06
8.53 809165 8.89989e+06 5.92686e+06 -809165 8.90011e+06 -5.92823e+06
8.54 809165 8.8999e+06 5.92687e+06 -809165 8.9001e+06 -5.92822e+06
8.55 809165 8.8999e+06 5.92689e+06 -809165 8.9001e+06 -5.9282e+06
8.56 809165 8.8999e+06 5.92692e+06 -809165 8.9001e+06 -5.92817e+06
8.57 809165 8.89991e+06 5.92695e+06 -809165 8.90009e+06 -5.92814e+06
8.58 809165 8.89991e+06 5.92698e+06 -809165 8.90009e+06 -5.92811e+06
8.59 809165 8.89992e+06 5.92702e+06 -809165 8.90008e+06 -5.92807e+06
8.6 809165 8.89992e+06 5.92705e+06 -809165 8.90008e+06 -5.92804e+06
8.61 809165 8.89993e+06 5.92709e+06 -809165 8.90007e+06 -5.92799e+06
8.62 809165 8.89994e+06 5.92714e+06 -809165 8.90006e+06 -5.92795e+06
8.63 809165 8.89994e+06 5.92718e+06 -809165 8.90006e+06 -5.92791e+06
8.64 809165 8.89995e+06 5.92723e+06 -809165 8.90005e+06 -5.92786e+06
8.65 809165 8.89996e+06 5.92728e+06 -809165 8.90004e+06 -5.92781e+06
8.66 809165 8.89997e+06 5.92732e+06 -809165 8.90003e+06 -5.92777e+06
8.67 809165 8.89997e+06 5.92737e+06 -809165 8.90003e+06 -5.92772e+06
8.68 809165 8.89998e+06 5.92742e+06 -809165 8.90002e+06 -5.92767e+06
8.69 809165 8.89999e+06 5.92746e+06 -809165 8.90001e+06 -5.92762e+06
8.7 809165 8.89999e+06 5.92751e+06 -809165 8.90001e+06 -5.92758e+06
8.71 809165 8.9e+06 5.92755e+06 -809165 8.9e+06 -5.92754e+06
8.72 809165 8.90001e+06 5.9276e+06 -809165 8.89999e+06 -5.92749e+06
8.73 809165 8.90001e+06 5.92764e+06 -809165 8.89999e+06 -5.92745e+06
8.74 809165 8.90002e+06 5.92768e+06 -809165 8.89998e+06 -5.92741e+06
8.75 809165 8.90003e+06 5.92771e+06 -809165 8.89997e+06 -5.92738e+06
8.76 809165 8.90003e+06 5.92774e+06 -809165 8.89997e+06 -5.92734e+06
8.77 809165 8.90004e+06 5.92778e+06 -809165 8.89996e+06 -5.92731e+06
8.78 809165 8.90004e+06 5.9278e+06 -809165 8.89996e+06 -5.92729e+06
8.79 809165 8.90004e+06 5.92783e+06 -809165 8.89996e+06 -5.92726e+06
8.8 809165 8.90005e+06 5.92785e+06 -809165 8.89995e+06 -5.92724e+06
8.81 809165 8.90005e+06 5.92787e+06 -809165 8.89995e+06 -5.92722e+06
8.82 809165 8.90005e+06 5.92788e+06 -809165 8.89995e+06 -5.9272e+06
8.83 809165 8.90006e+06 5.9279e+06 -809165 8.89994e+06 -5.92719e+06
8.84 809165 8.90006e+06 5.92791e+06 -809165 8.89994e+06 -5.92718e+06
8.85 809165 8.90006e+06 5.92791e+06 -809165 8.89994e+06 -5.92718e+06
8.86 809165 8.90006e+06 5.92791e+06 -809165 8.89994e+06 -5.92717e+06
8.87 809165 8.90006e+06 5.92791e+06 -809165 8.89994e+06 -5.92717e+06
8.88 809165 8.90006e+06 5.92791e+06 -809165 8.89994e+06 -5.92718e+06
8.89 809165 8.90006e+06 5.92791e+06 -809165 8.89994e+06 -5.92718e+06
8.9 809165 8.90006e+06 5.9279e+06 -809165 8.89994e+06 -5.92719e+06
8.91 809165 8.90005e+06 5.92789e+06 -809165 8.89995e+06 -5.9272e+06
8.92 809165 8.90005e+06 5.92787e+06 -809165 8.89995e+06 -5.92722e+06
8.93 809165 8.90005e+06 5.92786e+06 -809165 8.89995e+06 -5.92723e+06
8.94 809165 8.90005e+06 5.92784e+06 -809165 8.89995e+06 -5.92725e+06
8.95 809165 8.90004e+06 5.92782e+06 -809165 8.89996e+06 -5.92727e+06
8.96 809165 8.90004e+06 5.9278e+06 -809165 8.89996e+06 -5.92729e+06
8.97 809165 8.90004e+06 5.92778e+06 -809165 8.89996e+06 -5.92731e+06
8.98 809165 8.90003e+06 5.92776e+06 -809165 8.89997e+06 -5.92733e+06
8.99 809165 8.90003e+06 5.92773e+06 -809165 8.89997e+06 -5.92735e+06
9 809165 8.90003e+06 5.92771e+06 -809165 8.89997e+06 -5.92738e+06
9.01 809165 8.90002e+06 5.92768e+06 -809165 8.89998e+06 -5.9274e+06
9.02 809165 8.90002e+06 5.92766e+06 -809165 8.89998e+06 -5.92743e+06
9.03 809165 8.90001e+06 5.92763e+06 -809165 8.89999e+06 -5.92745e+06
9.04 809165 8.90001e+06 5.92761e+06 -809165 8.89999e+06 -5.92748e+06
9.05 809165 8.90001e+06 5.92759e+06 -809165 8.89999e+06 -5.9275e+06
9.06 809165 8.9e+06 5.92756e+06 -809165 8.9e+06 -5.92753e+06
9.07 809165 8.9e+06 5.92754e+06 -809165 8.9e+06 -5.92755e+06
9.08 809165 8.9e+06 5.92752e+06 -809165 8.9e+06 -5.92757e+06
9.09 809165 8.89999e+06 5.92749e+06 -809165 8.90001e+06 -5.92759e+06
9.1 809165 8.89999e+06 5.92747e+06 -809165 8.90001e+06 -5.92761e+06
9.11 809165 8.89999e+06 5.92746e+06 -809165 8.90001e+06 -5.92763e+06
9.12 809165 8.89998e+06 5.92744e+06 -809165 8.90002e+06 -5.92765e+06
9.13 809165 8.89998e+06 5.92742e+06 -809165 8.90002e+06 -5.92767e+06
9.14 809165 8.89998e+06 5.92741e+06 -809165 8.90002e+06 -5.92768e+06
9.15 809165 8.89998e+06 5.92739e+06 -809165 8.90002e+06 -5.92769e+06
9.16 809165 8.89997e+06 5.92738e+06 -809165 8.90003e+06 -5.92771e+06
9.17 809165 8.89997e+06 5.92737e+06 -809165 8.90003e+06 -5.92772e+06
9.18 809165 8.89997e+06 5.92736e+06 -809165 8.90003e+06 -5.92772e+06
9.19 809165 8.89997e+06 5.92736e+06 -809165 8.90003e+06 -5.92773e+06
9.2 809165 8.89997e+06 5.92735e+06 -809165 8.90003e+06 -5.92774e+06
9.21 809165 8.89997e+06 5.92735e+06 -809165 8.90003e+06 -5.92774e+06
9.22 809165 8.89997e+06 5.92735e+06 -809165 8.90003e+06 -5.92774e+06
9.23 809165 8.89997e+06 5.92735e+06 -809165 8.90003e+06 -5.92774e+06
9.24 809165 8.89997e+06 5.92735e+06 -809165 8.90003e+06 -5.92774e+06
9.25 809165 8.89997e+06 5.92735e+06 -809165 8.90003e+06 -5.92773e+06
9.26 809165 8.89997e+06 5.92736e+06 -809165 8.90003e+06 -5.92773e+06
9.27 809165 8.89997e+06 5.92736e+06 -809165 8.90003e+06 -5.92772e+06
9.28 809165 8.89997e+06 5.92737e+06 -809165 8.90003e+06 -5.92772e+06
9.29 809165 8.89997e+06 5.92738e+06 -809165 8.90003e+06 -5.92771e+06
9.3 809165 8.89998e+06 5.92739e+06 -809165 8.90002e+06 -5.9277e+06
9.31 809165 8.89998e+06 5.9274e+06 -809165 8.90002e+06 -5.92769e+06
9.32 809165 8.89998e+06 5.92741e+06 -809165 8.90002e+06 -5.92768e+06
9.33 809165 8.89998e+06 5.92742e+06 -809165 8.90002e+06 -5.92767e+06
9.34 809165 8.89998e+06 5.92743e+06 -809165 8.90002e+06 -5.92766e+06
9.35 809165 8.89998e+06 5.92745e+06 -809165 8.90002e+06 -5.92764e+06
9.36 809165 8.89999e+06 5.92746e+06 -809165 8.90001e+06 -5.92763e+06
9.37 809165 8.89999e+06 5.92747e+06 -809165 8.90001e+06 -5.92762e+06
9.38 809165 8.89999e+06 5.92748e+06 -809165 8.90001e+06 -5.9276e+06
9.39 809165 8.89999e+06 5.9275e+06 -809165 8.90001e+06 -5.92759e+06
9.4 809165 8.89999e+06 5.92751e+06 -809165 8.90001e+06 -5.92758e+06
9.41 809165 8.9e+06 5.92752e+06 -809165 8.9e+06 -5.92757e+06
9.42 809165 8.9e+06 5.92754e+06 -809165 8.9e+06 -5.92755e+06
9.43 809165 8.9e+06 5.92755e+06 -809165 8.9e+06 -5.92754e+06
9.44 809165 8.9e+06 5.92756e+06 -809165 8.9e+06 -5.92753e+06
9.45 809165 8.9e+06 5.92757e+06 -809165 8.9e+06 -5.92752e+06
9.46 809165 8.90001e+06 5.92758e+06 -809165 8.89999e+06 -5.92751e+06
9.47 809165 8.90001e+06 5.92759e+06 -809165 8.89999e+06 -5.9275e+06
9.48 809165 8.90001e+06 5.9276e+06 -809165 8.89999e+06 -5.92749e+06
9.49 809165 8.90001e+06 5.92761e+06 -809165 8.89999e+06 -5.92748e+06
9.5 809165 8.90001e+06 5.92762e+06 -809165 8.89999e+06 -5.92747e+06
9.51 809165 8.90001e+06 5.92762e+06 -809165 8.89999e+06 -5.92746e+06
9.52 809165 8.90001e+06 5.92763e+06 -809165 8.89999e+06 -5.92746e+06
9.53 809165 8.90001e+06 5.92764e+06 -809165 8.89999e+06 -5.92745e+06
9.54 809165 8.90001e+06 5.92764e+06 -809165 8.89999e+06 -5.92745e+06
9.55 809165 8.90002e+06 5.92764e+06 -809165 8.89998e+06 -5.92745e+06
9.56 809165 8.90002e+06 5.92765e+06 -809165 8.89998e+06 -5.92744e+06
9.57 809165 8.90002e+06 5.92765e+06 -809165 8.89998e+06 -5.92744e+06
9.58 809165 8.90002e+06 5.92765e+06 -809165 8.89998e+06 -5.92744e+06
9.59 809165 8.90002e+06 5.92765e+06 -809165 8.89998e+06 -5.92744e+06
9.6 809165 8.90002e+06 5.92765e+06 -809165 8.89998e+06 -5.92744e+06
9.61 809165 8.90002e+06 5.92764e+06 -809165 8.89998e+06 -5.92744e+06
9.62 809165 8.90002e+06 5.92764e+06 -809165 8.89998e+06 -5.92745e+06
9.63 809165 8.90001e+06 5.92764e+06 -809165 8.89999e+06 -5.92745e+06
9.64 809165 8.90001e+06 5.92764e+06 -809165 8.89999e+06 -5.92745e+06
9.65 809165 8.90001e+06 5.92763e+06 -809165 8.89999e+06 -5.92746e+06
9.66 809165 8.90001e+06 5.92763e+06 -809165 8.89999e+06 -5.92746e+06
9.67 809165 8.90001e+06 5.92762e+06 -809165 8.89999e+06 -5.92747e+06
9.68 809165 8.90001e+06 5.92762e+06 -809165 8.89999e+06 -5.92747e+06
9.69 809165 8.90001e+06 5.92761e+06 -809165 8.89999e+06 -5.92748e+06
9.7 809165 8.90001e+06 5.9276e+06 -809165 8.89999e+06 -5.92749e+06
9.71 809165 8.90001e+06 5.9276e+06 -809165 8.89999e+06 -5.92749e+06
9.72 809165 8.90001e+06 5.92759e+06 -809165 8.89999e+06 -5.9275e+06
9.73 809165 8.90001e+06 5.92758e+06 -809165 8.89999e+06 -5.92751e+06
9.74 809165 8.9e+06 5.92758e+06 -809165 8.9e+06 -5.92751e+06
9.75 809165 8.9e+06 5.92757e+06 -809165 8.9e+06 -5.92752e+06
9.76 809165 8.9e+06 5.92756e+06 -809165 8.9e+06 -5.92753e+06
9.77 809165 8.9e+06 5.92756e+06 -809165 8.9e+06 -5.92753e+06
9.78 809165 8.9e+06 5.92755e+06 -809165 8.9e+06 -5.92754e+06
9.79 809165 8.9e+06 5.92754e+06 -809165 8.9e+06 -5.92755e+06
9.8 809165 8.9e+06 5.92754e+06 -809165 8.9e+06 -5.92755e+06
9.81 809165 8.9e+06 5.92753e+06 -809165 8.9e+06 -5.92756e+06
9.82 809165 8.9e+06 5.92752e+06 -809165 8.9e+06 -5.92756e+06
9.83 809165 8.9e+06 5.92752e+06 -809165 8.9e+06 -5.92757e+06
9.84 809165 8.9e+06 5.92751e+06 -809165 8.9e+06 -5.92757e+06
9.85 809165 8.89999e+06 5.92751e+06 -809165 8.90001e+06 -5.92758e+06
9.86 809165 8.89999e+06 5.92751e+06 -809165 8.90001e+06 -5.92758e+06
9.87 809165 8.89999e+06 5.9275e+06 -809165 8.90001e+06 -5.92759e+06
9.88 809165 8.89999e+06 5.9275e+06 -809165 8.90001e+06 -5.92759e+06
9.89 809165 8.89999e+06 5.9275e+06 -809165 8.90001e+06 -5.92759e+06
9.9 809165 8.89999e+06 5.92749e+06 -809165 8.90001e+06 -5.92759e+06
9.91 809165 8.89999e+06 5.92749e+06 -809165 8.90001e+06 -5.9276e+06
9.92 809165 8.89999e+06 5.92749e+06 -809165 8.90001e+06 -5.9276e+06
9.93 809165 8.89999e+06 5.92749e+06 -809165 8.90001e+06 -5.9276e+06
9.94 809165 8.89999e+06 5.92749e+06 -809165 8.90001e+06 -5.9276e+06
9.95 809165 8.89999e+06 5.92749e+06 -809165 8.90001e+06 -5.9276e+06
9.96 809165 8.89999e+06 5.92749e+06 -809165 8.90001e+06 -5.9276e+06
9.97 809165 8.89999e+06 5.92749e+06 -809165 8.90001e+06 -5.9276e+06
9.98 809165 8.89999e+06 5.92749e+06 -809165 8.90001e+06 -5.9276e+06
9.99 809165 8.89999e+06 5.92749e+06 -809165 8.90001e+06 -5.92759e+06
10 809165 8.89999e+06 5.9275e+06 -809165 8.90001e+06 -5.92759e+06
