1.03643e-17 0 0 0 0 0 0
0.0790108 0 0 0 0 0 0
0.147961 0 0 0 0 0 0
0.202064 0 0 0 0 0 0
0.240586 0 0 0 0 0 0
0.264745 0 0 0 0 0 0
0.209596 0 0 0 0 0 0
0.154385 0 0 0 0 0 0
0.0957903 0 0 0 0 0 0
0.0274427 0 0 0 0 0 0
-0.0451134 0 0 0 0 0 0
-0.107367 0 0 0 0 0 0
-0.160791 0 0 0 0 0 0
-0.207489 0 0 0 0 0 0
-0.24182 0 0 0 0 0 0
-0.263496 0 0 0 0 0 0
-0.211435 0 0 0 0 0 0
-0.15909 0 0 0 0 0 0
-0.104744 0 0 0 0 0 0
-0.0467567 0 0 0 0 0 0
0.0148756 0 0 0 0 0 0
0.0148756 0 0 0 0 0 0
0.0722111 0 0 0 0 0 0
0.123231 0 0 0 0 0 0
0.17486 0 0 0 0 0 0
0.223102 0 0 0 0 0 0
0.259204 0 0 0 0 0 0
0.271402 0 0 0 0 0 0
0.27765 0 0 0 0 0 0
0.280841 0 0 0 0 0 0
0.282515 0 0 0 0 0 0
0.284087 0 0 0 0 0 0
0.236101 0 0 0 0 0 0
0.189077 0 0 0 0 0 0
0.143936 0 0 0 0 0 0
0.101249 0 0 0 0 0 0
0.0619534 0 0 0 0 0 0
0.0282673 0 0 0 0 0 0
0.00207173 0 0 0 0 0 0
-0.0191725 0 0 0 0 0 0
-0.0402313 0 0 0 0 0 0
-0.0673181 0 0 0 0 0 0
-0.103756 0 0 0 0 0 0
-0.143643 0 0 0 0 0 0
-0.18772 0 0 0 0 0 0
-0.227252 0 0 0 0 0 0
-0.25426 0 0 0 0 0 0
-0.266811 0 0 0 0 0 0
-0.272783 0 0 0 0 0 0
-0.276983 0 0 0 0 0 0
-0.279865 0 0 0 0 0 0
-0.282033 0 0 0 0 0 0
-0.234073 0 0 0 0 0 0
-0.187177 0 0 0 0 0 0
-0.142299 0 0 0 0 0 0
-0.100099 0 0 0 0 0 0
-0.0615203 0 0 0 0 0 0
-0.0288075 0 0 0 0 0 0
-0.00315306 0 0 0 0 0 0
0.0181314 0 0 0 0 0 0
0.0383558 0 0 0 0 0 0
0.0616171 0 0 0 0 0 0
0.0616171 0 0 0 0 0 0
0.0915856 0 0 0 0 0 0
0.120983 0 0 0 0 0 0
0.151861 0 0 0 0 0 0
0.180211 0 0 0 0 0 0
0.20516 0 0 0 0 0 0
0.224981 0 0 0 0 0 0
0.240337 0 0 0 0 0 0
0.252646 0 0 0 0 0 0
0.262504 0 0 0 0 0 0
0.269632 0 0 0 0 0 0
0.273708 0 0 0 0 0 0
0.276808 0 0 0 0 0 0
0.279389 0 0 0 0 0 0
0.281592 0 0 0 0 0 0
0.283515 0 0 0 0 0 0
0.285243 0 0 0 0 0 0
0.286813 0 0 0 0 0 0
0.288177 0 0 0 0 0 0
0.289332 0 0 0 0 0 0
0.290506 0 0 0 0 0 0
0.291626 0 0 0 0 0 0
0.292705 0 0 0 0 0 0
0.293746 0 0 0 0 0 0
0.294755 0 0 0 0 0 0
0.29574 0 0 0 0 0 0
0.296703 0 0 0 0 0 0
0.297648 0 0 0 0 0 0
0.298576 0 0 0 0 0 0
0.29949 0 0 0 0 0 0
0.300391 0 0 0 0 0 0
0.301279 0 0 0 0 0 0
0.302147 0 0 0 0 0 0
0.302985 0 0 0 0 0 0
0.303806 0 0 0 0 0 0
0.30461 0 0 0 0 0 0
0.259152 0 0 0 0 0 0
0.215571 0 0 0 0 0 0
0.175781 0 0 0 0 0 0
0.140259 0 0 0 0 0 0
0.108945 0 0 0 0 0 0
0.0818929 0 0 0 0 0 0
0.0592549 0 0 0 0 0 0
0.0408045 0 0 0 0 0 0
0.0259347 0 0 0 0 0 0
0.0139668 0 0 0 0 0 0
0.00422943 0 0 0 0 0 0
-0.00374526 0 0 0 0 0 0
-0.0104293 0 0 0 0 0 0
-0.0160073 0 0 0 0 0 0
-0.0208312 0 0 0 0 0 0
-0.0250519 0 0 0 0 0 0
-0.0288855 0 0 0 0 0 0
-0.0328522 0 0 0 0 0 0
-0.0368229 0 0 0 0 0 0
-0.0406749 0 0 0 0 0 0
-0.0442612 0 0 0 0 0 0
-0.0479193 0 0 0 0 0 0
-0.0513099 0 0 0 0 0 0
-0.0545038 0 0 0 0 0 0
-0.0575062 0 0 0 0 0 0
-0.0607157 0 0 0 0 0 0
-0.0638245 0 0 0 0 0 0
-0.0673422 0 0 0 0 0 0
-0.0710905 0 0 0 0 0 0
-0.0751298 0 0 0 0 0 0
-0.0798555 0 0 0 0 0 0
-0.0857482 0 0 0 0 0 0
-0.0947073 0 0 0 0 0 0
-0.107403 0 0 0 0 0 0
-0.125853 0 0 0 0 0 0
-0.146731 0 0 0 0 0 0
-0.168199 0 0 0 0 0 0
-0.188657 0 0 0 0 0 0
-0.208539 0 0 0 0 0 0
-0.226623 0 0 0 0 0 0
-0.241287 0 0 0 0 0 0
-0.251935 0 0 0 0 0 0
-0.260245 0 0 0 0 0 0
-0.267229 0 0 0 0 0 0
-0.272995 0 0 0 0 0 0
-0.276318 0 0 0 0 0 0
-0.278594 0 0 0 0 0 0
-0.28058 0 0 0 0 0 0
-0.282392 0 0 0 0 0 0
-0.284086 0 0 0 0 0 0
-0.28568 0 0 0 0 0 0
-0.287191 0 0 0 0 0 0
-0.288575 0 0 0 0 0 0
-0.289865 0 0 0 0 0 0
-0.291022 0 0 0 0 0 0
-0.291838 0 0 0 0 0 0
-0.292584 0 0 0 0 0 0
-0.293576 0 0 0 0 0 0
-0.294549 0 0 0 0 0 0
-0.295506 0 0 0 0 0 0
-0.296448 0 0 0 0 0 0
-0.297376 0 0 0 0 0 0
-0.298286 0 0 0 0 0 0
-0.299183 0 0 0 0 0 0
-0.30007 0 0 0 0 0 0
-0.300948 0 0 0 0 0 0
-0.301818 0 0 0 0 0 0
-0.302679 0 0 0 0 0 0
-0.303532 0 0 0 0 0 0
-0.304337 0 0 0 0 0 0
-0.259044 0 0 0 0 0 0
-0.21566 0 0 0 0 0 0
-0.176092 0 0 0 0 0 0
-0.140808 0 0 0 0 0 0
-0.109787 0 0 0 0 0 0
-0.0830664 0 0 0 0 0 0
-0.0607194 0 0 0 0 0 0
-0.0424584 0 0 0 0 0 0
-0.0276968 0 0 0 0 0 0
-0.01575 0 0 0 0 0 0
-0.00599067 0 0 0 0 0 0
0.00201493 0 0 0 0 0 0
0.00870854 0 0 0 0 0 0
0.0143082 0 0 0 0 0 0
0.0191525 0 0 0 0 0 0
0.0234159 0 0 0 0 0 0
0.027241 0 0 0 0 0 0
0.0308805 0 0 0 0 0 0
0.0345636 0 0 0 0 0 0
0.0384495 0 0 0 0 0 0
0.0420798 0 0 0 0 0 0
0.045367 0 0 0 0 0 0
0.0484894 0 0 0 0 0 0
0.0516349 0 0 0 0 0 0
0.054629 0 0 0 0 0 0
0.0574891 0 0 0 0 0 0
0.0606418 0 0 0 0 0 0
0.0636801 0 0 0 0 0 0
0.0671986 0 0 0 0 0 0
0.0706835 0 0 0 0 0 0
0.0750302 0 0 0 0 0 0
0.080046 0 0 0 0 0 0
0.0872438 0 0 0 0 0 0
0.0974448 0 0 0 0 0 0
0.110964 0 0 0 0 0 0
0.110964 0 0 0 0 0 0
0.125917 0 0 0 0 0 0
0.141817 0 0 0 0 0 0
0.156634 0 0 0 0 0 0
0.171484 0 0 0 0 0 0
0.183314 0 0 0 0 0 0
0.193086 0 0 0 0 0 0
0.201001 0 0 0 0 0 0
0.207535 0 0 0 0 0 0
0.212759 0 0 0 0 0 0
0.217069 0 0 0 0 0 0
0.220741 0 0 0 0 0 0
0.22468 0 0 0 0 0 0
0.228606 0 0 0 0 0 0
0.232812 0 0 0 0 0 0
0.236855 0 0 0 0 0 0
0.240719 0 0 0 0 0 0
0.244137 0 0 0 0 0 0
0.247489 0 0 0 0 0 0
0.251436 0 0 0 0 0 0
0.255694 0 0 0 0 0 0
0.259945 0 0 0 0 0 0
0.264442 0 0 0 0 0 0
0.269228 0 0 0 0 0 0
0.273745 0 0 0 0 0 0
0.277843 0 0 0 0 0 0
0.28157 0 0 0 0 0 0
0.285147 0 0 0 0 0 0
0.288136 0 0 0 0 0 0
0.290901 0 0 0 0 0 0
0.293046 0 0 0 0 0 0
0.294281 0 0 0 0 0 0
0.295278 0 0 0 0 0 0
0.296257 0 0 0 0 0 0
0.297225 0 0 0 0 0 0
0.298182 0 0 0 0 0 0
0.299127 0 0 0 0 0 0
0.299267 0 0 0 0 0 0
0.300017 0 0 0 0 0 0
0.297442 0 0 0 0 0 0
0.300969 0 0 0 0 0 0
0.301383 0 0 0 0 0 0
0.301794 0 0 0 0 0 0
0.302203 0 0 0 0 0 0
0.302609 0 0 0 0 0 0
0.299993 0 0 0 0 0 0
0.303051 0 0 0 0 0 0
0.303355 0 0 0 0 0 0
0.303657 0 0 0 0 0 0
0.303958 0 0 0 0 0 0
0.304257 0 0 0 0 0 0
0.304555 0 0 0 0 0 0
0.298853 0 0 0 0 0 0
0.292012 0 0 0 0 0 0
0.28724 0 0 0 0 0 0
0.289708 0 0 0 0 0 0
0.296978 0 0 0 0 0 0
0.299261 0 0 0 0 0 0
0.299378 0 0 0 0 0 0
0.299645 0 0 0 0 0 0
0.298396 0 0 0 0 0 0
0.295203 0 0 0 0 0 0
0.291633 0 0 0 0 0 0
0.28846 0 0 0 0 0 0
0.285599 0 0 0 0 0 0
0.283097 0 0 0 0 0 0
0.284046 0 0 0 0 0 0
0.284702 0 0 0 0 0 0
0.290697 0 0 0 0 0 0
0.294112 0 0 0 0 0 0
0.294407 0 0 0 0 0 0
0.294665 0 0 0 0 0 0
0.294919 0 0 0 0 0 0
0.290989 0 0 0 0 0 0
0.28641 0 0 0 0 0 0
0.286072 0 0 0 0 0 0
0.288 0 0 0 0 0 0
0.28899 0 0 0 0 0 0
0.28744 0 0 0 0 0 0
0.283033 0 0 0 0 0 0
0.278528 0 0 0 0 0 0
0.27452 0 0 0 0 0 0
0.272089 0 0 0 0 0 0
0.272029 0 0 0 0 0 0
0.278235 0 0 0 0 0 0
0.286473 0 0 0 0 0 0
0.289216 0 0 0 0 0 0
0.287216 0 0 0 0 0 0
0.284104 0 0 0 0 0 0
0.282345 0 0 0 0 0 0
0.280989 0 0 0 0 0 0
0.28465 0 0 0 0 0 0
0.288426 0 0 0 0 0 0
0.290886 0 0 0 0 0 0
0.291401 0 0 0 0 0 0
0.291899 0 0 0 0 0 0
0.292487 0 0 0 0 0 0
0.292028 0 0 0 0 0 0
0.291395 0 0 0 0 0 0
0.290761 0 0 0 0 0 0
0.290123 0 0 0 0 0 0
0.247189 0 0 0 0 0 0
0.210421 0 0 0 0 0 0
0.176999 0 0 0 0 0 0
0.146551 0 0 0 0 0 0
0.119283 0 0 0 0 0 0
0.0952244 0 0 0 0 0 0
0.074328 0 0 0 0 0 0
0.0564926 0 0 0 0 0 0
0.0414845 0 0 0 0 0 0
0.0289179 0 0 0 0 0 0
0.0184049 0 0 0 0 0 0
0.0097671 0 0 0 0 0 0
0.00263864 0 0 0 0 0 0
-0.00338014 0 0 0 0 0 0
-0.00855149 0 0 0 0 0 0
-0.0130703 0 0 0 0 0 0
-0.0181013 0 0 0 0 0 0
-0.0228296 0 0 0 0 0 0
-0.0268604 0 0 0 0 0 0
-0.0304633 0 0 0 0 0 0
-0.0337033 0 0 0 0 0 0
-0.0366278 0 0 0 0 0 0
-0.0392812 0 0 0 0 0 0
-0.0416501 0 0 0 0 0 0
-0.0438047 0 0 0 0 0 0
-0.0469679 0 0 0 0 0 0
-0.0499 0 0 0 0 0 0
-0.0530406 0 0 0 0 0 0
-0.0561392 0 0 0 0 0 0
-0.0595765 0 0 0 0 0 0
-0.0627367 0 0 0 0 0 0
-0.0656138 0 0 0 0 0 0
-0.0681092 0 0 0 0 0 0
-0.0703876 0 0 0 0 0 0
-0.0724096 0 0 0 0 0 0
-0.0742234 0 0 0 0 0 0
-0.0774361 0 0 0 0 0 0
-0.0814488 0 0 0 0 0 0
-0.0846059 0 0 0 0 0 0
-0.087047 0 0 0 0 0 0
-0.0890488 0 0 0 0 0 0
-0.0906979 0 0 0 0 0 0
-0.0920164 0 0 0 0 0 0
-0.0931496 0 0 0 0 0 0
-0.0942509 0 0 0 0 0 0
-0.095326 0 0 0 0 0 0
-0.0963289 0 0 0 0 0 0
-0.0972914 0 0 0 0 0 0
-0.09824 0 0 0 0 0 0
-0.100015 0 0 0 0 0 0
-0.101851 0 0 0 0 0 0
-0.104885 0 0 0 0 0 0
-0.108719 0 0 0 0 0 0
-0.11169 0 0 0 0 0 0
-0.114166 0 0 0 0 0 0
-0.117151 0 0 0 0 0 0
-0.119632 0 0 0 0 0 0
-0.121726 0 0 0 0 0 0
-0.123498 0 0 0 0 0 0
-0.124994 0 0 0 0 0 0
-0.126381 0 0 0 0 0 0
-0.127708 0 0 0 0 0 0
-0.128934 0 0 0 0 0 0
-0.130084 0 0 0 0 0 0
-0.131191 0 0 0 0 0 0
-0.133461 0 0 0 0 0 0
-0.136486 0 0 0 0 0 0
-0.139322 0 0 0 0 0 0
-0.141849 0 0 0 0 0 0
-0.143752 0 0 0 0 0 0
-0.145361 0 0 0 0 0 0
-0.146858 0 0 0 0 0 0
-0.14862 0 0 0 0 0 0
-0.150216 0 0 0 0 0 0
-0.151635 0 0 0 0 0 0
-0.153199 0 0 0 0 0 0
-0.154815 0 0 0 0 0 0
-0.157438 0 0 0 0 0 0
-0.160762 0 0 0 0 0 0
-0.163989 0 0 0 0 0 0
-0.167015 0 0 0 0 0 0
-0.169624 0 0 0 0 0 0
-0.171755 0 0 0 0 0 0
-0.173469 0 0 0 0 0 0
-0.174906 0 0 0 0 0 0
-0.176279 0 0 0 0 0 0
-0.178461 0 0 0 0 0 0
-0.18081 0 0 0 0 0 0
-0.183935 0 0 0 0 0 0
-0.187191 0 0 0 0 0 0
-0.190413 0 0 0 0 0 0
-0.193067 0 0 0 0 0 0
-0.195637 0 0 0 0 0 0
-0.19858 0 0 0 0 0 0
-0.200876 0 0 0 0 0 0
-0.203303 0 0 0 0 0 0
-0.20564 0 0 0 0 0 0
-0.208655 0 0 0 0 0 0
-0.211984 0 0 0 0 0 0
-0.214761 0 0 0 0 0 0
-0.217257 0 0 0 0 0 0
-0.220464 0 0 0 0 0 0
-0.2235 0 0 0 0 0 0
-0.226218 0 0 0 0 0 0
-0.228156 0 0 0 0 0 0
-0.229743 0 0 0 0 0 0
-0.231716 0 0 0 0 0 0
-0.234351 0 0 0 0 0 0
-0.236516 0 0 0 0 0 0
-0.239027 0 0 0 0 0 0
-0.242165 0 0 0 0 0 0
-0.245135 0 0 0 0 0 0
-0.247939 0 0 0 0 0 0
-0.251063 0 0 0 0 0 0
-0.253955 0 0 0 0 0 0
-0.257081 0 0 0 0 0 0
-0.26021 0 0 0 0 0 0
-0.263599 0 0 0 0 0 0
-0.267231 0 0 0 0 0 0
-0.271043 0 0 0 0 0 0
-0.274977 0 0 0 0 0 0
-0.278514 0 0 0 0 0 0
-0.281748 0 0 0 0 0 0
-0.284871 0 0 0 0 0 0
-0.287714 0 0 0 0 0 0
-0.289823 0 0 0 0 0 0
-0.291679 0 0 0 0 0 0
-0.293238 0 0 0 0 0 0
-0.294286 0 0 0 0 0 0
-0.295272 0 0 0 0 0 0
-0.296091 0 0 0 0 0 0
-0.29691 0 0 0 0 0 0
-0.297105 0 0 0 0 0 0
-0.297709 0 0 0 0 0 0
-0.297687 0 0 0 0 0 0
-0.298115 0 0 0 0 0 0
-0.29854 0 0 0 0 0 0
-0.29896 0 0 0 0 0 0
-0.296956 0 0 0 0 0 0
-0.299211 0 0 0 0 0 0
-0.299537 0 0 0 0 0 0
-0.29986 0 0 0 0 0 0
-0.300183 0 0 0 0 0 0
-0.300506 0 0 0 0 0 0
-0.297857 0 0 0 0 0 0
-0.296177 0 0 0 0 0 0
-0.291186 0 0 0 0 0 0
-0.293194 0 0 0 0 0 0
-0.295743 0 0 0 0 0 0
-0.293879 0 0 0 0 0 0
-0.290112 0 0 0 0 0 0
-0.289487 0 0 0 0 0 0
-0.288576 0 0 0 0 0 0
-0.287675 0 0 0 0 0 0
-0.286647 0 0 0 0 0 0
-0.28588 0 0 0 0 0 0
-0.287958 0 0 0 0 0 0
-0.290078 0 0 0 0 0 0
-0.2923 0 0 0 0 0 0
-0.291263 0 0 0 0 0 0
-0.288632 0 0 0 0 0 0
-0.286214 0 0 0 0 0 0
-0.284098 0 0 0 0 0 0
-0.282384 0 0 0 0 0 0
-0.276565 0 0 0 0 0 0
-0.273377 0 0 0 0 0 0
-0.271141 0 0 0 0 0 0
-0.274788 0 0 0 0 0 0
-0.280836 0 0 0 0 0 0
-0.284119 0 0 0 0 0 0
-0.284827 0 0 0 0 0 0
-0.285429 0 0 0 0 0 0
-0.28608 0 0 0 0 0 0
-0.282335 0 0 0 0 0 0
-0.277278 0 0 0 0 0 0
-0.272162 0 0 0 0 0 0
-0.270517 0 0 0 0 0 0
-0.269206 0 0 0 0 0 0
-0.268556 0 0 0 0 0 0
-0.268386 0 0 0 0 0 0
-0.268132 0 0 0 0 0 0
-0.270572 0 0 0 0 0 0
-0.275487 0 0 0 0 0 0
-0.279828 0 0 0 0 0 0
-0.281352 0 0 0 0 0 0
-0.281781 0 0 0 0 0 0
-0.282209 0 0 0 0 0 0
-0.279716 0 0 0 0 0 0
-0.277059 0 0 0 0 0 0
-0.274894 0 0 0 0 0 0
-0.273254 0 0 0 0 0 0
-0.271607 0 0 0 0 0 0
-0.271398 0 0 0 0 0 0
-0.274183 0 0 0 0 0 0
-0.275933 0 0 0 0 0 0
-0.277782 0 0 0 0 0 0
-0.278223 0 0 0 0 0 0
-0.277832 0 0 0 0 0 0
-0.27745 0 0 0 0 0 0
-0.278542 0 0 0 0 0 0
-0.235686 0 0 0 0 0 0
-0.199149 0 0 0 0 0 0
-0.166125 0 0 0 0 0 0
-0.136115 0 0 0 0 0 0
-0.109271 0 0 0 0 0 0
-0.0856635 0 0 0 0 0 0
-0.0652401 0 0 0 0 0 0
-0.0478508 0 0 0 0 0 0
-0.0331426 0 0 0 0 0 0
-0.0207692 0 0 0 0 0 0
-0.0103495 0 0 0 0 0 0
-0.00172036 0 0 0 0 0 0
0.00528112 0 0 0 0 0 0
0.0110782 0 0 0 0 0 0
0.0159747 0 0 0 0 0 0
0.0201477 0 0 0 0 0 0
0.0237689 0 0 0 0 0 0
0.0269734 0 0 0 0 0 0
0.0302655 0 0 0 0 0 0
0.0336988 0 0 0 0 0 0
0.0367445 0 0 0 0 0 0
0.0394621 0 0 0 0 0 0
0.0419632 0 0 0 0 0 0
0.0442062 0 0 0 0 0 0
0.0463097 0 0 0 0 0 0
0.0482456 0 0 0 0 0 0
0.0505143 0 0 0 0 0 0
0.0530659 0 0 0 0 0 0
0.0553405 0 0 0 0 0 0
0.0578434 0 0 0 0 0 0
0.0604511 0 0 0 0 0 0
0.0642037 0 0 0 0 0 0
0.0679174 0 0 0 0 0 0
0.0715337 0 0 0 0 0 0
0.0749871 0 0 0 0 0 0
0.0780202 0 0 0 0 0 0
0.0800216 0 0 0 0 0 0
0.0814479 0 0 0 0 0 0
0.0824941 0 0 0 0 0 0
0.083338 0 0 0 0 0 0
0.0841621 0 0 0 0 0 0
0.0849658 0 0 0 0 0 0
0.0857059 0 0 0 0 0 0
0.0864279 0 0 0 0 0 0
0.0869857 0 0 0 0 0 0
0.0876585 0 0 0 0 0 0
0.0901156 0 0 0 0 0 0
0.09172 0 0 0 0 0 0
0.0928163 0 0 0 0 0 0
0.094762 0 0 0 0 0 0
0.0977324 0 0 0 0 0 0
0.100539 0 0 0 0 0 0
0.103159 0 0 0 0 0 0
0.106871 0 0 0 0 0 0
0.109492 0 0 0 0 0 0
0.111502 0 0 0 0 0 0
0.11321 0 0 0 0 0 0
0.114686 0 0 0 0 0 0
0.115885 0 0 0 0 0 0
0.116829 0 0 0 0 0 0
0.117245 0 0 0 0 0 0
0.117569 0 0 0 0 0 0
0.117848 0 0 0 0 0 0
0.118122 0 0 0 0 0 0
0.118368 0 0 0 0 0 0
0.118715 0 0 0 0 0 0
0.120015 0 0 0 0 0 0
0.121295 0 0 0 0 0 0
0.122742 0 0 0 0 0 0
0.125137 0 0 0 0 0 0
0.127046 0 0 0 0 0 0
0.128793 0 0 0 0 0 0
0.130411 0 0 0 0 0 0
0.131918 0 0 0 0 0 0
0.133839 0 0 0 0 0 0
0.135076 0 0 0 0 0 0
0.135726 0 0 0 0 0 0
0.136649 0 0 0 0 0 0
0.137333 0 0 0 0 0 0
0.138332 0 0 0 0 0 0
0.140001 0 0 0 0 0 0
0.141692 0 0 0 0 0 0
0.142776 0 0 0 0 0 0
0.143528 0 0 0 0 0 0
0.144452 0 0 0 0 0 0
0.146317 0 0 0 0 0 0
0.148171 0 0 0 0 0 0
0.1499 0 0 0 0 0 0
0.151603 0 0 0 0 0 0
0.152013 0 0 0 0 0 0
0.152268 0 0 0 0 0 0
0.15284 0 0 0 0 0 0
0.153903 0 0 0 0 0 0
0.155253 0 0 0 0 0 0
0.156489 0 0 0 0 0 0
0.157648 0 0 0 0 0 0
0.158559 0 0 0 0 0 0
0.160377 0 0 0 0 0 0
0.162257 0 0 0 0 0 0
0.16347 0 0 0 0 0 0
