1.03643e-17 761527 8.9e+06 -2.77912e+06 -761527 -8.9e+06 -5.57698e+06 -761527 8.9e+06 2.77912e+06 761527 -8.9e+06 5.57698e+06
0.0790108 8457.05 8.3328e+06 1.52336e+06 -8457.05 -8.3328e+06 -1.61616e+06 -1.41485e+06 9.4672e+06 6.64769e+06 1.41485e+06 -9.4672e+06 8.8772e+06
0.147961 -717630 7.84053e+06 5.65781e+06 717630 -7.84053e+06 2.21662e+06 -1.91608e+06 9.95947e+06 9.67851e+06 1.91608e+06 -9.95947e+06 1.13463e+07
0.202064 -1.29588e+06 7.42777e+06 8.67969e+06 1.29588e+06 -7.42777e+06 5.53973e+06 -2.30087e+06 1.03722e+07 1.19398e+07 2.30087e+06 -1.03722e+07 1.33072e+07
0.240586 -1.71682e+06 7.13083e+06 1.07134e+07 1.71682e+06 -7.13083e+06 8.12496e+06 -2.56561e+06 1.06692e+07 1.36287e+07 2.56561e+06 -1.06692e+07 1.45233e+07
0.264745 -2.03633e+06 6.96124e+06 1.23027e+07 2.03633e+06 -6.96124e+06 1.00415e+07 -2.67614e+06 1.08388e+07 1.45871e+07 2.67614e+06 -1.08388e+07 1.47777e+07
0.209596 -1.53922e+06 7.38216e+06 9.67621e+06 1.53922e+06 -7.38216e+06 7.21335e+06 -2.19159e+06 1.04178e+07 1.18305e+07 2.19159e+06 -1.04178e+07 1.22175e+07
0.154385 -1.04048e+06 7.80374e+06 7.04481e+06 1.04048e+06 -7.80374e+06 4.3722e+06 -1.70758e+06 9.99626e+06 9.0752e+06 1.70758e+06 -9.99626e+06 9.66173e+06
0.0957903 -487647 8.25876e+06 4.21713e+06 487647 -8.25876e+06 1.13373e+06 -1.21742e+06 9.54124e+06 6.28336e+06 1.21742e+06 -9.54124e+06 7.07517e+06
0.0274427 203047 8.76345e+06 396474 -203047 -8.76345e+06 -2.62447e+06 -691527 9.03655e+06 3.21552e+06 691527 -9.03655e+06 4.37249e+06
-0.0451134 922467 9.27454e+06 -3.75604e+06 -922467 -9.27454e+06 -6.36603e+06 -119449 8.52546e+06 -260662 119449 -8.52546e+06 1.57135e+06
-0.107367 1.49483e+06 9.69553e+06 -7.17633e+06 -1.49483e+06 -9.69553e+06 -9.22618e+06 416305 8.10447e+06 -3.61014e+06 -416305 -8.10447e+06 -957896
-0.160791 1.9358e+06 1.00708e+07 -9.81037e+06 -1.9358e+06 -1.00708e+07 -1.14308e+07 926274 7.72915e+06 -6.60591e+06 -926274 -7.72915e+06 -3.55793e+06
-0.207489 2.2974e+06 1.04346e+07 -1.19165e+07 -2.2974e+06 -1.04346e+07 -1.32924e+07 1.3959e+06 7.36538e+06 -8.96377e+06 -1.3959e+06 -7.36538e+06 -6.35324e+06
-0.24182 2.55475e+06 1.0692e+07 -1.35439e+07 -2.55475e+06 -1.0692e+07 -1.44889e+07 1.74964e+06 7.10795e+06 -1.07463e+07 -1.74964e+06 -7.10795e+06 -8.45218e+06
-0.263496 2.65527e+06 1.08399e+07 -1.44193e+07 -2.65527e+06 -1.08399e+07 -1.47166e+07 2.03496e+06 6.96006e+06 -1.22113e+07 -2.03496e+06 -6.96006e+06 -1.01179e+07
-0.211435 2.18498e+06 1.04452e+07 -1.1749e+07 -2.18498e+06 -1.04452e+07 -1.22264e+07 1.57856e+06 7.3548e+06 -9.76653e+06 -1.57856e+06 -7.3548e+06 -7.55477e+06
-0.15909 1.71468e+06 1.00476e+07 -9.0785e+06 -1.71468e+06 -1.00476e+07 -9.73635e+06 1.11713e+06 7.75243e+06 -7.3036e+06 -1.11713e+06 -7.75243e+06 -4.95444e+06
-0.104744 1.24016e+06 9.63058e+06 -6.37657e+06 -1.24016e+06 -9.63058e+06 -7.23143e+06 624288 8.16942e+06 -4.72899e+06 -624288 -8.16942e+06 -2.12122e+06
-0.0467567 747833 9.19376e+06 -3.53617e+06 -747833 -9.19376e+06 -4.66967e+06 84436.2 8.60624e+06 -1.83554e+06 -84436.2 -8.60624e+06 909040
0.0148756 223481 8.76175e+06 -398531 -223481 -8.76175e+06 -2.05369e+06 -488266 9.03825e+06 1.53411e+06 488266 -9.03825e+06 3.82354e+06
0.0148756 223481 8.76175e+06 -398531 -223481 -8.76175e+06 -2.05369e+06 -488266 9.03825e+06 1.53411e+06 488266 -9.03825e+06 3.82354e+06
0.0722111 -268050 8.36394e+06 2.56114e+06 268050 -8.36394e+06 380127 -1.01731e+06 9.43606e+06 4.68037e+06 1.01731e+06 -9.43606e+06 6.48236e+06
0.123231 -710069 7.99983e+06 5.14054e+06 710069 -7.99983e+06 2.65092e+06 -1.48345e+06 9.80017e+06 7.40486e+06 1.48345e+06 -9.80017e+06 8.87278e+06
0.17486 -1.19439e+06 7.61504e+06 7.72797e+06 1.19439e+06 -7.61504e+06 5.37787e+06 -1.91812e+06 1.0185e+07 9.97539e+06 1.91812e+06 -1.0185e+07 1.10718e+07
0.223102 -1.66575e+06 7.26245e+06 1.02515e+07 1.66575e+06 -7.26245e+06 8.02649e+06 -2.30546e+06 1.05375e+07 1.23607e+07 2.30546e+06 -1.05375e+07 1.29368e+07
0.259204 -2.03374e+06 7.0047e+06 1.22165e+07 2.03374e+06 -7.0047e+06 1.00994e+07 -2.5801e+06 1.07953e+07 1.41474e+07 2.5801e+06 -1.07953e+07 1.41635e+07
0.271402 -2.17118e+06 6.88377e+06 1.25884e+07 2.17118e+06 -6.88377e+06 1.12356e+07 -2.65977e+06 1.09162e+07 1.46097e+07 2.65977e+06 -1.09162e+07 1.45754e+07
0.27765 -2.24933e+06 6.80405e+06 1.26437e+07 2.24933e+06 -6.80405e+06 1.20378e+07 -2.69284e+06 1.0996e+07 1.47543e+07 2.69284e+06 -1.0996e+07 1.47938e+07
0.280841 -2.28861e+06 6.77001e+06 1.27466e+07 2.28861e+06 -6.77001e+06 1.23659e+07 -2.71036e+06 1.103e+07 1.48389e+07 2.71036e+06 -1.103e+07 1.49014e+07
0.282515 -2.30359e+06 6.75649e+06 1.28162e+07 2.30359e+06 -6.75649e+06 1.24607e+07 -2.72518e+06 1.10435e+07 1.49232e+07 2.72518e+06 -1.10435e+07 1.49797e+07
0.284087 -2.31974e+06 6.74319e+06 1.2885e+07 2.31974e+06 -6.74319e+06 1.25691e+07 -2.737e+06 1.10568e+07 1.49911e+07 2.737e+06 -1.10568e+07 1.50416e+07
0.236101 -1.91646e+06 7.09989e+06 1.06275e+07 1.91646e+06 -7.09989e+06 1.04014e+07 -2.28615e+06 1.07001e+07 1.24425e+07 2.28615e+06 -1.07001e+07 1.2643e+07
0.189077 -1.52102e+06 7.45001e+06 8.42184e+06 1.52102e+06 -7.45001e+06 8.26806e+06 -1.84455e+06 1.035e+07 9.94579e+06 1.84455e+06 -1.035e+07 1.02941e+07
0.143936 -1.14109e+06 7.78725e+06 6.316e+06 1.14109e+06 -7.78725e+06 6.20496e+06 -1.42096e+06 1.00128e+07 7.5519e+06 1.42096e+06 -1.00128e+07 8.04009e+06
0.101249 -779737 8.10677e+06 4.32821e+06 779737 -8.10677e+06 4.22771e+06 -1.02249e+06 9.69323e+06 5.2926e+06 1.02249e+06 -9.69323e+06 5.92696e+06
0.0619534 -442972 8.40311e+06 2.50357e+06 442972 -8.40311e+06 2.35708e+06 -659799 9.39689e+06 3.23593e+06 659799 -9.39689e+06 4.00393e+06
0.0282673 -160856 8.66143e+06 1.02733e+06 160856 -8.66143e+06 737717 -342302 9.13857e+06 1.43971e+06 342302 -9.13857e+06 2.31631e+06
0.00207173 50169.3 8.86737e+06 -38399.1 -50169.3 -8.86737e+06 -512099 -87046 8.93263e+06 25367.4 87046 -8.93263e+06 929773
-0.0191725 229130 9.04791e+06 -802743 -229130 -9.04791e+06 -1.71146e+06 112140 8.75209e+06 -1.04848e+06 -112140 -8.75209e+06 -182012
-0.0402313 437603 9.24636e+06 -1.46716e+06 -437603 -9.24636e+06 -3.33458e+06 278515 8.55364e+06 -1.95664e+06 -278515 -8.55364e+06 -1.09945e+06
-0.0673181 754570 9.45673e+06 -3.05853e+06 -754570 -9.45673e+06 -5.22123e+06 443693 8.34327e+06 -2.96274e+06 -443693 -8.34327e+06 -1.90582e+06
-0.103756 1.18726e+06 9.69802e+06 -5.6058e+06 -1.18726e+06 -9.69802e+06 -7.42177e+06 659607 8.10198e+06 -4.44358e+06 -659607 -8.10198e+06 -2.79418e+06
-0.143643 1.60168e+06 9.96234e+06 -8.05504e+06 -1.60168e+06 -9.96234e+06 -9.51995e+06 955154 7.83766e+06 -6.40106e+06 -955154 -7.83766e+06 -4.07967e+06
-0.18772 1.97815e+06 1.02834e+07 -1.03094e+07 -1.97815e+06 -1.02834e+07 -1.13965e+07 1.36327e+06 7.51659e+06 -8.64545e+06 -1.36327e+06 -7.51659e+06 -6.31348e+06
-0.227252 2.29464e+06 1.05797e+07 -1.22732e+07 -2.29464e+06 -1.05797e+07 -1.29055e+07 1.75044e+06 7.22029e+06 -1.06097e+07 -1.75044e+06 -7.22029e+06 -8.59756e+06
-0.25426 2.51186e+06 1.07872e+07 -1.36735e+07 -2.51186e+06 -1.07872e+07 -1.38887e+07 2.01397e+06 7.01283e+06 -1.18287e+07 -2.01397e+06 -7.01283e+06 -1.02702e+07
-0.266811 2.60698e+06 1.08888e+07 -1.43154e+07 -2.60698e+06 -1.08888e+07 -1.42906e+07 2.14226e+06 6.91116e+06 -1.23368e+07 -2.14226e+06 -6.91116e+06 -1.11698e+07
-0.272783 2.64662e+06 1.0946e+07 -1.45275e+07 -2.64662e+06 -1.0946e+07 -1.45134e+07 2.20892e+06 6.85403e+06 -1.25597e+07 -2.20892e+06 -6.85403e+06 -1.16784e+07
-0.276983 2.67255e+06 1.09882e+07 -1.46584e+07 -2.67255e+06 -1.09882e+07 -1.4667e+07 2.25775e+06 6.81182e+06 -1.27088e+07 -2.25775e+06 -6.81182e+06 -1.20651e+07
-0.279865 2.69132e+06 1.10176e+07 -1.47506e+07 -2.69132e+06 -1.10176e+07 -1.47807e+07 2.29028e+06 6.78236e+06 -1.28023e+07 -2.29028e+06 -6.78236e+06 -1.23285e+07
-0.282033 2.70614e+06 1.10391e+07 -1.48286e+07 -2.70614e+06 -1.10391e+07 -1.48654e+07 2.31405e+06 6.76086e+06 -1.28726e+07 -2.31405e+06 -6.76086e+06 -1.25191e+07
-0.234073 2.25509e+06 1.06828e+07 -1.22734e+07 -2.25509e+06 -1.06828e+07 -1.24713e+07 1.91142e+06 7.11715e+06 -1.06216e+07 -1.91142e+06 -7.11715e+06 -1.03521e+07
-0.187177 1.8136e+06 1.0334e+07 -9.7721e+06 -1.8136e+06 -1.0334e+07 -1.01282e+07 1.51815e+06 7.46599e+06 -8.42898e+06 -1.51815e+06 -7.46599e+06 -8.22945e+06
-0.142299 1.39035e+06 9.99936e+06 -7.37434e+06 -1.39035e+06 -9.99936e+06 -7.88176e+06 1.14257e+06 7.80064e+06 -6.34538e+06 -1.14257e+06 -7.80064e+06 -6.19182e+06
-0.100099 993477 9.6845e+06 -5.11871e+06 -993477 -9.6845e+06 -5.78254e+06 788281 8.1155e+06 -4.38934e+06 -788281 -8.1155e+06 -4.26032e+06
-0.0615203 633329 9.39534e+06 -3.06785e+06 -633329 -9.39534e+06 -3.88156e+06 461732 8.40466e+06 -2.60695e+06 -461732 -8.40466e+06 -2.45955e+06
-0.0288075 321813 9.14653e+06 -1.30205e+06 -321813 -9.14653e+06 -2.22915e+06 190960 8.65347e+06 -1.16854e+06 -190960 -8.65347e+06 -926832
-0.00315306 70407.5 8.94625e+06 78379.3 -70407.5 -8.94625e+06 -850948 -14283.1 8.85375e+06 -102089 14283.1 -8.85375e+06 258815
0.0181314 -127053 8.76441e+06 1.13035e+06 127053 -8.76441e+06 263773 -195687 9.03559e+06 675294 195687 -9.03559e+06 1.47194e+06
0.0383558 -286149 8.57223e+06 1.97936e+06 286149 -8.57223e+06 1.1605e+06 -396584 9.22777e+06 1.3161e+06 396584 -9.22777e+06 3.03555e+06
0.0616171 -438291 8.39168e+06 2.87926e+06 438291 -8.39168e+06 1.93003e+06 -658494 9.40832e+06 2.64829e+06 658494 -9.40832e+06 4.57725e+06
0.0616171 -438291 8.39168e+06 2.87926e+06 438291 -8.39168e+06 1.93003e+06 -658494 9.40832e+06 2.64829e+06 658494 -9.40832e+06 4.57725e+06
0.0915856 -637199 8.19763e+06 4.25569e+06 637199 -8.19763e+06 2.73618e+06 -993023 9.60237e+06 4.64097e+06 993023 -9.60237e+06 6.2553e+06
0.120983 -874520 8.00768e+06 5.86796e+06 874520 -8.00768e+06 3.72799e+06 -1.27898e+06 9.79232e+06 6.33884e+06 1.27898e+06 -9.79232e+06 7.6952e+06
0.151861 -1.16054e+06 7.77736e+06 7.4185e+06 1.16054e+06 -7.77736e+06 5.31595e+06 -1.54258e+06 1.00226e+07 7.87073e+06 1.54258e+06 -1.00226e+07 9.05568e+06
0.180211 -1.43025e+06 7.5545e+06 8.72624e+06 1.43025e+06 -7.5545e+06 6.96765e+06 -1.7775e+06 1.02455e+07 9.24721e+06 1.7775e+06 -1.02455e+07 1.0257e+07
0.20516 -1.65711e+06 7.35983e+06 9.81319e+06 1.65711e+06 -7.35983e+06 8.37002e+06 -1.99473e+06 1.04402e+07 1.05412e+07 1.99473e+06 -1.04402e+07 1.13466e+07
0.224981 -1.83259e+06 7.20468e+06 1.06314e+07 1.83259e+06 -7.20468e+06 9.47723e+06 -2.17207e+06 1.05953e+07 1.16081e+07 2.17207e+06 -1.05953e+07 1.22256e+07
0.240337 -1.96404e+06 7.08345e+06 1.12121e+07 1.96404e+06 -7.08345e+06 1.0339e+07 -2.31395e+06 1.07166e+07 1.24747e+07 2.31395e+06 -1.07166e+07 1.29159e+07
0.252646 -2.06757e+06 6.98489e+06 1.16696e+07 2.06757e+06 -6.98489e+06 1.10175e+07 -2.42953e+06 1.08151e+07 1.31597e+07 2.42953e+06 -1.08151e+07 1.34991e+07
0.262504 -2.14465e+06 6.90693e+06 1.20133e+07 2.14465e+06 -6.90693e+06 1.15196e+07 -2.52793e+06 1.08931e+07 1.37435e+07 2.52793e+06 -1.08931e+07 1.3995e+07
0.269632 -2.20617e+06 6.85286e+06 1.22795e+07 2.20617e+06 -6.85286e+06 1.19284e+07 -2.59329e+06 1.09471e+07 1.41773e+07 2.59329e+06 -1.09471e+07 1.42783e+07
0.273708 -2.24817e+06 6.81989e+06 1.24695e+07 2.24817e+06 -6.81989e+06 1.21993e+07 -2.62384e+06 1.09801e+07 1.43614e+07 2.62384e+06 -1.09801e+07 1.44295e+07
0.276808 -2.27816e+06 6.79499e+06 1.26085e+07 2.27816e+06 -6.79499e+06 1.23894e+07 -2.64903e+06 1.1005e+07 1.45091e+07 2.64903e+06 -1.1005e+07 1.45582e+07
0.279389 -2.30282e+06 6.77456e+06 1.27298e+07 2.30282e+06 -6.77456e+06 1.25387e+07 -2.67031e+06 1.10254e+07 1.46304e+07 2.67031e+06 -1.10254e+07 1.46704e+07
0.281592 -2.32389e+06 6.75738e+06 1.2838e+07 2.32389e+06 -6.75738e+06 1.26617e+07 -2.68844e+06 1.10426e+07 1.47324e+07 2.68844e+06 -1.10426e+07 1.47674e+07
0.283515 -2.34246e+06 6.74237e+06 1.29337e+07 2.34246e+06 -6.74237e+06 1.27697e+07 -2.7041e+06 1.10576e+07 1.48202e+07 2.7041e+06 -1.10576e+07 1.48514e+07
0.285243 -2.35918e+06 6.7289e+06 1.30203e+07 2.35918e+06 -6.7289e+06 1.28666e+07 -2.71814e+06 1.10711e+07 1.48986e+07 2.71814e+06 -1.10711e+07 1.4927e+07
0.286813 -2.37464e+06 6.71681e+06 1.3102e+07 2.37464e+06 -6.71681e+06 1.29546e+07 -2.73063e+06 1.10832e+07 1.49689e+07 2.73063e+06 -1.10832e+07 1.49938e+07
0.288177 -2.38911e+06 6.70688e+06 1.31806e+07 2.38911e+06 -6.70688e+06 1.30347e+07 -2.74044e+06 1.10931e+07 1.50296e+07 2.74044e+06 -1.10931e+07 1.50408e+07
0.289332 -2.40269e+06 6.6983e+06 1.32566e+07 2.40269e+06 -6.6983e+06 1.31077e+07 -2.74742e+06 1.11017e+07 1.50693e+07 2.74742e+06 -1.11017e+07 1.50776e+07
0.290506 -2.41575e+06 6.68945e+06 1.33298e+07 2.41575e+06 -6.68945e+06 1.31778e+07 -2.75526e+06 1.11105e+07 1.51121e+07 2.75526e+06 -1.11105e+07 1.51209e+07
0.291626 -2.4284e+06 6.68099e+06 1.3401e+07 2.4284e+06 -6.68099e+06 1.32454e+07 -2.76253e+06 1.1119e+07 1.51512e+07 2.76253e+06 -1.1119e+07 1.51615e+07
0.292705 -2.44074e+06 6.67285e+06 1.34706e+07 2.44074e+06 -6.67285e+06 1.33112e+07 -2.76941e+06 1.11272e+07 1.51883e+07 2.76941e+06 -1.11272e+07 1.52e+07
0.293746 -2.45271e+06 6.66499e+06 1.3538e+07 2.45271e+06 -6.66499e+06 1.33751e+07 -2.77596e+06 1.1135e+07 1.52235e+07 2.77596e+06 -1.1135e+07 1.52366e+07
0.294755 -2.46441e+06 6.65738e+06 1.3604e+07 2.46441e+06 -6.65738e+06 1.34376e+07 -2.78223e+06 1.11426e+07 1.52573e+07 2.78223e+06 -1.11426e+07 1.52716e+07
0.29574 -2.47592e+06 6.64997e+06 1.36689e+07 2.47592e+06 -6.64997e+06 1.34989e+07 -2.78825e+06 1.115e+07 1.52898e+07 2.78825e+06 -1.115e+07 1.53051e+07
0.296703 -2.48726e+06 6.64271e+06 1.37328e+07 2.48726e+06 -6.64271e+06 1.35595e+07 -2.79406e+06 1.11573e+07 1.53212e+07 2.79406e+06 -1.11573e+07 1.53375e+07
0.297648 -2.49845e+06 6.6356e+06 1.37959e+07 2.49845e+06 -6.6356e+06 1.36192e+07 -2.79968e+06 1.11644e+07 1.53517e+07 2.79968e+06 -1.11644e+07 1.53687e+07
0.298576 -2.50952e+06 6.62862e+06 1.38582e+07 2.50952e+06 -6.62862e+06 1.36783e+07 -2.80514e+06 1.11714e+07 1.53813e+07 2.80514e+06 -1.11714e+07 1.5399e+07
0.29949 -2.52047e+06 6.62175e+06 1.39198e+07 2.52047e+06 -6.62175e+06 1.37369e+07 -2.81045e+06 1.11783e+07 1.54102e+07 2.81045e+06 -1.11783e+07 1.54285e+07
0.300391 -2.53131e+06 6.61497e+06 1.39807e+07 2.53131e+06 -6.61497e+06 1.37949e+07 -2.81564e+06 1.1185e+07 1.54384e+07 2.81564e+06 -1.1185e+07 1.54571e+07
0.301279 -2.54206e+06 6.60828e+06 1.4041e+07 2.54206e+06 -6.60828e+06 1.38525e+07 -2.82071e+06 1.11917e+07 1.5466e+07 2.82071e+06 -1.11917e+07 1.54852e+07
0.302147 -2.5527e+06 6.6017e+06 1.41007e+07 2.5527e+06 -6.6017e+06 1.39096e+07 -2.82552e+06 1.11983e+07 1.54916e+07 2.82552e+06 -1.11983e+07 1.55123e+07
0.302985 -2.56326e+06 6.59541e+06 1.41599e+07 2.56326e+06 -6.59541e+06 1.39663e+07 -2.82987e+06 1.12046e+07 1.55155e+07 2.82987e+06 -1.12046e+07 1.55362e+07
0.303806 -2.57372e+06 6.58923e+06 1.42183e+07 2.57372e+06 -6.58923e+06 1.40226e+07 -2.83404e+06 1.12108e+07 1.55383e+07 2.83404e+06 -1.12108e+07 1.5559e+07
0.30461 -2.58406e+06 6.58317e+06 1.42759e+07 2.58406e+06 -6.58317e+06 1.40785e+07 -2.838e+06 1.12168e+07 1.55602e+07 2.838e+06 -1.12168e+07 1.55807e+07
0.259152 -2.21143e+06 6.92048e+06 1.21888e+07 2.21143e+06 -6.92048e+06 1.20768e+07 -2.40147e+06 1.08795e+07 1.30866e+07 2.40147e+06 -1.08795e+07 1.32643e+07
0.215571 -1.8542e+06 7.24442e+06 1.01902e+07 1.8542e+06 -7.24442e+06 1.01556e+07 -1.98296e+06 1.05556e+07 1.07202e+07 1.98296e+06 -1.05556e+07 1.10385e+07
0.175781 -1.52087e+06 7.54082e+06 8.32592e+06 1.52087e+06 -7.54082e+06 8.36233e+06 -1.60804e+06 1.02592e+07 8.60739e+06 1.60804e+06 -1.02592e+07 9.03733e+06
0.140259 -1.22032e+06 7.80644e+06 6.65442e+06 1.22032e+06 -7.80644e+06 6.73596e+06 -1.27629e+06 9.99356e+06 6.74109e+06 1.27629e+06 -9.99356e+06 7.26339e+06
0.108945 -956547 8.04145e+06 5.18904e+06 956547 -8.04145e+06 5.30697e+06 -982677 9.75855e+06 5.09894e+06 982677 -9.75855e+06 5.68381e+06
0.0818929 -728811 8.24568e+06 3.93234e+06 728811 -8.24568e+06 4.06477e+06 -728883 9.55432e+06 3.68629e+06 728883 -9.55432e+06 4.31162e+06
0.0592549 -542168 8.41875e+06 2.91765e+06 542168 -8.41875e+06 3.03147e+06 -512570 9.38125e+06 2.49499e+06 512570 -9.38125e+06 3.12935e+06
0.0408045 -393540 8.56158e+06 2.11812e+06 393540 -8.56158e+06 2.20012e+06 -332780 9.23842e+06 1.51938e+06 332780 -9.23842e+06 2.13216e+06
0.0259347 -276278 8.67821e+06 1.49524e+06 276278 -8.67821e+06 1.5363e+06 -185360 9.12179e+06 730945 185360 -9.12179e+06 1.30298e+06
0.0139668 -183923 8.77297e+06 1.00819e+06 183923 -8.77297e+06 1.00997e+06 -64686 9.02703e+06 93509.2 64686 -9.02703e+06 616278
0.00422943 -109812 8.8506e+06 618601 109812 -8.8506e+06 586344 34527.8 8.9494e+06 -424957 -34527.8 -8.9494e+06 46089.1
-0.00374526 -49072.8 8.91453e+06 298972 49072.8 -8.91453e+06 239496 115739 8.88547e+06 -844525 -115739 -8.88547e+06 -425453
-0.0104293 2037.85 8.96769e+06 29018.3 -2037.85 -8.96769e+06 -51379.3 183604 8.83231e+06 -1.19952e+06 -183604 -8.83231e+06 -815132
-0.0160073 43444.1 9.01232e+06 -189981 -43444.1 -9.01232e+06 -286724 241485 8.78768e+06 -1.49868e+06 -241485 -8.78768e+06 -1.15109e+06
-0.0208312 79652.8 9.05099e+06 -382308 -79652.8 -9.05099e+06 -491707 291143 8.74901e+06 -1.75349e+06 -291143 -8.74901e+06 -1.44117e+06
-0.0250519 112011 9.08444e+06 -555050 -112011 -9.08444e+06 -674022 333914 8.71556e+06 -1.97683e+06 -333914 -8.71556e+06 -1.68714e+06
-0.0288855 141367 9.11433e+06 -712423 -141367 -9.11433e+06 -838767 372796 8.68567e+06 -2.18563e+06 -372796 -8.68567e+06 -1.905e+06
-0.0328522 167912 9.14146e+06 -854972 -167912 -9.14146e+06 -987495 416857 8.65854e+06 -2.47054e+06 -416857 -8.65854e+06 -2.10356e+06
-0.0368229 191591 9.17072e+06 -982679 -191591 -9.17072e+06 -1.11961e+06 463856 8.62928e+06 -2.74381e+06 -463856 -8.62928e+06 -2.34601e+06
-0.0406749 213356 9.201e+06 -1.10035e+06 -213356 -9.201e+06 -1.24077e+06 510656 8.599e+06 -2.99082e+06 -510656 -8.599e+06 -2.61251e+06
-0.0442612 234314 9.22992e+06 -1.21108e+06 -234314 -9.22992e+06 -1.36001e+06 553535 8.57008e+06 -3.21032e+06 -553535 -8.57008e+06 -2.86352e+06
-0.0479193 260703 9.25853e+06 -1.35621e+06 -260703 -9.25853e+06 -1.50444e+06 592260 8.54147e+06 -3.41339e+06 -592260 -8.54147e+06 -3.08537e+06
-0.0513099 286126 9.28519e+06 -1.49603e+06 -286126 -9.28519e+06 -1.64357e+06 627191 8.51481e+06 -3.59453e+06 -627191 -8.51481e+06 -3.28753e+06
-0.0545038 310720 9.31039e+06 -1.63152e+06 -310720 -9.31039e+06 -1.77795e+06 659448 8.48961e+06 -3.76034e+06 -659448 -8.48961e+06 -3.47567e+06
-0.0575062 334594 9.33385e+06 -1.76327e+06 -334594 -9.33385e+06 -1.90817e+06 689016 8.46615e+06 -3.91465e+06 -689016 -8.46615e+06 -3.6458e+06
-0.0607157 357668 9.35586e+06 -1.89145e+06 -357668 -9.35586e+06 -2.03317e+06 723071 8.44414e+06 -4.1316e+06 -723071 -8.44414e+06 -3.80253e+06
-0.0638245 379449 9.37641e+06 -2.01401e+06 -379449 -9.37641e+06 -2.14962e+06 756627 8.42359e+06 -4.35308e+06 -756627 -8.42359e+06 -3.94926e+06
-0.0673422 404457 9.40495e+06 -2.1257e+06 -404457 -9.40495e+06 -2.31234e+06 794233 8.39505e+06 -4.56309e+06 -794233 -8.39505e+06 -4.15189e+06
-0.0710905 433194 9.43578e+06 -2.26294e+06 -433194 -9.43578e+06 -2.49042e+06 832216 8.36422e+06 -4.76337e+06 -832216 -8.36422e+06 -4.3684e+06
-0.0751298 468645 9.46771e+06 -2.44568e+06 -468645 -9.46771e+06 -2.69669e+06 868665 8.33229e+06 -4.96076e+06 -868665 -8.33229e+06 -4.57096e+06
-0.0798555 510403 9.50495e+06 -2.62459e+06 -510403 -9.50495e+06 -2.97597e+06 911025 8.29505e+06 -5.22811e+06 -911025 -8.29505e+06 -4.7684e+06
-0.0857482 574636 9.55669e+06 -2.86052e+06 -574636 -9.55669e+06 -3.44486e+06 951682 8.24331e+06 -5.48081e+06 -951682 -8.24331e+06 -4.96183e+06
-0.0947073 679971 9.64049e+06 -3.19829e+06 -679971 -9.64049e+06 -4.26292e+06 1.00582e+06 8.15951e+06 -5.82012e+06 -1.00582e+06 -8.15951e+06 -5.21655e+06
-0.107403 848577 9.75796e+06 -3.8265e+06 -848577 -9.75796e+06 -5.48479e+06 1.06319e+06 8.04204e+06 -6.16763e+06 -1.06319e+06 -8.04204e+06 -5.49854e+06
-0.125853 1.1017e+06 9.90012e+06 -5.09975e+06 -1.1017e+06 -9.90012e+06 -6.98896e+06 1.13849e+06 7.89988e+06 -6.67825e+06 -1.13849e+06 -7.89988e+06 -5.81416e+06
-0.146731 1.37733e+06 1.00344e+07 -6.77417e+06 -1.37733e+06 -1.00344e+07 -8.33907e+06 1.23448e+06 7.7656e+06 -7.36257e+06 -1.23448e+06 -7.7656e+06 -6.18311e+06
-0.168199 1.61579e+06 1.01623e+07 -8.28947e+06 -1.61579e+06 -1.01623e+07 -9.44029e+06 1.37815e+06 7.63773e+06 -8.40341e+06 -1.37815e+06 -7.63773e+06 -6.71882e+06
-0.188657 1.80481e+06 1.0296e+07 -9.46042e+06 -1.80481e+06 -1.0296e+07 -1.03434e+07 1.55329e+06 7.50395e+06 -9.51575e+06 -1.55329e+06 -7.50395e+06 -7.52823e+06
-0.208539 1.9767e+06 1.04467e+07 -1.04988e+07 -1.9767e+06 -1.04467e+07 -1.11912e+07 1.7353e+06 7.35329e+06 -1.0432e+07 -1.7353e+06 -7.35329e+06 -8.60916e+06
-0.226623 2.13339e+06 1.05953e+07 -1.14296e+07 -2.13339e+06 -1.05953e+07 -1.19798e+07 1.9005e+06 7.20467e+06 -1.11305e+07 -1.9005e+06 -7.20467e+06 -9.72327e+06
-0.241287 2.27081e+06 1.07223e+07 -1.22354e+07 -2.27081e+06 -1.07223e+07 -1.26818e+07 2.0241e+06 7.07772e+06 -1.15637e+07 -2.0241e+06 -7.07772e+06 -1.06463e+07
-0.251935 2.37983e+06 1.08094e+07 -1.29099e+07 -2.37983e+06 -1.08094e+07 -1.32036e+07 2.10462e+06 6.99062e+06 -1.1854e+07 -2.10462e+06 -6.99062e+06 -1.12396e+07
-0.260245 2.46882e+06 1.0876e+07 -1.34248e+07 -2.46882e+06 -1.0876e+07 -1.36652e+07 2.16355e+06 6.92403e+06 -1.21097e+07 -2.16355e+06 -6.92403e+06 -1.16305e+07
-0.267229 2.55039e+06 1.09302e+07 -1.3897e+07 -2.55039e+06 -1.09302e+07 -1.4088e+07 2.20628e+06 6.86985e+06 -1.23078e+07 -2.20628e+06 -6.86985e+06 -1.19012e+07
-0.272995 2.61493e+06 1.0975e+07 -1.42851e+07 -2.61493e+06 -1.0975e+07 -1.44081e+07 2.24438e+06 6.82504e+06 -1.24725e+07 -2.24438e+06 -6.82504e+06 -1.21547e+07
-0.276318 2.6469e+06 1.09996e+07 -1.44774e+07 -2.6469e+06 -1.09996e+07 -1.45666e+07 2.27156e+06 6.80037e+06 -1.26133e+07 -2.27156e+06 -6.80037e+06 -1.23121e+07
-0.278594 2.66638e+06 1.10171e+07 -1.45929e+07 -2.66638e+06 -1.10171e+07 -1.46648e+07 2.29259e+06 6.78287e+06 -1.27183e+07 -2.29259e+06 -6.78287e+06 -1.2438e+07
-0.28058 2.68356e+06 1.10325e+07 -1.46921e+07 -2.68356e+06 -1.10325e+07 -1.47542e+07 2.31076e+06 6.76753e+06 -1.28106e+07 -2.31076e+06 -6.76753e+06 -1.25449e+07
-0.282392 2.69911e+06 1.10465e+07 -1.47802e+07 -2.69911e+06 -1.10465e+07 -1.48367e+07 2.32747e+06 6.75351e+06 -1.2897e+07 -2.32747e+06 -6.75351e+06 -1.26419e+07
-0.284086 2.71352e+06 1.10597e+07 -1.48615e+07 -2.71352e+06 -1.10597e+07 -1.49135e+07 2.34321e+06 6.74032e+06 -1.29777e+07 -2.34321e+06 -6.74032e+06 -1.27339e+07
-0.28568 2.72705e+06 1.10722e+07 -1.49373e+07 -2.72705e+06 -1.10722e+07 -1.49862e+07 2.35806e+06 6.72782e+06 -1.30533e+07 -2.35806e+06 -6.72782e+06 -1.28213e+07
-0.287191 2.73987e+06 1.10841e+07 -1.50089e+07 -2.73987e+06 -1.10841e+07 -1.50552e+07 2.37212e+06 6.71594e+06 -1.31246e+07 -2.37212e+06 -6.71594e+06 -1.29043e+07
-0.288575 2.75097e+06 1.10949e+07 -1.50708e+07 -2.75097e+06 -1.10949e+07 -1.5115e+07 2.38566e+06 6.70513e+06 -1.31946e+07 -2.38566e+06 -6.70513e+06 -1.29829e+07
-0.289865 2.76088e+06 1.11047e+07 -1.51283e+07 -2.76088e+06 -1.11047e+07 -1.51663e+07 2.39872e+06 6.69533e+06 -1.32636e+07 -2.39872e+06 -6.69533e+06 -1.30571e+07
-0.291022 2.7689e+06 1.11129e+07 -1.51804e+07 -2.7689e+06 -1.11129e+07 -1.52022e+07 2.41129e+06 6.68708e+06 -1.3332e+07 -2.41129e+06 -6.68708e+06 -1.31267e+07
-0.291838 2.771e+06 1.11166e+07 -1.52229e+07 -2.771e+06 -1.11166e+07 -1.51828e+07 2.42371e+06 6.68338e+06 -1.34014e+07 -2.42371e+06 -6.68338e+06 -1.31935e+07
-0.292584 2.7724e+06 1.1124e+07 -1.52074e+07 -2.7724e+06 -1.1124e+07 -1.52136e+07 2.4356e+06 6.67599e+06 -1.3468e+07 -2.4356e+06 -6.67599e+06 -1.32573e+07
-0.293576 2.77813e+06 1.11315e+07 -1.52394e+07 -2.77813e+06 -1.11315e+07 -1.52446e+07 2.44752e+06 6.66849e+06 -1.35338e+07 -2.44752e+06 -6.66849e+06 -1.33224e+07
-0.294549 2.78367e+06 1.11389e+07 -1.52701e+07 -2.78367e+06 -1.11389e+07 -1.52746e+07 2.4593e+06 6.66112e+06 -1.35989e+07 -2.4593e+06 -6.66112e+06 -1.33866e+07
-0.295506 2.78905e+06 1.11461e+07 -1.52998e+07 -2.78905e+06 -1.11461e+07 -1.53039e+07 2.47096e+06 6.65389e+06 -1.36633e+07 -2.47096e+06 -6.65389e+06 -1.345e+07
-0.296448 2.79428e+06 1.11532e+07 -1.53288e+07 -2.79428e+06 -1.11532e+07 -1.53324e+07 2.48249e+06 6.64676e+06 -1.37272e+07 -2.48249e+06 -6.64676e+06 -1.35128e+07
-0.297376 2.79939e+06 1.11602e+07 -1.5357e+07 -2.79939e+06 -1.11602e+07 -1.53602e+07 2.4939e+06 6.63977e+06 -1.37906e+07 -2.4939e+06 -6.63977e+06 -1.35745e+07
-0.298286 2.80439e+06 1.11671e+07 -1.53846e+07 -2.80439e+06 -1.11671e+07 -1.53874e+07 2.50509e+06 6.63289e+06 -1.38527e+07 -2.50509e+06 -6.63289e+06 -1.36353e+07
-0.299183 2.80929e+06 1.11739e+07 -1.54117e+07 -2.80929e+06 -1.11739e+07 -1.54141e+07 2.51616e+06 6.62609e+06 -1.39139e+07 -2.51616e+06 -6.62609e+06 -1.36956e+07
-0.30007 2.8141e+06 1.11806e+07 -1.54383e+07 -2.8141e+06 -1.11806e+07 -1.54404e+07 2.52714e+06 6.61938e+06 -1.39746e+07 -2.52714e+06 -6.61938e+06 -1.37553e+07
-0.300948 2.81884e+06 1.11873e+07 -1.54644e+07 -2.81884e+06 -1.11873e+07 -1.54662e+07 2.53804e+06 6.61273e+06 -1.40348e+07 -2.53804e+06 -6.61273e+06 -1.38146e+07
-0.301818 2.8235e+06 1.11939e+07 -1.54901e+07 -2.8235e+06 -1.11939e+07 -1.54917e+07 2.54885e+06 6.60614e+06 -1.40946e+07 -2.54885e+06 -6.60614e+06 -1.38735e+07
-0.302679 2.8281e+06 1.12004e+07 -1.55155e+07 -2.8281e+06 -1.12004e+07 -1.55168e+07 2.55958e+06 6.59961e+06 -1.41539e+07 -2.55958e+06 -6.59961e+06 -1.39319e+07
-0.303532 2.83263e+06 1.12069e+07 -1.55404e+07 -2.83263e+06 -1.12069e+07 -1.55415e+07 2.57024e+06 6.59314e+06 -1.42128e+07 -2.57024e+06 -6.59314e+06 -1.399e+07
-0.304337 2.83639e+06 1.12129e+07 -1.55614e+07 -2.83639e+06 -1.12129e+07 -1.55617e+07 2.58082e+06 6.58707e+06 -1.42713e+07 -2.58082e+06 -6.58707e+06 -1.40476e+07
-0.259044 2.40178e+06 1.08767e+07 -1.30998e+07 -2.40178e+06 -1.08767e+07 -1.32545e+07 2.2092e+06 6.92332e+06 -1.2191e+07 -2.2092e+06 -6.92332e+06 -1.20502e+07
-0.21566 1.98524e+06 1.05541e+07 -1.07452e+07 -1.98524e+06 -1.05541e+07 -1.10385e+07 1.8535e+06 7.24593e+06 -1.02018e+07 -1.8535e+06 -7.24593e+06 -1.01363e+07
-0.176092 1.61224e+06 1.02592e+07 -8.64392e+06 -1.61224e+06 -1.02592e+07 -9.04692e+06 1.5222e+06 7.54078e+06 -8.34949e+06 -1.5222e+06 -7.54078e+06 -8.35331e+06
-0.140808 1.28279e+06 9.99533e+06 -6.7912e+06 -1.28279e+06 -9.99533e+06 -7.28463e+06 1.22359e+06 7.80467e+06 -6.68884e+06 -1.22359e+06 -7.80467e+06 -6.73738e+06
-0.109787 991730 9.76244e+06 -5.16449e+06 -991730 -9.76244e+06 -5.71758e+06 962476 8.03756e+06 -5.23804e+06 -962476 -8.03756e+06 -5.32304e+06
-0.0830664 740892 9.56061e+06 -3.76961e+06 -740892 -9.56061e+06 -4.36007e+06 737690 8.23939e+06 -3.99773e+06 -737690 -8.23939e+06 -4.09681e+06
-0.0607194 527428 9.38979e+06 -2.5946e+06 -527428 -9.38979e+06 -3.19277e+06 553377 8.41021e+06 -2.99475e+06 -553377 -8.41021e+06 -3.07735e+06
-0.0424584 349701 9.24879e+06 -1.62856e+06 -349701 -9.24879e+06 -2.20865e+06 406058 8.55121e+06 -2.19916e+06 -406058 -8.55121e+06 -2.25644e+06
-0.0276968 203237 9.13362e+06 -840837 -203237 -9.13362e+06 -1.38925e+06 289767 8.66638e+06 -1.57815e+06 -289767 -8.66638e+06 -1.60141e+06
-0.01575 82512.6 9.03943e+06 -200426 -82512.6 -9.03943e+06 -704970 197837 8.76057e+06 -1.09092e+06 -197837 -8.76057e+06 -1.07992e+06
-0.00599067 -16880.6 8.9618e+06 319633 16880.6 -8.9618e+06 -134405 123514 8.8382e+06 -698555 -123514 -8.8382e+06 -656748
0.00201493 -98207.8 8.89792e+06 742111 98207.8 -8.89792e+06 335505 62342 8.90208e+06 -375174 -62342 -8.90208e+06 -308894
0.00870854 -166456 8.84486e+06 1.10065e+06 166456 -8.84486e+06 725841 11443.8 8.95514e+06 -105568 -11443.8 -8.95514e+06 -20002.3
0.0143082 -224433 8.80009e+06 1.39999e+06 224433 -8.80009e+06 1.06268e+06 -30253.4 8.99991e+06 115678 30253.4 -8.99991e+06 216288
0.0191525 -274168 8.76153e+06 1.65817e+06 274168 -8.76153e+06 1.35023e+06 -66746.2 9.03847e+06 309993 66746.2 -9.03847e+06 422402
0.0234159 -317462 8.72791e+06 1.8861e+06 317462 -8.72791e+06 1.59735e+06 -99341 9.07209e+06 484337 99341 -9.07209e+06 605714
0.027241 -355979 8.69779e+06 2.08903e+06 355979 -8.69779e+06 1.81706e+06 -128911 9.10221e+06 643019 128911 -9.10221e+06 771495
0.0308805 -393600 8.67053e+06 2.30451e+06 393600 -8.67053e+06 2.01439e+06 -156072 9.12947e+06 789399 156072 -9.12947e+06 923155
0.0345636 -434468 8.64563e+06 2.57143e+06 434468 -8.64563e+06 2.1959e+06 -180765 9.15437e+06 923037 180765 -9.15437e+06 1.06047e+06
0.0384495 -481594 8.61549e+06 2.82439e+06 481594 -8.61549e+06 2.46005e+06 -202807 9.18451e+06 1.04327e+06 202807 -9.18451e+06 1.1821e+06
0.0420798 -525711 8.58711e+06 3.05848e+06 525711 -8.58711e+06 2.71006e+06 -223309 9.21289e+06 1.15488e+06 223309 -9.21289e+06 1.29545e+06
0.045367 -564677 8.56114e+06 3.26135e+06 564677 -8.56114e+06 2.93475e+06 -242856 9.23886e+06 1.26155e+06 242856 -9.23886e+06 1.40327e+06
0.0484894 -600181 8.5356e+06 3.44229e+06 600181 -8.5356e+06 3.14338e+06 -262931 9.2644e+06 1.36356e+06 262931 -9.2644e+06 1.52154e+06
0.0516349 -632084 8.51105e+06 3.61132e+06 632084 -8.51105e+06 3.32442e+06 -287018 9.28895e+06 1.49467e+06 287018 -9.28895e+06 1.65473e+06
0.054629 -661733 8.48793e+06 3.76967e+06 661733 -8.48793e+06 3.49141e+06 -310665 9.31207e+06 1.62508e+06 310665 -9.31207e+06 1.78379e+06
0.0574891 -689663 8.46584e+06 3.91879e+06 689663 -8.46584e+06 3.64875e+06 -333644 9.33416e+06 1.75177e+06 333644 -9.33416e+06 1.90925e+06
0.0606418 -723473 8.4446e+06 4.1393e+06 723473 -8.4446e+06 3.79923e+06 -355951 9.3554e+06 1.87522e+06 355951 -9.3554e+06 2.03057e+06
0.0636801 -756159 8.42459e+06 4.356e+06 756159 -8.42459e+06 3.9412e+06 -377347 9.37541e+06 1.99569e+06 377347 -9.37541e+06 2.14487e+06
0.0671986 -793883 8.39622e+06 4.56768e+06 793883 -8.39622e+06 4.14345e+06 -402253 9.40378e+06 2.10813e+06 402253 -9.40378e+06 2.30572e+06
0.0706835 -829290 8.3664e+06 4.7466e+06 829290 -8.3664e+06 4.35305e+06 -428876 9.4336e+06 2.22807e+06 428876 -9.4336e+06 2.47791e+06
0.0750302 -868579 8.33135e+06 4.96984e+06 868579 -8.33135e+06 4.56092e+06 -466960 9.46865e+06 2.40515e+06 466960 -9.46865e+06 2.71871e+06
0.080046 -909348 8.28911e+06 5.23389e+06 909348 -8.28911e+06 4.74422e+06 -515471 9.51089e+06 2.58003e+06 515471 -9.51089e+06 3.07615e+06
0.0872438 -951824 8.22289e+06 5.51845e+06 951824 -8.22289e+06 4.92575e+06 -601116 9.57711e+06 2.85355e+06 601116 -9.57711e+06 3.74239e+06
0.0974448 -1.01083e+06 8.13088e+06 5.88248e+06 1.01083e+06 -8.13088e+06 5.20914e+06 -723691 9.66912e+06 3.30406e+06 723691 -9.66912e+06 4.63688e+06
0.110964 -1.07804e+06 8.02842e+06 6.33625e+06 1.07804e+06 -8.02842e+06 5.49292e+06 -897111 9.77158e+06 4.17919e+06 897111 -9.77158e+06 5.66465e+06
0.110964 -1.07804e+06 8.02842e+06 6.33625e+06 1.07804e+06 -8.02842e+06 5.49292e+06 -897111 9.77158e+06 4.17919e+06 897111 -9.77158e+06 5.66465e+06
0.125917 -1.17057e+06 7.93466e+06 6.98675e+06 1.17057e+06 -7.93466e+06 5.85772e+06 -1.07075e+06 9.86534e+06 5.24899e+06 1.07075e+06 -9.86534e+06 6.50018e+06
0.141817 -1.29189e+06 7.83959e+06 7.85982e+06 1.29189e+06 -7.83959e+06 6.3159e+06 -1.23245e+06 9.96041e+06 6.26444e+06 1.23245e+06 -9.96041e+06 7.25904e+06
0.156634 -1.43028e+06 7.74179e+06 8.73498e+06 1.43028e+06 -7.74179e+06 6.95922e+06 -1.3578e+06 1.00582e+07 7.03115e+06 1.3578e+06 -1.00582e+07 7.86779e+06
0.171484 -1.5835e+06 7.63107e+06 9.53229e+06 1.5835e+06 -7.63107e+06 7.84318e+06 -1.46892e+06 1.01689e+07 7.71697e+06 1.46892e+06 -1.01689e+07 8.4012e+06
0.183314 -1.70765e+06 7.533e+06 1.00483e+07 1.70765e+06 -7.533e+06 8.68945e+06 -1.55534e+06 1.0267e+07 8.25615e+06 1.55534e+06 -1.0267e+07 8.81036e+06
0.193086 -1.80447e+06 7.44571e+06 1.03839e+07 1.80447e+06 -7.44571e+06 9.41621e+06 -1.63246e+06 1.03543e+07 8.71168e+06 1.63246e+06 -1.03543e+07 9.20103e+06
0.201001 -1.87309e+06 7.37465e+06 1.06507e+07 1.87309e+06 -7.37465e+06 9.90232e+06 -1.70472e+06 1.04254e+07 9.08093e+06 1.70472e+06 -1.04254e+07 9.62469e+06
0.207535 -1.92183e+06 7.32266e+06 1.08446e+07 1.92183e+06 -7.32266e+06 1.02434e+07 -1.77229e+06 1.04773e+07 9.49796e+06 1.77229e+06 -1.04773e+07 9.94909e+06
0.212759 -1.95543e+06 7.28184e+06 1.0965e+07 1.95543e+06 -7.28184e+06 1.04916e+07 -1.83168e+06 1.05182e+07 9.87521e+06 1.83168e+06 -1.05182e+07 1.02235e+07
0.217069 -1.98339e+06 7.24613e+06 1.10666e+07 1.98339e+06 -7.24613e+06 1.06969e+07 -1.88043e+06 1.05539e+07 1.01583e+07 1.88043e+06 -1.05539e+07 1.04753e+07
0.220741 -2.00376e+06 7.2175e+06 1.11585e+07 2.00376e+06 -7.2175e+06 1.08283e+07 -1.92544e+06 1.05825e+07 1.0417e+07 1.92544e+06 -1.05825e+07 1.07104e+07
0.22468 -2.03145e+06 7.19081e+06 1.1343e+07 2.03145e+06 -7.19081e+06 1.09477e+07 -1.96786e+06 1.06092e+07 1.06603e+07 1.96786e+06 -1.06092e+07 1.09326e+07
0.228606 -2.06174e+06 7.16314e+06 1.15247e+07 2.06174e+06 -7.16314e+06 1.10984e+07 -2.00744e+06 1.06369e+07 1.08911e+07 2.00744e+06 -1.06369e+07 1.11361e+07
0.232812 -2.09506e+06 7.13026e+06 1.17025e+07 2.09506e+06 -7.13026e+06 1.12862e+07 -2.049e+06 1.06697e+07 1.11139e+07 2.049e+06 -1.06697e+07 1.13694e+07
0.236855 -2.1244e+06 7.09837e+06 1.18439e+07 2.1244e+06 -7.09837e+06 1.14668e+07 -2.09162e+06 1.07016e+07 1.1354e+07 2.09162e+06 -1.07016e+07 1.15969e+07
0.240719 -2.15148e+06 7.0679e+06 1.197e+07 2.15148e+06 -7.0679e+06 1.16378e+07 -2.13332e+06 1.07321e+07 1.15924e+07 2.13332e+06 -1.07321e+07 1.18161e+07
0.244137 -2.17469e+06 7.0431e+06 1.20941e+07 2.17469e+06 -7.0431e+06 1.17685e+07 -2.17094e+06 1.07569e+07 1.18185e+07 2.17094e+06 -1.07569e+07 1.20029e+07
0.247489 -2.19726e+06 7.0165e+06 1.22146e+07 2.19726e+06 -7.0165e+06 1.18956e+07 -2.20804e+06 1.07835e+07 1.20122e+07 2.20804e+06 -1.07835e+07 1.22163e+07
0.251436 -2.22373e+06 6.98763e+06 1.23799e+07 2.22373e+06 -6.98763e+06 1.20207e+07 -2.25183e+06 1.08124e+07 1.22482e+07 2.25183e+06 -1.08124e+07 1.24607e+07
0.255694 -2.25391e+06 6.95588e+06 1.25475e+07 2.25391e+06 -6.95588e+06 1.21842e+07 -2.29744e+06 1.08441e+07 1.25057e+07 2.29744e+06 -1.08441e+07 1.27037e+07
0.259945 -2.28463e+06 6.92379e+06 1.27136e+07 2.28463e+06 -6.92379e+06 1.23552e+07 -2.34239e+06 1.08762e+07 1.27592e+07 2.34239e+06 -1.08762e+07 1.29434e+07
0.264442 -2.31472e+06 6.88817e+06 1.28762e+07 2.31472e+06 -6.88817e+06 1.25227e+07 -2.39236e+06 1.09118e+07 1.3019e+07 2.39236e+06 -1.09118e+07 1.32319e+07
0.269228 -2.34336e+06 6.85258e+06 1.30253e+07 2.34336e+06 -6.85258e+06 1.2688e+07 -2.4489e+06 1.09474e+07 1.3349e+07 2.4489e+06 -1.09474e+07 1.35223e+07
0.273745 -2.37009e+06 6.81754e+06 1.31561e+07 2.37009e+06 -6.81754e+06 1.28506e+07 -2.50256e+06 1.09825e+07 1.36519e+07 2.50256e+06 -1.09825e+07 1.38083e+07
0.277843 -2.39328e+06 6.78706e+06 1.32792e+07 2.39328e+06 -6.78706e+06 1.29819e+07 -2.55232e+06 1.10129e+07 1.39389e+07 2.55232e+06 -1.10129e+07 1.40672e+07
0.28157 -2.41281e+06 6.75901e+06 1.33838e+07 2.41281e+06 -6.75901e+06 1.30916e+07 -2.59913e+06 1.1041e+07 1.42032e+07 2.59913e+06 -1.1041e+07 1.43166e+07
0.285147 -2.43206e+06 6.73243e+06 1.3488e+07 2.43206e+06 -6.73243e+06 1.31986e+07 -2.64355e+06 1.10676e+07 1.44575e+07 2.64355e+06 -1.10676e+07 1.45498e+07
0.288136 -2.45159e+06 6.71084e+06 1.3594e+07 2.45159e+06 -6.71084e+06 1.33069e+07 -2.67723e+06 1.10892e+07 1.46589e+07 2.67723e+06 -1.10892e+07 1.47179e+07
0.290901 -2.471e+06 6.69001e+06 1.36995e+07 2.471e+06 -6.69001e+06 1.34143e+07 -2.70703e+06 1.111e+07 1.48266e+07 2.70703e+06 -1.111e+07 1.48772e+07
0.293046 -2.48951e+06 6.67503e+06 1.37942e+07 2.48951e+06 -6.67503e+06 1.35226e+07 -2.72672e+06 1.1125e+07 1.49592e+07 2.72672e+06 -1.1125e+07 1.49606e+07
0.294281 -2.50524e+06 6.66397e+06 1.38589e+07 2.50524e+06 -6.66397e+06 1.36306e+07 -2.73296e+06 1.1136e+07 1.49941e+07 2.73296e+06 -1.1136e+07 1.49942e+07
0.295278 -2.51708e+06 6.65641e+06 1.39239e+07 2.51708e+06 -6.65641e+06 1.36956e+07 -2.73887e+06 1.11436e+07 1.5027e+07 2.73887e+06 -1.11436e+07 1.50261e+07
0.296257 -2.52876e+06 6.649e+06 1.39884e+07 2.52876e+06 -6.649e+06 1.37592e+07 -2.74462e+06 1.1151e+07 1.50591e+07 2.74462e+06 -1.1151e+07 1.50572e+07
0.297225 -2.54036e+06 6.6417e+06 1.40525e+07 2.54036e+06 -6.6417e+06 1.38224e+07 -2.75025e+06 1.11583e+07 1.50904e+07 2.75025e+06 -1.11583e+07 1.50876e+07
0.298182 -2.55188e+06 6.63447e+06 1.41162e+07 2.55188e+06 -6.63447e+06 1.38851e+07 -2.75575e+06 1.11655e+07 1.5121e+07 2.75575e+06 -1.11655e+07 1.51173e+07
0.299127 -2.56332e+06 6.62733e+06 1.41795e+07 2.56332e+06 -6.62733e+06 1.39474e+07 -2.76114e+06 1.11727e+07 1.5151e+07 2.76114e+06 -1.11727e+07 1.51465e+07
0.299267 -2.57532e+06 6.63249e+06 1.42481e+07 2.57532e+06 -6.63249e+06 1.40103e+07 -2.75163e+06 1.11675e+07 1.51757e+07 2.75163e+06 -1.11675e+07 1.50175e+07
0.300017 -2.58673e+06 6.62816e+06 1.43114e+07 2.58673e+06 -6.62816e+06 1.40723e+07 -2.75358e+06 1.11718e+07 1.52036e+07 2.75358e+06 -1.11718e+07 1.50109e+07
0.297442 -2.56788e+06 6.62437e+06 1.40496e+07 2.56788e+06 -6.62437e+06 1.41273e+07 -2.72659e+06 1.11756e+07 1.49139e+07 2.72659e+06 -1.11756e+07 1.50045e+07
0.300969 -2.60734e+06 6.6197e+06 1.44153e+07 2.60734e+06 -6.6197e+06 1.41947e+07 -2.7499e+06 1.11803e+07 1.51773e+07 2.7499e+06 -1.11803e+07 1.49969e+07
0.301383 -2.61656e+06 6.61559e+06 1.44564e+07 2.61656e+06 -6.61559e+06 1.42547e+07 -2.74807e+06 1.11844e+07 1.51646e+07 2.74807e+06 -1.11844e+07 1.49895e+07
0.301794 -2.62574e+06 6.61153e+06 1.44974e+07 2.62574e+06 -6.61153e+06 1.43143e+07 -2.7462e+06 1.11885e+07 1.51518e+07 2.7462e+06 -1.11885e+07 1.49818e+07
0.302203 -2.6349e+06 6.60751e+06 1.45386e+07 2.6349e+06 -6.60751e+06 1.43737e+07 -2.74431e+06 1.11925e+07 1.5139e+07 2.74431e+06 -1.11925e+07 1.49739e+07
0.302609 -2.64404e+06 6.60352e+06 1.45797e+07 2.64404e+06 -6.60352e+06 1.44329e+07 -2.7424e+06 1.11965e+07 1.51262e+07 2.7424e+06 -1.11965e+07 1.49657e+07
0.299993 -2.60101e+06 6.64571e+06 1.46299e+07 2.60101e+06 -6.64571e+06 1.39104e+07 -2.73888e+06 1.11543e+07 1.5105e+07 2.73888e+06 -1.11543e+07 1.49482e+07
0.303051 -2.6561e+06 6.60113e+06 1.4662e+07 2.6561e+06 -6.60113e+06 1.4483e+07 -2.7382e+06 1.11989e+07 1.50995e+07 2.7382e+06 -1.11989e+07 1.49463e+07
0.303355 -2.66354e+06 6.59873e+06 1.47038e+07 2.66354e+06 -6.59873e+06 1.45228e+07 -2.73617e+06 1.12013e+07 1.50863e+07 2.73617e+06 -1.12013e+07 1.49372e+07
0.303657 -2.67098e+06 6.59635e+06 1.47456e+07 2.67098e+06 -6.59635e+06 1.45626e+07 -2.73412e+06 1.12037e+07 1.50732e+07 2.73412e+06 -1.12037e+07 1.49279e+07
0.303958 -2.67839e+06 6.59397e+06 1.4787e+07 2.67839e+06 -6.59397e+06 1.46025e+07 -2.73206e+06 1.1206e+07 1.506e+07 2.73206e+06 -1.1206e+07 1.49184e+07
0.304257 -2.6858e+06 6.59161e+06 1.48284e+07 2.6858e+06 -6.59161e+06 1.46424e+07 -2.72998e+06 1.12084e+07 1.50468e+07 2.72998e+06 -1.12084e+07 1.49087e+07
0.304555 -2.6932e+06 6.58926e+06 1.48697e+07 2.6932e+06 -6.58926e+06 1.46823e+07 -2.72788e+06 1.12107e+07 1.50336e+07 2.72788e+06 -1.12107e+07 1.48989e+07
0.298853 -2.7026e+06 6.62303e+06 1.49253e+07 2.7026e+06 -6.62303e+06 1.47298e+07 -2.61699e+06 1.1177e+07 1.42967e+07 2.61699e+06 -1.1177e+07 1.44191e+07
0.292012 -2.71308e+06 6.67263e+06 1.49872e+07 2.71308e+06 -6.67263e+06 1.47829e+07 -2.48474e+06 1.11274e+07 1.35336e+07 2.48474e+06 -1.11274e+07 1.3731e+07
0.28724 -2.72244e+06 6.70586e+06 1.50425e+07 2.72244e+06 -6.70586e+06 1.48303e+07 -2.39043e+06 1.10941e+07 1.29716e+07 2.39043e+06 -1.10941e+07 1.32582e+07
0.289708 -2.73019e+06 6.71367e+06 1.50878e+07 2.73019e+06 -6.71367e+06 1.48701e+07 -2.42662e+06 1.10863e+07 1.35083e+07 2.42662e+06 -1.10863e+07 1.31185e+07
0.296978 -2.73372e+06 6.65985e+06 1.51084e+07 2.73372e+06 -6.65985e+06 1.48882e+07 -2.55249e+06 1.11401e+07 1.42187e+07 2.55249e+06 -1.11401e+07 1.37893e+07
0.299261 -2.7387e+06 6.62559e+06 1.51369e+07 2.7387e+06 -6.62559e+06 1.49144e+07 -2.58815e+06 1.11744e+07 1.41976e+07 2.58815e+06 -1.11744e+07 1.42017e+07
0.299378 -2.74609e+06 6.62459e+06 1.51787e+07 2.74609e+06 -6.62459e+06 1.49537e+07 -2.58284e+06 1.11754e+07 1.41658e+07 2.58284e+06 -1.11754e+07 1.41752e+07
0.299645 -2.75343e+06 6.62313e+06 1.52203e+07 2.75343e+06 -6.62313e+06 1.49927e+07 -2.58024e+06 1.11769e+07 1.41576e+07 2.58024e+06 -1.11769e+07 1.4155e+07
0.298396 -2.76048e+06 6.62087e+06 1.52615e+07 2.76048e+06 -6.62087e+06 1.50287e+07 -2.55097e+06 1.11791e+07 1.38435e+07 2.55097e+06 -1.11791e+07 1.41478e+07
0.295203 -2.76872e+06 6.63783e+06 1.53103e+07 2.76872e+06 -6.63783e+06 1.50703e+07 -2.4859e+06 1.11622e+07 1.33882e+07 2.4859e+06 -1.11622e+07 1.38891e+07
0.291633 -2.77747e+06 6.66223e+06 1.53621e+07 2.77747e+06 -6.66223e+06 1.51146e+07 -2.41359e+06 1.11378e+07 1.29513e+07 2.41359e+06 -1.11378e+07 1.35326e+07
0.28846 -2.78596e+06 6.68785e+06 1.54104e+07 2.78596e+06 -6.68785e+06 1.51594e+07 -2.34863e+06 1.11121e+07 1.26114e+07 2.34863e+06 -1.11121e+07 1.31597e+07
0.285599 -2.79327e+06 6.71491e+06 1.54451e+07 2.79327e+06 -6.71491e+06 1.5205e+07 -2.29039e+06 1.10851e+07 1.23643e+07 2.29039e+06 -1.10851e+07 1.27677e+07
0.283097 -2.73696e+06 6.73682e+06 1.47895e+07 2.73696e+06 -6.73682e+06 1.52426e+07 -2.30217e+06 1.10632e+07 1.28117e+07 2.30217e+06 -1.10632e+07 1.24496e+07
0.284046 -2.67338e+06 6.71195e+06 1.40714e+07 2.67338e+06 -6.71195e+06 1.52632e+07 -2.38263e+06 1.10881e+07 1.33967e+07 2.38263e+06 -1.10881e+07 1.27475e+07
0.284702 -2.61875e+06 6.66728e+06 1.34562e+07 2.61875e+06 -6.66728e+06 1.52788e+07 -2.44894e+06 1.11327e+07 1.35682e+07 2.44894e+06 -1.11327e+07 1.33036e+07
0.290697 -2.70115e+06 6.64366e+06 1.43185e+07 2.70115e+06 -6.64366e+06 1.53208e+07 -2.47325e+06 1.11563e+07 1.35745e+07 2.47325e+06 -1.11563e+07 1.3564e+07
0.294112 -2.7609e+06 6.63992e+06 1.49324e+07 2.7609e+06 -6.63992e+06 1.53624e+07 -2.47429e+06 1.11601e+07 1.35797e+07 2.47429e+06 -1.11601e+07 1.35702e+07
0.294407 -2.76533e+06 6.63692e+06 1.49479e+07 2.76533e+06 -6.63692e+06 1.53956e+07 -2.47511e+06 1.11631e+07 1.35834e+07 2.47511e+06 -1.11631e+07 1.35755e+07
0.294665 -2.76951e+06 6.63419e+06 1.49628e+07 2.76951e+06 -6.63419e+06 1.54265e+07 -2.47552e+06 1.11658e+07 1.3584e+07 2.47552e+06 -1.11658e+07 1.35795e+07
0.294919 -2.77299e+06 6.63219e+06 1.49772e+07 2.77299e+06 -6.63219e+06 1.54503e+07 -2.47657e+06 1.11678e+07 1.35935e+07 2.47657e+06 -1.11678e+07 1.35814e+07
0.290989 -2.7003e+06 6.69606e+06 1.50032e+07 2.7003e+06 -6.69606e+06 1.46267e+07 -2.47929e+06 1.11039e+07 1.36175e+07 2.47929e+06 -1.11039e+07 1.35874e+07
0.28641 -2.61431e+06 6.77014e+06 1.50335e+07 2.61431e+06 -6.77014e+06 1.36529e+07 -2.48378e+06 1.10299e+07 1.36413e+07 2.48378e+06 -1.10299e+07 1.36128e+07
0.286072 -2.61751e+06 6.76817e+06 1.50641e+07 2.61751e+06 -6.76817e+06 1.36574e+07 -2.47458e+06 1.10318e+07 1.35195e+07 2.47458e+06 -1.10318e+07 1.36336e+07
0.288 -2.68226e+06 6.72191e+06 1.50892e+07 2.68226e+06 -6.72191e+06 1.43427e+07 -2.44414e+06 1.10781e+07 1.32787e+07 2.44414e+06 -1.10781e+07 1.35404e+07
0.28899 -2.73884e+06 6.69145e+06 1.51159e+07 2.73884e+06 -6.69145e+06 1.49369e+07 -2.40519e+06 1.11086e+07 1.30555e+07 2.40519e+06 -1.11086e+07 1.33362e+07
0.28744 -2.74448e+06 6.70162e+06 1.51386e+07 2.74448e+06 -6.70162e+06 1.49761e+07 -2.37195e+06 1.10984e+07 1.28603e+07 2.37195e+06 -1.10984e+07 1.31667e+07
0.283033 -2.70038e+06 6.71486e+06 1.46398e+07 2.70038e+06 -6.71486e+06 1.4991e+07 -2.33761e+06 1.10851e+07 1.26679e+07 2.33761e+06 -1.10851e+07 1.29823e+07
0.278528 -2.64937e+06 6.72856e+06 1.4066e+07 2.64937e+06 -6.72856e+06 1.5005e+07 -2.30843e+06 1.10714e+07 1.25371e+07 2.30843e+06 -1.10714e+07 1.27929e+07
0.27452 -2.60336e+06 6.74253e+06 1.3548e+07 2.60336e+06 -6.74253e+06 1.50182e+07 -2.2831e+06 1.10575e+07 1.24511e+07 2.2831e+06 -1.10575e+07 1.26009e+07
0.272089 -2.57752e+06 6.74836e+06 1.3242e+07 2.57752e+06 -6.74836e+06 1.50407e+07 -2.26566e+06 1.10516e+07 1.23569e+07 2.26566e+06 -1.10516e+07 1.25038e+07
0.272029 -2.57138e+06 6.7536e+06 1.31453e+07 2.57138e+06 -6.7536e+06 1.50701e+07 -2.27074e+06 1.10464e+07 1.25091e+07 2.27074e+06 -1.10464e+07 1.24073e+07
0.278235 -2.64699e+06 6.75887e+06 1.39401e+07 2.64699e+06 -6.75887e+06 1.51048e+07 -2.3056e+06 1.10411e+07 1.29938e+07 2.3056e+06 -1.10411e+07 1.23051e+07
0.286473 -2.71104e+06 6.71874e+06 1.46205e+07 2.71104e+06 -6.71874e+06 1.51273e+07 -2.38817e+06 1.10813e+07 1.34085e+07 2.38817e+06 -1.10813e+07 1.27965e+07
0.289216 -2.71981e+06 6.68744e+06 1.47183e+07 2.71981e+06 -6.68744e+06 1.51257e+07 -2.42823e+06 1.11126e+07 1.34459e+07 2.42823e+06 -1.11126e+07 1.31987e+07
0.287216 -2.66115e+06 6.72259e+06 1.4748e+07 2.66115e+06 -6.72259e+06 1.44523e+07 -2.4513e+06 1.10774e+07 1.34755e+07 2.4513e+06 -1.10774e+07 1.34221e+07
0.284104 -2.60026e+06 6.7749e+06 1.47802e+07 2.60026e+06 -6.7749e+06 1.37519e+07 -2.45679e+06 1.10251e+07 1.35051e+07 2.45679e+06 -1.10251e+07 1.34528e+07
0.282345 -2.56376e+06 6.80627e+06 1.48104e+07 2.56376e+06 -6.80627e+06 1.33213e+07 -2.46198e+06 1.09937e+07 1.35331e+07 2.46198e+06 -1.09937e+07 1.34818e+07
0.280989 -2.53452e+06 6.83139e+06 1.48395e+07 2.53452e+06 -6.83139e+06 1.29713e+07 -2.46708e+06 1.09686e+07 1.35606e+07 2.46708e+06 -1.09686e+07 1.35102e+07
0.28465 -2.59573e+06 6.77907e+06 1.48631e+07 2.59573e+06 -6.77907e+06 1.36194e+07 -2.47104e+06 1.10209e+07 1.35822e+07 2.47104e+06 -1.10209e+07 1.3532e+07
0.288426 -2.65907e+06 6.72493e+06 1.48864e+07 2.65907e+06 -6.72493e+06 1.42911e+07 -2.47491e+06 1.10751e+07 1.36034e+07 2.47491e+06 -1.10751e+07 1.35534e+07
0.290886 -2.69878e+06 6.69103e+06 1.49105e+07 2.69878e+06 -6.69103e+06 1.47027e+07 -2.47899e+06 1.1109e+07 1.36258e+07 2.47899e+06 -1.1109e+07 1.35758e+07
0.291401 -2.70351e+06 6.68703e+06 1.49351e+07 2.70351e+06 -6.68703e+06 1.47299e+07 -2.48343e+06 1.1113e+07 1.36505e+07 2.48343e+06 -1.1113e+07 1.35997e+07
0.291899 -2.70797e+06 6.68305e+06 1.4957e+07 2.70797e+06 -6.68305e+06 1.4757e+07 -2.48783e+06 1.1117e+07 1.36749e+07 2.48783e+06 -1.1117e+07 1.36236e+07
0.292487 -2.71319e+06 6.67907e+06 1.49873e+07 2.71319e+06 -6.67907e+06 1.47841e+07 -2.49308e+06 1.11209e+07 1.37086e+07 2.49308e+06 -1.11209e+07 1.36474e+07
0.292028 -2.6996e+06 6.675e+06 1.48113e+07 2.6996e+06 -6.675e+06 1.48109e+07 -2.49849e+06 1.1125e+07 1.37429e+07 2.49849e+06 -1.1125e+07 1.36727e+07
0.291395 -2.68203e+06 6.67023e+06 1.45924e+07 2.68203e+06 -6.67023e+06 1.48371e+07 -2.5048e+06 1.11298e+07 1.37771e+07 2.5048e+06 -1.11298e+07 1.37076e+07
0.290761 -2.66441e+06 6.66545e+06 1.43732e+07 2.66441e+06 -6.66545e+06 1.48629e+07 -2.51114e+06 1.11346e+07 1.38113e+07 2.51114e+06 -1.11346e+07 1.3743e+07
0.290123 -2.64671e+06 6.6607e+06 1.41536e+07 2.64671e+06 -6.6607e+06 1.48883e+07 -2.51747e+06 1.11393e+07 1.38455e+07 2.51747e+06 -1.11393e+07 1.37783e+07
0.247189 -2.30193e+06 6.97891e+06 1.2219e+07 2.30193e+06 -6.97891e+06 1.30397e+07 -2.09803e+06 1.08211e+07 1.14679e+07 2.09803e+06 -1.08211e+07 1.15534e+07
0.210421 -1.99806e+06 7.25254e+06 1.05219e+07 1.99806e+06 -7.25254e+06 1.14024e+07 -1.74743e+06 1.05475e+07 9.48652e+06 1.74743e+06 -1.05475e+07 9.68772e+06
0.176999 -1.71998e+06 7.50213e+06 8.97599e+06 1.71998e+06 -7.50213e+06 9.89703e+06 -1.43061e+06 1.02979e+07 7.69987e+06 1.43061e+06 -1.02979e+07 7.99792e+06
0.146551 -1.46729e+06 7.73089e+06 7.58613e+06 1.46729e+06 -7.73089e+06 8.51416e+06 -1.14132e+06 1.00691e+07 6.07115e+06 1.14132e+06 -1.00691e+07 6.45234e+06
0.119283 -1.24224e+06 7.93666e+06 6.35424e+06 1.24224e+06 -7.93666e+06 7.27664e+06 -880989 9.86334e+06 4.61123e+06 880989 -9.86334e+06 5.05571e+06
0.0952244 -1.04401e+06 8.11978e+06 5.28167e+06 1.04401e+06 -8.11978e+06 6.17409e+06 -650982 9.68022e+06 3.3291e+06 650982 -9.68022e+06 3.81401e+06
0.074328 -871890 8.28106e+06 4.36836e+06 871890 -8.28106e+06 5.19873e+06 -451148 9.51894e+06 2.22564e+06 451148 -9.51894e+06 2.72473e+06
0.0564926 -725609 8.42095e+06 3.60909e+06 725609 -8.42095e+06 4.35289e+06 -279959 9.37905e+06 1.29218e+06 279959 -9.37905e+06 1.77977e+06
0.0414845 -603775 8.54051e+06 2.99509e+06 603775 -8.54051e+06 3.63003e+06 -134649 9.25949e+06 505437 134649 -9.25949e+06 972047
0.0289179 -502795 8.64267e+06 2.50303e+06 502795 -8.64267e+06 3.01404e+06 -11943.6 9.15733e+06 -149097 11943.6 -9.15733e+06 280151
0.0184049 -418603 8.72953e+06 2.10452e+06 418603 -8.72953e+06 2.48873e+06 90996 9.07047e+06 -692075 -90996 -9.07047e+06 -306408
0.0097671 -349161 8.80096e+06 1.77232e+06 349161 -8.80096e+06 2.05896e+06 175306 8.99904e+06 -1.13255e+06 -175306 -8.99904e+06 -791057
0.00263864 -292538 8.85999e+06 1.50334e+06 292538 -8.85999e+06 1.70662e+06 245570 8.94001e+06 -1.50015e+06 -245570 -8.94001e+06 -1.19445e+06
-0.00338014 -244691 8.91028e+06 1.27833e+06 244691 -8.91028e+06 1.40662e+06 304857 8.88972e+06 -1.80691e+06 -304857 -8.88972e+06 -1.53824e+06
-0.00855149 -203334 8.95368e+06 1.0837e+06 203334 -8.95368e+06 1.14745e+06 355550 8.84632e+06 -2.06672e+06 -355550 -8.84632e+06 -1.83467e+06
-0.0130703 -167122 8.99161e+06 913131 167122 -8.99161e+06 920665 399773 8.80839e+06 -2.29317e+06 -399773 -8.80839e+06 -2.09346e+06
-0.0181013 -116199 9.02584e+06 567683 116199 -9.02584e+06 707353 438403 8.77416e+06 -2.4922e+06 -438403 -8.77416e+06 -2.31832e+06
-0.0228296 -66218.9 9.05634e+06 211307 66218.9 -9.05634e+06 515301 472586 8.74366e+06 -2.66884e+06 -472586 -8.74366e+06 -2.51676e+06
-0.0268604 -24658.9 9.08313e+06 -78633.3 24658.9 -9.08313e+06 349211 502773 8.71687e+06 -2.82328e+06 -502773 -8.71687e+06 -2.69356e+06
-0.0304633 12419.7 9.10716e+06 -337216 -12419.7 -9.10716e+06 200937 529827 8.69284e+06 -2.96081e+06 -529827 -8.69284e+06 -2.85289e+06
-0.0337033 45921 9.12883e+06 -568710 -45921 -9.12883e+06 64826.8 553999 8.67117e+06 -3.08471e+06 -553999 -8.67117e+06 -2.99422e+06
-0.0366278 76126.2 9.1486e+06 -774297 -76126.2 -9.1486e+06 -61021.7 575848 8.6514e+06 -3.19719e+06 -575848 -8.6514e+06 -3.12149e+06
-0.0392812 103447 9.16676e+06 -957339 -103447 -9.16676e+06 -177769 595758 8.63324e+06 -3.29989e+06 -595758 -8.63324e+06 -3.23725e+06
-0.0416501 127383 9.18301e+06 -1.11732e+06 -127383 -9.18301e+06 -280426 613989 8.61699e+06 -3.39467e+06 -613989 -8.61699e+06 -3.34252e+06
-0.0438047 148406 9.19795e+06 -1.25324e+06 -148406 -9.19795e+06 -375190 631318 8.60205e+06 -3.48823e+06 -631318 -8.60205e+06 -3.43911e+06
-0.0469679 166322 9.21198e+06 -1.36276e+06 -166322 -9.21198e+06 -462262 669707 8.58802e+06 -3.81696e+06 -669707 -8.58802e+06 -3.53162e+06
-0.0499 180868 9.23024e+06 -1.44432e+06 -180868 -9.23024e+06 -540308 707352 8.56976e+06 -4.07437e+06 -707352 -8.56976e+06 -3.68727e+06
-0.0530406 193881 9.25718e+06 -1.51855e+06 -193881 -9.25718e+06 -608869 750242 8.54282e+06 -4.2687e+06 -750242 -8.54282e+06 -3.96357e+06
-0.0561392 211337 9.28482e+06 -1.59041e+06 -211337 -9.28482e+06 -728557 787940 8.51518e+06 -4.44819e+06 -787940 -8.51518e+06 -4.19773e+06
-0.0595765 241670 9.31957e+06 -1.65184e+06 -241670 -9.31957e+06 -999963 818792 8.48043e+06 -4.6132e+06 -818792 -8.48043e+06 -4.37125e+06
-0.0627367 269162 9.35138e+06 -1.70864e+06 -269162 -9.35138e+06 -1.24483e+06 847551 8.44862e+06 -4.76641e+06 -847551 -8.44862e+06 -4.53362e+06
-0.0656138 293610 9.37989e+06 -1.76451e+06 -293610 -9.37989e+06 -1.45722e+06 874316 8.42011e+06 -4.90761e+06 -874316 -8.42011e+06 -4.6861e+06
-0.0681092 314221 9.40433e+06 -1.81997e+06 -314221 -9.40433e+06 -1.62792e+06 898122 8.39567e+06 -5.02664e+06 -898122 -8.39567e+06 -4.8283e+06
-0.0703876 333618 9.42674e+06 -1.87467e+06 -333618 -9.42674e+06 -1.78606e+06 919282 8.37326e+06 -5.1301e+06 -919282 -8.37326e+06 -4.95702e+06
-0.0724096 350642 9.44682e+06 -1.91635e+06 -350642 -9.44682e+06 -1.93119e+06 938248 8.35318e+06 -5.22629e+06 -938248 -8.35318e+06 -5.06893e+06
-0.0742234 366132 9.46477e+06 -1.95358e+06 -366132 -9.46477e+06 -2.06393e+06 955044 8.33523e+06 -5.31354e+06 -955044 -8.33523e+06 -5.16599e+06
-0.0774361 408276 9.48222e+06 -2.28562e+06 -408276 -9.48222e+06 -2.19432e+06 970087 8.31778e+06 -5.38551e+06 -970087 -8.31778e+06 -5.25908e+06
-0.0814488 465827 9.49843e+06 -2.79787e+06 -465827 -9.49843e+06 -2.31356e+06 983961 8.30157e+06 -5.44957e+06 -983961 -8.30157e+06 -5.34726e+06
-0.0846059 509031 9.51209e+06 -3.17759e+06 -509031 -9.51209e+06 -2.40791e+06 996954 8.28791e+06 -5.51158e+06 -996954 -8.28791e+06 -5.42782e+06
-0.087047 540875 9.52366e+06 -3.44622e+06 -540875 -9.52366e+06 -2.4887e+06 1.00856e+06 8.27634e+06 -5.57166e+06 -1.00856e+06 -8.27634e+06 -5.49511e+06
-0.0890488 565745 9.53437e+06 -3.64164e+06 -565745 -9.53437e+06 -2.56618e+06 1.01932e+06 8.26563e+06 -5.63011e+06 -1.01932e+06 -8.26563e+06 -5.55475e+06
-0.0906979 584648 9.54397e+06 -3.78381e+06 -584648 -9.54397e+06 -2.63143e+06 1.02978e+06 8.25603e+06 -5.68714e+06 -1.02978e+06 -8.25603e+06 -5.6124e+06
-0.0920164 597930 9.55286e+06 -3.8717e+06 -597930 -9.55286e+06 -2.68929e+06 1.03996e+06 8.24714e+06 -5.74291e+06 -1.03996e+06 -8.24714e+06 -5.66841e+06
-0.0931496 608141 9.56154e+06 -3.92726e+06 -608141 -9.56154e+06 -2.74576e+06 1.04992e+06 8.23846e+06 -5.79754e+06 -1.04992e+06 -8.23846e+06 -5.72307e+06
-0.0942509 617981 9.57007e+06 -3.97959e+06 -617981 -9.57007e+06 -2.80141e+06 1.05968e+06 8.22993e+06 -5.85113e+06 -1.05968e+06 -8.22993e+06 -5.77659e+06
-0.095326 627540 9.57846e+06 -4.02954e+06 -627540 -9.57846e+06 -2.85634e+06 1.06926e+06 8.22154e+06 -5.90377e+06 -1.06926e+06 -8.22154e+06 -5.82905e+06
-0.0963289 636016 9.58665e+06 -4.0688e+06 -636016 -9.58665e+06 -2.9101e+06 1.07864e+06 8.21335e+06 -5.95552e+06 -1.07864e+06 -8.21335e+06 -5.88018e+06
-0.0972914 644091 9.59472e+06 -4.10435e+06 -644091 -9.59472e+06 -2.96315e+06 1.0877e+06 8.20528e+06 -6.00475e+06 -1.0877e+06 -8.20528e+06 -5.93035e+06
-0.09824 652065 9.60267e+06 -4.13936e+06 -652065 -9.60267e+06 -3.01563e+06 1.09661e+06 8.19733e+06 -6.05317e+06 -1.09661e+06 -8.19733e+06 -5.97969e+06
-0.100015 674679 9.6236e+06 -4.16973e+06 -674679 -9.6236e+06 -3.23341e+06 1.10559e+06 8.1764e+06 -6.10159e+06 -1.10559e+06 -8.1764e+06 -6.02982e+06
-0.101851 698586 9.64566e+06 -4.19809e+06 -698586 -9.64566e+06 -3.46737e+06 1.11436e+06 8.15434e+06 -6.14941e+06 -1.11436e+06 -8.15434e+06 -6.07832e+06
-0.104885 743928 9.66618e+06 -4.4808e+06 -743928 -9.66618e+06 -3.68219e+06 1.12302e+06 8.13382e+06 -6.19654e+06 -1.12302e+06 -8.13382e+06 -6.1262e+06
-0.108719 791667 9.68544e+06 -4.80676e+06 -791667 -9.68544e+06 -3.88005e+06 1.14353e+06 8.11456e+06 -6.37278e+06 -1.14353e+06 -8.11456e+06 -6.17491e+06
-0.11169 825947 9.7009e+06 -5.03264e+06 -825947 -9.7009e+06 -4.03033e+06 1.16214e+06 8.0991e+06 -6.52946e+06 -1.16214e+06 -8.0991e+06 -6.22249e+06
-0.114166 854568 9.71493e+06 -5.21346e+06 -854568 -9.71493e+06 -4.16357e+06 1.17759e+06 8.08507e+06 -6.6526e+06 -1.17759e+06 -8.08507e+06 -6.26886e+06
-0.117151 879991 9.73867e+06 -5.37333e+06 -879991 -9.73867e+06 -4.28265e+06 1.20529e+06 8.06133e+06 -6.77171e+06 -1.20529e+06 -8.06133e+06 -6.45372e+06
-0.119632 900748 9.75816e+06 -5.49467e+06 -900748 -9.75816e+06 -4.38907e+06 1.22869e+06 8.04184e+06 -6.88541e+06 -1.22869e+06 -8.04184e+06 -6.59683e+06
-0.121726 917597 9.77442e+06 -5.5875e+06 -917597 -9.77442e+06 -4.48113e+06 1.24913e+06 8.02558e+06 -6.99361e+06 -1.24913e+06 -8.02558e+06 -6.71286e+06
-0.123498 930493 9.78848e+06 -5.6602e+06 -930493 -9.78848e+06 -4.54993e+06 1.26776e+06 8.01152e+06 -7.08684e+06 -1.26776e+06 -8.01152e+06 -6.82411e+06
-0.124994 939848 9.80104e+06 -5.70843e+06 -939848 -9.80104e+06 -4.60436e+06 1.28504e+06 7.99896e+06 -7.17012e+06 -1.28504e+06 -7.99896e+06 -6.93042e+06
-0.126381 947875 9.81317e+06 -5.74316e+06 -947875 -9.81317e+06 -4.6577e+06 1.30171e+06 7.98683e+06 -7.25114e+06 -1.30171e+06 -7.98683e+06 -7.0323e+06
-0.127708 955840 9.82455e+06 -5.77788e+06 -955840 -9.82455e+06 -4.71038e+06 1.31736e+06 7.97545e+06 -7.32972e+06 -1.31736e+06 -7.97545e+06 -7.12539e+06
-0.128934 963595 9.83461e+06 -5.81272e+06 -963595 -9.83461e+06 -4.76063e+06 1.33143e+06 7.96539e+06 -7.40565e+06 -1.33143e+06 -7.96539e+06 -7.20385e+06
-0.130084 970529 9.8438e+06 -5.84753e+06 -970529 -9.8438e+06 -4.80191e+06 1.34497e+06 7.9562e+06 -7.47785e+06 -1.34497e+06 -7.9562e+06 -7.28021e+06
-0.131191 977436 9.85282e+06 -5.88224e+06 -977436 -9.85282e+06 -4.843e+06 1.35776e+06 7.94718e+06 -7.54375e+06 -1.35776e+06 -7.94718e+06 -7.35467e+06
-0.133461 1.00641e+06 9.8728e+06 -6.01709e+06 -1.00641e+06 -9.8728e+06 -5.02609e+06 1.3692e+06 7.9272e+06 -7.59657e+06 -1.3692e+06 -7.9272e+06 -7.42737e+06
-0.136486 1.05014e+06 9.89562e+06 -6.2758e+06 -1.05014e+06 -9.89562e+06 -5.24718e+06 1.37932e+06 7.90438e+06 -7.63663e+06 -1.37932e+06 -7.90438e+06 -7.49839e+06
-0.139322 1.09084e+06 9.91764e+06 -6.50786e+06 -1.09084e+06 -9.91764e+06 -5.46171e+06 1.38909e+06 7.88236e+06 -7.67642e+06 -1.38909e+06 -7.88236e+06 -7.56579e+06
-0.141849 1.12684e+06 9.9365e+06 -6.72048e+06 -1.12684e+06 -9.9365e+06 -5.64417e+06 1.39806e+06 7.8635e+06 -7.71601e+06 -1.39806e+06 -7.8635e+06 -7.62469e+06
-0.143752 1.15271e+06 9.9513e+06 -6.86339e+06 -1.15271e+06 -9.9513e+06 -5.78505e+06 1.40608e+06 7.8487e+06 -7.75543e+06 -1.40608e+06 -7.8487e+06 -7.67325e+06
-0.145361 1.17417e+06 9.96415e+06 -6.97388e+06 -1.17417e+06 -9.96415e+06 -5.9101e+06 1.41325e+06 7.83585e+06 -7.79461e+06 -1.41325e+06 -7.83585e+06 -7.71278e+06
-0.146858 1.19369e+06 9.97614e+06 -7.07378e+06 -1.19369e+06 -9.97614e+06 -6.02441e+06 1.42038e+06 7.82386e+06 -7.83363e+06 -1.42038e+06 -7.82386e+06 -7.75192e+06
-0.14862 1.21016e+06 9.98656e+06 -7.16058e+06 -1.21016e+06 -9.98656e+06 -6.11833e+06 1.43527e+06 7.81344e+06 -7.9576e+06 -1.43527e+06 -7.81344e+06 -7.79137e+06
-0.150216 1.22327e+06 9.99535e+06 -7.23097e+06 -1.22327e+06 -9.99535e+06 -6.19181e+06 1.45056e+06 7.80465e+06 -8.08626e+06 -1.45056e+06 -7.80465e+06 -7.83051e+06
-0.151635 1.23329e+06 1.00029e+07 -7.28281e+06 -1.23329e+06 -1.00029e+07 -6.24983e+06 1.46582e+06 7.79708e+06 -8.21479e+06 -1.46582e+06 -7.79708e+06 -7.86938e+06
-0.153199 1.24206e+06 1.00131e+07 -7.33197e+06 -1.24206e+06 -1.00131e+07 -6.29689e+06 1.48488e+06 7.78687e+06 -8.34036e+06 -1.48488e+06 -7.78687e+06 -7.95302e+06
-0.154815 1.24915e+06 1.00263e+07 -7.36446e+06 -1.24915e+06 -1.00263e+07 -6.34221e+06 1.50657e+06 7.77373e+06 -8.45544e+06 -1.50657e+06 -7.77373e+06 -8.07583e+06
-0.157438 1.27482e+06 1.00505e+07 -7.45851e+06 -1.27482e+06 -1.00505e+07 -6.52991e+06 1.52757e+06 7.7495e+06 -8.56343e+06 -1.52757e+06 -7.7495e+06 -8.19832e+06
-0.160762 1.31372e+06 1.00768e+07 -7.66905e+06 -1.31372e+06 -1.00768e+07 -6.74614e+06 1.54785e+06 7.7232e+06 -8.66543e+06 -1.54785e+06 -7.7232e+06 -8.31885e+06
-0.163989 1.35254e+06 1.01024e+07 -7.87945e+06 -1.35254e+06 -1.01024e+07 -6.96173e+06 1.56646e+06 7.69764e+06 -8.75809e+06 -1.56646e+06 -7.69764e+06 -8.43041e+06
-0.167015 1.38993e+06 1.01264e+07 -8.08892e+06 -1.38993e+06 -1.01264e+07 -7.16257e+06 1.58293e+06 7.67361e+06 -8.83206e+06 -1.58293e+06 -7.67361e+06 -8.53717e+06
-0.169624 1.42122e+06 1.01452e+07 -8.29463e+06 -1.42122e+06 -1.01452e+07 -7.30014e+06 1.59808e+06 7.65485e+06 -8.89567e+06 -1.59808e+06 -7.65485e+06 -8.63982e+06
-0.171755 1.44459e+06 1.01621e+07 -8.43246e+06 -1.44459e+06 -1.01621e+07 -7.41873e+06 1.61265e+06 7.63794e+06 -8.95767e+06 -1.61265e+06 -7.63794e+06 -8.73763e+06
-0.173469 1.46176e+06 1.01758e+07 -8.53069e+06 -1.46176e+06 -1.01758e+07 -7.50889e+06 1.626e+06 7.62418e+06 -9.01803e+06 -1.626e+06 -7.62418e+06 -8.82373e+06
-0.174906 1.47622e+06 1.01869e+07 -8.61128e+06 -1.47622e+06 -1.01869e+07 -7.58705e+06 1.6371e+06 7.61309e+06 -9.07612e+06 -1.6371e+06 -7.61309e+06 -8.88752e+06
-0.176279 1.49036e+06 1.02002e+07 -8.65808e+06 -1.49036e+06 -1.02002e+07 -7.69538e+06 1.6474e+06 7.59979e+06 -9.12723e+06 -1.6474e+06 -7.59979e+06 -8.94942e+06
-0.178461 1.51309e+06 1.02211e+07 -8.7e+06 -1.51309e+06 -1.02211e+07 -7.90289e+06 1.66351e+06 7.57892e+06 -9.24439e+06 -1.66351e+06 -7.57892e+06 -9.00905e+06
-0.18081 1.53744e+06 1.02418e+07 -8.76019e+06 -1.53744e+06 -1.02418e+07 -8.10989e+06 1.68097e+06 7.55823e+06 -9.37803e+06 -1.68097e+06 -7.55823e+06 -9.06697e+06
-0.183935 1.57582e+06 1.0263e+07 -8.96507e+06 -1.57582e+06 -1.0263e+07 -8.32614e+06 1.69822e+06 7.53696e+06 -9.51126e+06 -1.69822e+06 -7.53696e+06 -9.12303e+06
-0.187191 1.61418e+06 1.02863e+07 -9.17018e+06 -1.61418e+06 -1.02863e+07 -8.54194e+06 1.71781e+06 7.51374e+06 -9.64482e+06 -1.71781e+06 -7.51374e+06 -9.20442e+06
-0.190413 1.64801e+06 1.03098e+07 -9.37285e+06 -1.64801e+06 -1.03098e+07 -8.71049e+06 1.74133e+06 7.49024e+06 -9.77068e+06 -1.74133e+06 -7.49024e+06 -9.33668e+06
-0.193067 1.67434e+06 1.03272e+07 -9.5705e+06 -1.67434e+06 -1.03272e+07 -8.80177e+06 1.76224e+06 7.4728e+06 -9.86799e+06 -1.76224e+06 -7.4728e+06 -9.46877e+06
-0.195637 1.69959e+06 1.03438e+07 -9.7675e+06 -1.69959e+06 -1.03438e+07 -8.88183e+06 1.78274e+06 7.45624e+06 -9.961e+06 -1.78274e+06 -7.45624e+06 -9.60068e+06
-0.19858 1.73292e+06 1.03701e+07 -9.92003e+06 -1.73292e+06 -1.03701e+07 -9.09499e+06 1.8018e+06 7.42987e+06 -1.00457e+07 -1.8018e+06 -7.42987e+06 -9.72506e+06
-0.200876 1.75584e+06 1.03934e+07 -9.96874e+06 -1.75584e+06 -1.03934e+07 -9.29783e+06 1.81974e+06 7.40661e+06 -1.01477e+07 -1.81974e+06 -7.40661e+06 -9.82004e+06
-0.203303 1.7776e+06 1.04161e+07 -1.00084e+07 -1.7776e+06 -1.04161e+07 -9.49686e+06 1.8412e+06 7.38389e+06 -1.02912e+07 -1.8412e+06 -7.38389e+06 -9.91187e+06
-0.20564 1.79817e+06 1.04384e+07 -1.00367e+07 -1.79817e+06 -1.04384e+07 -9.69437e+06 1.86223e+06 7.36163e+06 -1.04346e+07 -1.86223e+06 -7.36163e+06 -9.99927e+06
-0.208655 1.82757e+06 1.04616e+07 -1.01833e+07 -1.82757e+06 -1.04616e+07 -9.87028e+06 1.88649e+06 7.33837e+06 -1.0579e+07 -1.88649e+06 -7.33837e+06 -1.01211e+07
-0.211984 1.86044e+06 1.04868e+07 -1.03673e+07 -1.86044e+06 -1.04868e+07 -1.0047e+07 1.91288e+06 7.31324e+06 -1.07236e+07 -1.91288e+06 -7.31324e+06 -1.02661e+07
-0.214761 1.88493e+06 1.0505e+07 -1.05459e+07 -1.88493e+06 -1.0505e+07 -1.01371e+07 1.93781e+06 7.295e+06 -1.08538e+07 -1.93781e+06 -7.295e+06 -1.04094e+07
-0.217257 1.90565e+06 1.05201e+07 -1.0722e+07 -1.90565e+06 -1.05201e+07 -1.01883e+07 1.96152e+06 7.27987e+06 -1.09714e+07 -1.96152e+06 -7.27987e+06 -1.0552e+07
-0.220464 1.9396e+06 1.05458e+07 -1.09066e+07 -1.9396e+06 -1.05458e+07 -1.03763e+07 1.98466e+06 7.2542e+06 -1.10847e+07 -1.98466e+06 -7.2542e+06 -1.06926e+07
-0.2235 1.9735e+06 1.05706e+07 -1.1091e+07 -1.9735e+06 -1.05706e+07 -1.05639e+07 2.0048e+06 7.22944e+06 -1.11763e+07 -2.0048e+06 -7.22944e+06 -1.0822e+07
-0.226218 2.00549e+06 1.05937e+07 -1.12556e+07 -2.00549e+06 -1.05937e+07 -1.07503e+07 2.02119e+06 7.2063e+06 -1.12464e+07 -2.02119e+06 -7.2063e+06 -1.09318e+07
-0.228156 2.02587e+06 1.0615e+07 -1.13014e+07 -2.02587e+06 -1.0615e+07 -1.09282e+07 2.03531e+06 7.18496e+06 -1.1306e+07 -2.03531e+06 -7.18496e+06 -1.10271e+07
-0.229743 2.04226e+06 1.06331e+07 -1.13322e+07 -2.04226e+06 -1.06331e+07 -1.10772e+07 2.04717e+06 7.16691e+06 -1.13541e+07 -2.04717e+06 -7.16691e+06 -1.11092e+07
-0.231716 2.06628e+06 1.0651e+07 -1.14431e+07 -2.06628e+06 -1.0651e+07 -1.12299e+07 2.05826e+06 7.14901e+06 -1.13992e+07 -2.05826e+06 -7.14901e+06 -1.11857e+07
-0.234351 2.09762e+06 1.06687e+07 -1.16312e+07 -2.09762e+06 -1.06687e+07 -1.13856e+07 2.07384e+06 7.13134e+06 -1.14998e+07 -2.07384e+06 -7.13134e+06 -1.12561e+07
-0.236516 2.11778e+06 1.06781e+07 -1.17942e+07 -2.11778e+06 -1.06781e+07 -1.14439e+07 2.0922e+06 7.12187e+06 -1.16382e+07 -2.0922e+06 -7.12187e+06 -1.13191e+07
-0.239027 2.14318e+06 1.06942e+07 -1.19498e+07 -2.14318e+06 -1.06942e+07 -1.15669e+07 2.11151e+06 7.1058e+06 -1.17674e+07 -2.11151e+06 -7.1058e+06 -1.14018e+07
-0.242165 2.17454e+06 1.07196e+07 -1.21103e+07 -2.17454e+06 -1.07196e+07 -1.17506e+07 2.13599e+06 7.08042e+06 -1.18948e+07 -2.13599e+06 -7.08042e+06 -1.1543e+07
-0.245135 2.20567e+06 1.07437e+07 -1.22704e+07 -2.20567e+06 -1.07437e+07 -1.1932e+07 2.15775e+06 7.05632e+06 -1.20065e+07 -2.15775e+06 -7.05632e+06 -1.16701e+07
-0.247939 2.23466e+06 1.07661e+07 -1.24291e+07 -2.23466e+06 -1.07661e+07 -1.20914e+07 2.17866e+06 7.03392e+06 -1.21085e+07 -2.17866e+06 -7.03392e+06 -1.17975e+07
-0.251063 2.27094e+06 1.07873e+07 -1.26651e+07 -2.27094e+06 -1.07873e+07 -1.22535e+07 2.19797e+06 7.01266e+06 -1.22105e+07 -2.19797e+06 -7.01266e+06 -1.19075e+07
-0.253955 2.3039e+06 1.08078e+07 -1.28657e+07 -2.3039e+06 -1.08078e+07 -1.24146e+07 2.2165e+06 6.99216e+06 -1.23124e+07 -2.2165e+06 -6.99216e+06 -1.20089e+07
-0.257081 2.34148e+06 1.08344e+07 -1.30368e+07 -2.34148e+06 -1.08344e+07 -1.26558e+07 2.23457e+06 6.96556e+06 -1.24114e+07 -2.23457e+06 -6.96556e+06 -1.21081e+07
-0.26021 2.37596e+06 1.08587e+07 -1.32059e+07 -2.37596e+06 -1.08587e+07 -1.28651e+07 2.25578e+06 6.94132e+06 -1.25431e+07 -2.25578e+06 -6.94132e+06 -1.22092e+07
-0.263599 2.41315e+06 1.08828e+07 -1.34072e+07 -2.41315e+06 -1.08828e+07 -1.30718e+07 2.27891e+06 6.91721e+06 -1.2695e+07 -2.27891e+06 -6.91721e+06 -1.23111e+07
-0.267231 2.45077e+06 1.09078e+07 -1.36523e+07 -2.45077e+06 -1.09078e+07 -1.32395e+07 2.30595e+06 6.89221e+06 -1.28394e+07 -2.30595e+06 -6.89221e+06 -1.24634e+07
-0.271043 2.49286e+06 1.09374e+07 -1.38866e+07 -2.49286e+06 -1.09374e+07 -1.34671e+07 2.33171e+06 6.86255e+06 -1.297e+07 -2.33171e+06 -6.86255e+06 -1.26155e+07
-0.274977 2.53871e+06 1.09698e+07 -1.4124e+07 -2.53871e+06 -1.09698e+07 -1.37328e+07 2.35589e+06 6.83016e+06 -1.30863e+07 -2.35589e+06 -6.83016e+06 -1.27645e+07
-0.278514 2.57954e+06 1.09978e+07 -1.43412e+07 -2.57954e+06 -1.09978e+07 -1.39636e+07 2.37802e+06 6.80216e+06 -1.32014e+07 -2.37802e+06 -6.80216e+06 -1.28922e+07
-0.281748 2.6159e+06 1.10246e+07 -1.45148e+07 -2.6159e+06 -1.10246e+07 -1.41889e+07 2.39921e+06 6.7754e+06 -1.33167e+07 -2.39921e+06 -6.7754e+06 -1.30094e+07
-0.284871 2.65217e+06 1.1051e+07 -1.46883e+07 -2.65217e+06 -1.1051e+07 -1.44135e+07 2.41854e+06 6.74896e+06 -1.34148e+07 -2.41854e+06 -6.74896e+06 -1.31234e+07
-0.287714 2.68524e+06 1.10736e+07 -1.48586e+07 -2.68524e+06 -1.10736e+07 -1.4606e+07 2.43607e+06 6.72641e+06 -1.35111e+07 -2.43607e+06 -6.72641e+06 -1.32195e+07
-0.289823 2.70501e+06 1.10933e+07 -1.49205e+07 -2.70501e+06 -1.10933e+07 -1.47611e+07 2.45384e+06 6.70671e+06 -1.36089e+07 -2.45384e+06 -6.70671e+06 -1.33166e+07
-0.291679 2.72019e+06 1.11119e+07 -1.4946e+07 -2.72019e+06 -1.11119e+07 -1.49021e+07 2.4717e+06 6.68807e+06 -1.37073e+07 -2.4717e+06 -6.68807e+06 -1.34142e+07
-0.293238 2.73045e+06 1.11266e+07 -1.49701e+07 -2.73045e+06 -1.11266e+07 -1.49906e+07 2.48918e+06 6.67342e+06 -1.38001e+07 -2.48918e+06 -6.67342e+06 -1.35133e+07
-0.294286 2.73467e+06 1.11363e+07 -1.49924e+07 -2.73467e+06 -1.11363e+07 -1.50146e+07 2.50362e+06 6.6637e+06 -1.38582e+07 -2.50362e+06 -6.6637e+06 -1.36136e+07
-0.295272 2.73883e+06 1.11451e+07 -1.50145e+07 -2.73883e+06 -1.11451e+07 -1.50382e+07 2.51701e+06 6.65493e+06 -1.39164e+07 -2.51701e+06 -6.65493e+06 -1.37023e+07
-0.296091 2.74285e+06 1.11513e+07 -1.50357e+07 -2.74285e+06 -1.11513e+07 -1.50611e+07 2.52757e+06 6.6487e+06 -1.39754e+07 -2.52757e+06 -6.6487e+06 -1.37592e+07
-0.29691 2.74686e+06 1.11575e+07 -1.5057e+07 -2.74686e+06 -1.11575e+07 -1.50839e+07 2.53813e+06 6.64247e+06 -1.40343e+07 -2.53813e+06 -6.64247e+06 -1.38162e+07
-0.297105 2.74004e+06 1.11634e+07 -1.49613e+07 -2.74004e+06 -1.11634e+07 -1.51047e+07 2.54843e+06 6.63662e+06 -1.40932e+07 -2.54843e+06 -6.63662e+06 -1.38702e+07
-0.297709 2.7403e+06 1.11695e+07 -1.4942e+07 -2.7403e+06 -1.11695e+07 -1.51268e+07 2.55891e+06 6.63051e+06 -1.41521e+07 -2.55891e+06 -6.63051e+06 -1.39264e+07
-0.297687 2.72889e+06 1.11658e+07 -1.4922e+07 -2.72889e+06 -1.11658e+07 -1.50216e+07 2.56995e+06 6.63424e+06 -1.42158e+07 -2.56995e+06 -6.63424e+06 -1.39838e+07
-0.298115 2.72585e+06 1.11691e+07 -1.49025e+07 -2.72585e+06 -1.11691e+07 -1.50077e+07 2.58061e+06 6.63089e+06 -1.42759e+07 -2.58061e+06 -6.63089e+06 -1.40406e+07
-0.29854 2.72281e+06 1.11725e+07 -1.4883e+07 -2.72281e+06 -1.11725e+07 -1.49939e+07 2.5912e+06 6.62755e+06 -1.43355e+07 -2.5912e+06 -6.62755e+06 -1.40972e+07
-0.29896 2.71976e+06 1.11757e+07 -1.48635e+07 -2.71976e+06 -1.11757e+07 -1.49799e+07 2.60172e+06 6.62425e+06 -1.43949e+07 -2.60172e+06 -6.62425e+06 -1.41533e+07
-0.296956 2.71654e+06 1.11786e+07 -1.48439e+07 -2.71654e+06 -1.11786e+07 -1.49642e+07 2.56928e+06 6.62138e+06 -1.39864e+07 -2.56928e+06 -6.62138e+06 -1.42058e+07
-0.299211 2.71348e+06 1.11825e+07 -1.48245e+07 -2.71348e+06 -1.11825e+07 -1.495e+07 2.61248e+06 6.61751e+06 -1.43967e+07 -2.61248e+06 -6.61751e+06 -1.42696e+07
-0.299537 2.71041e+06 1.11858e+07 -1.4805e+07 -2.71041e+06 -1.11858e+07 -1.49358e+07 2.62135e+06 6.61422e+06 -1.44378e+07 -2.62135e+06 -6.61422e+06 -1.43259e+07
-0.29986 2.70733e+06 1.1189e+07 -1.47855e+07 -2.70733e+06 -1.1189e+07 -1.49216e+07 2.63018e+06 6.61095e+06 -1.44786e+07 -2.63018e+06 -6.61095e+06 -1.43819e+07
-0.300183 2.70426e+06 1.11923e+07 -1.47659e+07 -2.70426e+06 -1.11923e+07 -1.49074e+07 2.639e+06 6.60769e+06 -1.45194e+07 -2.639e+06 -6.60769e+06 -1.44379e+07
-0.300506 2.70117e+06 1.11956e+07 -1.47464e+07 -2.70117e+06 -1.11956e+07 -1.48931e+07 2.64783e+06 6.60444e+06 -1.45603e+07 -2.64783e+06 -6.60444e+06 -1.44938e+07
-0.297857 2.69667e+06 1.11533e+07 -1.47204e+07 -2.69667e+06 -1.11533e+07 -1.48698e+07 2.60518e+06 6.6467e+06 -1.46101e+07 -2.60518e+06 -6.6467e+06 -1.39761e+07
-0.296177 2.61963e+06 1.11908e+07 -1.38795e+07 -2.61963e+06 -1.11908e+07 -1.48652e+07 2.65232e+06 6.60924e+06 -1.46432e+07 -2.65232e+06 -6.60924e+06 -1.44602e+07
-0.291186 2.5238e+06 1.11929e+07 -1.28364e+07 -2.5238e+06 -1.11929e+07 -1.48568e+07 2.65931e+06 6.60714e+06 -1.46845e+07 -2.65931e+06 -6.60714e+06 -1.44956e+07
-0.293194 2.55229e+06 1.11946e+07 -1.31647e+07 -2.55229e+06 -1.11946e+07 -1.48412e+07 2.66656e+06 6.60536e+06 -1.47258e+07 -2.66656e+06 -6.60536e+06 -1.45339e+07
-0.295743 2.59043e+06 1.11964e+07 -1.35993e+07 -2.59043e+06 -1.11964e+07 -1.4825e+07 2.67379e+06 6.60364e+06 -1.47669e+07 -2.67379e+06 -6.60364e+06 -1.45722e+07
-0.293879 2.54633e+06 1.1141e+07 -1.38807e+07 -2.54633e+06 -1.1141e+07 -1.40597e+07 2.68473e+06 6.65902e+06 -1.48305e+07 -2.68473e+06 -6.65902e+06 -1.46285e+07
-0.290112 2.46787e+06 1.10799e+07 -1.38607e+07 -2.46787e+06 -1.10799e+07 -1.32188e+07 2.69612e+06 6.72007e+06 -1.48963e+07 -2.69612e+06 -6.72007e+06 -1.46878e+07
-0.289487 2.44935e+06 1.10756e+07 -1.37507e+07 -2.44935e+06 -1.10756e+07 -1.31255e+07 2.70351e+06 6.72442e+06 -1.49397e+07 -2.70351e+06 -6.72442e+06 -1.47255e+07
-0.288576 2.42818e+06 1.11054e+07 -1.31613e+07 -2.42818e+06 -1.11054e+07 -1.34827e+07 2.70847e+06 6.6946e+06 -1.49696e+07 -2.70847e+06 -6.6946e+06 -1.475e+07
-0.287675 2.40719e+06 1.11352e+07 -1.25738e+07 -2.40719e+06 -1.11352e+07 -1.38399e+07 2.71342e+06 6.66479e+06 -1.49994e+07 -2.71342e+06 -6.66479e+06 -1.47745e+07
-0.286647 2.38335e+06 1.11571e+07 -1.20597e+07 -2.38335e+06 -1.11571e+07 -1.40924e+07 2.71897e+06 6.64289e+06 -1.50324e+07 -2.71897e+06 -6.64289e+06 -1.48023e+07
-0.28588 2.36262e+06 1.11588e+07 -1.18472e+07 -2.36262e+06 -1.11588e+07 -1.40775e+07 2.72604e+06 6.64119e+06 -1.50734e+07 -2.72604e+06 -6.64119e+06 -1.4839e+07
-0.287958 2.39241e+06 1.11603e+07 -1.21922e+07 -2.39241e+06 -1.11603e+07 -1.40593e+07 2.73323e+06 6.63966e+06 -1.51144e+07 -2.73323e+06 -6.63966e+06 -1.48768e+07
-0.290078 2.42299e+06 1.11625e+07 -1.25378e+07 -2.42299e+06 -1.11625e+07 -1.40492e+07 2.74038e+06 6.6375e+06 -1.51553e+07 -2.74038e+06 -6.6375e+06 -1.49145e+07
-0.2923 2.4555e+06 1.11662e+07 -1.28842e+07 -2.4555e+06 -1.11662e+07 -1.40596e+07 2.74743e+06 6.63379e+06 -1.51955e+07 -2.74743e+06 -6.63379e+06 -1.49516e+07
-0.291263 2.42822e+06 1.11405e+07 -1.29594e+07 -2.42822e+06 -1.11405e+07 -1.3685e+07 2.75626e+06 6.65952e+06 -1.52473e+07 -2.75626e+06 -6.65952e+06 -1.49967e+07
-0.288632 2.3725e+06 1.11134e+07 -1.27402e+07 -2.3725e+06 -1.11134e+07 -1.32927e+07 2.76515e+06 6.68664e+06 -1.52996e+07 -2.76515e+06 -6.68664e+06 -1.50419e+07
-0.286214 2.32053e+06 1.10856e+07 -1.25707e+07 -2.32053e+06 -1.10856e+07 -1.28921e+07 2.77408e+06 6.71439e+06 -1.53522e+07 -2.77408e+06 -6.71439e+06 -1.50873e+07
-0.284098 2.27432e+06 1.10633e+07 -1.23928e+07 -2.27432e+06 -1.10633e+07 -1.25629e+07 2.78263e+06 6.73671e+06 -1.54026e+07 -2.78263e+06 -6.73671e+06 -1.51307e+07
-0.282384 2.23575e+06 1.10482e+07 -1.22039e+07 -2.23575e+06 -1.10482e+07 -1.23286e+07 2.79068e+06 6.75183e+06 -1.54502e+07 -2.79068e+06 -6.75183e+06 -1.51715e+07
-0.276565 2.19451e+06 1.103e+07 -1.20188e+07 -2.19451e+06 -1.103e+07 -1.20611e+07 2.72836e+06 6.77005e+06 -1.47321e+07 -2.72836e+06 -6.77005e+06 -1.52057e+07
-0.273377 2.20234e+06 1.10551e+07 -1.18016e+07 -2.20234e+06 -1.10551e+07 -1.23643e+07 2.66377e+06 6.74488e+06 -1.40044e+07 -2.66377e+06 -6.74488e+06 -1.52246e+07
-0.271141 2.22689e+06 1.1088e+07 -1.16662e+07 -2.22689e+06 -1.1088e+07 -1.27691e+07 2.59942e+06 6.71198e+06 -1.32819e+07 -2.59942e+06 -6.71198e+06 -1.52411e+07
-0.274788 2.24891e+06 1.11198e+07 -1.15322e+07 -2.24891e+06 -1.11198e+07 -1.31447e+07 2.64231e+06 6.68016e+06 -1.37207e+07 -2.64231e+06 -6.68016e+06 -1.52729e+07
-0.280836 2.28076e+06 1.11427e+07 -1.1629e+07 -2.28076e+06 -1.11427e+07 -1.33973e+07 2.71813e+06 6.65732e+06 -1.4513e+07 -2.71813e+06 -6.65732e+06 -1.53126e+07
-0.284119 2.30422e+06 1.11466e+07 -1.18781e+07 -2.30422e+06 -1.11466e+07 -1.34057e+07 2.7531e+06 6.65344e+06 -1.48553e+07 -2.7531e+06 -6.65344e+06 -1.5354e+07
-0.284827 2.31127e+06 1.11367e+07 -1.21214e+07 -2.31127e+06 -1.11367e+07 -1.32398e+07 2.75864e+06 6.66328e+06 -1.48763e+07 -2.75864e+06 -6.66328e+06 -1.53938e+07
-0.285429 2.31569e+06 1.11248e+07 -1.23637e+07 -2.31569e+06 -1.11248e+07 -1.3046e+07 2.76495e+06 6.67524e+06 -1.49047e+07 -2.76495e+06 -6.67524e+06 -1.54345e+07
-0.28608 2.32002e+06 1.11128e+07 -1.26051e+07 -2.32002e+06 -1.11128e+07 -1.28521e+07 2.77221e+06 6.6872e+06 -1.49436e+07 -2.77221e+06 -6.6872e+06 -1.54753e+07
-0.282335 2.31078e+06 1.10475e+07 -1.26629e+07 -2.31078e+06 -1.10475e+07 -1.26928e+07 2.71478e+06 6.75255e+06 -1.49907e+07 -2.71478e+06 -6.75255e+06 -1.47981e+07
-0.277278 2.29749e+06 1.09665e+07 -1.26621e+07 -2.29749e+06 -1.09665e+07 -1.25479e+07 2.63805e+06 6.8335e+06 -1.50402e+07 -2.63805e+06 -6.8335e+06 -1.39066e+07
-0.272162 2.28428e+06 1.08846e+07 -1.26618e+07 -2.28428e+06 -1.08846e+07 -1.24032e+07 2.5602e+06 6.91538e+06 -1.50894e+07 -2.5602e+06 -6.91538e+06 -1.30032e+07
-0.270517 2.26544e+06 1.09121e+07 -1.25895e+07 -2.26544e+06 -1.09121e+07 -1.22688e+07 2.54977e+06 6.88793e+06 -1.44891e+07 -2.54977e+06 -6.88793e+06 -1.3489e+07
-0.269206 2.24691e+06 1.09472e+07 -1.25121e+07 -2.24691e+06 -1.09472e+07 -1.21429e+07 2.54495e+06 6.85277e+06 -1.38604e+07 -2.54495e+06 -6.85277e+06 -1.40649e+07
-0.268556 2.22822e+06 1.09839e+07 -1.24335e+07 -2.22822e+06 -1.09839e+07 -1.20163e+07 2.55207e+06 6.81613e+06 -1.33429e+07 -2.55207e+06 -6.81613e+06 -1.46606e+07
-0.268386 2.22873e+06 1.1011e+07 -1.23581e+07 -2.22873e+06 -1.1011e+07 -1.20973e+07 2.54854e+06 6.78901e+06 -1.30379e+07 -2.54854e+06 -6.78901e+06 -1.49268e+07
-0.268132 2.24927e+06 1.10353e+07 -1.2281e+07 -2.24927e+06 -1.10353e+07 -1.23998e+07 2.52348e+06 6.76468e+06 -1.2754e+07 -2.52348e+06 -6.76468e+06 -1.49358e+07
-0.270572 2.26939e+06 1.10602e+07 -1.22089e+07 -2.26939e+06 -1.10602e+07 -1.26927e+07 2.54679e+06 6.73984e+06 -1.29846e+07 -2.54679e+06 -6.73984e+06 -1.49609e+07
-0.275487 2.29483e+06 1.10853e+07 -1.21978e+07 -2.29483e+06 -1.10853e+07 -1.29829e+07 2.60884e+06 6.71471e+06 -1.3634e+07 -2.60884e+06 -6.71471e+06 -1.49924e+07
-0.279828 2.31007e+06 1.11015e+07 -1.21921e+07 -2.31007e+06 -1.11015e+07 -1.31558e+07 2.67086e+06 6.69852e+06 -1.42802e+07 -2.67086e+06 -6.69852e+06 -1.50267e+07
-0.281352 2.31229e+06 1.11059e+07 -1.21936e+07 -2.31229e+06 -1.11059e+07 -1.31788e+07 2.69578e+06 6.69413e+06 -1.45203e+07 -2.69578e+06 -6.69413e+06 -1.50599e+07
-0.281781 2.3145e+06 1.111e+07 -1.21952e+07 -2.3145e+06 -1.111e+07 -1.32015e+07 2.70119e+06 6.68996e+06 -1.4549e+07 -2.70119e+06 -6.68996e+06 -1.50907e+07
-0.282209 2.31672e+06 1.11142e+07 -1.21968e+07 -2.31672e+06 -1.11142e+07 -1.32242e+07 2.70661e+06 6.68578e+06 -1.45777e+07 -2.70661e+06 -6.68578e+06 -1.51214e+07
-0.279716 2.32212e+06 1.10712e+07 -1.22276e+07 -2.32212e+06 -1.10712e+07 -1.32526e+07 2.65682e+06 6.72878e+06 -1.46103e+07 -2.65682e+06 -6.72878e+06 -1.45426e+07
-0.277059 2.33341e+06 1.10211e+07 -1.23177e+07 -2.33341e+06 -1.10211e+07 -1.32864e+07 2.59824e+06 6.77894e+06 -1.46435e+07 -2.59824e+06 -6.77894e+06 -1.38666e+07
-0.274894 2.35521e+06 1.09873e+07 -1.25167e+07 -2.35521e+06 -1.09873e+07 -1.33266e+07 2.5379e+06 6.81268e+06 -1.44535e+07 -2.5379e+06 -6.81268e+06 -1.33945e+07
-0.273254 2.37649e+06 1.09641e+07 -1.27106e+07 -2.37649e+06 -1.09641e+07 -1.33662e+07 2.48743e+06 6.83591e+06 -1.42366e+07 -2.48743e+06 -6.83591e+06 -1.30575e+07
-0.271607 2.39777e+06 1.09408e+07 -1.29045e+07 -2.39777e+06 -1.09408e+07 -1.34058e+07 2.43684e+06 6.85922e+06 -1.40195e+07 -2.43684e+06 -6.85922e+06 -1.27194e+07
-0.271398 2.41785e+06 1.09406e+07 -1.30866e+07 -2.41785e+06 -1.09406e+07 -1.3444e+07 2.41304e+06 6.85944e+06 -1.37994e+07 -2.41304e+06 -6.85944e+06 -1.26784e+07
-0.274183 2.43382e+06 1.09898e+07 -1.3227e+07 -2.43382e+06 -1.09898e+07 -1.34788e+07 2.44664e+06 6.81024e+06 -1.3573e+07 -2.44664e+06 -6.81024e+06 -1.32735e+07
-0.275933 2.43355e+06 1.10316e+07 -1.32637e+07 -2.43355e+06 -1.10316e+07 -1.34393e+07 2.47806e+06 6.76836e+06 -1.3342e+07 -2.47806e+06 -6.76836e+06 -1.38492e+07
-0.277782 2.42894e+06 1.10703e+07 -1.32975e+07 -2.42894e+06 -1.10703e+07 -1.33548e+07 2.51557e+06 6.72971e+06 -1.31746e+07 -2.51557e+06 -6.72971e+06 -1.44284e+07
-0.278223 2.42657e+06 1.10807e+07 -1.33353e+07 -2.42657e+06 -1.10807e+07 -1.3291e+07 2.52579e+06 6.71928e+06 -1.30893e+07 -2.52579e+06 -6.71928e+06 -1.46257e+07
-0.277832 2.42519e+06 1.10786e+07 -1.33749e+07 -2.42519e+06 -1.10786e+07 -1.32363e+07 2.52022e+06 6.72135e+06 -1.30001e+07 -2.52022e+06 -6.72135e+06 -1.46539e+07
-0.27745 2.4238e+06 1.10767e+07 -1.34144e+07 -2.4238e+06 -1.10767e+07 -1.31815e+07 2.51482e+06 6.72329e+06 -1.29108e+07 -2.51482e+06 -6.72329e+06 -1.46839e+07
-0.278542 2.42356e+06 1.10561e+07 -1.34566e+07 -2.42356e+06 -1.10561e+07 -1.31367e+07 2.53448e+06 6.74385e+06 -1.33449e+07 -2.53448e+06 -6.74385e+06 -1.44655e+07
-0.235686 2.00871e+06 1.07406e+07 -1.10894e+07 -2.00871e+06 -1.07406e+07 -1.09519e+07 2.1865e+06 7.05939e+06 -1.13812e+07 -2.1865e+06 -7.05939e+06 -1.26109e+07
-0.199149 1.66329e+06 1.04707e+07 -9.12347e+06 -1.66329e+06 -1.04707e+07 -9.12746e+06 1.88157e+06 7.32931e+06 -9.66617e+06 -1.88157e+06 -7.32931e+06 -1.09799e+07
-0.166125 1.3535e+06 1.0226e+07 -7.36056e+06 -1.3535e+06 -1.0226e+07 -7.49112e+06 1.60353e+06 7.57399e+06 -8.11122e+06 -1.60353e+06 -7.57399e+06 -9.48401e+06
-0.136115 1.0725e+06 1.00037e+07 -5.76218e+06 -1.0725e+06 -1.00037e+07 -6.00617e+06 1.35034e+06 7.79626e+06 -6.6936e+06 -1.35034e+06 -7.79626e+06 -8.12343e+06
-0.109271 820625 9.80452e+06 -4.32792e+06 -820625 -9.80452e+06 -4.67665e+06 1.12441e+06 7.99548e+06 -5.43527e+06 -1.12441e+06 -7.99548e+06 -6.90263e+06
-0.0856635 599263 9.62893e+06 -3.06654e+06 -599263 -9.62893e+06 -3.50906e+06 925547 8.17107e+06 -4.33342e+06 -925547 -8.17107e+06 -5.82244e+06
-0.0652401 407484 9.47573e+06 -1.97964e+06 -407484 -9.47573e+06 -2.49161e+06 753790 8.32427e+06 -3.39256e+06 -753790 -8.32427e+06 -4.87865e+06
-0.0478508 244083 9.34396e+06 -1.05842e+06 -244083 -9.34396e+06 -1.61986e+06 607661 8.45604e+06 -2.60422e+06 -607661 -8.45604e+06 -4.06354e+06
-0.0331426 105384 9.23148e+06 -282077 -105384 -9.23148e+06 -874282 484554 8.56852e+06 -1.94767e+06 -484554 -8.56852e+06 -3.36926e+06
-0.0207692 -10221.7 9.13643e+06 363262 10221.7 -9.13643e+06 -251101 379913 8.66357e+06 -1.39318e+06 -379913 -8.66357e+06 -2.77554e+06
-0.0103495 -107648 9.05681e+06 907533 107648 -9.05681e+06 273668 291870 8.74319e+06 -921489 -291870 -8.74319e+06 -2.28115e+06
-0.00172036 -190265 8.99018e+06 1.36804e+06 190265 -8.99018e+06 719704 220887 8.80982e+06 -549651 -220887 -8.80982e+06 -1.87411e+06
0.00528112 -258210 8.93464e+06 1.74085e+06 258210 -8.93464e+06 1.09245e+06 164207 8.86536e+06 -265862 -164207 -8.86536e+06 -1.53595e+06
0.0110782 -314100 8.88817e+06 2.04975e+06 314100 -8.88817e+06 1.39681e+06 116907 8.91183e+06 -37451.1 -116907 -8.91183e+06 -1.24535e+06
0.0159747 -361515 8.84852e+06 2.31148e+06 361515 -8.84852e+06 1.65536e+06 77165.7 8.95148e+06 149552 -77165.7 -8.95148e+06 -996278
0.0201477 -402205 8.81414e+06 2.53458e+06 402205 -8.81414e+06 1.87874e+06 43576.2 8.98586e+06 301405 -43576.2 -8.98586e+06 -779559
0.0237689 -437692 8.78448e+06 2.73027e+06 437692 -8.78448e+06 2.07244e+06 14605.7 9.01552e+06 433324 -14605.7 -9.01552e+06 -593589
0.0269734 -468918 8.75819e+06 2.90298e+06 468918 -8.75819e+06 2.24237e+06 -11208.6 9.04181e+06 550007 11208.6 -9.04181e+06 -427017
0.0302655 -504842 8.72766e+06 3.05393e+06 504842 -8.72766e+06 2.48562e+06 -33882.9 9.07234e+06 651156 33882.9 -9.07234e+06 -279365
0.0336988 -546017 8.69296e+06 3.19209e+06 546017 -8.69296e+06 2.79926e+06 -53821.8 9.10704e+06 739379 53821.8 -9.10704e+06 -148801
0.0367445 -582194 8.66242e+06 3.31433e+06 582194 -8.66242e+06 3.07398e+06 -71858.5 9.13758e+06 821092 71858.5 -9.13758e+06 -32601.2
0.0394621 -614099 8.63548e+06 3.42356e+06 614099 -8.63548e+06 3.31484e+06 -88327.4 9.16452e+06 897704 88327.4 -9.16452e+06 71496.3
0.0419632 -643510 8.61047e+06 3.52256e+06 643510 -8.61047e+06 3.53856e+06 -103435 9.18953e+06 967101 103435 -9.18953e+06 167876
0.0442062 -669777 8.58794e+06 3.61249e+06 669777 -8.58794e+06 3.73686e+06 -117092 9.21206e+06 1.02686e+06 117092 -9.21206e+06 257979
0.0463097 -694354 8.56669e+06 3.69501e+06 694354 -8.56669e+06 3.92402e+06 -129957 9.23331e+06 1.08305e+06 129957 -9.23331e+06 342951
0.0482456 -716535 8.54711e+06 3.7689e+06 716535 -8.54711e+06 4.0935e+06 -142237 9.25289e+06 1.13662e+06 142237 -9.25289e+06 424118
0.0505143 -745276 8.52845e+06 3.92214e+06 745276 -8.52845e+06 4.25564e+06 -153879 9.27155e+06 1.18768e+06 153879 -9.27155e+06 500814
0.0530659 -779608 8.51057e+06 4.14272e+06 779608 -8.51057e+06 4.41178e+06 -164966 9.28943e+06 1.23657e+06 164966 -9.28943e+06 573569
0.0553405 -809254 8.49509e+06 4.34069e+06 809254 -8.49509e+06 4.53911e+06 -175806 9.30491e+06 1.28467e+06 175806 -9.30491e+06 644419
0.0578434 -834445 8.47442e+06 4.52067e+06 834445 -8.47442e+06 4.63555e+06 -195168 9.32558e+06 1.32893e+06 195168 -9.32558e+06 812608
0.0604511 -858683 8.45144e+06 4.6943e+06 858683 -8.45144e+06 4.72788e+06 -217347 9.34856e+06 1.37047e+06 217347 -9.34856e+06 1.01444e+06
0.0642037 -880368 8.42845e+06 4.84409e+06 880368 -8.42845e+06 4.81603e+06 -262458 9.37155e+06 1.65933e+06 262458 -9.37155e+06 1.22058e+06
0.0679174 -900685 8.40631e+06 4.98526e+06 900685 -8.40631e+06 4.8978e+06 -308245 9.39369e+06 1.96005e+06 308245 -9.39369e+06 1.42226e+06
0.0715337 -920141 8.38492e+06 5.12213e+06 920141 -8.38492e+06 4.97441e+06 -353158 9.41508e+06 2.25575e+06 353158 -9.41508e+06 1.6194e+06
0.0749871 -938515 8.36492e+06 5.25048e+06 938515 -8.36492e+06 5.04768e+06 -396256 9.43508e+06 2.54586e+06 396256 -9.43508e+06 1.80218e+06
0.0780202 -951892 8.34665e+06 5.33371e+06 951892 -8.34665e+06 5.11123e+06 -436867 9.45335e+06 2.82111e+06 436867 -9.45335e+06 1.97256e+06
0.0800216 -962884 8.33013e+06 5.39638e+06 962884 -8.33013e+06 5.16918e+06 -461500 9.46987e+06 2.93781e+06 461500 -9.46987e+06 2.12615e+06
0.0814479 -973444 8.315e+06 5.45671e+06 973444 -8.315e+06 5.22472e+06 -476329 9.485e+06 2.96244e+06 476329 -9.485e+06 2.26423e+06
0.0824941 -982826 8.30466e+06 5.51226e+06 982826 -8.30466e+06 5.27212e+06 -485569 9.49534e+06 2.97883e+06 485569 -9.49534e+06 2.34923e+06
0.083338 -990308 8.29616e+06 5.55152e+06 990308 -8.29616e+06 5.31495e+06 -493108 9.50384e+06 2.9956e+06 493108 -9.50384e+06 2.41519e+06
0.0841621 -997781 8.28804e+06 5.59216e+06 997781 -8.28804e+06 5.35632e+06 -500305 9.51196e+06 3.01199e+06 500305 -9.51196e+06 2.47777e+06
0.0849658 -1.00502e+06 8.2801e+06 5.63154e+06 1.00502e+06 -8.2801e+06 5.39639e+06 -507368 9.5199e+06 3.02795e+06 507368 -9.5199e+06 2.53931e+06
0.0857059 -1.01123e+06 8.27229e+06 5.66056e+06 1.01123e+06 -8.27229e+06 5.43545e+06 -514338 9.52771e+06 3.04351e+06 514338 -9.52771e+06 2.60022e+06
0.0864279 -1.01722e+06 8.26464e+06 5.68838e+06 1.01722e+06 -8.26464e+06 5.47343e+06 -521193 9.53536e+06 3.05873e+06 521193 -9.53536e+06 2.66023e+06
0.0869857 -1.02005e+06 8.25924e+06 5.71204e+06 1.02005e+06 -8.25924e+06 5.48077e+06 -528297 9.54076e+06 3.07493e+06 528297 -9.54076e+06 2.72198e+06
0.0876585 -1.02583e+06 8.25197e+06 5.73573e+06 1.02583e+06 -8.25197e+06 5.52056e+06 -534488 9.54803e+06 3.08958e+06 534488 -9.54803e+06 2.77526e+06
0.0901156 -1.06655e+06 8.21693e+06 5.76983e+06 1.06655e+06 -8.21693e+06 5.93326e+06 -537505 9.58307e+06 3.08679e+06 537505 -9.58307e+06 2.81116e+06
0.09172 -1.09087e+06 8.19492e+06 5.79647e+06 1.09087e+06 -8.19492e+06 6.17348e+06 -541743 9.60508e+06 3.0917e+06 541743 -9.60508e+06 2.85275e+06
0.0928163 -1.10642e+06 8.17929e+06 5.8021e+06 1.10642e+06 -8.17929e+06 6.33845e+06 -545710 9.62071e+06 3.10023e+06 545710 -9.62071e+06 2.88775e+06
0.094762 -1.11914e+06 8.16711e+06 5.81755e+06 1.11914e+06 -8.16711e+06 6.46262e+06 -567618 9.63289e+06 3.30883e+06 567618 -9.63289e+06 2.91955e+06
0.0977324 -1.14481e+06 8.15581e+06 5.98591e+06 1.14481e+06 -8.15581e+06 6.57588e+06 -594828 9.64419e+06 3.57597e+06 594828 -9.64419e+06 2.95097e+06
0.100539 -1.16802e+06 8.14505e+06 6.13397e+06 1.16802e+06 -8.14505e+06 6.68245e+06 -621578 9.65495e+06 3.83829e+06 621578 -9.65495e+06 2.98217e+06
0.103159 -1.18818e+06 8.13591e+06 6.26978e+06 1.18818e+06 -8.13591e+06 6.7679e+06 -648051 9.66409e+06 4.09727e+06 648051 -9.66409e+06 3.01368e+06
0.106871 -1.20652e+06 8.1094e+06 6.39196e+06 1.20652e+06 -8.1094e+06 6.84698e+06 -695791 9.6906e+06 4.36083e+06 695791 -9.6906e+06 3.27397e+06
0.109492 -1.2247e+06 8.08352e+06 6.51314e+06 1.2247e+06 -8.08352e+06 6.92529e+06 -724261 9.71648e+06 4.42024e+06 724261 -9.71648e+06 3.52694e+06
0.111502 -1.24165e+06 8.05951e+06 6.62647e+06 1.24165e+06 -8.05951e+06 6.99791e+06 -743084 9.74049e+06 4.39196e+06 743084 -9.74049e+06 3.76176e+06
0.11321 -1.25457e+06 8.03895e+06 6.72716e+06 1.25457e+06 -8.03895e+06 7.03896e+06 -760575 9.76105e+06 4.3618e+06 760575 -9.76105e+06 3.98385e+06
0.114686 -1.26485e+06 8.01979e+06 6.79939e+06 1.26485e+06 -8.01979e+06 7.07963e+06 -776550 9.78021e+06 4.33241e+06 776550 -9.78021e+06 4.18854e+06
0.115885 -1.27143e+06 8.00184e+06 6.83265e+06 1.27143e+06 -8.00184e+06 7.11847e+06 -791325 9.79816e+06 4.30369e+06 791325 -9.79816e+06 4.37938e+06
0.116829 -1.2771e+06 7.9875e+06 6.8598e+06 1.2771e+06 -7.9875e+06 7.15355e+06 -802460 9.8125e+06 4.27727e+06 802460 -9.8125e+06 4.52798e+06
0.117245 -1.28267e+06 7.98157e+06 6.88597e+06 1.28267e+06 -7.98157e+06 7.18849e+06 -804302 9.81843e+06 4.2565e+06 804302 -9.81843e+06 4.56896e+06
0.117569 -1.28815e+06 7.97708e+06 6.91165e+06 1.28815e+06 -7.97708e+06 7.22302e+06 -804579 9.82292e+06 4.23661e+06 804579 -9.82292e+06 4.59189e+06
0.117848 -1.29328e+06 7.97432e+06 6.93337e+06 1.29328e+06 -7.97432e+06 7.25752e+06 -804416 9.82568e+06 4.23403e+06 804416 -9.82568e+06 4.59268e+06
0.118122 -1.29771e+06 7.97158e+06 6.94756e+06 1.29771e+06 -7.97158e+06 7.292e+06 -804867 9.82842e+06 4.23836e+06 804867 -9.82842e+06 4.5933e+06
0.118368 -1.30161e+06 7.96926e+06 6.9614e+06 1.30161e+06 -7.96926e+06 7.32092e+06 -805343 9.83074e+06 4.24287e+06 805343 -9.83074e+06 4.59402e+06
0.118715 -1.30499e+06 7.96715e+06 6.97205e+06 1.30499e+06 -7.96715e+06 7.34732e+06 -808137 9.83285e+06 4.27283e+06 808137 -9.83285e+06 4.59471e+06
0.120015 -1.30605e+06 7.96499e+06 6.95668e+06 1.30605e+06 -7.96499e+06 7.37433e+06 -830216 9.83501e+06 4.51445e+06 830216 -9.83501e+06 4.59537e+06
0.121295 -1.30697e+06 7.96284e+06 6.93982e+06 1.30697e+06 -7.96284e+06 7.40129e+06 -852079 9.83716e+06 4.75385e+06 852079 -9.83716e+06 4.59585e+06
0.122742 -1.3112e+06 7.96073e+06 6.95964e+06 1.3112e+06 -7.96073e+06 7.42798e+06 -873607 9.83927e+06 4.98978e+06 873607 -9.83927e+06 4.59615e+06
0.125137 -1.3185e+06 7.94389e+06 7.01188e+06 1.3185e+06 -7.94389e+06 7.45584e+06 -908937 9.85611e+06 5.18973e+06 908937 -9.85611e+06 4.78388e+06
0.127046 -1.33459e+06 7.92368e+06 7.15988e+06 1.33459e+06 -7.92368e+06 7.48436e+06 -926827 9.87632e+06 5.15583e+06 926827 -9.87632e+06 5.01407e+06
0.128793 -1.34864e+06 7.90427e+06 7.28587e+06 1.34864e+06 -7.90427e+06 7.51251e+06 -943868 9.89573e+06 5.1224e+06 943868 -9.89573e+06 5.23449e+06
0.130411 -1.3619e+06 7.88638e+06 7.4055e+06 1.3619e+06 -7.88638e+06 7.53841e+06 -959416 9.91362e+06 5.08995e+06 959416 -9.91362e+06 5.43755e+06
0.131918 -1.37399e+06 7.87029e+06 7.51501e+06 1.37399e+06 -7.87029e+06 7.56156e+06 -974148 9.92971e+06 5.06872e+06 974148 -9.92971e+06 5.62043e+06
0.133839 -1.39173e+06 7.84992e+06 7.61727e+06 1.39173e+06 -7.84992e+06 7.65396e+06 -990607 9.95008e+06 5.08104e+06 990607 -9.95008e+06 5.78872e+06
0.135076 -1.40449e+06 7.83481e+06 7.65039e+06 1.40449e+06 -7.83481e+06 7.76084e+06 -999857 9.96519e+06 5.09598e+06 999857 -9.96519e+06 5.87527e+06
0.135726 -1.41354e+06 7.82756e+06 7.66533e+06 1.41354e+06 -7.82756e+06 7.84523e+06 -1.00238e+06 9.97244e+06 5.11515e+06 1.00238e+06 -9.97244e+06 5.88376e+06
0.136649 -1.42335e+06 7.8204e+06 7.68839e+06 1.42335e+06 -7.8204e+06 7.92983e+06 -1.00899e+06 9.9796e+06 5.18076e+06 1.00899e+06 -9.9796e+06 5.89075e+06
0.137333 -1.43303e+06 7.81749e+06 7.71101e+06 1.43303e+06 -7.81749e+06 8.01336e+06 -1.01151e+06 9.98251e+06 5.25452e+06 1.01151e+06 -9.98251e+06 5.84456e+06
0.138332 -1.4427e+06 7.81463e+06 7.73347e+06 1.4427e+06 -7.81463e+06 8.09703e+06 -1.01961e+06 9.98537e+06 5.39048e+06 1.01961e+06 -9.98537e+06 5.79746e+06
0.140001 -1.4524e+06 7.81189e+06 7.75578e+06 1.4524e+06 -7.81189e+06 8.18114e+06 -1.03962e+06 9.98811e+06 5.6591e+06 1.03962e+06 -9.98811e+06 5.74842e+06
0.141692 -1.46319e+06 7.80913e+06 7.78956e+06 1.46319e+06 -7.80913e+06 8.26573e+06 -1.05892e+06 9.99087e+06 5.92014e+06 1.05892e+06 -9.99087e+06 5.69921e+06
0.142776 -1.47385e+06 7.80683e+06 7.83424e+06 1.47385e+06 -7.80683e+06 8.33801e+06 -1.06756e+06 9.99317e+06 6.05781e+06 1.06756e+06 -9.99317e+06 5.65638e+06
0.143528 -1.4843e+06 7.80454e+06 7.87876e+06 1.4843e+06 -7.80454e+06 8.40816e+06 -1.07049e+06 9.99546e+06 6.1309e+06 1.07049e+06 -9.99546e+06 5.61545e+06
0.144452 -1.49473e+06 7.7995e+06 7.92333e+06 1.49473e+06 -7.7995e+06 8.47804e+06 -1.07652e+06 1.00005e+07 6.2023e+06 1.07652e+06 -1.00005e+07 5.61016e+06
0.146317 -1.50437e+06 7.77979e+06 7.96843e+06 1.50437e+06 -7.77979e+06 8.53875e+06 -1.10008e+06 1.00202e+07 6.26921e+06 1.10008e+06 -1.00202e+07 5.80172e+06
0.148171 -1.51394e+06 7.76024e+06 8.01339e+06 1.51394e+06 -7.76024e+06 8.59882e+06 -1.1235e+06 1.00398e+07 6.33594e+06 1.1235e+06 -1.00398e+07 5.99201e+06
0.1499 -1.52124e+06 7.7426e+06 8.05781e+06 1.52124e+06 -7.7426e+06 8.6345e+06 -1.14697e+06 1.00574e+07 6.40334e+06 1.14697e+06 -1.00574e+07 6.18216e+06
0.151603 -1.52831e+06 7.72529e+06 8.10188e+06 1.52831e+06 -7.72529e+06 8.66795e+06 -1.17023e+06 1.00747e+07 6.47047e+06 1.17023e+06 -1.00747e+07 6.37021e+06
0.152013 -1.53536e+06 7.72794e+06 8.14403e+06 1.53536e+06 -7.72794e+06 8.70315e+06 -1.17048e+06 1.00721e+07 6.54233e+06 1.17048e+06 -1.00721e+07 6.30111e+06
0.152268 -1.54241e+06 7.7329e+06 8.18599e+06 1.54241e+06 -7.7329e+06 8.73855e+06 -1.16797e+06 1.00671e+07 6.61379e+06 1.16797e+06 -1.00671e+07 6.20216e+06
0.15284 -1.55514e+06 7.73781e+06 8.28975e+06 1.55514e+06 -7.73781e+06 8.77457e+06 -1.16541e+06 1.00622e+07 6.68439e+06 1.16541e+06 -1.00622e+07 6.10339e+06
0.153903 -1.56962e+06 7.74323e+06 8.42111e+06 1.56962e+06 -7.74323e+06 8.80199e+06 -1.16985e+06 1.00568e+07 6.83006e+06 1.16985e+06 -1.00568e+07 6.00652e+06
0.155253 -1.58194e+06 7.74895e+06 8.53132e+06 1.58194e+06 -7.74895e+06 8.82701e+06 -1.18156e+06 1.00511e+07 7.05671e+06 1.18156e+06 -1.00511e+07 5.90832e+06
0.156489 -1.59411e+06 7.75402e+06 8.63975e+06 1.59411e+06 -7.75402e+06 8.85209e+06 -1.19139e+06 1.0046e+07 7.25456e+06 1.19139e+06 -1.0046e+07 5.81835e+06
0.157648 -1.60419e+06 7.75813e+06 8.72552e+06 1.60419e+06 -7.75813e+06 8.87702e+06 -1.20194e+06 1.00419e+07 7.44797e+06 1.20194e+06 -1.00419e+07 5.74072e+06
0.158559 -1.61033e+06 7.75226e+06 8.76838e+06 1.61033e+06 -7.75226e+06 8.90146e+06 -1.21203e+06 1.00477e+07 7.50793e+06 1.21203e+06 -1.00477e+07 5.79143e+06
0.160377 -1.61638e+06 7.73224e+06 8.81051e+06 1.61638e+06 -7.73224e+06 8.92573e+06 -1.23833e+06 1.00678e+07 7.56447e+06 1.23833e+06 -1.00678e+07 6.02355e+06
0.162257 -1.62242e+06 7.71118e+06 8.8525e+06 1.62242e+06 -7.71118e+06 8.95001e+06 -1.26576e+06 1.00888e+07 7.62021e+06 1.26576e+06 -1.00888e+07 6.26879e+06
0.16347 -1.6285e+06 7.70043e+06 8.89488e+06 1.6285e+06 -7.70043e+06 8.97441e+06 -1.28126e+06 1.00996e+07 7.67697e+06 1.28126e+06 -1.00996e+07 6.38202e+06
