1.03643e-17 5.28086e-05 -0.00256289 -0.00187709 -5.28086e-05 -0.00256289 0.00187709
0.0790108 0.0110256 -0.00242562 -0.00211536 0.0109269 -0.00271585 0.00173128
0.147961 0.0219985 -0.00232213 -0.00236248 0.0219153 -0.00267245 0.00167502
0.202064 0.0329713 -0.00210649 -0.00257992 0.0329016 -0.00244227 0.00164822
0.240586 0.0439441 -0.00171941 -0.00275959 0.0438852 -0.00199366 0.00166017
0.264745 0.0549169 -0.00119901 -0.00290989 0.0548726 -0.00125998 0.0017425
0.209596 0.0439441 -0.00167096 -0.00275114 0.0438989 -0.00154878 0.00186374
0.154385 0.0329713 -0.00213961 -0.00259131 0.032925 -0.00183858 0.00198363
0.0957903 0.0219985 -0.00252855 -0.00240144 0.0219478 -0.00212032 0.00208226
0.0274427 0.0110256 -0.00273186 -0.00217777 0.0109636 -0.00233507 0.00215821
-0.0451134 5.28086e-05 -0.00285689 -0.00195828 -1.94437e-05 -0.00244648 0.00224608
-0.107367 -0.01092 -0.00288539 -0.00181549 -0.0109948 -0.00255272 0.00234256
-0.160791 -0.0218928 -0.00273194 -0.0017362 -0.0219628 -0.00246482 0.00247718
-0.207489 -0.0328657 -0.00245501 -0.00168826 -0.0329282 -0.00212826 0.00265581
-0.24182 -0.0438385 -0.0019906 -0.0016727 -0.0438943 -0.00164037 0.00279766
-0.263496 -0.0548113 -0.00123636 -0.00174234 -0.0548543 -0.00105472 0.00292929
-0.211435 -0.0438385 -0.00155206 -0.00187314 -0.0438805 -0.0016012 0.00278829
-0.15909 -0.0328657 -0.00186859 -0.00200086 -0.0329071 -0.00213156 0.00264513
-0.104744 -0.0218928 -0.00217649 -0.00211506 -0.0219355 -0.0026015 0.00248498
-0.0467567 -0.01092 -0.00244687 -0.00221457 -0.010966 -0.00289565 0.0023199
0.0148756 5.28086e-05 -0.002617 -0.00231257 3.45201e-06 -0.00293632 0.00218012
0.0148756 5.28086e-05 -0.002617 -0.00231257 3.45201e-06 -0.00293632 0.00218012
0.0722111 0.0110256 -0.00268043 -0.00239737 0.0109737 -0.00276613 0.00206383
0.123231 0.0219985 -0.00253877 -0.00248622 0.0219448 -0.00247722 0.00195824
0.17486 0.0329713 -0.00213455 -0.00264304 0.0329211 -0.00213658 0.00187532
0.223102 0.0439441 -0.00169057 -0.00280501 0.0438997 -0.00171636 0.00182301
0.259204 0.0549169 -0.0011074 -0.00293958 0.054879 -0.00111267 0.00180686
0.271402 0.0658897 -0.000275613 -0.00303125 0.0658559 -0.000343227 0.00181656
0.27765 0.0768626 0.000658204 -0.00310719 0.0768318 0.000446259 0.00182234
0.280841 0.0878354 0.00163932 -0.00314587 0.0878061 0.00125975 0.00181451
0.282515 0.0988082 0.00268211 -0.00317032 0.098779 0.00205605 0.00179237
0.284087 0.109781 0.00373932 -0.00319908 0.109752 0.00283771 0.00177013
0.236101 0.0988082 0.00307531 -0.00308462 0.0987826 0.00248216 0.00191689
0.189077 0.0878354 0.00240082 -0.00297155 0.0878129 0.00210987 0.00206013
0.143936 0.0768626 0.00170729 -0.00286167 0.0768432 0.00170489 0.00219674
0.101249 0.0658897 0.00100194 -0.00275424 0.0658729 0.00127514 0.00232319
0.0619534 0.0549169 0.000276731 -0.0026478 0.0549019 0.000826652 0.00243696
0.0282673 0.0439441 -0.000504153 -0.00255317 0.0439315 0.000330755 0.00254114
0.00207173 0.0329713 -0.00136586 -0.00248002 0.0329618 -0.000259266 0.00263342
-0.0191725 0.0219985 -0.00215539 -0.00240876 0.0219903 -0.00090511 0.00269243
-0.0402313 0.0110256 -0.00276709 -0.00230182 0.0110146 -0.00153863 0.0027006
-0.0673181 5.28086e-05 -0.00298278 -0.00219026 3.12506e-05 -0.00209811 0.00266097
-0.103756 -0.01092 -0.00281159 -0.00206624 -0.0109566 -0.00243704 0.00260135
-0.143643 -0.0218928 -0.0024935 -0.00195796 -0.0219377 -0.0024712 0.00259589
-0.18772 -0.0328657 -0.00211213 -0.00188937 -0.0329083 -0.00211911 0.00271448
-0.227252 -0.0438385 -0.00162547 -0.00185412 -0.0438762 -0.00161953 0.0028582
-0.25426 -0.0548113 -0.000958944 -0.00184038 -0.0548458 -0.000952646 0.00296842
-0.266811 -0.0657841 -0.000259461 -0.00183408 -0.0658163 -0.00011514 0.0030444
-0.272783 -0.0767569 0.000482635 -0.00182225 -0.0767873 0.00081606 0.00309623
-0.276983 -0.0877298 0.00121616 -0.00180883 -0.0877585 0.00176871 0.00314226
-0.279865 -0.0987026 0.00192801 -0.00178751 -0.0987304 0.00277496 0.00318453
-0.282033 -0.109675 0.00264075 -0.00176451 -0.109703 0.00379485 0.00322235
-0.234073 -0.0987026 0.00228376 -0.00191087 -0.0987264 0.00312973 0.00310778
-0.187177 -0.0877298 0.00191061 -0.00205424 -0.0877503 0.00245216 0.00299526
-0.142299 -0.0767569 0.00150682 -0.00219188 -0.0767741 0.00175261 0.00288684
-0.100099 -0.0657841 0.00108167 -0.00232029 -0.0657984 0.00103753 0.00278191
-0.0615203 -0.0548113 0.000635515 -0.00243663 -0.0548232 0.000297192 0.0026796
-0.0288075 -0.0438385 0.000149803 -0.00254323 -0.0438476 -0.00049483 0.00258975
-0.00315306 -0.0328657 -0.000421011 -0.00263949 -0.0328715 -0.00135989 0.00252043
0.0181314 -0.0218928 -0.00104052 -0.00269931 -0.0218976 -0.0021382 0.00244684
0.0383558 -0.01092 -0.00164547 -0.00270906 -0.0109277 -0.00273079 0.00234375
0.0616171 5.28086e-05 -0.00215411 -0.00268795 3.75385e-05 -0.00297072 0.0022568
0.0616171 5.28086e-05 -0.00215411 -0.00268795 3.75385e-05 -0.00297072 0.0022568
0.0915856 0.0110256 -0.00246944 -0.00264999 0.011001 -0.00283935 0.00217273
0.120983 0.0219985 -0.00252439 -0.00264926 0.0219704 -0.00256018 0.00211075
0.151861 0.0329713 -0.00219119 -0.00273138 0.0329448 -0.00219402 0.00206047
0.180211 0.0439441 -0.00163736 -0.0028348 0.04392 -0.00170879 0.00202008
0.20516 0.0549169 -0.000927074 -0.00292409 0.0548935 -0.00111728 0.00197456
0.224981 0.0658897 -0.000107776 -0.00299713 0.0658662 -0.000435523 0.00193345
0.240337 0.0768626 0.000813408 -0.00305742 0.0768383 0.000330955 0.00189717
0.252646 0.0878354 0.00178691 -0.00310525 0.0878103 0.0011543 0.00186268
0.262504 0.0988082 0.00283876 -0.00314465 0.0987816 0.00200529 0.00182414
0.269632 0.109781 0.0039236 -0.00318644 0.109754 0.00287425 0.00179991
0.273708 0.120754 0.00498519 -0.00323021 0.120728 0.00360876 0.00177289
0.276808 0.131727 0.00600222 -0.00326316 0.131701 0.00435428 0.00174855
0.279389 0.142699 0.00701311 -0.00329228 0.142674 0.0051036 0.00172461
0.281592 0.153672 0.00802085 -0.00332249 0.153647 0.00581361 0.00169804
0.283515 0.164645 0.00902299 -0.00335545 0.16462 0.00647279 0.00166845
0.285243 0.175618 0.0100194 -0.00338884 0.175593 0.00711228 0.00163804
0.286813 0.186591 0.0110136 -0.00342487 0.186566 0.00771034 0.00160497
0.288177 0.197564 0.011997 -0.0034737 0.197539 0.00813632 0.00156078
0.289332 0.208536 0.0129736 -0.00352873 0.208513 0.00847363 0.00151081
0.290506 0.219509 0.0139588 -0.00356495 0.219486 0.00905299 0.00147834
0.291626 0.230482 0.0149446 -0.00360128 0.230459 0.00963024 0.00144579
0.292705 0.241455 0.0159307 -0.00363752 0.241432 0.010208 0.00141337
0.293746 0.252428 0.0169031 -0.0036725 0.252405 0.0107872 0.00138221
0.294755 0.263401 0.0178679 -0.00370671 0.263378 0.0113677 0.00135185
0.29574 0.274373 0.0188312 -0.00374076 0.274352 0.0119484 0.00132169
0.296703 0.285346 0.0197927 -0.00377464 0.285325 0.0125292 0.00129176
0.297648 0.296319 0.0207522 -0.00380833 0.296298 0.0131101 0.00126206
0.298576 0.307292 0.0217093 -0.00384181 0.307271 0.0136911 0.00123261
0.29949 0.318265 0.0226637 -0.00387506 0.318245 0.0142721 0.00120343
0.300391 0.329237 0.0236148 -0.00390805 0.329218 0.0148532 0.00117456
0.301279 0.34021 0.0245621 -0.00394071 0.340191 0.0154343 0.00114603
0.302147 0.351183 0.0255042 -0.00397411 0.351164 0.0160009 0.00111683
0.302985 0.362156 0.0264392 -0.00400949 0.362137 0.0165364 0.00108604
0.303806 0.373129 0.0273666 -0.00404496 0.373111 0.0170634 0.00105525
0.30461 0.384102 0.0282838 -0.00408049 0.384084 0.0175795 0.00102451
0.259152 0.373129 0.027557 -0.00397511 0.373116 0.0171941 0.00117392
0.215571 0.362156 0.0268096 -0.00387344 0.362147 0.0167829 0.00131823
0.175781 0.351183 0.026036 -0.0037714 0.351177 0.0163689 0.00144937
0.140259 0.34021 0.025258 -0.00367497 0.340206 0.0159421 0.00156646
0.108945 0.329237 0.0244695 -0.00358897 0.329236 0.0154911 0.00167353
0.0818929 0.318265 0.0236471 -0.00351066 0.318265 0.0150069 0.00177003
0.0592549 0.307292 0.0227897 -0.00344485 0.307294 0.0144639 0.00185669
0.0408045 0.296319 0.0218765 -0.0033903 0.296323 0.0138515 0.00193445
0.0259347 0.285346 0.0209081 -0.00334428 0.285352 0.0131747 0.00200362
0.0139668 0.274373 0.0198965 -0.00330489 0.274382 0.0124487 0.00206545
0.00422943 0.263401 0.0188541 -0.00327007 0.263411 0.0116865 0.00212078
-0.00374526 0.252428 0.0177906 -0.00323793 0.252439 0.0109019 0.00217038
-0.0104293 0.241455 0.0167131 -0.00320775 0.241467 0.010096 0.00221438
-0.0160073 0.230482 0.015643 -0.00318213 0.230496 0.00927339 0.00225409
-0.0208312 0.219509 0.0145681 -0.00315765 0.219524 0.00844031 0.00229047
-0.0250519 0.208536 0.013489 -0.0031337 0.208552 0.00759699 0.00232333
-0.0288855 0.197564 0.0124057 -0.00311031 0.19758 0.00674631 0.00235415
-0.0328522 0.186591 0.0113092 -0.00308012 0.186608 0.00597733 0.00239132
-0.0368229 0.175618 0.0101894 -0.00304678 0.175637 0.00527122 0.0024401
-0.0406749 0.164645 0.00906304 -0.00301206 0.164666 0.0046038 0.00249516
-0.0442612 0.153672 0.00794312 -0.00297726 0.153694 0.00393694 0.00254841
-0.0479193 0.142699 0.00694373 -0.00294919 0.142722 0.00325683 0.00258731
-0.0513099 0.131727 0.0059554 -0.00292023 0.13175 0.00259374 0.00262509
-0.0545038 0.120754 0.00496966 -0.00289104 0.120778 0.00193365 0.00266181
-0.0575062 0.109781 0.00398783 -0.00286096 0.109806 0.00128288 0.00269747
-0.0607157 0.0988082 0.00301079 -0.00282486 0.0988335 0.000712328 0.00273801
-0.0638245 0.0878354 0.00202689 -0.00278779 0.0878615 0.000151491 0.00277932
-0.0673422 0.0768626 0.0010763 -0.00274669 0.0768896 -0.000346289 0.00282601
-0.0710905 0.0658897 0.000163704 -0.00270647 0.0659174 -0.000827392 0.0028716
-0.0751298 0.0549169 -0.000692037 -0.00266681 0.0549447 -0.00130078 0.00291075
-0.0798555 0.0439441 -0.00150525 -0.00261836 0.0439719 -0.00170949 0.00294774
-0.0857482 0.0329713 -0.00222239 -0.00255997 0.0329974 -0.00212374 0.00296757
-0.0947073 0.0219985 -0.00280384 -0.00247321 0.022021 -0.00241941 0.0029755
-0.107403 0.0110256 -0.00318394 -0.00236005 0.0110405 -0.00264191 0.00295712
-0.125853 5.28086e-05 -0.00330204 -0.00223659 5.53599e-05 -0.00278777 0.00291423
-0.146731 -0.01092 -0.00320154 -0.00213558 -0.0109299 -0.00278634 0.00287793
-0.168199 -0.0218928 -0.00294342 -0.00206712 -0.0219093 -0.00264729 0.00286724
-0.188657 -0.0328657 -0.0025575 -0.0020263 -0.0328831 -0.00233411 0.00289494
-0.208539 -0.0438385 -0.00205037 -0.00199689 -0.0438552 -0.00181763 0.00295697
-0.226623 -0.0548113 -0.00140022 -0.00197109 -0.0548275 -0.00111372 0.00302834
-0.241287 -0.0657841 -0.000679411 -0.00193871 -0.0658012 -0.000265599 0.00309166
-0.251935 -0.0767569 0.000128876 -0.00190564 -0.076776 0.000697121 0.00313473
-0.260245 -0.0877298 0.000994213 -0.00186803 -0.0877509 0.00172607 0.00316245
-0.267229 -0.0987026 0.00187174 -0.00182312 -0.0987265 0.00283501 0.00318606
-0.272995 -0.109675 0.00283318 -0.00179175 -0.109701 0.00396722 0.00320812
-0.276318 -0.120648 0.00370878 -0.00176447 -0.120674 0.0050967 0.00323524
-0.278594 -0.131621 0.00446386 -0.00173696 -0.131647 0.00616184 0.00326663
-0.28058 -0.142594 0.00521807 -0.00171159 -0.14262 0.00719789 0.00329445
-0.282392 -0.153567 0.00597425 -0.00168724 -0.153592 0.00822522 0.00332083
-0.284086 -0.16454 0.00673182 -0.00166384 -0.164565 0.0092455 0.00334635
-0.28568 -0.175512 0.00749221 -0.00164139 -0.175538 0.0102587 0.00337086
-0.287191 -0.186485 0.0082559 -0.00161997 -0.186511 0.0112637 0.00339424
-0.288575 -0.197458 0.00892241 -0.00159221 -0.197483 0.0122611 0.00342462
-0.289865 -0.208431 0.00952697 -0.00156069 -0.208456 0.0132522 0.00345936
-0.291022 -0.219404 0.00999954 -0.00152093 -0.219428 0.0142324 0.00350383
-0.291838 -0.230376 0.010141 -0.00146195 -0.230401 0.0151921 0.00357488
-0.292584 -0.241349 0.0102634 -0.00139631 -0.241373 0.0161561 0.00364514
-0.293576 -0.252322 0.0108328 -0.00136428 -0.252345 0.0171373 0.00368194
-0.294549 -0.263295 0.0114035 -0.00133237 -0.263317 0.018119 0.00371863
-0.295506 -0.274268 0.0119752 -0.00130055 -0.27429 0.019101 0.00375523
-0.296448 -0.285241 0.0125475 -0.00126879 -0.285262 0.0200833 0.00379179
-0.297376 -0.296213 0.0131203 -0.00123742 -0.296235 0.0210614 0.0038279
-0.298286 -0.307186 0.013694 -0.00120735 -0.307207 0.0220238 0.00386267
-0.299183 -0.318159 0.0142682 -0.00117779 -0.318179 0.0229805 0.00389693
-0.30007 -0.329132 0.0148428 -0.00114845 -0.329152 0.0239351 0.00393096
-0.300948 -0.340105 0.0154178 -0.00111935 -0.340124 0.0248871 0.00396474
-0.301818 -0.351077 0.0159931 -0.00109052 -0.351097 0.0258362 0.00399824
-0.302679 -0.36205 0.0165687 -0.001062 -0.362069 0.0267819 0.00403144
-0.303532 -0.373023 0.0171434 -0.00103373 -0.373041 0.0277235 0.00406436
-0.304337 -0.383996 0.0176596 -0.0010019 -0.384014 0.0286576 0.00410143
-0.259044 -0.373023 0.0172701 -0.00115048 -0.373036 0.0279289 0.0039962
-0.21566 -0.36205 0.0168547 -0.00129406 -0.362059 0.0271792 0.00389491
-0.176092 -0.351077 0.0164372 -0.00142471 -0.351084 0.0264032 0.00379346
-0.140808 -0.340105 0.0160091 -0.00154142 -0.340109 0.025621 0.00369723
-0.109787 -0.329132 0.0155575 -0.00164813 -0.329134 0.0248303 0.0036119
-0.0830664 -0.318159 0.0150732 -0.00174444 -0.318159 0.0240023 0.00353395
-0.0607194 -0.307186 0.0145316 -0.00183075 -0.307184 0.0231411 0.00346833
-0.0424584 -0.296213 0.0139249 -0.0019081 -0.296209 0.0222295 0.00341383
-0.0276968 -0.285241 0.0132551 -0.00197714 -0.285235 0.0212634 0.0033678
-0.01575 -0.274268 0.0125385 -0.00203943 -0.27426 0.0202553 0.00332829
-0.00599067 -0.263295 0.0117877 -0.00209543 -0.263285 0.0192163 0.00329291
0.00201493 -0.252322 0.011015 -0.00214548 -0.252311 0.0181564 0.00325995
0.00870854 -0.241349 0.0102206 -0.00218994 -0.241337 0.0170866 0.00322968
0.0143082 -0.230376 0.00941364 -0.00223053 -0.230363 0.0160212 0.00320317
0.0191525 -0.219404 0.00859767 -0.00226756 -0.219389 0.0149515 0.00317753
0.0234159 -0.208431 0.00777096 -0.00230142 -0.208416 0.0138771 0.0031526
0.027241 -0.197458 0.00692733 -0.00233259 -0.197442 0.0127978 0.00312898
0.0308805 -0.186485 0.00610055 -0.00236383 -0.186469 0.0117162 0.00310413
0.0345636 -0.175512 0.00533718 -0.00240083 -0.175495 0.010614 0.00307332
0.0384495 -0.16454 0.00468097 -0.00245478 -0.16452 0.0095101 0.00303932
0.0420798 -0.153567 0.00403431 -0.00250796 -0.153546 0.00841352 0.00300526
0.045367 -0.142594 0.00339025 -0.00255936 -0.142572 0.00731547 0.00297022
0.0484894 -0.131621 0.00276153 -0.00260789 -0.131598 0.00624404 0.00293434
0.0516349 -0.120648 0.00214048 -0.00264696 -0.120624 0.00525958 0.00290197
0.054629 -0.109675 0.00152501 -0.00268475 -0.109651 0.00428267 0.00286948
0.0574891 -0.0987026 0.000903109 -0.00272109 -0.0986779 0.00330854 0.0028376
0.0606418 -0.0877298 0.000352318 -0.00276214 -0.0877043 0.00233948 0.00280063
0.0636801 -0.0767569 -0.00019568 -0.00280317 -0.0767307 0.00136766 0.00276348
0.0671986 -0.0657841 -0.000678667 -0.00284984 -0.065757 0.000432672 0.0027226
0.0706835 -0.0548113 -0.001144 -0.00289655 -0.0547835 -0.000483062 0.00268113
0.0750302 -0.0438385 -0.00156641 -0.00293646 -0.0438106 -0.00131195 0.00263661
0.080046 -0.0328657 -0.00195923 -0.00296684 -0.0328383 -0.00208817 0.00258186
0.0872438 -0.0218928 -0.00232631 -0.00297371 -0.0218685 -0.00272436 0.00250714
0.0974448 -0.01092 -0.00255981 -0.00297855 -0.0109001 -0.00321547 0.00241678
0.110964 5.28086e-05 -0.0027388 -0.00296478 6.53554e-05 -0.00349301 0.00232643
0.110964 5.28086e-05 -0.0027388 -0.00296478 6.53554e-05 -0.00349301 0.00232643
0.125917 0.0110256 -0.00277381 -0.00296586 0.0110326 -0.00360518 0.00225946
0.141817 0.0219985 -0.00269058 -0.00297852 0.0220026 -0.00358991 0.00220472
0.156634 0.0329713 -0.0024565 -0.00301976 0.0329763 -0.00347891 0.00216832
0.171484 0.0439441 -0.00204501 -0.00309571 0.043952 -0.00330247 0.00214143
0.183314 0.0549169 -0.00152522 -0.00317884 0.0549275 -0.0030804 0.00211948
0.193086 0.0658897 -0.00092446 -0.00325599 0.0659017 -0.00283258 0.00208936
0.201001 0.0768626 -0.000267007 -0.00330972 0.0768742 -0.00253524 0.00204438
0.207535 0.0878354 0.000455788 -0.00335558 0.0878458 -0.00218599 0.00200084
0.212759 0.0988082 0.00117356 -0.00339407 0.0988168 -0.00182824 0.0019587
0.217069 0.109781 0.00186763 -0.00342465 0.109788 -0.00143098 0.00192159
0.220741 0.120754 0.00257917 -0.0034494 0.120759 -0.00101966 0.00188234
0.22468 0.131727 0.00335113 -0.00347793 0.131731 -0.000603009 0.00183942
0.228606 0.142699 0.00414658 -0.00351275 0.142703 -0.000194828 0.00179721
0.232812 0.153672 0.00497503 -0.00355182 0.153676 0.00021841 0.00175177
0.236855 0.164645 0.00584844 -0.00359438 0.164647 0.000626841 0.00170265
0.240719 0.175618 0.00674525 -0.00363712 0.175619 0.00104991 0.00165317
0.244137 0.186591 0.00769035 -0.00367685 0.186591 0.00153095 0.00160559
0.247489 0.197564 0.00864176 -0.00370868 0.197563 0.0020992 0.00156167
0.251436 0.208536 0.00963199 -0.00373685 0.208534 0.00273225 0.00151681
0.255694 0.219509 0.0106545 -0.00377037 0.219506 0.00337587 0.00147216
0.259945 0.230482 0.011682 -0.00380505 0.230478 0.00402048 0.00142786
0.264442 0.241455 0.0127135 -0.00383652 0.24145 0.00467697 0.00137947
0.269228 0.252428 0.0137345 -0.00386638 0.25242 0.00533959 0.00133209
0.273745 0.263401 0.0147642 -0.0038981 0.263391 0.00598661 0.00128309
0.277843 0.274373 0.0158102 -0.00392619 0.274362 0.00667523 0.00123715
0.28157 0.285346 0.0169146 -0.00395511 0.285333 0.00739156 0.00118868
0.285147 0.296319 0.0180229 -0.00398284 0.296304 0.00813347 0.0011433
0.288136 0.307292 0.0191269 -0.00401268 0.307276 0.0088844 0.00110509
0.290901 0.318265 0.0202291 -0.00404542 0.318248 0.00960063 0.00106508
0.293046 0.329237 0.0213075 -0.00408469 0.329221 0.010256 0.00102931
0.294281 0.34021 0.0223415 -0.00412963 0.340194 0.0108235 0.000994773
0.295278 0.351183 0.0233228 -0.00416619 0.351168 0.0113953 0.000962837
0.296257 0.362156 0.0243034 -0.00420257 0.362141 0.0119677 0.000931016
0.297225 0.373129 0.0252843 -0.00423891 0.373114 0.0125406 0.00089926
0.298182 0.384102 0.0262655 -0.00427522 0.384087 0.0131141 0.000867561
0.299127 0.395074 0.0272471 -0.00431151 0.395061 0.0136881 0.000835904
0.299267 0.406047 0.0281823 -0.00442105 0.406035 0.0133733 0.000753238
0.300017 0.41702 0.0291573 -0.00446739 0.417008 0.0138329 0.000716485
0.297442 0.427993 0.0288214 -0.00449212 0.427982 0.01325 0.000700348
0.300969 0.438966 0.0295988 -0.00454197 0.438956 0.0134743 0.000660994
0.301383 0.449939 0.0304743 -0.00458933 0.449929 0.0138195 0.000623072
0.301794 0.460911 0.0313499 -0.00463667 0.460903 0.014165 0.000585154
0.302203 0.471884 0.0322252 -0.00468397 0.471877 0.0145105 0.000547279
0.302609 0.482857 0.0331006 -0.00473126 0.48285 0.0148561 0.000509422
0.299993 0.49383 0.0323819 -0.00459515 0.49382 0.0152662 0.000574849
0.303051 0.504803 0.0329657 -0.00466981 0.504797 0.0155792 0.000580579
0.303355 0.515775 0.033749 -0.0047079 0.51577 0.0159278 0.000549337
0.303657 0.526748 0.0345329 -0.00474606 0.526744 0.0162764 0.000518057
0.303958 0.537721 0.0353181 -0.00478432 0.537717 0.0166251 0.000486706
0.304257 0.548694 0.0361024 -0.00482252 0.548691 0.0169738 0.000455447
0.304555 0.559667 0.0368876 -0.00486079 0.559664 0.0173226 0.000424134
0.298853 0.57064 0.0375713 -0.00506299 0.570645 0.0157611 0.000295736
0.292012 0.581612 0.0382322 -0.0052819 0.581628 0.014094 0.000180565
0.28724 0.592585 0.0389173 -0.00548145 0.592608 0.0125635 5.38107e-05
0.289708 0.603558 0.0396523 -0.00562072 0.603579 0.0116465 -6.03405e-05
0.296978 0.614531 0.0404771 -0.00568975 0.614543 0.0112086 -0.000220723
0.299261 0.625504 0.0412854 -0.00575126 0.625514 0.0110146 -0.000336271
0.299378 0.636476 0.0420586 -0.00581744 0.636488 0.0110033 -0.000393247
0.299645 0.647449 0.0428314 -0.00588597 0.647461 0.0109574 -0.000453495
0.298396 0.658422 0.0435819 -0.00601444 0.658437 0.0101107 -0.000575914
0.295203 0.669395 0.0442915 -0.00619608 0.669415 0.00869913 -0.000715527
0.291633 0.680368 0.0449905 -0.00638473 0.680393 0.00724885 -0.000848086
0.28846 0.691341 0.0456482 -0.00656914 0.691371 0.00582206 -0.000974031
0.285599 0.702313 0.0461618 -0.00674197 0.702348 0.00441185 -0.00108561
0.283097 0.713286 0.045408 -0.00678945 0.713316 0.00328507 -0.00108331
0.284046 0.724259 0.0446698 -0.00677931 0.724279 0.00252325 -0.00111199
0.284702 0.735232 0.0440385 -0.00673929 0.735244 0.00209092 -0.00114761
0.290697 0.746205 0.0444993 -0.00678812 0.746221 0.00182126 -0.00122701
0.294112 0.757178 0.0449279 -0.00682945 0.757197 0.00176676 -0.00126338
0.294407 0.76815 0.0455206 -0.0068846 0.76817 0.00168995 -0.00131462
0.294665 0.779123 0.046085 -0.00694076 0.779144 0.00156997 -0.00136702
0.294919 0.790096 0.0465672 -0.00699328 0.790117 0.00140706 -0.00141648
0.290989 0.801069 0.0454353 -0.00682265 0.801084 0.0014722 -0.00136195
0.28641 0.812042 0.044141 -0.00661939 0.812051 0.00160151 -0.00129855
0.286072 0.823014 0.0438234 -0.00665028 0.823024 0.000881527 -0.00133171
0.288 0.833987 0.0441629 -0.00684957 0.834004 -0.000456009 -0.00142205
0.28899 0.84496 0.0444152 -0.00704227 0.844983 -0.00183892 -0.00150301
0.28744 0.855933 0.0447434 -0.0071825 0.855959 -0.00315781 -0.00161403
0.283033 0.866906 0.0440007 -0.00724173 0.866931 -0.00453078 -0.00164535
0.278528 0.877879 0.0431949 -0.00729476 0.877902 -0.00588559 -0.00166992
0.27452 0.888851 0.0424159 -0.0073486 0.888874 -0.0072236 -0.00169506
0.272089 0.899824 0.0418008 -0.00740845 0.899846 -0.00851985 -0.00173816
0.272029 0.910797 0.0413487 -0.00747118 0.910818 -0.00968231 -0.00178327
0.278235 0.92177 0.0415434 -0.00757012 0.921794 -0.0106516 -0.00186304
0.286473 0.932743 0.0417238 -0.00761395 0.932765 -0.0112989 -0.0019725
0.289216 0.943715 0.0419039 -0.00764053 0.943736 -0.0117014 -0.0020556
0.287216 0.954688 0.0408814 -0.00750722 0.954703 -0.0119549 -0.00204779
0.284104 0.965661 0.0398035 -0.00736223 0.965671 -0.0120315 -0.00200512
0.282345 0.976634 0.0389582 -0.00726282 0.976641 -0.012136 -0.00197004
0.280989 0.987607 0.038176 -0.00717664 0.987611 -0.01225 -0.00193682
0.28465 0.99858 0.0383489 -0.00726731 0.998588 -0.0124767 -0.00193984
0.288426 1.00955 0.0385425 -0.00736288 1.00957 -0.012717 -0.0019444
0.290886 1.02053 0.0387433 -0.00743297 1.02054 -0.0129352 -0.00196001
0.291401 1.0315 0.0390866 -0.00747463 1.03151 -0.013107 -0.00200121
0.291899 1.04247 0.0393937 -0.00751397 1.04249 -0.0132855 -0.0020401
0.292487 1.05344 0.0396886 -0.00755077 1.05346 -0.0134435 -0.00207645
0.292028 1.06442 0.0391405 -0.00752239 1.06443 -0.0136113 -0.00204785
0.291395 1.07539 0.0385584 -0.00748912 1.0754 -0.0137572 -0.00201581
0.290761 1.08636 0.0379714 -0.00745556 1.08637 -0.0139047 -0.00198358
0.290123 1.09734 0.0373779 -0.00742172 1.09734 -0.0140559 -0.00195114
0.247189 1.08636 0.0366065 -0.00731942 1.08638 -0.0143969 -0.00179616
0.210421 1.07539 0.035929 -0.00721799 1.07541 -0.0146174 -0.00166277
0.176999 1.06442 0.0352688 -0.00711836 1.06444 -0.0147911 -0.00153733
0.146551 1.05344 0.0346142 -0.00702297 1.05347 -0.0149531 -0.00141916
0.119283 1.04247 0.0339673 -0.00693521 1.0425 -0.0151207 -0.00130914
0.0952244 1.0315 0.0333102 -0.00685294 1.03153 -0.0152999 -0.00120739
0.074328 1.02053 0.032642 -0.00677596 1.02055 -0.0154972 -0.00111447
0.0564926 1.00955 0.0319533 -0.00670455 1.00958 -0.0157177 -0.00102919
0.0414845 0.99858 0.0312109 -0.00663603 0.998612 -0.0159639 -0.00094879
0.0289179 0.987607 0.0304304 -0.00657079 0.987641 -0.0162317 -0.000872927
0.0184049 0.976634 0.0296263 -0.0065084 0.976669 -0.0165144 -0.00080197
0.0097671 0.965661 0.0287749 -0.00644664 0.965698 -0.016799 -0.00073253
0.00263864 0.954688 0.0278554 -0.00638286 0.954726 -0.017082 -0.000661604
-0.00338014 0.943715 0.0269227 -0.00632304 0.943754 -0.0174018 -0.000595651
-0.00855149 0.932743 0.0259793 -0.00626713 0.932781 -0.017762 -0.000534524
-0.0130703 0.92177 0.0250264 -0.00621434 0.921809 -0.0181555 -0.00047726
-0.0181013 0.910797 0.0242233 -0.00617731 0.910835 -0.018605 -0.000438609
-0.0228296 0.899824 0.0234576 -0.00614409 0.899862 -0.0190563 -0.000404497
-0.0268604 0.888851 0.022666 -0.00611493 0.888888 -0.0195675 -0.000373843
-0.0304633 0.877879 0.0218589 -0.00608785 0.877914 -0.0201098 -0.00034521
-0.0337033 0.866906 0.0210436 -0.0060663 0.866941 -0.0207274 -0.000322927
-0.0366278 0.855933 0.0202214 -0.00604757 0.855968 -0.0213841 -0.000304
-0.0392812 0.84496 0.0193895 -0.0060303 0.844994 -0.0220653 -0.000286871
-0.0416501 0.833987 0.0185216 -0.00601183 0.834021 -0.0227565 -0.000268031
-0.0438047 0.823014 0.0176164 -0.00599043 0.823048 -0.0234433 -0.000246383
-0.0469679 0.812042 0.0166931 -0.00594651 0.812077 -0.023853 -0.000201697
-0.0499 0.801069 0.0156982 -0.005884 0.801105 -0.024048 -0.000128328
-0.0530406 0.790096 0.0146948 -0.0058117 0.790135 -0.0240426 -2.69483e-05
-0.0561392 0.779123 0.0137727 -0.00573863 0.779163 -0.0240324 6.21418e-05
-0.0595765 0.76815 0.0129264 -0.00565196 0.76819 -0.0239898 0.00013511
-0.0627367 0.757178 0.0120464 -0.00556545 0.757218 -0.0239579 0.00021007
-0.0656138 0.746205 0.0111719 -0.00548303 0.746245 -0.0239399 0.000284111
-0.0681092 0.735232 0.0103256 -0.00540484 0.735272 -0.0239041 0.000358313
-0.0703876 0.724259 0.00947763 -0.00532558 0.7243 -0.0238495 0.000433453
-0.0724096 0.713286 0.00857623 -0.00524324 0.713327 -0.0238034 0.000511142
-0.0742234 0.702313 0.00766492 -0.00516005 0.702354 -0.0237502 0.000589343
-0.0774361 0.691341 0.00691157 -0.0050936 0.69138 -0.0237531 0.000650565
-0.0814488 0.680368 0.006282 -0.00503937 0.680404 -0.0237782 0.000700451
-0.0846059 0.669395 0.00562881 -0.00498748 0.669429 -0.0238317 0.000750409
-0.087047 0.658422 0.00499934 -0.0049416 0.658455 -0.0239301 0.000794401
-0.0890488 0.647449 0.00437445 -0.00489666 0.647481 -0.0240366 0.000836848
-0.0906979 0.636476 0.00366626 -0.00484627 0.636507 -0.0241432 0.000886176
-0.0920164 0.625504 0.00291478 -0.00479311 0.625534 -0.0242498 0.000939078
-0.0931496 0.614531 0.00214404 -0.00473849 0.614561 -0.0243562 0.000993441
-0.0942509 0.603558 0.00137662 -0.00468414 0.603589 -0.0244624 0.00104749
-0.095326 0.592585 0.000611315 -0.00462997 0.592616 -0.0245685 0.00110131
-0.0963289 0.581612 -0.000238333 -0.00456922 0.581643 -0.0246741 0.0011617
-0.0972914 0.57064 -0.00109482 -0.00450755 0.57067 -0.0247745 0.00122297
-0.09824 0.559667 -0.00195067 -0.00444592 0.559698 -0.0248746 0.00128416
-0.100015 0.548694 -0.00269159 -0.00437708 0.548724 -0.0249644 0.00132953
-0.101851 0.537721 -0.00337645 -0.00431068 0.53775 -0.0250498 0.00136998
-0.104885 0.526748 -0.0038492 -0.00426262 0.526775 -0.0251353 0.00139467
-0.108719 0.515775 -0.00422996 -0.00421428 0.5158 -0.0251044 0.00142214
-0.11169 0.504803 -0.00456082 -0.00417117 0.504826 -0.0250345 0.00145088
-0.114166 0.49383 -0.00489749 -0.00412791 0.493852 -0.0249489 0.00148197
-0.117151 0.482857 -0.0052638 -0.00408017 0.48288 -0.0247358 0.00153893
-0.119632 0.471884 -0.00560601 -0.00403136 0.471907 -0.0244949 0.00159286
-0.121726 0.460911 -0.00596169 -0.00398176 0.460934 -0.0242562 0.00164582
-0.123498 0.449939 -0.00633929 -0.00393077 0.449962 -0.0239968 0.00170276
-0.124994 0.438966 -0.00680552 -0.00387345 0.43899 -0.0237307 0.00176734
-0.126381 0.427993 -0.00730171 -0.00381431 0.428017 -0.0234727 0.00183327
-0.127708 0.41702 -0.00779671 -0.00375454 0.417045 -0.0232099 0.00189869
-0.128934 0.406047 -0.00831391 -0.00369082 0.406073 -0.0229245 0.00196637
-0.130084 0.395074 -0.00888894 -0.00362508 0.3951 -0.0226617 0.00203701
-0.131191 0.384102 -0.00946444 -0.00356174 0.384128 -0.0224309 0.00210502
-0.133461 0.373129 -0.00980081 -0.00350604 0.373154 -0.0222295 0.00214527
-0.136486 0.362156 -0.00994816 -0.00346228 0.362179 -0.0220383 0.00216803
-0.139322 0.351183 -0.0100868 -0.00342119 0.351204 -0.021867 0.00218853
-0.141849 0.34021 -0.010243 -0.00338245 0.340229 -0.02171 0.00220997
-0.143752 0.329237 -0.0103828 -0.0033498 0.329255 -0.0215711 0.00222971
-0.145361 0.318265 -0.010507 -0.0033231 0.318281 -0.0214792 0.00224444
-0.146858 0.307292 -0.0106509 -0.0032959 0.307308 -0.0213882 0.00226111
-0.14862 0.296319 -0.0108118 -0.00325849 0.296335 -0.0211588 0.0022909
-0.150216 0.285346 -0.0109951 -0.00321853 0.285362 -0.0208948 0.00232606
-0.151635 0.274373 -0.0112138 -0.00317725 0.274389 -0.0206311 0.00236466
-0.153199 0.263401 -0.0114482 -0.00313356 0.263417 -0.0203126 0.00241346
-0.154815 0.252428 -0.011762 -0.00307761 0.252446 -0.0198909 0.00248026
-0.157438 0.241455 -0.0119071 -0.00302114 0.241472 -0.019464 0.00252761
-0.160762 0.230482 -0.0118662 -0.00297681 0.230498 -0.0190421 0.00255853
-0.163989 0.219509 -0.011825 -0.00293246 0.219524 -0.0186239 0.00258833
-0.167015 0.208536 -0.0117913 -0.00288625 0.20855 -0.0181748 0.00262137
-0.169624 0.197564 -0.0117489 -0.00284671 0.197576 -0.0177293 0.00265603
-0.171755 0.186591 -0.0116926 -0.0028106 0.186602 -0.017294 0.00268922
-0.173469 0.175618 -0.0116679 -0.00277383 0.175629 -0.0168547 0.00272543
-0.174906 0.164645 -0.011668 -0.00273275 0.164656 -0.0163842 0.0027645
-0.176279 0.153672 -0.0116527 -0.00269367 0.153683 -0.0159611 0.00279708
-0.178461 0.142699 -0.0115753 -0.0026415 0.14271 -0.015428 0.00282856
-0.18081 0.131727 -0.0114845 -0.00258929 0.131737 -0.0148815 0.0028599
-0.183935 0.120754 -0.0112804 -0.00254511 0.120762 -0.0143366 0.00288166
-0.187191 0.109781 -0.0110772 -0.00250014 0.109788 -0.0137669 0.00290782
-0.190413 0.0988082 -0.0108482 -0.00245965 0.0988147 -0.0131419 0.00294323
-0.193067 0.0878354 -0.0106481 -0.00242532 0.0878415 -0.0125325 0.00298327
-0.195637 0.0768626 -0.0104599 -0.00239164 0.0768683 -0.01193 0.00302421
-0.19858 0.0658897 -0.0101403 -0.00235543 0.0658945 -0.0113273 0.00304799
-0.200876 0.0549169 -0.00989985 -0.00230969 0.0549213 -0.0106867 0.00307864
-0.203303 0.0439441 -0.00971528 -0.00225556 0.0439485 -0.00999214 0.00311776
-0.20564 0.0329713 -0.00956936 -0.00219891 0.0329757 -0.00930463 0.00315901
-0.208655 0.0219985 -0.00925952 -0.00215647 0.0220025 -0.00858893 0.00319387
-0.211984 0.0110256 -0.00890551 -0.00211329 0.0110293 -0.00780651 0.00323263
-0.214761 5.28086e-05 -0.00856951 -0.00207607 5.64755e-05 -0.00701613 0.00327728
-0.217257 -0.01092 -0.00830991 -0.00203607 -0.0109161 -0.00622058 0.00333006
-0.220464 -0.0218928 -0.00791654 -0.00199274 -0.0218897 -0.00541295 0.00336678
-0.2235 -0.0328657 -0.00752241 -0.00195032 -0.0328635 -0.00462263 0.00340104
-0.226218 -0.0438385 -0.00710829 -0.00190955 -0.0438374 -0.00384364 0.00343109
-0.228156 -0.0548113 -0.0067936 -0.0018637 -0.0548106 -0.00309753 0.00346539
-0.229743 -0.0657841 -0.0064602 -0.00182403 -0.0657838 -0.0023853 0.00349568
-0.231716 -0.0767569 -0.00606645 -0.00178932 -0.0767575 -0.00168394 0.00351973
-0.234351 -0.0877298 -0.00561529 -0.00175562 -0.0877314 -0.000945227 0.0035415
-0.236516 -0.0987026 -0.00522256 -0.00172276 -0.0987044 -0.000163814 0.00357502
-0.239027 -0.109675 -0.00477703 -0.00168681 -0.109678 0.000644301 0.00360532
-0.242165 -0.120648 -0.00429436 -0.00164511 -0.120651 0.00152583 0.00364108
-0.245135 -0.131621 -0.00380852 -0.00160051 -0.131624 0.00244185 0.00367808
-0.247939 -0.142594 -0.00328897 -0.00155966 -0.142598 0.00336997 0.00371445
-0.251063 -0.153567 -0.00273107 -0.00151901 -0.153572 0.00432022 0.00374779
-0.253955 -0.16454 -0.00219163 -0.00147593 -0.164546 0.0052795 0.00378254
-0.257081 -0.175512 -0.00160183 -0.00142858 -0.17552 0.0062464 0.00380999
-0.26021 -0.186485 -0.000987332 -0.00138463 -0.186493 0.00723403 0.00383882
-0.263599 -0.197458 -0.000357327 -0.00134123 -0.197467 0.00823353 0.00386754
-0.267231 -0.208431 0.000303911 -0.00130458 -0.208441 0.00925465 0.00390204
-0.271043 -0.219404 0.000997719 -0.00126594 -0.219415 0.0102621 0.00393011
-0.274977 -0.230376 0.00169977 -0.00122157 -0.230389 0.0113037 0.00395815
-0.278514 -0.241349 0.0024302 -0.00118209 -0.241363 0.0123401 0.00398319
-0.281748 -0.252322 0.00313152 -0.00113929 -0.252337 0.0133904 0.00401088
-0.284871 -0.263295 0.00383212 -0.00109401 -0.263311 0.0144705 0.00404068
-0.287714 -0.274268 0.00451568 -0.00104725 -0.274285 0.0155801 0.00407394
-0.289823 -0.285241 0.0051558 -0.00100101 -0.285258 0.0166849 0.00411207
-0.291679 -0.296213 0.00579451 -0.00095609 -0.296231 0.0177884 0.00415091
-0.293238 -0.307186 0.00640448 -0.000915034 -0.307203 0.0188775 0.00419345
-0.294286 -0.318159 0.0069795 -0.000881312 -0.318175 0.0199155 0.00423786
-0.295272 -0.329132 0.00755556 -0.000848305 -0.329147 0.0209388 0.00427996
-0.296091 -0.340105 0.00813437 -0.000817211 -0.34012 0.0219223 0.00431583
-0.29691 -0.351077 0.00871322 -0.000786125 -0.351092 0.0229059 0.00435169
-0.297105 -0.36205 0.00863171 -0.000705456 -0.362064 0.0238645 0.00443701
-0.297709 -0.373023 0.00904989 -0.000662324 -0.373036 0.024842 0.00448492
-0.297687 -0.383996 0.00873805 -0.000577107 -0.384007 0.0257811 0.00459289
-0.298115 -0.394969 0.00903105 -0.000528259 -0.394979 0.0267499 0.00465163
-0.29854 -0.405942 0.0093241 -0.000479461 -0.405951 0.027718 0.00471029
-0.29896 -0.416914 0.00961719 -0.000430431 -0.416923 0.0286889 0.00476912
-0.296956 -0.427887 0.0099286 -0.000490717 -0.427897 0.0282786 0.00471838
-0.299211 -0.43886 0.0102239 -0.000459508 -0.438867 0.0290285 0.0047605
-0.299537 -0.449833 0.0105183 -0.000418496 -0.449839 0.0298985 0.00481138
-0.29986 -0.460806 0.0108128 -0.000377443 -0.460811 0.0307689 0.00486226
-0.300183 -0.471779 0.0111073 -0.000336374 -0.471783 0.0316396 0.00491316
-0.300506 -0.482751 0.0114018 -0.000295332 -0.482755 0.03251 0.00496403
-0.297857 -0.493724 0.0117728 -0.000358447 -0.493731 0.0317917 0.00483172
-0.296177 -0.504697 0.0107985 -0.000270695 -0.504695 0.0322354 0.00498787
-0.291186 -0.51567 0.00970565 -0.000130527 -0.51566 0.0329681 0.00513417
-0.293194 -0.526643 0.00948731 -5.72976e-05 -0.526635 0.0337288 0.00521494
-0.295743 -0.537615 0.00933763 1.07454e-05 -0.53761 0.0344923 0.0052906
-0.293879 -0.548588 0.00817171 7.93465e-05 -0.548579 0.0351524 0.0054742
-0.290112 -0.559561 0.00723159 0.000123074 -0.559545 0.0358117 0.0056439
-0.289487 -0.570534 0.00618582 0.000251189 -0.570516 0.03654 0.00579035
-0.288576 -0.581507 0.0049989 0.0004361 -0.581487 0.0373083 0.0059287
-0.287675 -0.59248 0.00380844 0.000621348 -0.592458 0.0380773 0.00606739
-0.286647 -0.603452 0.00273958 0.000786669 -0.603429 0.0388398 0.00620127
-0.28588 -0.614425 0.002069 0.000894421 -0.6144 0.0395883 0.00631623
-0.287958 -0.625398 0.00177591 0.000973202 -0.625374 0.0403482 0.00640287
-0.290078 -0.636371 0.00148754 0.00105246 -0.636349 0.0411089 0.0064888
-0.2923 -0.647344 0.00121152 0.00113287 -0.647323 0.041872 0.00657295
-0.291263 -0.658317 -2.26179e-05 0.00124662 -0.658294 0.0425684 0.00674544
-0.288632 -0.669289 -0.00141253 0.00137036 -0.669262 0.0432581 0.0069304
-0.286214 -0.680262 -0.00278972 0.00149229 -0.680231 0.0439475 0.00711475
-0.284098 -0.691235 -0.00414506 0.00161991 -0.6912 0.0446449 0.00729452
-0.282384 -0.702208 -0.00546981 0.00175492 -0.702169 0.0453528 0.00746803
-0.276565 -0.713181 -0.0068785 0.00177549 -0.713144 0.0445473 0.00753083
-0.273377 -0.724153 -0.00802387 0.00183321 -0.724121 0.0437901 0.00754877
-0.271141 -0.735126 -0.00908856 0.00189501 -0.7351 0.0430428 0.00755621
-0.274788 -0.746099 -0.0101285 0.00201996 -0.746072 0.0431729 0.00763305
-0.280836 -0.757072 -0.0108912 0.00213188 -0.757042 0.0435648 0.00771517
-0.284119 -0.768045 -0.0113273 0.00220678 -0.768014 0.0441024 0.0077947
-0.284827 -0.779018 -0.0124173 0.00232263 -0.778987 0.0447174 0.00793934
-0.285429 -0.78999 -0.0135231 0.0024373 -0.789959 0.0453354 0.00808683
-0.28608 -0.800963 -0.0146277 0.00255259 -0.800932 0.0459625 0.00823495
-0.282335 -0.811936 -0.0158422 0.00259481 -0.811908 0.0450743 0.00820468
-0.277278 -0.822909 -0.0170824 0.00263475 -0.822885 0.0439862 0.00814015
-0.272162 -0.833882 -0.0183234 0.00267314 -0.833863 0.04287 0.00807236
-0.270517 -0.844854 -0.0196845 0.00265135 -0.844835 0.0416805 0.00813736
-0.269206 -0.855827 -0.0210494 0.00262938 -0.855807 0.0405287 0.00821362
-0.268556 -0.8668 -0.0224144 0.00261137 -0.866778 0.03944 0.00829669
-0.268386 -0.877773 -0.0236281 0.00264508 -0.877751 0.0387202 0.00835632
-0.268132 -0.888746 -0.0247022 0.00271537 -0.888727 0.0381899 0.00838553
-0.270572 -0.899719 -0.0257622 0.00281434 -0.899699 0.0380621 0.00844702
-0.275487 -0.910691 -0.0267806 0.00293442 -0.91067 0.038253 0.00853089
-0.279828 -0.921664 -0.0276584 0.00303197 -0.921639 0.0384381 0.00860905
-0.281352 -0.932637 -0.0283549 0.00311637 -0.93261 0.0388145 0.0086949
-0.281781 -0.94361 -0.0290506 0.00320898 -0.943583 0.0392955 0.00878863
-0.282209 -0.954583 -0.0297464 0.00330159 -0.954556 0.0397765 0.00888236
-0.279716 -0.965556 -0.0303868 0.00330956 -0.965532 0.0388585 0.00880533
-0.277059 -0.976528 -0.0309728 0.00331091 -0.97651 0.0378457 0.00870735
-0.274894 -0.987501 -0.0314853 0.00324811 -0.987488 0.0361993 0.00857285
-0.273254 -0.998474 -0.0320075 0.00318473 -0.998466 0.0346172 0.00845676
-0.271607 -1.00945 -0.0325296 0.00312108 -1.00944 0.033031 0.00834026
-0.271398 -1.02042 -0.0330733 0.0030607 -1.02042 0.0316442 0.00826879
-0.274183 -1.03139 -0.0336384 0.00300352 -1.03139 0.030661 0.00829003
-0.275933 -1.04237 -0.0345242 0.00296525 -1.04236 0.0296764 0.00833787
-0.277782 -1.05334 -0.0354114 0.00292582 -1.05333 0.0287312 0.00839131
-0.278223 -1.06431 -0.0362236 0.00292626 -1.0643 0.0281186 0.0084283
-0.277832 -1.07528 -0.0370094 0.00294258 -1.07528 0.0276239 0.00845621
-0.27745 -1.08626 -0.0377953 0.00295897 -1.08625 0.0271311 0.00848448
-0.278542 -1.09723 -0.0385871 0.00293767 -1.09722 0.0259899 0.00843889
-0.235686 -1.08626 -0.0389423 0.00278858 -1.08624 0.0252281 0.00833601
-0.199149 -1.07528 -0.0391753 0.00266142 -1.07527 0.0245723 0.00823593
-0.166125 -1.06431 -0.0393663 0.00254394 -1.06429 0.0239385 0.0081381
-0.136115 -1.05334 -0.0395282 0.00243324 -1.05332 0.0233206 0.0080448
-0.109271 -1.04237 -0.0396873 0.00233207 -1.04234 0.0227252 0.00795884
-0.0856635 -1.03139 -0.0398584 0.00223937 -1.03137 0.022117 0.00787838
-0.0652401 -1.02042 -0.0400493 0.00215457 -1.0204 0.0214921 0.00780389
-0.0478508 -1.00945 -0.0402741 0.00207833 -1.00942 0.0208457 0.00773558
-0.0331426 -0.998474 -0.0405274 0.00200891 -0.998448 0.0201797 0.00767333
-0.0207692 -0.987501 -0.0408537 0.00195078 -0.987474 0.019499 0.00761933
-0.0103495 -0.976528 -0.0412051 0.00189574 -0.976501 0.0187745 0.00756854
-0.00172036 -0.965556 -0.0415745 0.00184145 -0.965527 0.0179998 0.00751971
0.00528112 -0.954583 -0.0420247 0.00179449 -0.954553 0.0171917 0.00747759
0.0110782 -0.94361 -0.0425366 0.00175268 -0.94358 0.0163346 0.00743771
0.0159747 -0.932637 -0.0430597 0.00171213 -0.932607 0.0154524 0.00739848
0.0201477 -0.921664 -0.0435937 0.00166809 -0.921633 0.014492 0.00735537
0.0237689 -0.910691 -0.0441357 0.00162205 -0.91066 0.0134809 0.00731041
0.0269734 -0.899719 -0.0446972 0.00157677 -0.899687 0.0124434 0.00726561
0.0302655 -0.888746 -0.0452676 0.00152302 -0.888713 0.0113871 0.00722524
0.0336988 -0.877773 -0.0457223 0.00145197 -0.877739 0.0103195 0.0071798
0.0367445 -0.8668 -0.0461433 0.00138002 -0.866765 0.00923622 0.00713004
0.0394621 -0.855827 -0.0465428 0.00130652 -0.855791 0.00812134 0.00707568
0.0419632 -0.844854 -0.0469253 0.00123162 -0.844817 0.00698964 0.0070186
0.0442062 -0.833882 -0.0472752 0.00115456 -0.833843 0.0058363 0.00695669
0.0463097 -0.822909 -0.0476281 0.00107829 -0.82287 0.00467979 0.00689472
0.0482456 -0.811936 -0.048017 0.00100605 -0.811896 0.0035201 0.00683484
0.0505143 -0.800963 -0.0482959 0.000925888 -0.800922 0.0023628 0.00676664
0.0530659 -0.78999 -0.0484533 0.000836855 -0.789948 0.0012087 0.00668927
0.0553405 -0.779018 -0.0485888 0.000748868 -0.778974 5.66514e-05 0.00660919
0.0578434 -0.768045 -0.0487305 0.000676543 -0.768 -0.000996258 0.00652682
0.0604511 -0.757072 -0.0488557 0.00061083 -0.757027 -0.0019729 0.00644579
0.0642037 -0.746099 -0.0489243 0.00055196 -0.746056 -0.00281298 0.0063704
0.0679174 -0.735126 -0.0489853 0.000494001 -0.735085 -0.00363873 0.00629566
0.0715337 -0.724153 -0.0490418 0.00043662 -0.724114 -0.00445599 0.00622141
0.0749871 -0.713181 -0.0490548 0.000379122 -0.713143 -0.00522677 0.00614859
0.0780202 -0.702208 -0.0492357 0.000338941 -0.702172 -0.00594782 0.00609345
0.0800216 -0.691235 -0.0494389 0.000292812 -0.6912 -0.00676407 0.00603394
0.0814479 -0.680262 -0.0496419 0.000240569 -0.680228 -0.00765198 0.00597015
0.0824941 -0.669289 -0.0499718 0.000190158 -0.669255 -0.00862138 0.00591447
0.083338 -0.658317 -0.0504222 0.000142993 -0.658282 -0.00966378 0.00586407
0.0841621 -0.647344 -0.0508737 9.55885e-05 -0.647309 -0.0107102 0.0058137
0.0849658 -0.636371 -0.0513306 4.86966e-05 -0.636336 -0.0117562 0.0057638
0.0857059 -0.625398 -0.0518752 8.58795e-06 -0.625364 -0.0128041 0.00572063
0.0864279 -0.614425 -0.0524284 -3.07758e-05 -0.614391 -0.0138516 0.00567819
0.0869857 -0.603452 -0.0533462 -3.94387e-05 -0.603418 -0.0149084 0.00566191
0.0876585 -0.59248 -0.05423 -6.0454e-05 -0.592446 -0.0160455 0.005639
0.0901156 -0.581507 -0.0547104 -0.00015333 -0.58147 -0.0172433 0.00559886
0.09172 -0.570534 -0.0550968 -0.000234623 -0.570496 -0.0184084 0.00554537
0.0928163 -0.559561 -0.0556717 -0.000297952 -0.559522 -0.0196179 0.00550023
0.094762 -0.548588 -0.0561368 -0.000359627 -0.54855 -0.0207432 0.00545148
0.0977324 -0.537615 -0.0562293 -0.000445454 -0.537577 -0.0218179 0.00537711
0.100539 -0.526643 -0.056288 -0.000532428 -0.526605 -0.0228813 0.00530069
0.103159 -0.51567 -0.05625 -0.000623785 -0.515632 -0.0239296 0.00521688
0.106871 -0.504697 -0.0561661 -0.000696822 -0.504662 -0.0248416 0.00511848
0.109492 -0.493724 -0.0560813 -0.00077515 -0.493689 -0.0258172 0.00501571
0.111502 -0.482751 -0.0559482 -0.000862974 -0.482717 -0.0268619 0.00490518
0.11321 -0.471779 -0.0558376 -0.000945017 -0.471744 -0.0278852 0.0047978
0.114686 -0.460806 -0.0557446 -0.0010249 -0.460772 -0.0288885 0.00469496
0.115885 -0.449833 -0.0557504 -0.00109672 -0.4498 -0.0298812 0.00460187
0.116829 -0.43886 -0.0557692 -0.00116984 -0.438827 -0.0308829 0.00451286
0.117245 -0.427887 -0.0557957 -0.00125201 -0.427854 -0.031944 0.00442985
0.117569 -0.416914 -0.0558237 -0.00134413 -0.416881 -0.0331238 0.00433935
0.117848 -0.405942 -0.0558966 -0.00143566 -0.405908 -0.0343278 0.00425253
0.118122 -0.394969 -0.0560135 -0.00152365 -0.394935 -0.0355302 0.00416929
0.118368 -0.383996 -0.0562105 -0.00160511 -0.383962 -0.0367359 0.00409178
0.118715 -0.373023 -0.0564214 -0.00168451 -0.372989 -0.0379321 0.00401597
0.120015 -0.36205 -0.0569761 -0.00173172 -0.362017 -0.0390594 0.00397245
0.121295 -0.351077 -0.0575485 -0.00177714 -0.351046 -0.0401812 0.00393074
0.122742 -0.340105 -0.0578648 -0.00184077 -0.340074 -0.0412804 0.0038708
0.125137 -0.329132 -0.0580373 -0.00189945 -0.329103 -0.042283 0.00378974
0.127046 -0.318159 -0.0581486 -0.00196784 -0.318131 -0.0433732 0.00369313
0.128793 -0.307186 -0.0581988 -0.00203918 -0.307158 -0.0444347 0.00359488
0.130411 -0.296213 -0.0582862 -0.00210425 -0.296185 -0.0454454 0.00350502
0.131918 -0.285241 -0.0583727 -0.002168 -0.285213 -0.0464296 0.00341891
0.133839 -0.274268 -0.0582831 -0.00225035 -0.27424 -0.0473843 0.00332594
0.135076 -0.263295 -0.0582037 -0.00234021 -0.263267 -0.0483793 0.00323892
0.135726 -0.252322 -0.0581804 -0.00243068 -0.252294 -0.0494185 0.00315908
0.136649 -0.241349 -0.058154 -0.00252026 -0.241321 -0.050442 0.00308036
0.137333 -0.230376 -0.0581322 -0.00262493 -0.230347 -0.0516327 0.00299385
0.138332 -0.219404 -0.0581104 -0.00272783 -0.219374 -0.0528002 0.00290924
0.140001 -0.208431 -0.0580882 -0.00282595 -0.208402 -0.0539043 0.00282976
0.141692 -0.197458 -0.0580796 -0.00292209 -0.19743 -0.054996 0.00275235
0.142776 -0.186485 -0.058001 -0.00302362 -0.186457 -0.0561052 0.00266693
0.143528 -0.175512 -0.0579191 -0.00312818 -0.175484 -0.0572537 0.00257791
0.144452 -0.16454 -0.05783 -0.00323064 -0.164511 -0.0583897 0.00248597
0.146317 -0.153567 -0.0577093 -0.00331899 -0.153539 -0.0594418 0.00237931
0.148171 -0.142594 -0.0575876 -0.0034066 -0.142567 -0.0604836 0.00227347
0.1499 -0.131621 -0.0574967 -0.00348848 -0.131595 -0.0615119 0.00216997
0.151603 -0.120648 -0.0574082 -0.00356874 -0.120623 -0.0625231 0.00206808
0.152013 -0.109675 -0.057337 -0.00366858 -0.10965 -0.0636467 0.00198284
0.152268 -0.0987026 -0.0572681 -0.00377033 -0.0986766 -0.064779 0.00189989
0.15284 -0.0877298 -0.0571617 -0.00387478 -0.0877027 -0.0659077 0.00181431
0.153903 -0.0767569 -0.0571202 -0.00397076 -0.0767292 -0.0670044 0.00173572
0.155253 -0.0657841 -0.0570134 -0.00406736 -0.0657564 -0.0680456 0.00165637
0.156489 -0.0548113 -0.0569029 -0.0041591 -0.0547834 -0.0690259 0.00158073
0.157648 -0.0438385 -0.0568048 -0.00424788 -0.0438106 -0.0699882 0.0015063
0.158559 -0.0328657 -0.0567227 -0.00432832 -0.032838 -0.0709369 0.00142219
0.160377 -0.0218928 -0.0566277 -0.0043963 -0.0218666 -0.0718218 0.00132512
0.162257 -0.01092 -0.0565317 -0.00446191 -0.0108953 -0.0726831 0.00122858
0.16347 5.28086e-05 -0.056445 -0.00453545 7.68888e-05 -0.0735764 0.00114261
