1.94651e-17 0 0 0 0 0 0
0.0595293 0 0 0 0 0 0
0.119059 0 0 0 0 0 0
0.178588 0 0 0 0 0 0
0.230984 0 0 0 0 0 0
0.265461 0 0 0 0 0 0
0.205932 0 0 0 0 0 0
0.146402 0 0 0 0 0 0
0.086873 0 0 0 0 0 0
0.0273437 0 0 0 0 0 0
-0.0321856 0 0 0 0 0 0
-0.0917149 0 0 0 0 0 0
-0.151244 0 0 0 0 0 0
-0.210774 0 0 0 0 0 0
-0.261029 0 0 0 0 0 0
-0.293296 0 0 0 0 0 0
-0.233767 0 0 0 0 0 0
-0.174237 0 0 0 0 0 0
-0.114708 0 0 0 0 0 0
-0.0551788 0 0 0 0 0 0
0.00435049 0 0 0 0 0 0
0.00435049 0 0 0 0 0 0
0.0638798 0 0 0 0 0 0
0.123409 0 0 0 0 0 0
0.182938 0 0 0 0 0 0
0.242468 0 0 0 0 0 0
0.294344 0 0 0 0 0 0
0.234815 0 0 0 0 0 0
0.175286 0 0 0 0 0 0
0.115756 0 0 0 0 0 0
0.056227 0 0 0 0 0 0
-0.00330229 0 0 0 0 0 0
-0.0628316 0 0 0 0 0 0
-0.122361 0 0 0 0 0 0
-0.18189 0 0 0 0 0 0
-0.24142 0 0 0 0 0 0
-0.294389 0 0 0 0 0 0
-0.23486 0 0 0 0 0 0
-0.17533 0 0 0 0 0 0
-0.115801 0 0 0 0 0 0
-0.0562718 0 0 0 0 0 0
0.0032575 0 0 0 0 0 0
0.0032575 0 0 0 0 0 0
0.0627868 0 0 0 0 0 0
0.122316 0 0 0 0 0 0
0.181845 0 0 0 0 0 0
0.241375 0 0 0 0 0 0
0.294406 0 0 0 0 0 0
0.234876 0 0 0 0 0 0
0.175347 0 0 0 0 0 0
0.115818 0 0 0 0 0 0
0.0562885 0 0 0 0 0 0
-0.00324084 0 0 0 0 0 0
-0.0627701 0 0 0 0 0 0
-0.122299 0 0 0 0 0 0
-0.181829 0 0 0 0 0 0
-0.241358 0 0 0 0 0 0
-0.294393 0 0 0 0 0 0
-0.234863 0 0 0 0 0 0
-0.175334 0 0 0 0 0 0
-0.115805 0 0 0 0 0 0
-0.0562753 0 0 0 0 0 0
0.003254 0 0 0 0 0 0
0.003254 0 0 0 0 0 0
0.0627833 0 0 0 0 0 0
0.122313 0 0 0 0 0 0
0.181842 0 0 0 0 0 0
0.241371 0 0 0 0 0 0
0.294406 0 0 0 0 0 0
0.302888 0 0 0 0 0 0
0.304977 0 0 0 0 0 0
0.307065 0 0 0 0 0 0
0.309154 0 0 0 0 0 0
0.311243 0 0 0 0 0 0
0.251714 0 0 0 0 0 0
0.192185 0 0 0 0 0 0
0.132655 0 0 0 0 0 0
0.073126 0 0 0 0 0 0
0.0135967 0 0 0 0 0 0
-0.0459327 0 0 0 0 0 0
-0.105462 0 0 0 0 0 0
-0.164991 0 0 0 0 0 0
-0.224521 0 0 0 0 0 0
-0.277555 0 0 0 0 0 0
-0.292428 0 0 0 0 0 0
-0.294517 0 0 0 0 0 0
-0.296606 0 0 0 0 0 0
-0.298695 0 0 0 0 0 0
-0.300784 0 0 0 0 0 0
-0.302873 0 0 0 0 0 0
-0.304962 0 0 0 0 0 0
-0.307051 0 0 0 0 0 0
-0.309139 0 0 0 0 0 0
-0.311228 0 0 0 0 0 0
-0.251699 0 0 0 0 0 0
-0.19217 0 0 0 0 0 0
-0.13264 0 0 0 0 0 0
-0.0731111 0 0 0 0 0 0
-0.0135818 0 0 0 0 0 0
0.0459475 0 0 0 0 0 0
0.105477 0 0 0 0 0 0
0.165006 0 0 0 0 0 0
0.224535 0 0 0 0 0 0
0.27757 0 0 0 0 0 0
0.27757 0 0 0 0 0 0
0.292443 0 0 0 0 0 0
0.294532 0 0 0 0 0 0
0.296621 0 0 0 0 0 0
0.29871 0 0 0 0 0 0
0.300799 0 0 0 0 0 0
0.302888 0 0 0 0 0 0
0.304977 0 0 0 0 0 0
0.307065 0 0 0 0 0 0
0.309154 0 0 0 0 0 0
0.311243 0 0 0 0 0 0
0.251714 0 0 0 0 0 0
0.192185 0 0 0 0 0 0
0.132655 0 0 0 0 0 0
0.073126 0 0 0 0 0 0
0.0135967 0 0 0 0 0 0
-0.0459327 0 0 0 0 0 0
-0.105462 0 0 0 0 0 0
-0.164991 0 0 0 0 0 0
-0.224521 0 0 0 0 0 0
-0.277555 0 0 0 0 0 0
-0.292428 0 0 0 0 0 0
-0.294517 0 0 0 0 0 0
-0.296606 0 0 0 0 0 0
-0.298695 0 0 0 0 0 0
-0.300784 0 0 0 0 0 0
-0.302873 0 0 0 0 0 0
-0.304962 0 0 0 0 0 0
-0.307051 0 0 0 0 0 0
-0.309139 0 0 0 0 0 0
-0.311228 0 0 0 0 0 0
-0.251699 0 0 0 0 0 0
-0.19217 0 0 0 0 0 0
-0.13264 0 0 0 0 0 0
-0.0731111 0 0 0 0 0 0
-0.0135818 0 0 0 0 0 0
0.0459475 0 0 0 0 0 0
0.105477 0 0 0 0 0 0
0.165006 0 0 0 0 0 0
0.224535 0 0 0 0 0 0
0.27757 0 0 0 0 0 0
0.27757 0 0 0 0 0 0
0.292443 0 0 0 0 0 0
0.294532 0 0 0 0 0 0
0.296621 0 0 0 0 0 0
0.29871 0 0 0 0 0 0
0.300799 0 0 0 0 0 0
0.302888 0 0 0 0 0 0
0.304977 0 0 0 0 0 0
0.307065 0 0 0 0 0 0
0.309154 0 0 0 0 0 0
0.311243 0 0 0 0 0 0
0.251714 0 0 0 0 0 0
0.192185 0 0 0 0 0 0
0.132655 0 0 0 0 0 0
0.073126 0 0 0 0 0 0
0.0135967 0 0 0 0 0 0
-0.0459327 0 0 0 0 0 0
-0.105462 0 0 0 0 0 0
-0.164991 0 0 0 0 0 0
-0.224521 0 0 0 0 0 0
-0.277555 0 0 0 0 0 0
-0.292428 0 0 0 0 0 0
-0.294517 0 0 0 0 0 0
-0.296606 0 0 0 0 0 0
-0.298695 0 0 0 0 0 0
-0.300784 0 0 0 0 0 0
-0.302873 0 0 0 0 0 0
-0.304962 0 0 0 0 0 0
-0.307051 0 0 0 0 0 0
-0.309139 0 0 0 0 0 0
-0.311228 0 0 0 0 0 0
-0.251699 0 0 0 0 0 0
-0.19217 0 0 0 0 0 0
-0.13264 0 0 0 0 0 0
-0.0731111 0 0 0 0 0 0
-0.0135818 0 0 0 0 0 0
0.0459475 0 0 0 0 0 0
0.105477 0 0 0 0 0 0
0.165006 0 0 0 0 0 0
0.224535 0 0 0 0 0 0
0.27757 0 0 0 0 0 0
0.27757 0 0 0 0 0 0
0.292443 0 0 0 0 0 0
0.294532 0 0 0 0 0 0
0.296621 0 0 0 0 0 0
0.29871 0 0 0 0 0 0
0.300799 0 0 0 0 0 0
0.302888 0 0 0 0 0 0
0.304977 0 0 0 0 0 0
0.307065 0 0 0 0 0 0
0.309154 0 0 0 0 0 0
0.311243 0 0 0 0 0 0
0.313332 0 0 0 0 0 0
0.315421 0 0 0 0 0 0
0.31751 0 0 0 0 0 0
0.319599 0 0 0 0 0 0
0.321688 0 0 0 0 0 0
0.323777 0 0 0 0 0 0
0.325865 0 0 0 0 0 0
0.327954 0 0 0 0 0 0
0.330043 0 0 0 0 0 0
0.332132 0 0 0 0 0 0
0.334221 0 0 0 0 0 0
0.33631 0 0 0 0 0 0
0.338399 0 0 0 0 0 0
0.340488 0 0 0 0 0 0
0.342577 0 0 0 0 0 0
0.344665 0 0 0 0 0 0
0.346754 0 0 0 0 0 0
0.348843 0 0 0 0 0 0
0.350932 0 0 0 0 0 0
0.353021 0 0 0 0 0 0
0.35511 0 0 0 0 0 0
0.357199 0 0 0 0 0 0
0.359288 0 0 0 0 0 0
0.361377 0 0 0 0 0 0
0.363465 0 0 0 0 0 0
0.303936 0 0 0 0 0 0
0.244407 0 0 0 0 0 0
0.184877 0 0 0 0 0 0
0.125348 0 0 0 0 0 0
0.0658188 0 0 0 0 0 0
0.00628952 0 0 0 0 0 0
-0.0532398 0 0 0 0 0 0
-0.112769 0 0 0 0 0 0
-0.172298 0 0 0 0 0 0
-0.225333 0 0 0 0 0 0
-0.240206 0 0 0 0 0 0
-0.242295 0 0 0 0 0 0
-0.244384 0 0 0 0 0 0
-0.246473 0 0 0 0 0 0
-0.248562 0 0 0 0 0 0
-0.250651 0 0 0 0 0 0
-0.25274 0 0 0 0 0 0
-0.254828 0 0 0 0 0 0
-0.256917 0 0 0 0 0 0
-0.259006 0 0 0 0 0 0
-0.261095 0 0 0 0 0 0
-0.263184 0 0 0 0 0 0
-0.265273 0 0 0 0 0 0
-0.267362 0 0 0 0 0 0
-0.269451 0 0 0 0 0 0
-0.27154 0 0 0 0 0 0
-0.273628 0 0 0 0 0 0
-0.275717 0 0 0 0 0 0
-0.277806 0 0 0 0 0 0
-0.279895 0 0 0 0 0 0
-0.281984 0 0 0 0 0 0
-0.284073 0 0 0 0 0 0
-0.286162 0 0 0 0 0 0
-0.288251 0 0 0 0 0 0
-0.29034 0 0 0 0 0 0
-0.292428 0 0 0 0 0 0
-0.294517 0 0 0 0 0 0
-0.296606 0 0 0 0 0 0
-0.298695 0 0 0 0 0 0
-0.300784 0 0 0 0 0 0
-0.302873 0 0 0 0 0 0
-0.304962 0 0 0 0 0 0
-0.307051 0 0 0 0 0 0
-0.309139 0 0 0 0 0 0
-0.311228 0 0 0 0 0 0
-0.313317 0 0 0 0 0 0
-0.315406 0 0 0 0 0 0
-0.317495 0 0 0 0 0 0
-0.319584 0 0 0 0 0 0
-0.321673 0 0 0 0 0 0
-0.323762 0 0 0 0 0 0
-0.325851 0 0 0 0 0 0
-0.327939 0 0 0 0 0 0
-0.330028 0 0 0 0 0 0
-0.332117 0 0 0 0 0 0
-0.334206 0 0 0 0 0 0
-0.336295 0 0 0 0 0 0
-0.338384 0 0 0 0 0 0
-0.340473 0 0 0 0 0 0
-0.342562 0 0 0 0 0 0
-0.344651 0 0 0 0 0 0
-0.346739 0 0 0 0 0 0
-0.348828 0 0 0 0 0 0
-0.350917 0 0 0 0 0 0
-0.353006 0 0 0 0 0 0
-0.355095 0 0 0 0 0 0
-0.357184 0 0 0 0 0 0
-0.359273 0 0 0 0 0 0
-0.361362 0 0 0 0 0 0
-0.363451 0 0 0 0 0 0
-0.303921 0 0 0 0 0 0
-0.244392 0 0 0 0 0 0
-0.184863 0 0 0 0 0 0
-0.125333 0 0 0 0 0 0
-0.065804 0 0 0 0 0 0
-0.00627468 0 0 0 0 0 0
0.0532546 0 0 0 0 0 0
0.112784 0 0 0 0 0 0
0.172313 0 0 0 0 0 0
0.225348 0 0 0 0 0 0
0.240221 0 0 0 0 0 0
0.24231 0 0 0 0 0 0
0.244399 0 0 0 0 0 0
0.246488 0 0 0 0 0 0
0.248577 0 0 0 0 0 0
0.250665 0 0 0 0 0 0
0.252754 0 0 0 0 0 0
0.254843 0 0 0 0 0 0
0.256932 0 0 0 0 0 0
0.259021 0 0 0 0 0 0
0.26111 0 0 0 0 0 0
0.263199 0 0 0 0 0 0
0.265288 0 0 0 0 0 0
0.267377 0 0 0 0 0 0
0.269465 0 0 0 0 0 0
0.271554 0 0 0 0 0 0
0.273643 0 0 0 0 0 0
0.275732 0 0 0 0 0 0
0.277821 0 0 0 0 0 0
0.27991 0 0 0 0 0 0
0.281999 0 0 0 0 0 0
0.284088 0 0 0 0 0 0
0.286177 0 0 0 0 0 0
0.288265 0 0 0 0 0 0
0.290354 0 0 0 0 0 0
0.290354 0 0 0 0 0 0
0.292443 0 0 0 0 0 0
0.294532 0 0 0 0 0 0
0.296621 0 0 0 0 0 0
0.29871 0 0 0 0 0 0
0.300799 0 0 0 0 0 0
0.302888 0 0 0 0 0 0
0.304977 0 0 0 0 0 0
0.307065 0 0 0 0 0 0
0.309154 0 0 0 0 0 0
0.311243 0 0 0 0 0 0
0.313332 0 0 0 0 0 0
0.315421 0 0 0 0 0 0
0.31751 0 0 0 0 0 0
0.319599 0 0 0 0 0 0
0.321688 0 0 0 0 0 0
0.323777 0 0 0 0 0 0
0.325865 0 0 0 0 0 0
0.327954 0 0 0 0 0 0
0.330043 0 0 0 0 0 0
0.332132 0 0 0 0 0 0
0.334221 0 0 0 0 0 0
0.33631 0 0 0 0 0 0
0.338399 0 0 0 0 0 0
0.340488 0 0 0 0 0 0
0.342577 0 0 0 0 0 0
0.344665 0 0 0 0 0 0
0.346754 0 0 0 0 0 0
0.348843 0 0 0 0 0 0
0.350932 0 0 0 0 0 0
0.353021 0 0 0 0 0 0
0.35511 0 0 0 0 0 0
0.357199 0 0 0 0 0 0
0.359288 0 0 0 0 0 0
0.361377 0 0 0 0 0 0
0.363465 0 0 0 0 0 0
0.303936 0 0 0 0 0 0
0.244407 0 0 0 0 0 0
0.184877 0 0 0 0 0 0
0.125348 0 0 0 0 0 0
0.0658188 0 0 0 0 0 0
0.00628952 0 0 0 0 0 0
-0.0532398 0 0 0 0 0 0
-0.112769 0 0 0 0 0 0
-0.172298 0 0 0 0 0 0
-0.225333 0 0 0 0 0 0
-0.240206 0 0 0 0 0 0
-0.242295 0 0 0 0 0 0
-0.244384 0 0 0 0 0 0
-0.246473 0 0 0 0 0 0
-0.248562 0 0 0 0 0 0
-0.250651 0 0 0 0 0 0
-0.25274 0 0 0 0 0 0
-0.254828 0 0 0 0 0 0
-0.256917 0 0 0 0 0 0
-0.259006 0 0 0 0 0 0
-0.261095 0 0 0 0 0 0
-0.263184 0 0 0 0 0 0
-0.265273 0 0 0 0 0 0
-0.267362 0 0 0 0 0 0
-0.269451 0 0 0 0 0 0
-0.27154 0 0 0 0 0 0
-0.273628 0 0 0 0 0 0
-0.275717 0 0 0 0 0 0
-0.277806 0 0 0 0 0 0
-0.279895 0 0 0 0 0 0
-0.281984 0 0 0 0 0 0
-0.284073 0 0 0 0 0 0
-0.286162 0 0 0 0 0 0
-0.288251 0 0 0 0 0 0
-0.29034 0 0 0 0 0 0
-0.292428 0 0 0 0 0 0
-0.294517 0 0 0 0 0 0
-0.296606 0 0 0 0 0 0
-0.298695 0 0 0 0 0 0
-0.300784 0 0 0 0 0 0
-0.302873 0 0 0 0 0 0
-0.304962 0 0 0 0 0 0
-0.307051 0 0 0 0 0 0
-0.309139 0 0 0 0 0 0
-0.311228 0 0 0 0 0 0
-0.313317 0 0 0 0 0 0
-0.315406 0 0 0 0 0 0
-0.317495 0 0 0 0 0 0
-0.319584 0 0 0 0 0 0
-0.321673 0 0 0 0 0 0
-0.323762 0 0 0 0 0 0
-0.325851 0 0 0 0 0 0
-0.327939 0 0 0 0 0 0
-0.330028 0 0 0 0 0 0
-0.332117 0 0 0 0 0 0
-0.334206 0 0 0 0 0 0
-0.336295 0 0 0 0 0 0
-0.338384 0 0 0 0 0 0
-0.340473 0 0 0 0 0 0
-0.342562 0 0 0 0 0 0
-0.344651 0 0 0 0 0 0
-0.346739 0 0 0 0 0 0
-0.348828 0 0 0 0 0 0
-0.350917 0 0 0 0 0 0
-0.353006 0 0 0 0 0 0
-0.355095 0 0 0 0 0 0
-0.357184 0 0 0 0 0 0
-0.359273 0 0 0 0 0 0
-0.361362 0 0 0 0 0 0
-0.363451 0 0 0 0 0 0
-0.303921 0 0 0 0 0 0
-0.244392 0 0 0 0 0 0
-0.184863 0 0 0 0 0 0
-0.125333 0 0 0 0 0 0
-0.065804 0 0 0 0 0 0
-0.00627468 0 0 0 0 0 0
0.0532546 0 0 0 0 0 0
0.112784 0 0 0 0 0 0
0.172313 0 0 0 0 0 0
0.225348 0 0 0 0 0 0
0.240221 0 0 0 0 0 0
0.24231 0 0 0 0 0 0
0.244399 0 0 0 0 0 0
0.246488 0 0 0 0 0 0
0.248577 0 0 0 0 0 0
0.250665 0 0 0 0 0 0
0.252754 0 0 0 0 0 0
0.254843 0 0 0 0 0 0
0.256932 0 0 0 0 0 0
0.259021 0 0 0 0 0 0
0.26111 0 0 0 0 0 0
0.263199 0 0 0 0 0 0
0.265288 0 0 0 0 0 0
0.267377 0 0 0 0 0 0
0.269465 0 0 0 0 0 0
0.271554 0 0 0 0 0 0
0.273643 0 0 0 0 0 0
0.275732 0 0 0 0 0 0
0.277821 0 0 0 0 0 0
0.27991 0 0 0 0 0 0
0.281999 0 0 0 0 0 0
0.284088 0 0 0 0 0 0
0.286177 0 0 0 0 0 0
0.288265 0 0 0 0 0 0
0.290354 0 0 0 0 0 0
0.290354 0 0 0 0 0 0
0.292443 0 0 0 0 0 0
0.294532 0 0 0 0 0 0
0.296621 0 0 0 0 0 0
0.29871 0 0 0 0 0 0
0.300799 0 0 0 0 0 0
0.302888 0 0 0 0 0 0
0.304977 0 0 0 0 0 0
0.307065 0 0 0 0 0 0
0.309154 0 0 0 0 0 0
0.311243 0 0 0 0 0 0
0.313332 0 0 0 0 0 0
0.315421 0 0 0 0 0 0
0.31751 0 0 0 0 0 0
0.319599 0 0 0 0 0 0
0.321688 0 0 0 0 0 0
0.323777 0 0 0 0 0 0
0.325865 0 0 0 0 0 0
0.327954 0 0 0 0 0 0
0.330043 0 0 0 0 0 0
0.332132 0 0 0 0 0 0
0.334221 0 0 0 0 0 0
0.33631 0 0 0 0 0 0
0.338399 0 0 0 0 0 0
0.340488 0 0 0 0 0 0
0.342577 0 0 0 0 0 0
0.344665 0 0 0 0 0 0
0.346754 0 0 0 0 0 0
0.348843 0 0 0 0 0 0
0.350932 0 0 0 0 0 0
0.353021 0 0 0 0 0 0
0.35511 0 0 0 0 0 0
0.357199 0 0 0 0 0 0
0.359288 0 0 0 0 0 0
0.361377 0 0 0 0 0 0
0.363465 0 0 0 0 0 0
0.303936 0 0 0 0 0 0
0.244407 0 0 0 0 0 0
0.184877 0 0 0 0 0 0
0.125348 0 0 0 0 0 0
0.0658188 0 0 0 0 0 0
0.00628952 0 0 0 0 0 0
-0.0532398 0 0 0 0 0 0
-0.112769 0 0 0 0 0 0
-0.172298 0 0 0 0 0 0
-0.225333 0 0 0 0 0 0
-0.240206 0 0 0 0 0 0
-0.242295 0 0 0 0 0 0
-0.244384 0 0 0 0 0 0
-0.246473 0 0 0 0 0 0
-0.248562 0 0 0 0 0 0
-0.250651 0 0 0 0 0 0
-0.25274 0 0 0 0 0 0
-0.254828 0 0 0 0 0 0
-0.256917 0 0 0 0 0 0
-0.259006 0 0 0 0 0 0
-0.261095 0 0 0 0 0 0
-0.263184 0 0 0 0 0 0
-0.265273 0 0 0 0 0 0
-0.267362 0 0 0 0 0 0
-0.269451 0 0 0 0 0 0
-0.27154 0 0 0 0 0 0
-0.273628 0 0 0 0 0 0
-0.275717 0 0 0 0 0 0
-0.277806 0 0 0 0 0 0
-0.279895 0 0 0 0 0 0
-0.281984 0 0 0 0 0 0
-0.284073 0 0 0 0 0 0
-0.286162 0 0 0 0 0 0
-0.288251 0 0 0 0 0 0
-0.29034 0 0 0 0 0 0
-0.292428 0 0 0 0 0 0
-0.294517 0 0 0 0 0 0
-0.296606 0 0 0 0 0 0
-0.298695 0 0 0 0 0 0
-0.300784 0 0 0 0 0 0
-0.302873 0 0 0 0 0 0
-0.304962 0 0 0 0 0 0
-0.307051 0 0 0 0 0 0
-0.309139 0 0 0 0 0 0
-0.311228 0 0 0 0 0 0
-0.313317 0 0 0 0 0 0
-0.315406 0 0 0 0 0 0
-0.317495 0 0 0 0 0 0
-0.319584 0 0 0 0 0 0
-0.321673 0 0 0 0 0 0
-0.323762 0 0 0 0 0 0
-0.325851 0 0 0 0 0 0
-0.327939 0 0 0 0 0 0
-0.330028 0 0 0 0 0 0
-0.332117 0 0 0 0 0 0
-0.334206 0 0 0 0 0 0
-0.336295 0 0 0 0 0 0
-0.338384 0 0 0 0 0 0
-0.340473 0 0 0 0 0 0
-0.342562 0 0 0 0 0 0
-0.344651 0 0 0 0 0 0
-0.346739 0 0 0 0 0 0
-0.348828 0 0 0 0 0 0
-0.350917 0 0 0 0 0 0
-0.353006 0 0 0 0 0 0
-0.355095 0 0 0 0 0 0
-0.357184 0 0 0 0 0 0
-0.359273 0 0 0 0 0 0
-0.361362 0 0 0 0 0 0
-0.363451 0 0 0 0 0 0
-0.303921 0 0 0 0 0 0
-0.244392 0 0 0 0 0 0
-0.184863 0 0 0 0 0 0
-0.125333 0 0 0 0 0 0
-0.065804 0 0 0 0 0 0
-0.00627468 0 0 0 0 0 0
0.0532546 0 0 0 0 0 0
0.112784 0 0 0 0 0 0
0.172313 0 0 0 0 0 0
0.225348 0 0 0 0 0 0
0.240221 0 0 0 0 0 0
0.24231 0 0 0 0 0 0
0.244399 0 0 0 0 0 0
0.246488 0 0 0 0 0 0
0.248577 0 0 0 0 0 0
0.250665 0 0 0 0 0 0
0.252754 0 0 0 0 0 0
0.254843 0 0 0 0 0 0
0.256932 0 0 0 0 0 0
0.259021 0 0 0 0 0 0
0.26111 0 0 0 0 0 0
0.263199 0 0 0 0 0 0
0.265288 0 0 0 0 0 0
0.267377 0 0 0 0 0 0
0.269465 0 0 0 0 0 0
0.271554 0 0 0 0 0 0
0.273643 0 0 0 0 0 0
0.275732 0 0 0 0 0 0
0.277821 0 0 0 0 0 0
0.27991 0 0 0 0 0 0
0.281999 0 0 0 0 0 0
0.284088 0 0 0 0 0 0
0.286177 0 0 0 0 0 0
0.288265 0 0 0 0 0 0
0.290354 0 0 0 0 0 0
0.290354 0 0 0 0 0 0
0.292443 0 0 0 0 0 0
0.294532 0 0 0 0 0 0
0.296621 0 0 0 0 0 0
0.29871 0 0 0 0 0 0
0.300799 0 0 0 0 0 0
0.302888 0 0 0 0 0 0
0.304977 0 0 0 0 0 0
0.307065 0 0 0 0 0 0
0.309154 0 0 0 0 0 0
0.311243 0 0 0 0 0 0
0.313332 0 0 0 0 0 0
0.315421 0 0 0 0 0 0
0.31751 0 0 0 0 0 0
0.319599 0 0 0 0 0 0
0.321688 0 0 0 0 0 0
0.323777 0 0 0 0 0 0
0.325865 0 0 0 0 0 0
0.327954 0 0 0 0 0 0
0.330043 0 0 0 0 0 0
0.332132 0 0 0 0 0 0
0.334221 0 0 0 0 0 0
0.33631 0 0 0 0 0 0
0.338399 0 0 0 0 0 0
0.340488 0 0 0 0 0 0
0.342577 0 0 0 0 0 0
0.344665 0 0 0 0 0 0
0.346754 0 0 0 0 0 0
0.348843 0 0 0 0 0 0
0.350932 0 0 0 0 0 0
0.353021 0 0 0 0 0 0
0.35511 0 0 0 0 0 0
0.357199 0 0 0 0 0 0
0.359288 0 0 0 0 0 0
0.361377 0 0 0 0 0 0
0.363465 0 0 0 0 0 0
0.365554 0 0 0 0 0 0
0.367643 0 0 0 0 0 0
0.369732 0 0 0 0 0 0
0.371821 0 0 0 0 0 0
0.37391 0 0 0 0 0 0
0.375999 0 0 0 0 0 0
0.378088 0 0 0 0 0 0
0.380176 0 0 0 0 0 0
0.382265 0 0 0 0 0 0
0.384354 0 0 0 0 0 0
0.386443 0 0 0 0 0 0
0.388532 0 0 0 0 0 0
0.390621 0 0 0 0 0 0
0.39271 0 0 0 0 0 0
0.394799 0 0 0 0 0 0
0.396888 0 0 0 0 0 0
0.398976 0 0 0 0 0 0
0.401065 0 0 0 0 0 0
0.403154 0 0 0 0 0 0
0.405243 0 0 0 0 0 0
0.407332 0 0 0 0 0 0
0.409421 0 0 0 0 0 0
0.41151 0 0 0 0 0 0
0.413599 0 0 0 0 0 0
0.415688 0 0 0 0 0 0
0.417776 0 0 0 0 0 0
0.419865 0 0 0 0 0 0
0.421954 0 0 0 0 0 0
0.424043 0 0 0 0 0 0
0.426132 0 0 0 0 0 0
0.428221 0 0 0 0 0 0
0.43031 0 0 0 0 0 0
0.432399 0 0 0 0 0 0
0.434488 0 0 0 0 0 0
0.436576 0 0 0 0 0 0
0.438665 0 0 0 0 0 0
0.440754 0 0 0 0 0 0
0.442843 0 0 0 0 0 0
0.444932 0 0 0 0 0 0
0.447021 0 0 0 0 0 0
0.44911 0 0 0 0 0 0
0.451199 0 0 0 0 0 0
0.453288 0 0 0 0 0 0
0.455298 0 0 0 0 0 0
0.45704 0 0 0 0 0 0
0.458294 0 0 0 0 0 0
0.459401 0 0 0 0 0 0
0.460507 0 0 0 0 0 0
0.461562 0 0 0 0 0 0
0.462205 0 0 0 0 0 0
0.462847 0 0 0 0 0 0
0.46349 0 0 0 0 0 0
0.464132 0 0 0 0 0 0
0.464775 0 0 0 0 0 0
0.465417 0 0 0 0 0 0
0.46606 0 0 0 0 0 0
0.466702 0 0 0 0 0 0
0.467345 0 0 0 0 0 0
0.467987 0 0 0 0 0 0
0.46863 0 0 0 0 0 0
0.469272 0 0 0 0 0 0
0.469915 0 0 0 0 0 0
0.470557 0 0 0 0 0 0
0.4712 0 0 0 0 0 0
0.471842 0 0 0 0 0 0
0.412313 0 0 0 0 0 0
0.352783 0 0 0 0 0 0
0.293254 0 0 0 0 0 0
0.233725 0 0 0 0 0 0
0.174195 0 0 0 0 0 0
0.114666 0 0 0 0 0 0
0.0551369 0 0 0 0 0 0
-0.00439246 0 0 0 0 0 0
-0.0639218 0 0 0 0 0 0
-0.116956 0 0 0 0 0 0
-0.13183 0 0 0 0 0 0
-0.133918 0 0 0 0 0 0
-0.136007 0 0 0 0 0 0
-0.138096 0 0 0 0 0 0
-0.140185 0 0 0 0 0 0
-0.142274 0 0 0 0 0 0
-0.144363 0 0 0 0 0 0
-0.146452 0 0 0 0 0 0
-0.148541 0 0 0 0 0 0
-0.15063 0 0 0 0 0 0
-0.152718 0 0 0 0 0 0
-0.154807 0 0 0 0 0 0
-0.156896 0 0 0 0 0 0
-0.158985 0 0 0 0 0 0
-0.161074 0 0 0 0 0 0
-0.163163 0 0 0 0 0 0
-0.165252 0 0 0 0 0 0
-0.167341 0 0 0 0 0 0
-0.16943 0 0 0 0 0 0
-0.171518 0 0 0 0 0 0
-0.173607 0 0 0 0 0 0
-0.175696 0 0 0 0 0 0
-0.177785 0 0 0 0 0 0
-0.179874 0 0 0 0 0 0
-0.181963 0 0 0 0 0 0
-0.184052 0 0 0 0 0 0
-0.186141 0 0 0 0 0 0
-0.18823 0 0 0 0 0 0
-0.190318 0 0 0 0 0 0
-0.192407 0 0 0 0 0 0
-0.194496 0 0 0 0 0 0
-0.196585 0 0 0 0 0 0
-0.198674 0 0 0 0 0 0
-0.200763 0 0 0 0 0 0
-0.202852 0 0 0 0 0 0
-0.204941 0 0 0 0 0 0
-0.20703 0 0 0 0 0 0
-0.209118 0 0 0 0 0 0
-0.211207 0 0 0 0 0 0
-0.213296 0 0 0 0 0 0
-0.215385 0 0 0 0 0 0
-0.217474 0 0 0 0 0 0
-0.219563 0 0 0 0 0 0
-0.221652 0 0 0 0 0 0
-0.223741 0 0 0 0 0 0
-0.225829 0 0 0 0 0 0
-0.227918 0 0 0 0 0 0
-0.230007 0 0 0 0 0 0
-0.232096 0 0 0 0 0 0
-0.234185 0 0 0 0 0 0
-0.236274 0 0 0 0 0 0
-0.238363 0 0 0 0 0 0
-0.240452 0 0 0 0 0 0
-0.242541 0 0 0 0 0 0
-0.244629 0 0 0 0 0 0
-0.246718 0 0 0 0 0 0
-0.248807 0 0 0 0 0 0
-0.250896 0 0 0 0 0 0
-0.252985 0 0 0 0 0 0
-0.255074 0 0 0 0 0 0
-0.257163 0 0 0 0 0 0
-0.259252 0 0 0 0 0 0
-0.261341 0 0 0 0 0 0
-0.263429 0 0 0 0 0 0
-0.265518 0 0 0 0 0 0
-0.267607 0 0 0 0 0 0
-0.269696 0 0 0 0 0 0
-0.271785 0 0 0 0 0 0
-0.273874 0 0 0 0 0 0
-0.275963 0 0 0 0 0 0
-0.278052 0 0 0 0 0 0
-0.280141 0 0 0 0 0 0
-0.282229 0 0 0 0 0 0
-0.284318 0 0 0 0 0 0
-0.286407 0 0 0 0 0 0
-0.288496 0 0 0 0 0 0
-0.290585 0 0 0 0 0 0
-0.292674 0 0 0 0 0 0
-0.294763 0 0 0 0 0 0
-0.296852 0 0 0 0 0 0
-0.298941 0 0 0 0 0 0
-0.301029 0 0 0 0 0 0
-0.303118 0 0 0 0 0 0
-0.305207 0 0 0 0 0 0
-0.307296 0 0 0 0 0 0
-0.309385 0 0 0 0 0 0
-0.311474 0 0 0 0 0 0
-0.313563 0 0 0 0 0 0
-0.315652 0 0 0 0 0 0
-0.317741 0 0 0 0 0 0
-0.319829 0 0 0 0 0 0
-0.321918 0 0 0 0 0 0
-0.324007 0 0 0 0 0 0
-0.326096 0 0 0 0 0 0
-0.328185 0 0 0 0 0 0
-0.330274 0 0 0 0 0 0
-0.332363 0 0 0 0 0 0
-0.334452 0 0 0 0 0 0
-0.336541 0 0 0 0 0 0
-0.338629 0 0 0 0 0 0
-0.340718 0 0 0 0 0 0
-0.342807 0 0 0 0 0 0
-0.344896 0 0 0 0 0 0
-0.346985 0 0 0 0 0 0
-0.349074 0 0 0 0 0 0
-0.351163 0 0 0 0 0 0
-0.353252 0 0 0 0 0 0
-0.35534 0 0 0 0 0 0
-0.357429 0 0 0 0 0 0
-0.359518 0 0 0 0 0 0
-0.361607 0 0 0 0 0 0
-0.363696 0 0 0 0 0 0
-0.365785 0 0 0 0 0 0
-0.367874 0 0 0 0 0 0
-0.369963 0 0 0 0 0 0
-0.372052 0 0 0 0 0 0
-0.37414 0 0 0 0 0 0
-0.376229 0 0 0 0 0 0
-0.378318 0 0 0 0 0 0
-0.380407 0 0 0 0 0 0
-0.382496 0 0 0 0 0 0
-0.384585 0 0 0 0 0 0
-0.386674 0 0 0 0 0 0
-0.388763 0 0 0 0 0 0
-0.390852 0 0 0 0 0 0
-0.39294 0 0 0 0 0 0
-0.395029 0 0 0 0 0 0
-0.397118 0 0 0 0 0 0
-0.399207 0 0 0 0 0 0
-0.401296 0 0 0 0 0 0
-0.403385 0 0 0 0 0 0
-0.405474 0 0 0 0 0 0
-0.407563 0 0 0 0 0 0
-0.409652 0 0 0 0 0 0
-0.41174 0 0 0 0 0 0
-0.413829 0 0 0 0 0 0
-0.415918 0 0 0 0 0 0
-0.418007 0 0 0 0 0 0
-0.420096 0 0 0 0 0 0
-0.422185 0 0 0 0 0 0
-0.424274 0 0 0 0 0 0
-0.426363 0 0 0 0 0 0
-0.428452 0 0 0 0 0 0
-0.43054 0 0 0 0 0 0
-0.432629 0 0 0 0 0 0
-0.434718 0 0 0 0 0 0
-0.436807 0 0 0 0 0 0
-0.438896 0 0 0 0 0 0
-0.440985 0 0 0 0 0 0
-0.443074 0 0 0 0 0 0
-0.444873 0 0 0 0 0 0
-0.446447 0 0 0 0 0 0
-0.448021 0 0 0 0 0 0
-0.448708 0 0 0 0 0 0
-0.449351 0 0 0 0 0 0
-0.449993 0 0 0 0 0 0
-0.450636 0 0 0 0 0 0
-0.451278 0 0 0 0 0 0
-0.451921 0 0 0 0 0 0
-0.452563 0 0 0 0 0 0
-0.453206 0 0 0 0 0 0
-0.453848 0 0 0 0 0 0
-0.454491 0 0 0 0 0 0
-0.455133 0 0 0 0 0 0
-0.455775 0 0 0 0 0 0
-0.456418 0 0 0 0 0 0
-0.45706 0 0 0 0 0 0
-0.457703 0 0 0 0 0 0
-0.458345 0 0 0 0 0 0
-0.458988 0 0 0 0 0 0
-0.45963 0 0 0 0 0 0
-0.460273 0 0 0 0 0 0
-0.460915 0 0 0 0 0 0
-0.461558 0 0 0 0 0 0
-0.4622 0 0 0 0 0 0
-0.462843 0 0 0 0 0 0
-0.463485 0 0 0 0 0 0
-0.464128 0 0 0 0 0 0
-0.46477 0 0 0 0 0 0
-0.465413 0 0 0 0 0 0
-0.466055 0 0 0 0 0 0
-0.466698 0 0 0 0 0 0
-0.46734 0 0 0 0 0 0
-0.467982 0 0 0 0 0 0
-0.468625 0 0 0 0 0 0
-0.469267 0 0 0 0 0 0
-0.46991 0 0 0 0 0 0
-0.470552 0 0 0 0 0 0
-0.471195 0 0 0 0 0 0
-0.471837 0 0 0 0 0 0
-0.412308 0 0 0 0 0 0
-0.352779 0 0 0 0 0 0
-0.293249 0 0 0 0 0 0
-0.23372 0 0 0 0 0 0
-0.174191 0 0 0 0 0 0
-0.114661 0 0 0 0 0 0
-0.0551321 0 0 0 0 0 0
0.00439716 0 0 0 0 0 0
0.0639265 0 0 0 0 0 0
0.116961 0 0 0 0 0 0
0.131834 0 0 0 0 0 0
0.133923 0 0 0 0 0 0
0.136012 0 0 0 0 0 0
0.138101 0 0 0 0 0 0
0.14019 0 0 0 0 0 0
0.142279 0 0 0 0 0 0
0.144368 0 0 0 0 0 0
0.146456 0 0 0 0 0 0
0.148545 0 0 0 0 0 0
0.150634 0 0 0 0 0 0
0.152723 0 0 0 0 0 0
0.154812 0 0 0 0 0 0
0.156901 0 0 0 0 0 0
0.15899 0 0 0 0 0 0
0.161079 0 0 0 0 0 0
0.163168 0 0 0 0 0 0
0.165256 0 0 0 0 0 0
0.167345 0 0 0 0 0 0
0.169434 0 0 0 0 0 0
0.171523 0 0 0 0 0 0
0.173612 0 0 0 0 0 0
0.175701 0 0 0 0 0 0
0.17779 0 0 0 0 0 0
0.179879 0 0 0 0 0 0
0.181968 0 0 0 0 0 0
0.184056 0 0 0 0 0 0
0.186145 0 0 0 0 0 0
0.188234 0 0 0 0 0 0
0.190323 0 0 0 0 0 0
0.192412 0 0 0 0 0 0
0.194501 0 0 0 0 0 0
0.19659 0 0 0 0 0 0
0.198679 0 0 0 0 0 0
0.200768 0 0 0 0 0 0
0.202856 0 0 0 0 0 0
0.204945 0 0 0 0 0 0
0.207034 0 0 0 0 0 0
0.209123 0 0 0 0 0 0
0.211212 0 0 0 0 0 0
0.213301 0 0 0 0 0 0
0.21539 0 0 0 0 0 0
0.217479 0 0 0 0 0 0
0.219568 0 0 0 0 0 0
0.221656 0 0 0 0 0 0
0.223745 0 0 0 0 0 0
0.225834 0 0 0 0 0 0
0.227923 0 0 0 0 0 0
0.230012 0 0 0 0 0 0
0.232101 0 0 0 0 0 0
0.23419 0 0 0 0 0 0
0.236279 0 0 0 0 0 0
0.238368 0 0 0 0 0 0
0.240456 0 0 0 0 0 0
0.242545 0 0 0 0 0 0
0.244634 0 0 0 0 0 0
0.246723 0 0 0 0 0 0
0.248812 0 0 0 0 0 0
0.250901 0 0 0 0 0 0
0.25299 0 0 0 0 0 0
0.255079 0 0 0 0 0 0
0.257168 0 0 0 0 0 0
0.259256 0 0 0 0 0 0
0.261345 0 0 0 0 0 0
0.263434 0 0 0 0 0 0
0.265523 0 0 0 0 0 0
0.267612 0 0 0 0 0 0
0.269701 0 0 0 0 0 0
0.27179 0 0 0 0 0 0
0.273879 0 0 0 0 0 0
0.275967 0 0 0 0 0 0
0.278056 0 0 0 0 0 0
0.280145 0 0 0 0 0 0
0.282234 0 0 0 0 0 0
0.284323 0 0 0 0 0 0
0.286412 0 0 0 0 0 0
0.288501 0 0 0 0 0 0
0.29059 0 0 0 0 0 0
0.292679 0 0 0 0 0 0
0.294767 0 0 0 0 0 0
0.296856 0 0 0 0 0 0
0.298945 0 0 0 0 0 0
0.301034 0 0 0 0 0 0
0.303123 0 0 0 0 0 0
0.305212 0 0 0 0 0 0
0.307301 0 0 0 0 0 0
0.30939 0 0 0 0 0 0
0.311479 0 0 0 0 0 0
0.313567 0 0 0 0 0 0
0.315656 0 0 0 0 0 0
0.317745 0 0 0 0 0 0
0.317745 0 0 0 0 0 0
0.319834 0 0 0 0 0 0
0.321923 0 0 0 0 0 0
0.324012 0 0 0 0 0 0
0.326101 0 0 0 0 0 0
0.32819 0 0 0 0 0 0
0.330279 0 0 0 0 0 0
0.332367 0 0 0 0 0 0
0.334456 0 0 0 0 0 0
0.336545 0 0 0 0 0 0
0.338634 0 0 0 0 0 0
0.340723 0 0 0 0 0 0
0.342812 0 0 0 0 0 0
0.344901 0 0 0 0 0 0
0.34699 0 0 0 0 0 0
0.349079 0 0 0 0 0 0
0.351167 0 0 0 0 0 0
0.353256 0 0 0 0 0 0
0.355345 0 0 0 0 0 0
0.357434 0 0 0 0 0 0
0.359523 0 0 0 0 0 0
0.361612 0 0 0 0 0 0
0.363701 0 0 0 0 0 0
0.36579 0 0 0 0 0 0
0.367879 0 0 0 0 0 0
0.369967 0 0 0 0 0 0
0.372056 0 0 0 0 0 0
0.374145 0 0 0 0 0 0
0.376234 0 0 0 0 0 0
0.378323 0 0 0 0 0 0
0.380412 0 0 0 0 0 0
0.382501 0 0 0 0 0 0
0.38459 0 0 0 0 0 0
0.386678 0 0 0 0 0 0
0.388767 0 0 0 0 0 0
0.390856 0 0 0 0 0 0
0.392945 0 0 0 0 0 0
0.395034 0 0 0 0 0 0
0.397123 0 0 0 0 0 0
0.399212 0 0 0 0 0 0
0.401301 0 0 0 0 0 0
0.40339 0 0 0 0 0 0
0.405478 0 0 0 0 0 0
0.407567 0 0 0 0 0 0
0.409656 0 0 0 0 0 0
0.411745 0 0 0 0 0 0
0.413834 0 0 0 0 0 0
0.415923 0 0 0 0 0 0
0.418012 0 0 0 0 0 0
0.420101 0 0 0 0 0 0
0.42219 0 0 0 0 0 0
0.424278 0 0 0 0 0 0
0.426367 0 0 0 0 0 0
0.428456 0 0 0 0 0 0
0.430545 0 0 0 0 0 0
0.432634 0 0 0 0 0 0
0.434723 0 0 0 0 0 0
0.436812 0 0 0 0 0 0
0.438901 0 0 0 0 0 0
0.44099 0 0 0 0 0 0
0.443078 0 0 0 0 0 0
0.444878 0 0 0 0 0 0
0.446452 0 0 0 0 0 0
0.448025 0 0 0 0 0 0
0.448713 0 0 0 0 0 0
0.449355 0 0 0 0 0 0
0.449998 0 0 0 0 0 0
0.45064 0 0 0 0 0 0
0.451283 0 0 0 0 0 0
0.451925 0 0 0 0 0 0
0.452568 0 0 0 0 0 0
0.45321 0 0 0 0 0 0
0.453853 0 0 0 0 0 0
0.454495 0 0 0 0 0 0
0.455138 0 0 0 0 0 0
0.45578 0 0 0 0 0 0
0.456423 0 0 0 0 0 0
0.457065 0 0 0 0 0 0
0.457708 0 0 0 0 0 0
0.45835 0 0 0 0 0 0
0.458993 0 0 0 0 0 0
0.459635 0 0 0 0 0 0
0.460277 0 0 0 0 0 0
0.46092 0 0 0 0 0 0
0.461562 0 0 0 0 0 0
0.462205 0 0 0 0 0 0
0.462847 0 0 0 0 0 0
0.46349 0 0 0 0 0 0
0.464132 0 0 0 0 0 0
0.464775 0 0 0 0 0 0
0.465417 0 0 0 0 0 0
0.46606 0 0 0 0 0 0
0.466702 0 0 0 0 0 0
0.467345 0 0 0 0 0 0
0.467987 0 0 0 0 0 0
0.46863 0 0 0 0 0 0
0.469272 0 0 0 0 0 0
0.469915 0 0 0 0 0 0
0.470557 0 0 0 0 0 0
0.4712 0 0 0 0 0 0
0.471842 0 0 0 0 0 0
0.412313 0 0 0 0 0 0
0.352783 0 0 0 0 0 0
0.293254 0 0 0 0 0 0
0.233725 0 0 0 0 0 0
0.174195 0 0 0 0 0 0
0.114666 0 0 0 0 0 0
0.0551369 0 0 0 0 0 0
-0.00439246 0 0 0 0 0 0
-0.0639218 0 0 0 0 0 0
-0.116956 0 0 0 0 0 0
-0.13183 0 0 0 0 0 0
-0.133918 0 0 0 0 0 0
-0.136007 0 0 0 0 0 0
-0.138096 0 0 0 0 0 0
-0.140185 0 0 0 0 0 0
-0.142274 0 0 0 0 0 0
-0.144363 0 0 0 0 0 0
-0.146452 0 0 0 0 0 0
-0.148541 0 0 0 0 0 0
-0.15063 0 0 0 0 0 0
-0.152718 0 0 0 0 0 0
-0.154807 0 0 0 0 0 0
-0.156896 0 0 0 0 0 0
-0.158985 0 0 0 0 0 0
-0.161074 0 0 0 0 0 0
-0.163163 0 0 0 0 0 0
-0.165252 0 0 0 0 0 0
-0.167341 0 0 0 0 0 0
-0.16943 0 0 0 0 0 0
-0.171518 0 0 0 0 0 0
-0.173607 0 0 0 0 0 0
-0.175696 0 0 0 0 0 0
-0.177785 0 0 0 0 0 0
-0.179874 0 0 0 0 0 0
-0.181963 0 0 0 0 0 0
-0.184052 0 0 0 0 0 0
-0.186141 0 0 0 0 0 0
-0.18823 0 0 0 0 0 0
-0.190318 0 0 0 0 0 0
-0.192407 0 0 0 0 0 0
-0.194496 0 0 0 0 0 0
-0.196585 0 0 0 0 0 0
-0.198674 0 0 0 0 0 0
-0.200763 0 0 0 0 0 0
-0.202852 0 0 0 0 0 0
-0.204941 0 0 0 0 0 0
-0.20703 0 0 0 0 0 0
-0.209118 0 0 0 0 0 0
-0.211207 0 0 0 0 0 0
-0.213296 0 0 0 0 0 0
-0.215385 0 0 0 0 0 0
-0.217474 0 0 0 0 0 0
-0.219563 0 0 0 0 0 0
-0.221652 0 0 0 0 0 0
-0.223741 0 0 0 0 0 0
-0.225829 0 0 0 0 0 0
-0.227918 0 0 0 0 0 0
-0.230007 0 0 0 0 0 0
-0.232096 0 0 0 0 0 0
-0.234185 0 0 0 0 0 0
-0.236274 0 0 0 0 0 0
-0.238363 0 0 0 0 0 0
-0.240452 0 0 0 0 0 0
-0.242541 0 0 0 0 0 0
-0.244629 0 0 0 0 0 0
-0.246718 0 0 0 0 0 0
-0.248807 0 0 0 0 0 0
-0.250896 0 0 0 0 0 0
-0.252985 0 0 0 0 0 0
-0.255074 0 0 0 0 0 0
-0.257163 0 0 0 0 0 0
-0.259252 0 0 0 0 0 0
-0.261341 0 0 0 0 0 0
-0.263429 0 0 0 0 0 0
-0.265518 0 0 0 0 0 0
-0.267607 0 0 0 0 0 0
-0.269696 0 0 0 0 0 0
-0.271785 0 0 0 0 0 0
-0.273874 0 0 0 0 0 0
-0.275963 0 0 0 0 0 0
-0.278052 0 0 0 0 0 0
-0.280141 0 0 0 0 0 0
-0.282229 0 0 0 0 0 0
-0.284318 0 0 0 0 0 0
-0.286407 0 0 0 0 0 0
-0.288496 0 0 0 0 0 0
-0.290585 0 0 0 0 0 0
-0.292674 0 0 0 0 0 0
-0.294763 0 0 0 0 0 0
-0.296852 0 0 0 0 0 0
-0.298941 0 0 0 0 0 0
-0.301029 0 0 0 0 0 0
-0.303118 0 0 0 0 0 0
-0.305207 0 0 0 0 0 0
-0.307296 0 0 0 0 0 0
-0.309385 0 0 0 0 0 0
-0.311474 0 0 0 0 0 0
-0.313563 0 0 0 0 0 0
-0.315652 0 0 0 0 0 0
-0.317741 0 0 0 0 0 0
-0.319829 0 0 0 0 0 0
-0.321918 0 0 0 0 0 0
-0.324007 0 0 0 0 0 0
-0.326096 0 0 0 0 0 0
-0.328185 0 0 0 0 0 0
-0.330274 0 0 0 0 0 0
-0.332363 0 0 0 0 0 0
-0.334452 0 0 0 0 0 0
-0.336541 0 0 0 0 0 0
-0.338629 0 0 0 0 0 0
-0.340718 0 0 0 0 0 0
-0.342807 0 0 0 0 0 0
-0.344896 0 0 0 0 0 0
-0.346985 0 0 0 0 0 0
-0.349074 0 0 0 0 0 0
-0.351163 0 0 0 0 0 0
-0.353252 0 0 0 0 0 0
-0.35534 0 0 0 0 0 0
-0.357429 0 0 0 0 0 0
-0.359518 0 0 0 0 0 0
-0.361607 0 0 0 0 0 0
-0.363696 0 0 0 0 0 0
-0.365785 0 0 0 0 0 0
-0.367874 0 0 0 0 0 0
-0.369963 0 0 0 0 0 0
-0.372052 0 0 0 0 0 0
-0.37414 0 0 0 0 0 0
-0.376229 0 0 0 0 0 0
-0.378318 0 0 0 0 0 0
-0.380407 0 0 0 0 0 0
-0.382496 0 0 0 0 0 0
-0.384585 0 0 0 0 0 0
-0.386674 0 0 0 0 0 0
-0.388763 0 0 0 0 0 0
-0.390852 0 0 0 0 0 0
-0.39294 0 0 0 0 0 0
-0.395029 0 0 0 0 0 0
-0.397118 0 0 0 0 0 0
-0.399207 0 0 0 0 0 0
-0.401296 0 0 0 0 0 0
-0.403385 0 0 0 0 0 0
-0.405474 0 0 0 0 0 0
-0.407563 0 0 0 0 0 0
-0.409652 0 0 0 0 0 0
-0.41174 0 0 0 0 0 0
-0.413829 0 0 0 0 0 0
-0.415918 0 0 0 0 0 0
-0.418007 0 0 0 0 0 0
-0.420096 0 0 0 0 0 0
-0.422185 0 0 0 0 0 0
-0.424274 0 0 0 0 0 0
-0.426363 0 0 0 0 0 0
-0.428452 0 0 0 0 0 0
-0.43054 0 0 0 0 0 0
-0.432629 0 0 0 0 0 0
-0.434718 0 0 0 0 0 0
-0.436807 0 0 0 0 0 0
-0.438896 0 0 0 0 0 0
-0.440985 0 0 0 0 0 0
-0.443074 0 0 0 0 0 0
-0.444873 0 0 0 0 0 0
-0.446447 0 0 0 0 0 0
-0.448021 0 0 0 0 0 0
-0.448708 0 0 0 0 0 0
-0.449351 0 0 0 0 0 0
-0.449993 0 0 0 0 0 0
-0.450636 0 0 0 0 0 0
-0.451278 0 0 0 0 0 0
-0.451921 0 0 0 0 0 0
-0.452563 0 0 0 0 0 0
-0.453206 0 0 0 0 0 0
-0.453848 0 0 0 0 0 0
-0.454491 0 0 0 0 0 0
-0.455133 0 0 0 0 0 0
-0.455775 0 0 0 0 0 0
-0.456418 0 0 0 0 0 0
-0.45706 0 0 0 0 0 0
-0.457703 0 0 0 0 0 0
-0.458345 0 0 0 0 0 0
-0.458988 0 0 0 0 0 0
-0.45963 0 0 0 0 0 0
-0.460273 0 0 0 0 0 0
-0.460915 0 0 0 0 0 0
-0.461558 0 0 0 0 0 0
-0.4622 0 0 0 0 0 0
-0.462843 0 0 0 0 0 0
-0.463485 0 0 0 0 0 0
-0.464128 0 0 0 0 0 0
-0.46477 0 0 0 0 0 0
-0.465413 0 0 0 0 0 0
-0.466055 0 0 0 0 0 0
-0.466698 0 0 0 0 0 0
-0.46734 0 0 0 0 0 0
-0.467982 0 0 0 0 0 0
-0.468625 0 0 0 0 0 0
-0.469267 0 0 0 0 0 0
-0.46991 0 0 0 0 0 0
-0.470552 0 0 0 0 0 0
-0.471195 0 0 0 0 0 0
-0.471837 0 0 0 0 0 0
-0.412308 0 0 0 0 0 0
-0.352779 0 0 0 0 0 0
-0.293249 0 0 0 0 0 0
-0.23372 0 0 0 0 0 0
-0.174191 0 0 0 0 0 0
-0.114661 0 0 0 0 0 0
-0.0551321 0 0 0 0 0 0
0.00439716 0 0 0 0 0 0
0.0639265 0 0 0 0 0 0
0.116961 0 0 0 0 0 0
0.131834 0 0 0 0 0 0
0.133923 0 0 0 0 0 0
0.136012 0 0 0 0 0 0
0.138101 0 0 0 0 0 0
0.14019 0 0 0 0 0 0
0.142279 0 0 0 0 0 0
0.144368 0 0 0 0 0 0
0.146456 0 0 0 0 0 0
0.148545 0 0 0 0 0 0
0.150634 0 0 0 0 0 0
0.152723 0 0 0 0 0 0
0.154812 0 0 0 0 0 0
0.156901 0 0 0 0 0 0
0.15899 0 0 0 0 0 0
0.161079 0 0 0 0 0 0
0.163168 0 0 0 0 0 0
0.165256 0 0 0 0 0 0
0.167345 0 0 0 0 0 0
0.169434 0 0 0 0 0 0
0.171523 0 0 0 0 0 0
0.173612 0 0 0 0 0 0
0.175701 0 0 0 0 0 0
0.17779 0 0 0 0 0 0
0.179879 0 0 0 0 0 0
0.181968 0 0 0 0 0 0
0.184056 0 0 0 0 0 0
0.186145 0 0 0 0 0 0
0.188234 0 0 0 0 0 0
0.190323 0 0 0 0 0 0
0.192412 0 0 0 0 0 0
0.194501 0 0 0 0 0 0
0.19659 0 0 0 0 0 0
0.198679 0 0 0 0 0 0
0.200768 0 0 0 0 0 0
0.202856 0 0 0 0 0 0
0.204945 0 0 0 0 0 0
0.207034 0 0 0 0 0 0
0.209123 0 0 0 0 0 0
0.211212 0 0 0 0 0 0
0.213301 0 0 0 0 0 0
0.21539 0 0 0 0 0 0
0.217479 0 0 0 0 0 0
0.219568 0 0 0 0 0 0
0.221656 0 0 0 0 0 0
0.223745 0 0 0 0 0 0
0.225834 0 0 0 0 0 0
0.227923 0 0 0 0 0 0
0.230012 0 0 0 0 0 0
0.232101 0 0 0 0 0 0
0.23419 0 0 0 0 0 0
0.236279 0 0 0 0 0 0
0.238368 0 0 0 0 0 0
0.240456 0 0 0 0 0 0
0.242545 0 0 0 0 0 0
0.244634 0 0 0 0 0 0
0.246723 0 0 0 0 0 0
0.248812 0 0 0 0 0 0
0.250901 0 0 0 0 0 0
0.25299 0 0 0 0 0 0
0.255079 0 0 0 0 0 0
0.257168 0 0 0 0 0 0
0.259256 0 0 0 0 0 0
0.261345 0 0 0 0 0 0
0.263434 0 0 0 0 0 0
0.265523 0 0 0 0 0 0
0.267612 0 0 0 0 0 0
0.269701 0 0 0 0 0 0
0.27179 0 0 0 0 0 0
0.273879 0 0 0 0 0 0
0.275967 0 0 0 0 0 0
0.278056 0 0 0 0 0 0
0.280145 0 0 0 0 0 0
0.282234 0 0 0 0 0 0
0.284323 0 0 0 0 0 0
0.286412 0 0 0 0 0 0
0.288501 0 0 0 0 0 0
0.29059 0 0 0 0 0 0
0.292679 0 0 0 0 0 0
0.294767 0 0 0 0 0 0
0.296856 0 0 0 0 0 0
0.298945 0 0 0 0 0 0
0.301034 0 0 0 0 0 0
0.303123 0 0 0 0 0 0
0.305212 0 0 0 0 0 0
0.307301 0 0 0 0 0 0
0.30939 0 0 0 0 0 0
0.311479 0 0 0 0 0 0
0.313567 0 0 0 0 0 0
0.315656 0 0 0 0 0 0
0.317745 0 0 0 0 0 0
0.317745 0 0 0 0 0 0
0.319834 0 0 0 0 0 0
0.321923 0 0 0 0 0 0
0.324012 0 0 0 0 0 0
0.326101 0 0 0 0 0 0
0.32819 0 0 0 0 0 0
0.330279 0 0 0 0 0 0
0.332367 0 0 0 0 0 0
0.334456 0 0 0 0 0 0
0.336545 0 0 0 0 0 0
0.338634 0 0 0 0 0 0
0.340723 0 0 0 0 0 0
0.342812 0 0 0 0 0 0
0.344901 0 0 0 0 0 0
0.34699 0 0 0 0 0 0
0.349079 0 0 0 0 0 0
0.351167 0 0 0 0 0 0
0.353256 0 0 0 0 0 0
0.355345 0 0 0 0 0 0
0.357434 0 0 0 0 0 0
0.359523 0 0 0 0 0 0
0.361612 0 0 0 0 0 0
0.363701 0 0 0 0 0 0
0.36579 0 0 0 0 0 0
0.367879 0 0 0 0 0 0
0.369967 0 0 0 0 0 0
0.372056 0 0 0 0 0 0
0.374145 0 0 0 0 0 0
0.376234 0 0 0 0 0 0
0.378323 0 0 0 0 0 0
0.380412 0 0 0 0 0 0
0.382501 0 0 0 0 0 0
0.38459 0 0 0 0 0 0
0.386678 0 0 0 0 0 0
0.388767 0 0 0 0 0 0
0.390856 0 0 0 0 0 0
0.392945 0 0 0 0 0 0
0.395034 0 0 0 0 0 0
0.397123 0 0 0 0 0 0
0.399212 0 0 0 0 0 0
0.401301 0 0 0 0 0 0
0.40339 0 0 0 0 0 0
0.405478 0 0 0 0 0 0
0.407567 0 0 0 0 0 0
0.409656 0 0 0 0 0 0
0.411745 0 0 0 0 0 0
0.413834 0 0 0 0 0 0
0.415923 0 0 0 0 0 0
0.418012 0 0 0 0 0 0
0.420101 0 0 0 0 0 0
0.42219 0 0 0 0 0 0
0.424278 0 0 0 0 0 0
0.426367 0 0 0 0 0 0
0.428456 0 0 0 0 0 0
0.430545 0 0 0 0 0 0
0.432634 0 0 0 0 0 0
0.434723 0 0 0 0 0 0
0.436812 0 0 0 0 0 0
0.438901 0 0 0 0 0 0
0.44099 0 0 0 0 0 0
0.443078 0 0 0 0 0 0
0.444878 0 0 0 0 0 0
0.446452 0 0 0 0 0 0
0.448025 0 0 0 0 0 0
0.448713 0 0 0 0 0 0
0.449355 0 0 0 0 0 0
0.449998 0 0 0 0 0 0
0.45064 0 0 0 0 0 0
0.451283 0 0 0 0 0 0
0.451925 0 0 0 0 0 0
0.452568 0 0 0 0 0 0
0.45321 0 0 0 0 0 0
0.453853 0 0 0 0 0 0
0.454495 0 0 0 0 0 0
0.455138 0 0 0 0 0 0
0.45578 0 0 0 0 0 0
0.456423 0 0 0 0 0 0
0.457065 0 0 0 0 0 0
0.457708 0 0 0 0 0 0
0.45835 0 0 0 0 0 0
0.458993 0 0 0 0 0 0
0.459635 0 0 0 0 0 0
0.460277 0 0 0 0 0 0
0.46092 0 0 0 0 0 0
0.461562 0 0 0 0 0 0
0.462205 0 0 0 0 0 0
0.462847 0 0 0 0 0 0
0.46349 0 0 0 0 0 0
0.464132 0 0 0 0 0 0
0.464775 0 0 0 0 0 0
0.465417 0 0 0 0 0 0
0.46606 0 0 0 0 0 0
0.466702 0 0 0 0 0 0
0.467345 0 0 0 0 0 0
0.467987 0 0 0 0 0 0
0.46863 0 0 0 0 0 0
0.469272 0 0 0 0 0 0
0.469915 0 0 0 0 0 0
0.470557 0 0 0 0 0 0
0.4712 0 0 0 0 0 0
0.471842 0 0 0 0 0 0
0.412313 0 0 0 0 0 0
0.352783 0 0 0 0 0 0
0.293254 0 0 0 0 0 0
0.233725 0 0 0 0 0 0
0.174195 0 0 0 0 0 0
0.114666 0 0 0 0 0 0
0.0551369 0 0 0 0 0 0
-0.00439246 0 0 0 0 0 0
-0.0639218 0 0 0 0 0 0
-0.116956 0 0 0 0 0 0
-0.13183 0 0 0 0 0 0
-0.133918 0 0 0 0 0 0
-0.136007 0 0 0 0 0 0
-0.138096 0 0 0 0 0 0
-0.140185 0 0 0 0 0 0
-0.142274 0 0 0 0 0 0
-0.144363 0 0 0 0 0 0
-0.146452 0 0 0 0 0 0
-0.148541 0 0 0 0 0 0
-0.15063 0 0 0 0 0 0
-0.152718 0 0 0 0 0 0
-0.154807 0 0 0 0 0 0
-0.156896 0 0 0 0 0 0
-0.158985 0 0 0 0 0 0
-0.161074 0 0 0 0 0 0
-0.163163 0 0 0 0 0 0
-0.165252 0 0 0 0 0 0
-0.167341 0 0 0 0 0 0
-0.16943 0 0 0 0 0 0
-0.171518 0 0 0 0 0 0
-0.173607 0 0 0 0 0 0
-0.175696 0 0 0 0 0 0
-0.177785 0 0 0 0 0 0
-0.179874 0 0 0 0 0 0
-0.181963 0 0 0 0 0 0
-0.184052 0 0 0 0 0 0
-0.186141 0 0 0 0 0 0
-0.18823 0 0 0 0 0 0
-0.190318 0 0 0 0 0 0
-0.192407 0 0 0 0 0 0
-0.194496 0 0 0 0 0 0
-0.196585 0 0 0 0 0 0
-0.198674 0 0 0 0 0 0
-0.200763 0 0 0 0 0 0
-0.202852 0 0 0 0 0 0
-0.204941 0 0 0 0 0 0
-0.20703 0 0 0 0 0 0
-0.209118 0 0 0 0 0 0
-0.211207 0 0 0 0 0 0
-0.213296 0 0 0 0 0 0
-0.215385 0 0 0 0 0 0
-0.217474 0 0 0 0 0 0
-0.219563 0 0 0 0 0 0
-0.221652 0 0 0 0 0 0
-0.223741 0 0 0 0 0 0
-0.225829 0 0 0 0 0 0
-0.227918 0 0 0 0 0 0
-0.230007 0 0 0 0 0 0
-0.232096 0 0 0 0 0 0
-0.234185 0 0 0 0 0 0
-0.236274 0 0 0 0 0 0
-0.238363 0 0 0 0 0 0
-0.240452 0 0 0 0 0 0
-0.242541 0 0 0 0 0 0
-0.244629 0 0 0 0 0 0
-0.246718 0 0 0 0 0 0
-0.248807 0 0 0 0 0 0
-0.250896 0 0 0 0 0 0
-0.252985 0 0 0 0 0 0
-0.255074 0 0 0 0 0 0
-0.257163 0 0 0 0 0 0
-0.259252 0 0 0 0 0 0
-0.261341 0 0 0 0 0 0
-0.263429 0 0 0 0 0 0
-0.265518 0 0 0 0 0 0
-0.267607 0 0 0 0 0 0
-0.269696 0 0 0 0 0 0
-0.271785 0 0 0 0 0 0
-0.273874 0 0 0 0 0 0
-0.275963 0 0 0 0 0 0
-0.278052 0 0 0 0 0 0
-0.280141 0 0 0 0 0 0
-0.282229 0 0 0 0 0 0
-0.284318 0 0 0 0 0 0
-0.286407 0 0 0 0 0 0
-0.288496 0 0 0 0 0 0
-0.290585 0 0 0 0 0 0
-0.292674 0 0 0 0 0 0
-0.294763 0 0 0 0 0 0
-0.296852 0 0 0 0 0 0
-0.298941 0 0 0 0 0 0
-0.301029 0 0 0 0 0 0
-0.303118 0 0 0 0 0 0
-0.305207 0 0 0 0 0 0
-0.307296 0 0 0 0 0 0
-0.309385 0 0 0 0 0 0
-0.311474 0 0 0 0 0 0
-0.313563 0 0 0 0 0 0
-0.315652 0 0 0 0 0 0
-0.317741 0 0 0 0 0 0
-0.319829 0 0 0 0 0 0
-0.321918 0 0 0 0 0 0
-0.324007 0 0 0 0 0 0
-0.326096 0 0 0 0 0 0
-0.328185 0 0 0 0 0 0
-0.330274 0 0 0 0 0 0
-0.332363 0 0 0 0 0 0
-0.334452 0 0 0 0 0 0
-0.336541 0 0 0 0 0 0
-0.338629 0 0 0 0 0 0
-0.340718 0 0 0 0 0 0
-0.342807 0 0 0 0 0 0
-0.344896 0 0 0 0 0 0
-0.346985 0 0 0 0 0 0
-0.349074 0 0 0 0 0 0
-0.351163 0 0 0 0 0 0
-0.353252 0 0 0 0 0 0
-0.35534 0 0 0 0 0 0
-0.357429 0 0 0 0 0 0
-0.359518 0 0 0 0 0 0
-0.361607 0 0 0 0 0 0
-0.363696 0 0 0 0 0 0
-0.365785 0 0 0 0 0 0
-0.367874 0 0 0 0 0 0
-0.369963 0 0 0 0 0 0
-0.372052 0 0 0 0 0 0
-0.37414 0 0 0 0 0 0
-0.376229 0 0 0 0 0 0
-0.378318 0 0 0 0 0 0
-0.380407 0 0 0 0 0 0
-0.382496 0 0 0 0 0 0
-0.384585 0 0 0 0 0 0
-0.386674 0 0 0 0 0 0
-0.388763 0 0 0 0 0 0
-0.390852 0 0 0 0 0 0
-0.39294 0 0 0 0 0 0
-0.395029 0 0 0 0 0 0
-0.397118 0 0 0 0 0 0
-0.399207 0 0 0 0 0 0
-0.401296 0 0 0 0 0 0
-0.403385 0 0 0 0 0 0
-0.405474 0 0 0 0 0 0
-0.407563 0 0 0 0 0 0
-0.409652 0 0 0 0 0 0
-0.41174 0 0 0 0 0 0
-0.413829 0 0 0 0 0 0
-0.415918 0 0 0 0 0 0
-0.418007 0 0 0 0 0 0
-0.420096 0 0 0 0 0 0
-0.422185 0 0 0 0 0 0
-0.424274 0 0 0 0 0 0
-0.426363 0 0 0 0 0 0
-0.428452 0 0 0 0 0 0
-0.43054 0 0 0 0 0 0
-0.432629 0 0 0 0 0 0
-0.434718 0 0 0 0 0 0
-0.436807 0 0 0 0 0 0
-0.438896 0 0 0 0 0 0
-0.440985 0 0 0 0 0 0
-0.443074 0 0 0 0 0 0
-0.444873 0 0 0 0 0 0
-0.446447 0 0 0 0 0 0
-0.448021 0 0 0 0 0 0
-0.448708 0 0 0 0 0 0
-0.449351 0 0 0 0 0 0
-0.449993 0 0 0 0 0 0
-0.450636 0 0 0 0 0 0
-0.451278 0 0 0 0 0 0
-0.451921 0 0 0 0 0 0
-0.452563 0 0 0 0 0 0
-0.453206 0 0 0 0 0 0
-0.453848 0 0 0 0 0 0
-0.454491 0 0 0 0 0 0
-0.455133 0 0 0 0 0 0
-0.455775 0 0 0 0 0 0
-0.456418 0 0 0 0 0 0
-0.45706 0 0 0 0 0 0
-0.457703 0 0 0 0 0 0
-0.458345 0 0 0 0 0 0
-0.458988 0 0 0 0 0 0
-0.45963 0 0 0 0 0 0
-0.460273 0 0 0 0 0 0
-0.460915 0 0 0 0 0 0
-0.461558 0 0 0 0 0 0
-0.4622 0 0 0 0 0 0
-0.462843 0 0 0 0 0 0
-0.463485 0 0 0 0 0 0
-0.464128 0 0 0 0 0 0
-0.46477 0 0 0 0 0 0
-0.465413 0 0 0 0 0 0
-0.466055 0 0 0 0 0 0
-0.466698 0 0 0 0 0 0
-0.46734 0 0 0 0 0 0
-0.467982 0 0 0 0 0 0
-0.468625 0 0 0 0 0 0
-0.469267 0 0 0 0 0 0
-0.46991 0 0 0 0 0 0
-0.470552 0 0 0 0 0 0
-0.471195 0 0 0 0 0 0
-0.471837 0 0 0 0 0 0
-0.412308 0 0 0 0 0 0
-0.352779 0 0 0 0 0 0
-0.293249 0 0 0 0 0 0
-0.23372 0 0 0 0 0 0
-0.174191 0 0 0 0 0 0
-0.114661 0 0 0 0 0 0
-0.0551321 0 0 0 0 0 0
0.00439716 0 0 0 0 0 0
0.0639265 0 0 0 0 0 0
0.116961 0 0 0 0 0 0
0.131834 0 0 0 0 0 0
0.133923 0 0 0 0 0 0
0.136012 0 0 0 0 0 0
0.138101 0 0 0 0 0 0
0.14019 0 0 0 0 0 0
0.142279 0 0 0 0 0 0
0.144368 0 0 0 0 0 0
0.146456 0 0 0 0 0 0
0.148545 0 0 0 0 0 0
0.150634 0 0 0 0 0 0
0.152723 0 0 0 0 0 0
0.154812 0 0 0 0 0 0
0.156901 0 0 0 0 0 0
0.15899 0 0 0 0 0 0
0.161079 0 0 0 0 0 0
0.163168 0 0 0 0 0 0
0.165256 0 0 0 0 0 0
0.167345 0 0 0 0 0 0
0.169434 0 0 0 0 0 0
0.171523 0 0 0 0 0 0
0.173612 0 0 0 0 0 0
0.175701 0 0 0 0 0 0
0.17779 0 0 0 0 0 0
0.179879 0 0 0 0 0 0
0.181968 0 0 0 0 0 0
0.184056 0 0 0 0 0 0
0.186145 0 0 0 0 0 0
0.188234 0 0 0 0 0 0
0.190323 0 0 0 0 0 0
0.192412 0 0 0 0 0 0
0.194501 0 0 0 0 0 0
0.19659 0 0 0 0 0 0
0.198679 0 0 0 0 0 0
0.200768 0 0 0 0 0 0
0.202856 0 0 0 0 0 0
0.204945 0 0 0 0 0 0
0.207034 0 0 0 0 0 0
0.209123 0 0 0 0 0 0
0.211212 0 0 0 0 0 0
0.213301 0 0 0 0 0 0
0.21539 0 0 0 0 0 0
0.217479 0 0 0 0 0 0
0.219568 0 0 0 0 0 0
0.221656 0 0 0 0 0 0
0.223745 0 0 0 0 0 0
0.225834 0 0 0 0 0 0
0.227923 0 0 0 0 0 0
0.230012 0 0 0 0 0 0
0.232101 0 0 0 0 0 0
0.23419 0 0 0 0 0 0
0.236279 0 0 0 0 0 0
0.238368 0 0 0 0 0 0
0.240456 0 0 0 0 0 0
0.242545 0 0 0 0 0 0
0.244634 0 0 0 0 0 0
0.246723 0 0 0 0 0 0
0.248812 0 0 0 0 0 0
0.250901 0 0 0 0 0 0
0.25299 0 0 0 0 0 0
0.255079 0 0 0 0 0 0
0.257168 0 0 0 0 0 0
0.259256 0 0 0 0 0 0
0.261345 0 0 0 0 0 0
0.263434 0 0 0 0 0 0
0.265523 0 0 0 0 0 0
0.267612 0 0 0 0 0 0
0.269701 0 0 0 0 0 0
0.27179 0 0 0 0 0 0
0.273879 0 0 0 0 0 0
0.275967 0 0 0 0 0 0
0.278056 0 0 0 0 0 0
0.280145 0 0 0 0 0 0
0.282234 0 0 0 0 0 0
0.284323 0 0 0 0 0 0
0.286412 0 0 0 0 0 0
0.288501 0 0 0 0 0 0
0.29059 0 0 0 0 0 0
0.292679 0 0 0 0 0 0
0.294767 0 0 0 0 0 0
0.296856 0 0 0 0 0 0
0.298945 0 0 0 0 0 0
0.301034 0 0 0 0 0 0
0.303123 0 0 0 0 0 0
0.305212 0 0 0 0 0 0
0.307301 0 0 0 0 0 0
0.30939 0 0 0 0 0 0
0.311479 0 0 0 0 0 0
0.313567 0 0 0 0 0 0
0.315656 0 0 0 0 0 0
0.317745 0 0 0 0 0 0
