1.03643e-17 761527 8.9e+06 5.57698e+06 -761527 8.9e+06 -5.57698e+06
0.0790108 711653 8.3328e+06 1.61616e+06 -711653 9.4672e+06 -8.8772e+06
0.147961 599225 7.84053e+06 -2.21662e+06 -599225 9.95947e+06 -1.13463e+07
0.202064 502497 7.42777e+06 -5.53973e+06 -502497 1.03722e+07 -1.33072e+07
0.240586 424394 7.13083e+06 -8.12496e+06 -424394 1.06692e+07 -1.45233e+07
0.264745 319906 6.96124e+06 -1.00415e+07 -319906 1.08388e+07 -1.47777e+07
0.209596 326188 7.38216e+06 -7.21335e+06 -326188 1.04178e+07 -1.22175e+07
0.154385 333548 7.80374e+06 -4.3722e+06 -333548 9.99626e+06 -9.66173e+06
0.0957903 364886 8.25876e+06 -1.13373e+06 -364886 9.54124e+06 -7.07517e+06
0.0274427 447287 8.76345e+06 2.62447e+06 -447287 9.03655e+06 -4.37249e+06
-0.0451134 520958 9.27454e+06 6.36603e+06 -520958 8.52546e+06 -1.57135e+06
-0.107367 539263 9.69553e+06 9.22618e+06 -539263 8.10447e+06 957896
-0.160791 504764 1.00708e+07 1.14308e+07 -504764 7.72915e+06 3.55793e+06
-0.207489 450748 1.04346e+07 1.32924e+07 -450748 7.36538e+06 6.35324e+06
-0.24182 402556 1.0692e+07 1.44889e+07 -402556 7.10795e+06 8.45218e+06
-0.263496 310158 1.08399e+07 1.47166e+07 -310158 6.96006e+06 1.01179e+07
-0.211435 303206 1.04452e+07 1.22264e+07 -303206 7.3548e+06 7.55477e+06
-0.15909 298775 1.00476e+07 9.73635e+06 -298775 7.75243e+06 4.95444e+06
-0.104744 307933 9.63058e+06 7.23143e+06 -307933 8.16942e+06 2.12122e+06
-0.0467567 331698 9.19376e+06 4.66967e+06 -331698 8.60624e+06 -909040
0.0148756 355874 8.76175e+06 2.05369e+06 -355874 9.03825e+06 -3.82354e+06
0.0148756 355874 8.76175e+06 2.05369e+06 -355874 9.03825e+06 -3.82354e+06
0.0722111 374629 8.36394e+06 -380127 -374629 9.43606e+06 -6.48236e+06
0.123231 386691 7.99983e+06 -2.65092e+06 -386691 9.80017e+06 -8.87278e+06
0.17486 361863 7.61504e+06 -5.37787e+06 -361863 1.0185e+07 -1.10718e+07
0.223102 319855 7.26245e+06 -8.02649e+06 -319855 1.05375e+07 -1.29368e+07
0.259204 273179 7.0047e+06 -1.00994e+07 -273179 1.07953e+07 -1.41635e+07
0.271402 244293 6.88377e+06 -1.12356e+07 -244293 1.09162e+07 -1.45754e+07
0.27765 221754 6.80405e+06 -1.20378e+07 -221754 1.0996e+07 -1.47938e+07
0.280841 210877 6.77001e+06 -1.23659e+07 -210877 1.103e+07 -1.49014e+07
0.282515 210795 6.75649e+06 -1.24607e+07 -210795 1.10435e+07 -1.49797e+07
0.284087 208631 6.74319e+06 -1.25691e+07 -208631 1.10568e+07 -1.50416e+07
0.236101 184846 7.09989e+06 -1.04014e+07 -184846 1.07001e+07 -1.2643e+07
0.189077 161765 7.45001e+06 -8.26806e+06 -161765 1.035e+07 -1.02941e+07
0.143936 139938 7.78725e+06 -6.20496e+06 -139938 1.00128e+07 -8.04009e+06
0.101249 121375 8.10677e+06 -4.22771e+06 -121375 9.69323e+06 -5.92696e+06
0.0619534 108413 8.40311e+06 -2.35708e+06 -108413 9.39689e+06 -4.00393e+06
0.0282673 90723.1 8.66143e+06 -737717 -90723.1 9.13857e+06 -2.31631e+06
0.00207173 68607.6 8.86737e+06 512099 -68607.6 8.93263e+06 -929773
-0.0191725 58494.8 9.04791e+06 1.71146e+06 -58494.8 8.75209e+06 182012
-0.0402313 79544.3 9.24636e+06 3.33458e+06 -79544.3 8.55364e+06 1.09945e+06
-0.0673181 155439 9.45673e+06 5.22123e+06 -155439 8.34327e+06 1.90582e+06
-0.103756 263825 9.69802e+06 7.42177e+06 -263825 8.10198e+06 2.79418e+06
-0.143643 323265 9.96234e+06 9.51995e+06 -323265 7.83766e+06 4.07967e+06
-0.18772 307441 1.02834e+07 1.13965e+07 -307441 7.51659e+06 6.31348e+06
-0.227252 272102 1.05797e+07 1.29055e+07 -272102 7.22029e+06 8.59756e+06
-0.25426 248947 1.07872e+07 1.38887e+07 -248947 7.01283e+06 1.02702e+07
-0.266811 232362 1.08888e+07 1.42906e+07 -232362 6.91116e+06 1.11698e+07
-0.272783 218848 1.0946e+07 1.45134e+07 -218848 6.85403e+06 1.16784e+07
-0.276983 207398 1.09882e+07 1.4667e+07 -207398 6.81182e+06 1.20651e+07
-0.279865 200519 1.10176e+07 1.47807e+07 -200519 6.78236e+06 1.23285e+07
-0.282033 196047 1.10391e+07 1.48654e+07 -196047 6.76086e+06 1.25191e+07
-0.234073 171831 1.06828e+07 1.24713e+07 -171831 7.11715e+06 1.03521e+07
-0.187177 147722 1.0334e+07 1.01282e+07 -147722 7.46599e+06 8.22945e+06
-0.142299 123893 9.99936e+06 7.88176e+06 -123893 7.80064e+06 6.19182e+06
-0.100099 102598 9.6845e+06 5.78254e+06 -102598 8.1155e+06 4.26032e+06
-0.0615203 85798.9 9.39534e+06 3.88156e+06 -85798.9 8.40466e+06 2.45955e+06
-0.0288075 65426.5 9.14653e+06 2.22915e+06 -65426.5 8.65347e+06 926832
-0.00315306 42345.3 8.94625e+06 850948 -42345.3 8.85375e+06 -258815
0.0181314 34317 8.76441e+06 -263773 -34317 9.03559e+06 -1.47194e+06
0.0383558 55217.9 8.57223e+06 -1.1605e+06 -55217.9 9.22777e+06 -3.03555e+06
0.0616171 110101 8.39168e+06 -1.93003e+06 -110101 9.40832e+06 -4.57725e+06
0.0616171 110101 8.39168e+06 -1.93003e+06 -110101 9.40832e+06 -4.57725e+06
0.0915856 177912 8.19763e+06 -2.73618e+06 -177912 9.60237e+06 -6.2553e+06
0.120983 202231 8.00768e+06 -3.72799e+06 -202231 9.79232e+06 -7.6952e+06
0.151861 191016 7.77736e+06 -5.31595e+06 -191016 1.00226e+07 -9.05568e+06
0.180211 173624 7.5545e+06 -6.96765e+06 -173624 1.02455e+07 -1.0257e+07
0.20516 168808 7.35983e+06 -8.37002e+06 -168808 1.04402e+07 -1.13466e+07
0.224981 169740 7.20468e+06 -9.47723e+06 -169740 1.05953e+07 -1.22256e+07
0.240337 174955 7.08345e+06 -1.0339e+07 -174955 1.07166e+07 -1.29159e+07
0.252646 180978 6.98489e+06 -1.10175e+07 -180978 1.08151e+07 -1.34991e+07
0.262504 191640 6.90693e+06 -1.15196e+07 -191640 1.08931e+07 -1.3995e+07
0.269632 193558 6.85286e+06 -1.19284e+07 -193558 1.09471e+07 -1.42783e+07
0.273708 187835 6.81989e+06 -1.21993e+07 -187835 1.09801e+07 -1.44295e+07
0.276808 185434 6.79499e+06 -1.23894e+07 -185434 1.1005e+07 -1.45582e+07
0.279389 183745 6.77456e+06 -1.25387e+07 -183745 1.10254e+07 -1.46704e+07
0.281592 182275 6.75738e+06 -1.26617e+07 -182275 1.10426e+07 -1.47674e+07
0.283515 180822 6.74237e+06 -1.27697e+07 -180822 1.10576e+07 -1.48514e+07
0.285243 179476 6.7289e+06 -1.28666e+07 -179476 1.10711e+07 -1.4927e+07
0.286813 177991 6.71681e+06 -1.29546e+07 -177991 1.10832e+07 -1.49938e+07
0.288177 175664 6.70688e+06 -1.30347e+07 -175664 1.10931e+07 -1.50408e+07
0.289332 172363 6.6983e+06 -1.31077e+07 -172363 1.11017e+07 -1.50776e+07
0.290506 169756 6.68945e+06 -1.31778e+07 -169756 1.11105e+07 -1.51209e+07
0.291626 167062 6.68099e+06 -1.32454e+07 -167062 1.1119e+07 -1.51615e+07
0.292705 164336 6.67285e+06 -1.33112e+07 -164336 1.11272e+07 -1.52e+07
0.293746 161626 6.66499e+06 -1.33751e+07 -161626 1.1135e+07 -1.52366e+07
0.294755 158908 6.65738e+06 -1.34376e+07 -158908 1.11426e+07 -1.52716e+07
0.29574 156165 6.64997e+06 -1.34989e+07 -156165 1.115e+07 -1.53051e+07
0.296703 153399 6.64271e+06 -1.35595e+07 -153399 1.11573e+07 -1.53375e+07
0.297648 150613 6.6356e+06 -1.36192e+07 -150613 1.11644e+07 -1.53687e+07
0.298576 147810 6.62862e+06 -1.36783e+07 -147810 1.11714e+07 -1.5399e+07
0.29949 144992 6.62175e+06 -1.37369e+07 -144992 1.11783e+07 -1.54285e+07
0.300391 142164 6.61497e+06 -1.37949e+07 -142164 1.1185e+07 -1.54571e+07
0.301279 139329 6.60828e+06 -1.38525e+07 -139329 1.11917e+07 -1.54852e+07
0.302147 136409 6.6017e+06 -1.39096e+07 -136409 1.11983e+07 -1.55123e+07
0.302985 133306 6.59541e+06 -1.39663e+07 -133306 1.12046e+07 -1.55362e+07
0.303806 130160 6.58923e+06 -1.40226e+07 -130160 1.12108e+07 -1.5559e+07
0.30461 126968 6.58317e+06 -1.40785e+07 -126968 1.12168e+07 -1.55807e+07
0.259152 95021.1 6.92048e+06 -1.20768e+07 -95021.1 1.08795e+07 -1.32643e+07
0.215571 64383.8 7.24442e+06 -1.01556e+07 -64383.8 1.05556e+07 -1.10385e+07
0.175781 43583.7 7.54082e+06 -8.36233e+06 -43583.7 1.02592e+07 -9.03733e+06
0.140259 27982.4 7.80644e+06 -6.73596e+06 -27982.4 9.99356e+06 -7.26339e+06
0.108945 13065.2 8.04145e+06 -5.30697e+06 -13065.2 9.75855e+06 -5.68381e+06
0.0818929 35.7949 8.24568e+06 -4.06477e+06 -35.7949 9.55432e+06 -4.31162e+06
0.0592549 -14799.4 8.41875e+06 -3.03147e+06 14799.4 9.38125e+06 -3.12935e+06
0.0408045 -30379.7 8.56158e+06 -2.20012e+06 30379.7 9.23842e+06 -2.13216e+06
0.0259347 -45458.9 8.67821e+06 -1.5363e+06 45458.9 9.12179e+06 -1.30298e+06
0.0139668 -59618.6 8.77297e+06 -1.00997e+06 59618.6 9.02703e+06 -616278
0.00422943 -72169.8 8.8506e+06 -586344 72169.8 8.9494e+06 -46089.1
-0.00374526 -82405.7 8.91453e+06 -239496 82405.7 8.88547e+06 425453
-0.0104293 -90783 8.96769e+06 51379.3 90783 8.83231e+06 815132
-0.0160073 -99020.5 9.01232e+06 286724 99020.5 8.78768e+06 1.15109e+06
-0.0208312 -105745 9.05099e+06 491707 105745 8.74901e+06 1.44117e+06
-0.0250519 -110951 9.08444e+06 674022 110951 8.71556e+06 1.68714e+06
-0.0288855 -115715 9.11433e+06 838767 115715 8.68567e+06 1.905e+06
-0.0328522 -124472 9.14146e+06 987495 124472 8.65854e+06 2.10356e+06
-0.0368229 -136133 9.17072e+06 1.11961e+06 136133 8.62928e+06 2.34601e+06
-0.0406749 -148650 9.201e+06 1.24077e+06 148650 8.599e+06 2.61251e+06
-0.0442612 -159611 9.22992e+06 1.36001e+06 159611 8.57008e+06 2.86352e+06
-0.0479193 -165779 9.25853e+06 1.50444e+06 165779 8.54147e+06 3.08537e+06
-0.0513099 -170533 9.28519e+06 1.64357e+06 170533 8.51481e+06 3.28753e+06
-0.0545038 -174364 9.31039e+06 1.77795e+06 174364 8.48961e+06 3.47567e+06
-0.0575062 -177211 9.33385e+06 1.90817e+06 177211 8.46615e+06 3.6458e+06
-0.0607157 -182702 9.35586e+06 2.03317e+06 182702 8.44414e+06 3.80253e+06
-0.0638245 -188589 9.37641e+06 2.14962e+06 188589 8.42359e+06 3.94926e+06
-0.0673422 -194888 9.40495e+06 2.31234e+06 194888 8.39505e+06 4.15189e+06
-0.0710905 -199511 9.43578e+06 2.49042e+06 199511 8.36422e+06 4.3684e+06
-0.0751298 -200010 9.46771e+06 2.69669e+06 200010 8.33229e+06 4.57096e+06
-0.0798555 -200311 9.50495e+06 2.97597e+06 200311 8.29505e+06 4.7684e+06
-0.0857482 -188523 9.55669e+06 3.44486e+06 188523 8.24331e+06 4.96183e+06
-0.0947073 -162924 9.64049e+06 4.26292e+06 162924 8.15951e+06 5.21655e+06
-0.107403 -107306 9.75796e+06 5.48479e+06 107306 8.04204e+06 5.49854e+06
-0.125853 -18395.2 9.90012e+06 6.98896e+06 18395.2 7.89988e+06 5.81416e+06
-0.146731 71429.3 1.00344e+07 8.33907e+06 -71429.3 7.7656e+06 6.18311e+06
-0.168199 118818 1.01623e+07 9.44029e+06 -118818 7.63773e+06 6.71882e+06
-0.188657 125761 1.0296e+07 1.03434e+07 -125761 7.50395e+06 7.52823e+06
-0.208539 120703 1.04467e+07 1.11912e+07 -120703 7.35329e+06 8.60916e+06
-0.226623 116449 1.05953e+07 1.19798e+07 -116449 7.20467e+06 9.72327e+06
-0.241287 123355 1.07223e+07 1.26818e+07 -123355 7.07772e+06 1.06463e+07
-0.251935 137608 1.08094e+07 1.32036e+07 -137608 6.99062e+06 1.12396e+07
-0.260245 152639 1.0876e+07 1.36652e+07 -152639 6.92403e+06 1.16305e+07
-0.267229 172058 1.09302e+07 1.4088e+07 -172058 6.86985e+06 1.19012e+07
-0.272995 185274 1.0975e+07 1.44081e+07 -185274 6.82504e+06 1.21547e+07
-0.276318 187672 1.09996e+07 1.45666e+07 -187672 6.80037e+06 1.23121e+07
-0.278594 186891 1.10171e+07 1.46648e+07 -186891 6.78287e+06 1.2438e+07
-0.28058 186403 1.10325e+07 1.47542e+07 -186403 6.76753e+06 1.25449e+07
-0.282392 185822 1.10465e+07 1.48367e+07 -185822 6.75351e+06 1.26419e+07
-0.284086 185156 1.10597e+07 1.49135e+07 -185156 6.74032e+06 1.27339e+07
-0.28568 184497 1.10722e+07 1.49862e+07 -184497 6.72782e+06 1.28213e+07
-0.287191 183876 1.10841e+07 1.50552e+07 -183876 6.71594e+06 1.29043e+07
-0.288575 182652 1.10949e+07 1.5115e+07 -182652 6.70513e+06 1.29829e+07
-0.289865 181080 1.11047e+07 1.51663e+07 -181080 6.69533e+06 1.30571e+07
-0.291022 178804 1.11129e+07 1.52022e+07 -178804 6.68708e+06 1.31267e+07
-0.291838 173649 1.11166e+07 1.51828e+07 -173649 6.68338e+06 1.31935e+07
-0.292584 168399 1.1124e+07 1.52136e+07 -168399 6.67599e+06 1.32573e+07
-0.293576 165305 1.11315e+07 1.52446e+07 -165305 6.66849e+06 1.33224e+07
-0.294549 162184 1.11389e+07 1.52746e+07 -162184 6.66112e+06 1.33866e+07
-0.295506 159046 1.11461e+07 1.53039e+07 -159046 6.65389e+06 1.345e+07
-0.296448 155893 1.11532e+07 1.53324e+07 -155893 6.64676e+06 1.35128e+07
-0.297376 152745 1.11602e+07 1.53602e+07 -152745 6.63977e+06 1.35745e+07
-0.298286 149648 1.11671e+07 1.53874e+07 -149648 6.63289e+06 1.36353e+07
-0.299183 146564 1.11739e+07 1.54141e+07 -146564 6.62609e+06 1.36956e+07
-0.30007 143480 1.11806e+07 1.54404e+07 -143480 6.61938e+06 1.37553e+07
-0.300948 140400 1.11873e+07 1.54662e+07 -140400 6.61273e+06 1.38146e+07
-0.301818 137326 1.11939e+07 1.54917e+07 -137326 6.60614e+06 1.38735e+07
-0.302679 134259 1.12004e+07 1.55168e+07 -134259 6.59961e+06 1.39319e+07
-0.303532 131195 1.12069e+07 1.55415e+07 -131195 6.59314e+06 1.399e+07
-0.304337 127786 1.12129e+07 1.55617e+07 -127786 6.58707e+06 1.40476e+07
-0.259044 96292.1 1.08767e+07 1.32545e+07 -96292.1 6.92332e+06 1.20502e+07
-0.21566 65872.4 1.05541e+07 1.10385e+07 -65872.4 7.24593e+06 1.01363e+07
-0.176092 45022.1 1.02592e+07 9.04692e+06 -45022.1 7.54078e+06 8.35331e+06
-0.140808 29600.6 9.99533e+06 7.28463e+06 -29600.6 7.80467e+06 6.73738e+06
-0.109787 14626.7 9.76244e+06 5.71758e+06 -14626.7 8.03756e+06 5.32304e+06
-0.0830664 1601.41 9.56061e+06 4.36007e+06 -1601.41 8.23939e+06 4.09681e+06
-0.0607194 -12974.5 9.38979e+06 3.19277e+06 12974.5 8.41021e+06 3.07735e+06
-0.0424584 -28178.4 9.24879e+06 2.20865e+06 28178.4 8.55121e+06 2.25644e+06
-0.0276968 -43264.9 9.13362e+06 1.38925e+06 43264.9 8.66638e+06 1.60141e+06
-0.01575 -57662.2 9.03943e+06 704970 57662.2 8.76057e+06 1.07992e+06
-0.00599067 -70197.5 8.9618e+06 134405 70197.5 8.8382e+06 656748
0.00201493 -80274.9 8.89792e+06 -335505 80274.9 8.90208e+06 308894
0.00870854 -88949.8 8.84486e+06 -725841 88949.8 8.95514e+06 20002.3
0.0143082 -97089.9 8.80009e+06 -1.06268e+06 97089.9 8.99991e+06 -216288
0.0191525 -103711 8.76153e+06 -1.35023e+06 103711 9.03847e+06 -422402
0.0234159 -109060 8.72791e+06 -1.59735e+06 109060 9.07209e+06 -605714
0.027241 -113534 8.69779e+06 -1.81706e+06 113534 9.10221e+06 -771495
0.0308805 -118764 8.67053e+06 -2.01439e+06 118764 9.12947e+06 -923155
0.0345636 -126851 8.64563e+06 -2.1959e+06 126851 9.15437e+06 -1.06047e+06
0.0384495 -139393 8.61549e+06 -2.46005e+06 139393 9.18451e+06 -1.1821e+06
0.0420798 -151201 8.58711e+06 -2.71006e+06 151201 9.21289e+06 -1.29545e+06
0.045367 -160910 8.56114e+06 -2.93475e+06 160910 9.23886e+06 -1.40327e+06
0.0484894 -168625 8.5356e+06 -3.14338e+06 168625 9.2644e+06 -1.52154e+06
0.0516349 -172533 8.51105e+06 -3.32442e+06 172533 9.28895e+06 -1.65473e+06
0.054629 -175534 8.48793e+06 -3.49141e+06 175534 9.31207e+06 -1.78379e+06
0.0574891 -178009 8.46584e+06 -3.64875e+06 178009 9.33416e+06 -1.90925e+06
0.0606418 -183761 8.4446e+06 -3.79923e+06 183761 9.3554e+06 -2.03057e+06
0.0636801 -189406 8.42459e+06 -3.9412e+06 189406 9.37541e+06 -2.14487e+06
0.0671986 -195815 8.39622e+06 -4.14345e+06 195815 9.40378e+06 -2.30572e+06
0.0706835 -200207 8.3664e+06 -4.35305e+06 200207 9.4336e+06 -2.47791e+06
0.0750302 -200809 8.33135e+06 -4.56092e+06 200809 9.46865e+06 -2.71871e+06
0.080046 -196938 8.28911e+06 -4.74422e+06 196938 9.51089e+06 -3.07615e+06
0.0872438 -175354 8.22289e+06 -4.92575e+06 175354 9.57711e+06 -3.74239e+06
0.0974448 -143567 8.13088e+06 -5.20914e+06 143567 9.66912e+06 -4.63688e+06
0.110964 -90465.8 8.02842e+06 -5.49292e+06 90465.8 9.77158e+06 -5.66465e+06
0.110964 -90465.8 8.02842e+06 -5.49292e+06 90465.8 9.77158e+06 -5.66465e+06
0.125917 -49909.5 7.93466e+06 -5.85772e+06 49909.5 9.86534e+06 -6.50018e+06
0.141817 -29720.7 7.83959e+06 -6.3159e+06 29720.7 9.96041e+06 -7.25904e+06
0.156634 -36237.9 7.74179e+06 -6.95922e+06 36237.9 1.00582e+07 -7.86779e+06
0.171484 -57291.4 7.63107e+06 -7.84318e+06 57291.4 1.01689e+07 -8.4012e+06
0.183314 -76154 7.533e+06 -8.68945e+06 76154 1.0267e+07 -8.81036e+06
0.193086 -86004.5 7.44571e+06 -9.41621e+06 86004.5 1.03543e+07 -9.20103e+06
0.201001 -84182.3 7.37465e+06 -9.90232e+06 84182.3 1.04254e+07 -9.62469e+06
0.207535 -74771 7.32266e+06 -1.02434e+07 74771 1.04773e+07 -9.94909e+06
0.212759 -61877.7 7.28184e+06 -1.04916e+07 61877.7 1.05182e+07 -1.02235e+07
0.217069 -51482.2 7.24613e+06 -1.06969e+07 51482.2 1.05539e+07 -1.04753e+07
0.220741 -39160.1 7.2175e+06 -1.08283e+07 39160.1 1.05825e+07 -1.07104e+07
0.22468 -31796.1 7.19081e+06 -1.09477e+07 31796.1 1.06092e+07 -1.09326e+07
0.228606 -27154.7 7.16314e+06 -1.10984e+07 27154.7 1.06369e+07 -1.11361e+07
0.232812 -23031.1 7.13026e+06 -1.12862e+07 23031.1 1.06697e+07 -1.13694e+07
0.236855 -16392.9 7.09837e+06 -1.14668e+07 16392.9 1.07016e+07 -1.15969e+07
0.240719 -9078.98 7.0679e+06 -1.16378e+07 9078.98 1.07321e+07 -1.18161e+07
0.244137 -1876.62 7.0431e+06 -1.17685e+07 1876.62 1.07569e+07 -1.20029e+07
0.247489 5390.31 7.0165e+06 -1.18956e+07 -5390.31 1.07835e+07 -1.22163e+07
0.251436 14047.9 6.98763e+06 -1.20207e+07 -14047.9 1.08124e+07 -1.24607e+07
0.255694 21762.9 6.95588e+06 -1.21842e+07 -21762.9 1.08441e+07 -1.27037e+07
0.259945 28881.1 6.92379e+06 -1.23552e+07 -28881.1 1.08762e+07 -1.29434e+07
0.264442 38821.7 6.88817e+06 -1.25227e+07 -38821.7 1.09118e+07 -1.32319e+07
0.269228 52772.6 6.85258e+06 -1.2688e+07 -52772.6 1.09474e+07 -1.35223e+07
0.273745 66235.2 6.81754e+06 -1.28506e+07 -66235.2 1.09825e+07 -1.38083e+07
0.277843 79516 6.78706e+06 -1.29819e+07 -79516 1.10129e+07 -1.40672e+07
0.28157 93157.1 6.75901e+06 -1.30916e+07 -93157.1 1.1041e+07 -1.43166e+07
0.285147 105745 6.73243e+06 -1.31986e+07 -105745 1.10676e+07 -1.45498e+07
0.288136 112817 6.71084e+06 -1.33069e+07 -112817 1.10892e+07 -1.47179e+07
0.290901 118019 6.69001e+06 -1.34143e+07 -118019 1.111e+07 -1.48772e+07
0.293046 118606 6.67503e+06 -1.35226e+07 -118606 1.1125e+07 -1.49606e+07
0.294281 113861 6.66397e+06 -1.36306e+07 -113861 1.1136e+07 -1.49942e+07
0.295278 110896 6.65641e+06 -1.36956e+07 -110896 1.11436e+07 -1.50261e+07
0.296257 107932 6.649e+06 -1.37592e+07 -107932 1.1151e+07 -1.50572e+07
0.297225 104944 6.6417e+06 -1.38224e+07 -104944 1.11583e+07 -1.50876e+07
0.298182 101935 6.63447e+06 -1.38851e+07 -101935 1.11655e+07 -1.51173e+07
0.299127 98913.4 6.62733e+06 -1.39474e+07 -98913.4 1.11727e+07 -1.51465e+07
0.299267 88159 6.63249e+06 -1.40103e+07 -88159 1.11675e+07 -1.50175e+07
0.300017 83425.5 6.62816e+06 -1.40723e+07 -83425.5 1.11718e+07 -1.50109e+07
0.297442 79351.3 6.62437e+06 -1.41273e+07 -79351.3 1.11756e+07 -1.50045e+07
0.300969 71279.1 6.6197e+06 -1.41947e+07 -71279.1 1.11803e+07 -1.49969e+07
0.301383 65753.6 6.61559e+06 -1.42547e+07 -65753.6 1.11844e+07 -1.49895e+07
0.301794 60231.1 6.61153e+06 -1.43143e+07 -60231.1 1.11885e+07 -1.49818e+07
0.302203 54705.3 6.60751e+06 -1.43737e+07 -54705.3 1.11925e+07 -1.49739e+07
0.302609 49177 6.60352e+06 -1.44329e+07 -49177 1.11965e+07 -1.49657e+07
0.299993 68935.6 6.64571e+06 -1.39104e+07 -68935.6 1.11543e+07 -1.49482e+07
0.303051 41051.1 6.60113e+06 -1.4483e+07 -41051.1 1.11989e+07 -1.49463e+07
0.303355 36314.4 6.59873e+06 -1.45228e+07 -36314.4 1.12013e+07 -1.49372e+07
0.303657 31572.4 6.59635e+06 -1.45626e+07 -31572.4 1.12037e+07 -1.49279e+07
0.303958 26832.8 6.59397e+06 -1.46025e+07 -26832.8 1.1206e+07 -1.49184e+07
0.304257 22087.9 6.59161e+06 -1.46424e+07 -22087.9 1.12084e+07 -1.49087e+07
0.304555 17339.1 6.58926e+06 -1.46823e+07 -17339.1 1.12107e+07 -1.48989e+07
0.298853 -42805.1 6.62303e+06 -1.47298e+07 42805.1 1.1177e+07 -1.44191e+07
0.292012 -114170 6.67263e+06 -1.47829e+07 114170 1.11274e+07 -1.3731e+07
0.28724 -166004 6.70586e+06 -1.48303e+07 166004 1.10941e+07 -1.32582e+07
0.289708 -151782 6.71367e+06 -1.48701e+07 151782 1.10863e+07 -1.31185e+07
0.296978 -90615 6.65985e+06 -1.48882e+07 90615 1.11401e+07 -1.37893e+07
0.299261 -75278.8 6.62559e+06 -1.49144e+07 75278.8 1.11744e+07 -1.42017e+07
0.299378 -81626.9 6.62459e+06 -1.49537e+07 81626.9 1.11754e+07 -1.41752e+07
0.299645 -86593.4 6.62313e+06 -1.49927e+07 86593.4 1.11769e+07 -1.4155e+07
0.298396 -104754 6.62087e+06 -1.50287e+07 104754 1.11791e+07 -1.41478e+07
0.295203 -141408 6.63783e+06 -1.50703e+07 141408 1.11622e+07 -1.38891e+07
0.291633 -181942 6.66223e+06 -1.51146e+07 181942 1.11378e+07 -1.35326e+07
0.28846 -218665 6.68785e+06 -1.51594e+07 218665 1.11121e+07 -1.31597e+07
0.285599 -251443 6.71491e+06 -1.5205e+07 251443 1.10851e+07 -1.27677e+07
0.283097 -217395 6.73682e+06 -1.52426e+07 217395 1.10632e+07 -1.24496e+07
0.284046 -145373 6.71195e+06 -1.52632e+07 145373 1.10881e+07 -1.27475e+07
0.284702 -84901.8 6.66728e+06 -1.52788e+07 84901.8 1.11327e+07 -1.33036e+07
0.290697 -113950 6.64366e+06 -1.53208e+07 113950 1.11563e+07 -1.3564e+07
0.294112 -143301 6.63992e+06 -1.53624e+07 143301 1.11601e+07 -1.35702e+07
0.294407 -145113 6.63692e+06 -1.53956e+07 145113 1.11631e+07 -1.35755e+07
0.294665 -146995 6.63419e+06 -1.54265e+07 146995 1.11658e+07 -1.35795e+07
0.294919 -148209 6.63219e+06 -1.54503e+07 148209 1.11678e+07 -1.35814e+07
0.290989 -110504 6.69606e+06 -1.46267e+07 110504 1.11039e+07 -1.35874e+07
0.28641 -65264.7 6.77014e+06 -1.36529e+07 65264.7 1.10299e+07 -1.36128e+07
0.286072 -71466.2 6.76817e+06 -1.36574e+07 71466.2 1.10318e+07 -1.36336e+07
0.288 -119057 6.72191e+06 -1.43427e+07 119057 1.10781e+07 -1.35404e+07
0.28899 -166824 6.69145e+06 -1.49369e+07 166824 1.11086e+07 -1.33362e+07
0.28744 -186263 6.70162e+06 -1.49761e+07 186263 1.10984e+07 -1.31667e+07
0.283033 -181389 6.71486e+06 -1.4991e+07 181389 1.10851e+07 -1.29823e+07
0.278528 -170469 6.72856e+06 -1.5005e+07 170469 1.10714e+07 -1.27929e+07
0.27452 -160128 6.74253e+06 -1.50182e+07 160128 1.10575e+07 -1.26009e+07
0.272089 -155928 6.74836e+06 -1.50407e+07 155928 1.10516e+07 -1.25038e+07
0.272029 -150322 6.7536e+06 -1.50701e+07 150322 1.10464e+07 -1.24073e+07
0.278235 -170695 6.75887e+06 -1.51048e+07 170695 1.10411e+07 -1.23051e+07
0.286473 -161437 6.71874e+06 -1.51273e+07 161437 1.10813e+07 -1.27965e+07
0.289216 -145788 6.68744e+06 -1.51257e+07 145788 1.11126e+07 -1.31987e+07
0.287216 -104927 6.72259e+06 -1.44523e+07 104927 1.10774e+07 -1.34221e+07
0.284104 -71736.1 6.7749e+06 -1.37519e+07 71736.1 1.10251e+07 -1.34528e+07
0.282345 -50891.6 6.80627e+06 -1.33213e+07 50891.6 1.09937e+07 -1.34818e+07
0.280989 -33719.7 6.83139e+06 -1.29713e+07 33719.7 1.09686e+07 -1.35102e+07
0.28465 -62347.5 6.77907e+06 -1.36194e+07 62347.5 1.10209e+07 -1.3532e+07
0.288426 -92078.7 6.72493e+06 -1.42911e+07 92078.7 1.10751e+07 -1.35534e+07
0.290886 -109892 6.69103e+06 -1.47027e+07 109892 1.1109e+07 -1.35758e+07
0.291401 -110041 6.68703e+06 -1.47299e+07 110041 1.1113e+07 -1.35997e+07
0.291899 -110069 6.68305e+06 -1.4757e+07 110069 1.1117e+07 -1.36236e+07
0.292487 -110059 6.67907e+06 -1.47841e+07 110059 1.11209e+07 -1.36474e+07
0.292028 -100554 6.675e+06 -1.48109e+07 100554 1.1125e+07 -1.36727e+07
0.291395 -88617.4 6.67023e+06 -1.48371e+07 88617.4 1.11298e+07 -1.37076e+07
0.290761 -76633.9 6.66545e+06 -1.48629e+07 76633.9 1.11346e+07 -1.3743e+07
0.290123 -64618.7 6.6607e+06 -1.48883e+07 64618.7 1.11393e+07 -1.37783e+07
0.247189 -101952 6.97891e+06 -1.30397e+07 101952 1.08211e+07 -1.15534e+07
0.210421 -125315 7.25254e+06 -1.14024e+07 125315 1.05475e+07 -9.68772e+06
0.176999 -144687 7.50213e+06 -9.89703e+06 144687 1.02979e+07 -7.99792e+06
0.146551 -162985 7.73089e+06 -8.51416e+06 162985 1.00691e+07 -6.45234e+06
0.119283 -180625 7.93666e+06 -7.27664e+06 180625 9.86334e+06 -5.05571e+06
0.0952244 -196515 8.11978e+06 -6.17409e+06 196515 9.68022e+06 -3.81401e+06
0.074328 -210371 8.28106e+06 -5.19873e+06 210371 9.51894e+06 -2.72473e+06
0.0564926 -222825 8.42095e+06 -4.35289e+06 222825 9.37905e+06 -1.77977e+06
0.0414845 -234563 8.54051e+06 -3.63003e+06 234563 9.25949e+06 -972047
0.0289179 -245426 8.64267e+06 -3.01404e+06 245426 9.15733e+06 -280151
0.0184049 -254799 8.72953e+06 -2.48873e+06 254799 9.07047e+06 306408
0.0097671 -262233 8.80096e+06 -2.05896e+06 262233 8.99904e+06 791057
0.00263864 -269054 8.85999e+06 -1.70662e+06 269054 8.94001e+06 1.19445e+06
-0.00338014 -274774 8.91028e+06 -1.40662e+06 274774 8.88972e+06 1.53824e+06
-0.00855149 -279442 8.95368e+06 -1.14745e+06 279442 8.84632e+06 1.83467e+06
-0.0130703 -283447 8.99161e+06 -920665 283447 8.80839e+06 2.09346e+06
-0.0181013 -277301 9.02584e+06 -707353 277301 8.77416e+06 2.31832e+06
-0.0228296 -269402 9.05634e+06 -515301 269402 8.74366e+06 2.51676e+06
-0.0268604 -263716 9.08313e+06 -349211 263716 8.71687e+06 2.69356e+06
-0.0304633 -258704 9.10716e+06 -200937 258704 8.69284e+06 2.85289e+06
-0.0337033 -254039 9.12883e+06 -64826.8 254039 8.67117e+06 2.99422e+06
-0.0366278 -249861 9.1486e+06 61021.7 249861 8.6514e+06 3.12149e+06
-0.0392812 -246155 9.16676e+06 177769 246155 8.63324e+06 3.23725e+06
-0.0416501 -243303 9.18301e+06 280426 243303 8.61699e+06 3.34252e+06
-0.0438047 -241456 9.19795e+06 375190 241456 8.60205e+06 3.43911e+06
-0.0469679 -251692 9.21198e+06 462262 251692 8.58802e+06 3.53162e+06
-0.0499 -263242 9.23024e+06 540308 263242 8.56976e+06 3.68727e+06
-0.0530406 -278180 9.25718e+06 608869 278180 8.54282e+06 3.96357e+06
-0.0561392 -288302 9.28482e+06 728557 288302 8.51518e+06 4.19773e+06
-0.0595765 -288561 9.31957e+06 999963 288561 8.48043e+06 4.37125e+06
-0.0627367 -289195 9.35138e+06 1.24483e+06 289195 8.44862e+06 4.53362e+06
-0.0656138 -290353 9.37989e+06 1.45722e+06 290353 8.42011e+06 4.6861e+06
-0.0681092 -291950 9.40433e+06 1.62792e+06 291950 8.39567e+06 4.8283e+06
-0.0703876 -292832 9.42674e+06 1.78606e+06 292832 8.37326e+06 4.95702e+06
-0.0724096 -293803 9.44682e+06 1.93119e+06 293803 8.35318e+06 5.06893e+06
-0.0742234 -294456 9.46477e+06 2.06393e+06 294456 8.33523e+06 5.16599e+06
-0.0774361 -280905 9.48222e+06 2.19432e+06 280905 8.31778e+06 5.25908e+06
-0.0814488 -259067 9.49843e+06 2.31356e+06 259067 8.30157e+06 5.34726e+06
-0.0846059 -243961 9.51209e+06 2.40791e+06 243961 8.28791e+06 5.42782e+06
-0.087047 -233843 9.52366e+06 2.4887e+06 233843 8.27634e+06 5.49511e+06
-0.0890488 -226790 9.53437e+06 2.56618e+06 226790 8.26563e+06 5.55475e+06
-0.0906979 -222564 9.54397e+06 2.63143e+06 222564 8.25603e+06 5.6124e+06
-0.0920164 -221016 9.55286e+06 2.68929e+06 221016 8.24714e+06 5.66841e+06
-0.0931496 -220891 9.56154e+06 2.74576e+06 220891 8.23846e+06 5.72307e+06
-0.0942509 -220851 9.57007e+06 2.80141e+06 220851 8.22993e+06 5.77659e+06
-0.095326 -220861 9.57846e+06 2.85634e+06 220861 8.22154e+06 5.82905e+06
-0.0963289 -221311 9.58665e+06 2.9101e+06 221311 8.21335e+06 5.88018e+06
-0.0972914 -221803 9.59472e+06 2.96315e+06 221803 8.20528e+06 5.93035e+06
-0.09824 -222271 9.60267e+06 3.01563e+06 222271 8.19733e+06 5.97969e+06
-0.100015 -215454 9.6236e+06 3.23341e+06 215454 8.1764e+06 6.02982e+06
-0.101851 -207889 9.64566e+06 3.46737e+06 207889 8.15434e+06 6.07832e+06
-0.104885 -189547 9.66618e+06 3.68219e+06 189547 8.13382e+06 6.1262e+06
-0.108719 -175929 9.68544e+06 3.88005e+06 175929 8.11456e+06 6.17491e+06
-0.11169 -168096 9.7009e+06 4.03033e+06 168096 8.0991e+06 6.22249e+06
-0.114166 -161509 9.71493e+06 4.16357e+06 161509 8.08507e+06 6.26886e+06
-0.117151 -162650 9.73867e+06 4.28265e+06 162650 8.06133e+06 6.45372e+06
-0.119632 -163973 9.75816e+06 4.38907e+06 163973 8.04184e+06 6.59683e+06
-0.121726 -165766 9.77442e+06 4.48113e+06 165766 8.02558e+06 6.71286e+06
-0.123498 -168636 9.78848e+06 4.54993e+06 168636 8.01152e+06 6.82411e+06
-0.124994 -172597 9.80104e+06 4.60436e+06 172597 7.99896e+06 6.93042e+06
-0.126381 -176918 9.81317e+06 4.6577e+06 176918 7.98683e+06 7.0323e+06
-0.127708 -180758 9.82455e+06 4.71038e+06 180758 7.97545e+06 7.12539e+06
-0.128934 -183916 9.83461e+06 4.76063e+06 183916 7.96539e+06 7.20385e+06
-0.130084 -187218 9.8438e+06 4.80191e+06 187218 7.9562e+06 7.28021e+06
-0.131191 -190160 9.85282e+06 4.843e+06 190160 7.94718e+06 7.35467e+06
-0.133461 -181392 9.8728e+06 5.02609e+06 181392 7.9272e+06 7.42737e+06
-0.136486 -164590 9.89562e+06 5.24718e+06 164590 7.90438e+06 7.49839e+06
-0.139322 -149125 9.91764e+06 5.46171e+06 149125 7.88236e+06 7.56579e+06
-0.141849 -135610 9.9365e+06 5.64417e+06 135610 7.8635e+06 7.62469e+06
-0.143752 -126688 9.9513e+06 5.78505e+06 126688 7.8487e+06 7.67325e+06
-0.145361 -119541 9.96415e+06 5.9101e+06 119541 7.83585e+06 7.71278e+06
-0.146858 -113342 9.97614e+06 6.02441e+06 113342 7.82386e+06 7.75192e+06
-0.14862 -112553 9.98656e+06 6.11833e+06 112553 7.81344e+06 7.79137e+06
-0.150216 -113644 9.99535e+06 6.19181e+06 113644 7.80465e+06 7.83051e+06
-0.151635 -116266 1.00029e+07 6.24983e+06 116266 7.79708e+06 7.86938e+06
-0.153199 -121414 1.00131e+07 6.29689e+06 121414 7.78687e+06 7.95302e+06
-0.154815 -128710 1.00263e+07 6.34221e+06 128710 7.77373e+06 8.07583e+06
-0.157438 -126373 1.00505e+07 6.52991e+06 126373 7.7495e+06 8.19832e+06
-0.160762 -117066 1.00768e+07 6.74614e+06 117066 7.7232e+06 8.31885e+06
-0.163989 -106961 1.01024e+07 6.96173e+06 106961 7.69764e+06 8.43041e+06
-0.167015 -96499.5 1.01264e+07 7.16257e+06 96499.5 7.67361e+06 8.53717e+06
-0.169624 -88432.6 1.01452e+07 7.30014e+06 88432.6 7.65485e+06 8.63982e+06
-0.171755 -84030.8 1.01621e+07 7.41873e+06 84030.8 7.63794e+06 8.73763e+06
-0.173469 -82120.1 1.01758e+07 7.50889e+06 82120.1 7.62418e+06 8.82373e+06
-0.174906 -80440.5 1.01869e+07 7.58705e+06 80440.5 7.61309e+06 8.88752e+06
-0.176279 -78520.7 1.02002e+07 7.69538e+06 78520.7 7.59979e+06 8.94942e+06
-0.178461 -75210.8 1.02211e+07 7.90289e+06 75210.8 7.57892e+06 9.00905e+06
-0.18081 -71764.7 1.02418e+07 8.10989e+06 71764.7 7.55823e+06 9.06697e+06
-0.183935 -61200.3 1.0263e+07 8.32614e+06 61200.3 7.53696e+06 9.12303e+06
-0.187191 -51815.4 1.02863e+07 8.54194e+06 51815.4 7.51374e+06 9.20442e+06
-0.190413 -46661.4 1.03098e+07 8.71049e+06 46661.4 7.49024e+06 9.33668e+06
-0.193067 -43949 1.03272e+07 8.80177e+06 43949 7.4728e+06 9.46877e+06
-0.195637 -41573.1 1.03438e+07 8.88183e+06 41573.1 7.45624e+06 9.60068e+06
-0.19858 -34438.5 1.03701e+07 9.09499e+06 34438.5 7.42987e+06 9.72506e+06
-0.200876 -31948.3 1.03934e+07 9.29783e+06 31948.3 7.40661e+06 9.82004e+06
-0.203303 -31799.3 1.04161e+07 9.49686e+06 31799.3 7.38389e+06 9.91187e+06
-0.20564 -32026.6 1.04384e+07 9.69437e+06 32026.6 7.36163e+06 9.99927e+06
-0.208655 -29460.9 1.04616e+07 9.87028e+06 29460.9 7.33837e+06 1.01211e+07
-0.211984 -26218.8 1.04868e+07 1.0047e+07 26218.8 7.31324e+06 1.02661e+07
-0.214761 -26439.1 1.0505e+07 1.01371e+07 26439.1 7.295e+06 1.04094e+07
-0.217257 -27936 1.05201e+07 1.01883e+07 27936 7.27987e+06 1.0552e+07
-0.220464 -22530.8 1.05458e+07 1.03763e+07 22530.8 7.2542e+06 1.06926e+07
-0.2235 -15648.1 1.05706e+07 1.05639e+07 15648.1 7.22944e+06 1.0822e+07
-0.226218 -7851.35 1.05937e+07 1.07503e+07 7851.35 7.2063e+06 1.09318e+07
-0.228156 -4717.97 1.0615e+07 1.09282e+07 4717.97 7.18496e+06 1.10271e+07
-0.229743 -2454.26 1.06331e+07 1.10772e+07 2454.26 7.16691e+06 1.11092e+07
-0.231716 4013.03 1.0651e+07 1.12299e+07 -4013.03 7.14901e+06 1.11857e+07
-0.234351 11888.3 1.06687e+07 1.13856e+07 -11888.3 7.13134e+06 1.12561e+07
-0.236516 12788.1 1.06781e+07 1.14439e+07 -12788.1 7.12187e+06 1.13191e+07
-0.239027 15835.2 1.06942e+07 1.15669e+07 -15835.2 7.1058e+06 1.14018e+07
-0.242165 19277.2 1.07196e+07 1.17506e+07 -19277.2 7.08042e+06 1.1543e+07
-0.245135 23960 1.07437e+07 1.1932e+07 -23960 7.05632e+06 1.16701e+07
-0.247939 28001.9 1.07661e+07 1.20914e+07 -28001.9 7.03392e+06 1.17975e+07
-0.251063 36486.6 1.07873e+07 1.22535e+07 -36486.6 7.01266e+06 1.19075e+07
-0.253955 43697.1 1.08078e+07 1.24146e+07 -43697.1 6.99216e+06 1.20089e+07
-0.257081 53455.7 1.08344e+07 1.26558e+07 -53455.7 6.96556e+06 1.21081e+07
-0.26021 60088 1.08587e+07 1.28651e+07 -60088 6.94132e+06 1.22092e+07
-0.263599 67116.8 1.08828e+07 1.30718e+07 -67116.8 6.91721e+06 1.23111e+07
-0.267231 72409.3 1.09078e+07 1.32395e+07 -72409.3 6.89221e+06 1.24634e+07
-0.271043 80572.8 1.09374e+07 1.34671e+07 -80572.8 6.86255e+06 1.26155e+07
-0.274977 91407.1 1.09698e+07 1.37328e+07 -91407.1 6.83016e+06 1.27645e+07
-0.278514 100760 1.09978e+07 1.39636e+07 -100760 6.80216e+06 1.28922e+07
-0.281748 108341 1.10246e+07 1.41889e+07 -108341 6.7754e+06 1.30094e+07
-0.284871 116816 1.1051e+07 1.44135e+07 -116816 6.74896e+06 1.31234e+07
-0.287714 124582 1.10736e+07 1.4606e+07 -124582 6.72641e+06 1.32195e+07
-0.289823 125587 1.10933e+07 1.47611e+07 -125587 6.70671e+06 1.33166e+07
-0.291679 124246 1.11119e+07 1.49021e+07 -124246 6.68807e+06 1.34142e+07
-0.293238 120634 1.11266e+07 1.49906e+07 -120634 6.67342e+06 1.35133e+07
-0.294286 115523 1.11363e+07 1.50146e+07 -115523 6.6637e+06 1.36136e+07
-0.295272 110909 1.11451e+07 1.50382e+07 -110909 6.65493e+06 1.37023e+07
-0.296091 107639 1.11513e+07 1.50611e+07 -107639 6.6487e+06 1.37592e+07
-0.29691 104368 1.11575e+07 1.50839e+07 -104368 6.64247e+06 1.38162e+07
-0.297105 95807.5 1.11634e+07 1.51047e+07 -95807.5 6.63662e+06 1.38702e+07
-0.297709 90692.3 1.11695e+07 1.51268e+07 -90692.3 6.63051e+06 1.39264e+07
-0.297687 79469.3 1.11658e+07 1.50216e+07 -79469.3 6.63424e+06 1.39838e+07
-0.298115 72621.4 1.11691e+07 1.50077e+07 -72621.4 6.63089e+06 1.40406e+07
-0.29854 65803 1.11725e+07 1.49939e+07 -65803 6.62755e+06 1.40972e+07
-0.29896 59017.9 1.11757e+07 1.49799e+07 -59017.9 6.62425e+06 1.41533e+07
-0.296956 73633.1 1.11786e+07 1.49642e+07 -73633.1 6.62138e+06 1.42058e+07
-0.299211 50500.3 1.11825e+07 1.495e+07 -50500.3 6.61751e+06 1.42696e+07
-0.299537 44527.7 1.11858e+07 1.49358e+07 -44527.7 6.61422e+06 1.43259e+07
-0.29986 38577.1 1.1189e+07 1.49216e+07 -38577.1 6.61095e+06 1.43819e+07
-0.300183 32626.2 1.11923e+07 1.49074e+07 -32626.2 6.60769e+06 1.44379e+07
-0.300506 26673.8 1.11956e+07 1.48931e+07 -26673.8 6.60444e+06 1.44938e+07
-0.297857 45745.8 1.11533e+07 1.48698e+07 -45745.8 6.6467e+06 1.39761e+07
-0.296177 -16346.7 1.11908e+07 1.48652e+07 16346.7 6.60924e+06 1.44602e+07
-0.291186 -67754.5 1.11929e+07 1.48568e+07 67754.5 6.60714e+06 1.44956e+07
-0.293194 -57134.6 1.11946e+07 1.48412e+07 57134.6 6.60536e+06 1.45339e+07
-0.295743 -41683.5 1.11964e+07 1.4825e+07 41683.5 6.60364e+06 1.45722e+07
-0.293879 -69199.1 1.1141e+07 1.40597e+07 69199.1 6.65902e+06 1.46285e+07
-0.290112 -114122 1.10799e+07 1.32188e+07 114122 6.72007e+06 1.46878e+07
-0.289487 -127082 1.10756e+07 1.31255e+07 127082 6.72442e+06 1.47255e+07
-0.288576 -140147 1.11054e+07 1.34827e+07 140147 6.6946e+06 1.475e+07
-0.287675 -153118 1.11352e+07 1.38399e+07 153118 6.66479e+06 1.47745e+07
-0.286647 -167806 1.11571e+07 1.40924e+07 167806 6.64289e+06 1.48023e+07
-0.28588 -181707 1.11588e+07 1.40775e+07 181707 6.64119e+06 1.4839e+07
-0.287958 -170411 1.11603e+07 1.40593e+07 170411 6.63966e+06 1.48768e+07
-0.290078 -158695 1.11625e+07 1.40492e+07 158695 6.6375e+06 1.49145e+07
-0.2923 -145965 1.11662e+07 1.40596e+07 145965 6.63379e+06 1.49516e+07
-0.291263 -164022 1.11405e+07 1.3685e+07 164022 6.65952e+06 1.49967e+07
-0.288632 -196325 1.11134e+07 1.32927e+07 196325 6.68664e+06 1.50419e+07
-0.286214 -226772 1.10856e+07 1.28921e+07 226772 6.71439e+06 1.50873e+07
-0.284098 -254152 1.10633e+07 1.25629e+07 254152 6.73671e+06 1.51307e+07
-0.282384 -277468 1.10482e+07 1.23286e+07 277468 6.75183e+06 1.51715e+07
-0.276565 -266925 1.103e+07 1.20611e+07 266925 6.77005e+06 1.52057e+07
-0.273377 -230716 1.10551e+07 1.23643e+07 230716 6.74488e+06 1.52246e+07
-0.271141 -186262 1.1088e+07 1.27691e+07 186262 6.71198e+06 1.52411e+07
-0.274788 -196700 1.11198e+07 1.31447e+07 196700 6.68016e+06 1.52729e+07
-0.280836 -218685 1.11427e+07 1.33973e+07 218685 6.65732e+06 1.53126e+07
-0.284119 -224443 1.11466e+07 1.34057e+07 224443 6.65344e+06 1.5354e+07
-0.284827 -223687 1.11367e+07 1.32398e+07 223687 6.66328e+06 1.53938e+07
-0.285429 -224627 1.11248e+07 1.3046e+07 224627 6.67524e+06 1.54345e+07
-0.28608 -226092 1.11128e+07 1.28521e+07 226092 6.6872e+06 1.54753e+07
-0.282335 -201999 1.10475e+07 1.26928e+07 201999 6.75255e+06 1.47981e+07
-0.277278 -170276 1.09665e+07 1.25479e+07 170276 6.8335e+06 1.39066e+07
-0.272162 -137962 1.08846e+07 1.24032e+07 137962 6.91538e+06 1.30032e+07
-0.270517 -142161 1.09121e+07 1.22688e+07 142161 6.88793e+06 1.3489e+07
-0.269206 -149019 1.09472e+07 1.21429e+07 149019 6.85277e+06 1.40649e+07
-0.268556 -161928 1.09839e+07 1.20163e+07 161928 6.81613e+06 1.46606e+07
-0.268386 -159905 1.1011e+07 1.20973e+07 159905 6.78901e+06 1.49268e+07
-0.268132 -137108 1.10353e+07 1.23998e+07 137108 6.76468e+06 1.49358e+07
-0.270572 -138702 1.10602e+07 1.26927e+07 138702 6.73984e+06 1.49609e+07
-0.275487 -157008 1.10853e+07 1.29829e+07 157008 6.71471e+06 1.49924e+07
-0.279828 -180397 1.11015e+07 1.31558e+07 180397 6.69852e+06 1.50267e+07
-0.281352 -191742 1.11059e+07 1.31788e+07 191742 6.69413e+06 1.50599e+07
-0.281781 -193344 1.111e+07 1.32015e+07 193344 6.68996e+06 1.50907e+07
-0.282209 -194945 1.11142e+07 1.32242e+07 194945 6.68578e+06 1.51214e+07
-0.279716 -167352 1.10712e+07 1.32526e+07 167352 6.72878e+06 1.45426e+07
-0.277059 -132415 1.10211e+07 1.32864e+07 132415 6.77894e+06 1.38666e+07
-0.274894 -91346.4 1.09873e+07 1.33266e+07 91346.4 6.81268e+06 1.33945e+07
-0.273254 -55469.8 1.09641e+07 1.33662e+07 55469.8 6.83591e+06 1.30575e+07
-0.271607 -19533.7 1.09408e+07 1.34058e+07 19533.7 6.85922e+06 1.27194e+07
-0.271398 2403.62 1.09406e+07 1.3444e+07 -2403.62 6.85944e+06 1.26784e+07
-0.274183 -6409.87 1.09898e+07 1.34788e+07 6409.87 6.81024e+06 1.32735e+07
-0.275933 -22252.7 1.10316e+07 1.34393e+07 22252.7 6.76836e+06 1.38492e+07
-0.277782 -43317.4 1.10703e+07 1.33548e+07 43317.4 6.72971e+06 1.44284e+07
-0.278223 -49609.5 1.10807e+07 1.3291e+07 49609.5 6.71928e+06 1.46257e+07
-0.277832 -47514.2 1.10786e+07 1.32363e+07 47514.2 6.72135e+06 1.46539e+07
-0.27745 -45510.6 1.10767e+07 1.31815e+07 45510.6 6.72329e+06 1.46839e+07
-0.278542 -55460.2 1.10561e+07 1.31367e+07 55460.2 6.74385e+06 1.44655e+07
-0.235686 -88893.1 1.07406e+07 1.09519e+07 88893.1 7.05939e+06 1.26109e+07
-0.199149 -109142 1.04707e+07 9.12746e+06 109142 7.32931e+06 1.09799e+07
-0.166125 -125015 1.0226e+07 7.49112e+06 125015 7.57399e+06 9.48401e+06
-0.136115 -138919 1.00037e+07 6.00617e+06 138919 7.79626e+06 8.12343e+06
-0.109271 -151890 9.80452e+06 4.67665e+06 151890 7.99548e+06 6.90263e+06
-0.0856635 -163142 9.62893e+06 3.50906e+06 163142 8.17107e+06 5.82244e+06
-0.0652401 -173153 9.47573e+06 2.49161e+06 173153 8.32427e+06 4.87865e+06
-0.0478508 -181789 9.34396e+06 1.61986e+06 181789 8.45604e+06 4.06354e+06
-0.0331426 -189585 9.23148e+06 874282 189585 8.56852e+06 3.36926e+06
-0.0207692 -195067 9.13643e+06 251101 195067 8.66357e+06 2.77554e+06
-0.0103495 -199759 9.05681e+06 -273668 199759 8.74319e+06 2.28115e+06
-0.00172036 -205576 8.99018e+06 -719704 205576 8.80982e+06 1.87411e+06
0.00528112 -211209 8.93464e+06 -1.09245e+06 211209 8.86536e+06 1.53595e+06
0.0110782 -215504 8.88817e+06 -1.39681e+06 215504 8.91183e+06 1.24535e+06
0.0159747 -219340 8.84852e+06 -1.65536e+06 219340 8.95148e+06 996278
0.0201477 -222890 8.81414e+06 -1.87874e+06 222890 8.98586e+06 779559
0.0237689 -226149 8.78448e+06 -2.07244e+06 226149 9.01552e+06 593589
0.0269734 -228855 8.75819e+06 -2.24237e+06 228855 9.04181e+06 427017
0.0302655 -235480 8.72766e+06 -2.48562e+06 235480 9.07234e+06 279365
0.0336988 -246098 8.69296e+06 -2.79926e+06 246098 9.10704e+06 148801
0.0367445 -255168 8.66242e+06 -3.07398e+06 255168 9.13758e+06 32601.2
0.0394621 -262886 8.63548e+06 -3.31484e+06 262886 9.16452e+06 -71496.3
0.0419632 -270037 8.61047e+06 -3.53856e+06 270037 9.18953e+06 -167876
0.0442062 -276342 8.58794e+06 -3.73686e+06 276342 9.21206e+06 -257979
0.0463097 -282199 8.56669e+06 -3.92402e+06 282199 9.23331e+06 -342951
0.0482456 -287149 8.54711e+06 -4.0935e+06 287149 9.25289e+06 -424118
0.0505143 -295698 8.52845e+06 -4.25564e+06 295698 9.27155e+06 -500814
0.0530659 -307321 8.51057e+06 -4.41178e+06 307321 9.28943e+06 -573569
0.0553405 -316724 8.49509e+06 -4.53911e+06 316724 9.30491e+06 -644419
0.0578434 -319638 8.47442e+06 -4.63555e+06 319638 9.32558e+06 -812608
0.0604511 -320668 8.45144e+06 -4.72788e+06 320668 9.34856e+06 -1.01444e+06
0.0642037 -308955 8.42845e+06 -4.81603e+06 308955 9.37155e+06 -1.22058e+06
0.0679174 -296220 8.40631e+06 -4.8978e+06 296220 9.39369e+06 -1.42226e+06
0.0715337 -283491 8.38492e+06 -4.97441e+06 283491 9.41508e+06 -1.6194e+06
0.0749871 -271130 8.36492e+06 -5.04768e+06 271130 9.43508e+06 -1.80218e+06
0.0780202 -257512 8.34665e+06 -5.11123e+06 257512 9.45335e+06 -1.97256e+06
0.0800216 -250692 8.33013e+06 -5.16918e+06 250692 9.46987e+06 -2.12615e+06
0.0814479 -248558 8.315e+06 -5.22472e+06 248558 9.485e+06 -2.26423e+06
0.0824941 -248628 8.30466e+06 -5.27212e+06 248628 9.49534e+06 -2.34923e+06
0.083338 -248600 8.29616e+06 -5.31495e+06 248600 9.50384e+06 -2.41519e+06
0.0841621 -248738 8.28804e+06 -5.35632e+06 248738 9.51196e+06 -2.47777e+06
0.0849658 -248827 8.2801e+06 -5.39639e+06 248827 9.5199e+06 -2.53931e+06
0.0857059 -248444 8.27229e+06 -5.43545e+06 248444 9.52771e+06 -2.60022e+06
0.0864279 -248015 8.26464e+06 -5.47343e+06 248015 9.53536e+06 -2.66023e+06
0.0869857 -245875 8.25924e+06 -5.48077e+06 245875 9.54076e+06 -2.72198e+06
0.0876585 -245673 8.25197e+06 -5.52056e+06 245673 9.54803e+06 -2.77526e+06
0.0901156 -264524 8.21693e+06 -5.93326e+06 264524 9.58307e+06 -2.81116e+06
0.09172 -274565 8.19492e+06 -6.17348e+06 274565 9.60508e+06 -2.85275e+06
0.0928163 -280355 8.17929e+06 -6.33845e+06 280355 9.62071e+06 -2.88775e+06
0.094762 -275763 8.16711e+06 -6.46262e+06 275763 9.63289e+06 -2.91955e+06
0.0977324 -274991 8.15581e+06 -6.57588e+06 274991 9.64419e+06 -2.95097e+06
0.100539 -273218 8.14505e+06 -6.68245e+06 273218 9.65495e+06 -2.98217e+06
0.103159 -270064 8.13591e+06 -6.7679e+06 270064 9.66409e+06 -3.01368e+06
0.106871 -255365 8.1094e+06 -6.84698e+06 255365 9.6906e+06 -3.27397e+06
0.109492 -250220 8.08352e+06 -6.92529e+06 250220 9.71648e+06 -3.52694e+06
0.111502 -249282 8.05951e+06 -6.99791e+06 249282 9.74049e+06 -3.76176e+06
0.11321 -246995 8.03895e+06 -7.03896e+06 246995 9.76105e+06 -3.98385e+06
0.114686 -244152 8.01979e+06 -7.07963e+06 244152 9.78021e+06 -4.18854e+06
0.115885 -240050 8.00184e+06 -7.11847e+06 240050 9.79816e+06 -4.37938e+06
0.116829 -237318 7.9875e+06 -7.15355e+06 237318 9.8125e+06 -4.52798e+06
0.117245 -239182 7.98157e+06 -7.18849e+06 239182 9.81843e+06 -4.56896e+06
0.117569 -241787 7.97708e+06 -7.22302e+06 241787 9.82292e+06 -4.59189e+06
0.117848 -244430 7.97432e+06 -7.25752e+06 244430 9.82568e+06 -4.59268e+06
0.118122 -246422 7.97158e+06 -7.292e+06 246422 9.82842e+06 -4.5933e+06
0.118368 -248133 7.96926e+06 -7.32092e+06 248133 9.83074e+06 -4.59402e+06
0.118715 -248424 7.96715e+06 -7.34732e+06 248424 9.83285e+06 -4.59471e+06
0.120015 -237915 7.96499e+06 -7.37433e+06 237915 9.83501e+06 -4.59537e+06
0.121295 -227444 7.96284e+06 -7.40129e+06 227444 9.83716e+06 -4.59585e+06
0.122742 -218798 7.96073e+06 -7.42798e+06 218798 9.83927e+06 -4.59615e+06
0.125137 -204784 7.94389e+06 -7.45584e+06 204784 9.85611e+06 -4.78388e+06
0.127046 -203883 7.92368e+06 -7.48436e+06 203883 9.87632e+06 -5.01407e+06
0.128793 -202386 7.90427e+06 -7.51251e+06 202386 9.89573e+06 -5.23449e+06
0.130411 -201243 7.88638e+06 -7.53841e+06 201243 9.91362e+06 -5.43755e+06
0.131918 -199922 7.87029e+06 -7.56156e+06 199922 9.92971e+06 -5.62043e+06
0.133839 -200563 7.84992e+06 -7.65396e+06 200563 9.95008e+06 -5.78872e+06
0.135076 -202317 7.83481e+06 -7.76084e+06 202317 9.96519e+06 -5.87527e+06
0.135726 -205583 7.82756e+06 -7.84523e+06 205583 9.97244e+06 -5.88376e+06
0.136649 -207180 7.8204e+06 -7.92983e+06 207180 9.9796e+06 -5.89075e+06
0.137333 -210761 7.81749e+06 -8.01336e+06 210761 9.98251e+06 -5.84456e+06
0.138332 -211548 7.81463e+06 -8.09703e+06 211548 9.98537e+06 -5.79746e+06
0.140001 -206391 7.81189e+06 -8.18114e+06 206391 9.98811e+06 -5.74842e+06
0.141692 -202133 7.80913e+06 -8.26573e+06 202133 9.99087e+06 -5.69921e+06
0.142776 -203141 7.80683e+06 -8.33801e+06 203141 9.99317e+06 -5.65638e+06
0.143528 -206901 7.80454e+06 -8.40816e+06 206901 9.99546e+06 -5.61545e+06
0.144452 -209103 7.7995e+06 -8.47804e+06 209103 1.00005e+07 -5.61016e+06
0.146317 -202147 7.77979e+06 -8.53875e+06 202147 1.00202e+07 -5.80172e+06
0.148171 -195221 7.76024e+06 -8.59882e+06 195221 1.00398e+07 -5.99201e+06
0.1499 -187135 7.7426e+06 -8.6345e+06 187135 1.00574e+07 -6.18216e+06
0.151603 -179040 7.72529e+06 -8.66795e+06 179040 1.00747e+07 -6.37021e+06
0.152013 -182439 7.72794e+06 -8.70315e+06 182439 1.00721e+07 -6.30111e+06
0.152268 -187217 7.7329e+06 -8.73855e+06 187217 1.00671e+07 -6.20216e+06
0.15284 -194869 7.73781e+06 -8.77457e+06 194869 1.00622e+07 -6.10339e+06
0.153903 -199881 7.74323e+06 -8.80199e+06 199881 1.00568e+07 -6.00652e+06
0.155253 -200190 7.74895e+06 -8.82701e+06 200190 1.00511e+07 -5.90832e+06
0.156489 -201358 7.75402e+06 -8.85209e+06 201358 1.0046e+07 -5.81835e+06
0.157648 -201126 7.75813e+06 -8.87702e+06 201126 1.00419e+07 -5.74072e+06
0.158559 -199150 7.75226e+06 -8.90146e+06 199150 1.00477e+07 -5.79143e+06
0.160377 -189022 7.73224e+06 -8.92573e+06 189022 1.00678e+07 -6.02355e+06
0.162257 -178327 7.71118e+06 -8.95001e+06 178327 1.00888e+07 -6.26879e+06
0.16347 -173624 7.70043e+06 -8.97441e+06 173624 1.00996e+07 -6.38202e+06
