-6.59516e-18 5.61121e-05 -0.00211603 -0.00182803 -5.61121e-05 -0.00211603 0.00182803
0.0890852 0.0110289 -0.00196107 -0.00204686 0.0109167 -0.00227099 0.0016092
0.17817 0.0220018 -0.00180611 -0.00226569 0.0218895 -0.00242596 0.00139037
0.267256 0.0329746 -0.00165115 -0.00248452 0.0328624 -0.00258092 0.00117153
0.356341 0.0439474 -0.00149619 -0.00270336 0.0438352 -0.00273588 0.000952703
0.445426 0.0549202 -0.00134123 -0.00292219 0.054808 -0.00289084 0.000733872
0.356341 0.0439474 -0.00149619 -0.00270336 0.0438352 -0.00273588 0.000952703
0.267256 0.0329746 -0.00165115 -0.00248452 0.0328624 -0.00258092 0.00117153
0.17817 0.0220018 -0.00180611 -0.00226569 0.0218895 -0.00242596 0.00139037
0.0890852 0.0110289 -0.00196107 -0.00204686 0.0109167 -0.00227099 0.0016092
2.62952e-17 5.61121e-05 -0.00211603 -0.00182803 -5.61121e-05 -0.00211603 0.00182803
-0.0890852 -0.0109167 -0.00227099 -0.0016092 -0.0110289 -0.00196107 0.00204686
-0.17817 -0.0218895 -0.00242596 -0.00139037 -0.0220018 -0.00180611 0.00226569
-0.267256 -0.0328624 -0.00258092 -0.00117153 -0.0329746 -0.00165115 0.00248452
-0.356341 -0.0438352 -0.00273588 -0.000952703 -0.0439474 -0.00149619 0.00270336
-0.445426 -0.054808 -0.00289084 -0.000733872 -0.0549202 -0.00134123 0.00292219
-0.356341 -0.0438352 -0.00273588 -0.000952703 -0.0439474 -0.00149619 0.00270336
-0.267256 -0.0328624 -0.00258092 -0.00117153 -0.0329746 -0.00165115 0.00248452
-0.17817 -0.0218895 -0.00242596 -0.00139037 -0.0220018 -0.00180611 0.00226569
-0.0890852 -0.0109167 -0.00227099 -0.0016092 -0.0110289 -0.00196107 0.00204686
-2.54435e-17 5.61121e-05 -0.00211603 -0.00182803 -5.61121e-05 -0.00211603 0.00182803
-2.40309e-17 5.61121e-05 -0.00211603 -0.00182803 -5.61121e-05 -0.00211603 0.00182803
0.0890852 0.0110289 -0.00196107 -0.00204686 0.0109167 -0.00227099 0.0016092
0.17817 0.0220018 -0.00180611 -0.00226569 0.0218895 -0.00242596 0.00139037
0.267256 0.0329746 -0.00165115 -0.00248452 0.0328624 -0.00258092 0.00117153
0.356341 0.0439474 -0.00149619 -0.00270336 0.0438352 -0.00273588 0.000952703
0.445426 0.0549202 -0.00134123 -0.00292219 0.054808 -0.00289084 0.000733872
0.534511 0.065893 -0.00118627 -0.00314102 0.0657808 -0.0030458 0.00051504
0.623597 0.0768659 -0.00103131 -0.00335985 0.0767536 -0.00320076 0.000296209
0.712682 0.0878387 -0.000876348 -0.00357868 0.0877265 -0.00335572 7.73775e-05
0.801767 0.0988115 -0.000721388 -0.00379751 0.0986993 -0.00351068 -0.000141454
0.890852 0.109784 -0.000566427 -0.00401634 0.109672 -0.00366564 -0.000360285
0.801767 0.0988115 -0.000721388 -0.00379751 0.0986993 -0.00351068 -0.000141454
0.712682 0.0878387 -0.000876348 -0.00357868 0.0877265 -0.00335572 7.73775e-05
0.623597 0.0768659 -0.00103131 -0.00335985 0.0767536 -0.00320076 0.000296209
0.534511 0.065893 -0.00118627 -0.00314102 0.0657808 -0.0030458 0.00051504
0.445426 0.0549202 -0.00134123 -0.00292219 0.054808 -0.00289084 0.000733872
0.356341 0.0439474 -0.00149619 -0.00270336 0.0438352 -0.00273588 0.000952703
0.267256 0.0329746 -0.00165115 -0.00248452 0.0328624 -0.00258092 0.00117153
0.17817 0.0220018 -0.00180611 -0.00226569 0.0218895 -0.00242596 0.00139037
0.0890852 0.0110289 -0.00196107 -0.00204686 0.0109167 -0.00227099 0.0016092
-2.2911e-17 5.61121e-05 -0.00211603 -0.00182803 -5.61121e-05 -0.00211603 0.00182803
-0.0890852 -0.0109167 -0.00227099 -0.0016092 -0.0110289 -0.00196107 0.00204686
-0.17817 -0.0218895 -0.00242596 -0.00139037 -0.0220018 -0.00180611 0.00226569
-0.267256 -0.0328624 -0.00258092 -0.00117153 -0.0329746 -0.00165115 0.00248452
-0.356341 -0.0438352 -0.00273588 -0.000952703 -0.0439474 -0.00149619 0.00270336
-0.445426 -0.054808 -0.00289084 -0.000733872 -0.0549202 -0.00134123 0.00292219
-0.534511 -0.0657808 -0.0030458 -0.00051504 -0.065893 -0.00118627 0.00314102
-0.623597 -0.0767536 -0.00320076 -0.000296209 -0.0768659 -0.00103131 0.00335985
-0.712682 -0.0877265 -0.00335572 -7.73775e-05 -0.0878387 -0.000876348 0.00357868
-0.801767 -0.0986993 -0.00351068 0.000141454 -0.0988115 -0.000721388 0.00379751
-0.890852 -0.109672 -0.00366564 0.000360285 -0.109784 -0.000566427 0.00401634
-0.801767 -0.0986993 -0.00351068 0.000141454 -0.0988115 -0.000721388 0.00379751
-0.712682 -0.0877265 -0.00335572 -7.73775e-05 -0.0878387 -0.000876348 0.00357868
-0.623597 -0.0767536 -0.00320076 -0.000296209 -0.0768659 -0.00103131 0.00335985
-0.534511 -0.0657808 -0.0030458 -0.00051504 -0.065893 -0.00118627 0.00314102
-0.445426 -0.054808 -0.00289084 -0.000733872 -0.0549202 -0.00134123 0.00292219
-0.356341 -0.0438352 -0.00273588 -0.000952703 -0.0439474 -0.00149619 0.00270336
-0.267256 -0.0328624 -0.00258092 -0.00117153 -0.0329746 -0.00165115 0.00248452
-0.17817 -0.0218895 -0.00242596 -0.00139037 -0.0220018 -0.00180611 0.00226569
-0.0890852 -0.0109167 -0.00227099 -0.0016092 -0.0110289 -0.00196107 0.00204686
-9.56079e-17 5.61121e-05 -0.00211603 -0.00182803 -5.61121e-05 -0.00211603 0.00182803
-8.80884e-17 5.61121e-05 -0.00211603 -0.00182803 -5.61121e-05 -0.00211603 0.00182803
0.0890852 0.0110289 -0.00196107 -0.00204686 0.0109167 -0.00227099 0.0016092
0.17817 0.0220018 -0.00180611 -0.00226569 0.0218895 -0.00242596 0.00139037
0.267256 0.0329746 -0.00165115 -0.00248452 0.0328624 -0.00258092 0.00117153
0.356341 0.0439474 -0.00149619 -0.00270336 0.0438352 -0.00273588 0.000952703
0.445426 0.0549202 -0.00134123 -0.00292219 0.054808 -0.00289084 0.000733872
0.534511 0.065893 -0.00118627 -0.00314102 0.0657808 -0.0030458 0.00051504
0.623597 0.0768659 -0.00103131 -0.00335985 0.0767536 -0.00320076 0.000296209
0.712682 0.0878387 -0.000876348 -0.00357868 0.0877265 -0.00335572 7.73775e-05
0.801767 0.0988115 -0.000721388 -0.00379751 0.0986993 -0.00351068 -0.000141454
0.890852 0.109784 -0.000566427 -0.00401634 0.109672 -0.00366564 -0.000360285
0.979938 0.120757 -0.000411466 -0.00423518 0.120645 -0.0038206 -0.000579117
1.06902 0.13173 -0.000256506 -0.00445401 0.131618 -0.00397556 -0.000797948
1.15811 0.142703 -0.000101545 -0.00467284 0.142591 -0.00413052 -0.00101678
1.24719 0.153676 5.34159e-05 -0.00489167 0.153563 -0.00428548 -0.00123561
1.33628 0.164648 0.000208377 -0.0051105 0.164536 -0.00444044 -0.00145444
1.42536 0.175621 0.000363337 -0.00532933 0.175509 -0.0045954 -0.00167327
1.51445 0.186594 0.000518298 -0.00554816 0.186482 -0.00475037 -0.00189211
1.60353 0.197567 0.000673259 -0.005767 0.197455 -0.00490533 -0.00211094
1.69262 0.20854 0.000828219 -0.00598583 0.208428 -0.00506029 -0.00232977
1.7817 0.219513 0.00098318 -0.00620466 0.2194 -0.00521525 -0.0025486
1.87079 0.230485 0.00113814 -0.00642349 0.230373 -0.00537021 -0.00276743
1.95988 0.241458 0.0012931 -0.00664232 0.241346 -0.00552517 -0.00298626
2.04896 0.252431 0.00144806 -0.00686115 0.252319 -0.00568013 -0.00320509
2.13805 0.263404 0.00160302 -0.00707999 0.263292 -0.00583509 -0.00342393
2.22713 0.274377 0.00175798 -0.00729882 0.274264 -0.00599005 -0.00364276
2.31622 0.285349 0.00191294 -0.00751765 0.285237 -0.00614501 -0.00386159
2.4053 0.296322 0.0020679 -0.00773648 0.29621 -0.00629997 -0.00408042
2.49439 0.307295 0.00222287 -0.00795531 0.307183 -0.00645493 -0.00429925
2.58347 0.318268 0.00237783 -0.00817414 0.318156 -0.00660989 -0.00451808
2.67256 0.329241 0.00253279 -0.00839297 0.329129 -0.00676485 -0.00473692
2.76164 0.340214 0.00268775 -0.00861181 0.340101 -0.00691982 -0.00495575
2.85073 0.351186 0.00284271 -0.00883064 0.351074 -0.00707478 -0.00517458
2.93981 0.362159 0.00299767 -0.00904947 0.362047 -0.00722974 -0.00539341
3.0289 0.373132 0.00315263 -0.0092683 0.37302 -0.0073847 -0.00561224
3.11798 0.384105 0.00330759 -0.00948713 0.383993 -0.00753966 -0.00583107
3.0289 0.373132 0.00315263 -0.0092683 0.37302 -0.0073847 -0.00561224
2.93981 0.362159 0.00299767 -0.00904947 0.362047 -0.00722974 -0.00539341
2.85073 0.351186 0.00284271 -0.00883064 0.351074 -0.00707478 -0.00517458
2.76164 0.340214 0.00268775 -0.00861181 0.340101 -0.00691982 -0.00495575
2.67256 0.329241 0.00253279 -0.00839297 0.329129 -0.00676485 -0.00473692
2.58347 0.318268 0.00237783 -0.00817414 0.318156 -0.00660989 -0.00451808
2.49439 0.307295 0.00222287 -0.00795531 0.307183 -0.00645493 -0.00429925
2.4053 0.296322 0.0020679 -0.00773648 0.29621 -0.00629997 -0.00408042
2.31622 0.285349 0.00191294 -0.00751765 0.285237 -0.00614501 -0.00386159
2.22713 0.274377 0.00175798 -0.00729882 0.274264 -0.00599005 -0.00364276
2.13805 0.263404 0.00160302 -0.00707999 0.263292 -0.00583509 -0.00342393
2.04896 0.252431 0.00144806 -0.00686115 0.252319 -0.00568013 -0.00320509
1.95988 0.241458 0.0012931 -0.00664232 0.241346 -0.00552517 -0.00298626
1.87079 0.230485 0.00113814 -0.00642349 0.230373 -0.00537021 -0.00276743
1.7817 0.219513 0.00098318 -0.00620466 0.2194 -0.00521525 -0.0025486
1.69262 0.20854 0.000828219 -0.00598583 0.208428 -0.00506029 -0.00232977
1.60353 0.197567 0.000673259 -0.005767 0.197455 -0.00490533 -0.00211094
1.51445 0.186594 0.000518298 -0.00554816 0.186482 -0.00475037 -0.00189211
1.42536 0.175621 0.000363337 -0.00532933 0.175509 -0.0045954 -0.00167327
1.33628 0.164648 0.000208377 -0.0051105 0.164536 -0.00444044 -0.00145444
1.24719 0.153676 5.34159e-05 -0.00489167 0.153563 -0.00428548 -0.00123561
1.15811 0.142703 -0.000101545 -0.00467284 0.142591 -0.00413052 -0.00101678
1.06902 0.13173 -0.000256506 -0.00445401 0.131618 -0.00397556 -0.000797948
0.979938 0.120757 -0.000411466 -0.00423518 0.120645 -0.0038206 -0.000579117
0.890852 0.109784 -0.000566427 -0.00401634 0.109672 -0.00366564 -0.000360285
0.801767 0.0988115 -0.000721388 -0.00379751 0.0986993 -0.00351068 -0.000141454
0.712682 0.0878387 -0.000876348 -0.00357868 0.0877265 -0.00335572 7.73775e-05
0.623597 0.0768659 -0.00103131 -0.00335985 0.0767536 -0.00320076 0.000296209
0.534511 0.065893 -0.00118627 -0.00314102 0.0657808 -0.0030458 0.00051504
0.445426 0.0549202 -0.00134123 -0.00292219 0.054808 -0.00289084 0.000733872
0.356341 0.0439474 -0.00149619 -0.00270336 0.0438352 -0.00273588 0.000952703
0.267256 0.0329746 -0.00165115 -0.00248452 0.0328624 -0.00258092 0.00117153
0.17817 0.0220018 -0.00180611 -0.00226569 0.0218895 -0.00242596 0.00139037
0.0890852 0.0110289 -0.00196107 -0.00204686 0.0109167 -0.00227099 0.0016092
4.31785e-16 5.61121e-05 -0.00211603 -0.00182803 -5.61121e-05 -0.00211603 0.00182803
-0.0890852 -0.0109167 -0.00227099 -0.0016092 -0.0110289 -0.00196107 0.00204686
-0.17817 -0.0218895 -0.00242596 -0.00139037 -0.0220018 -0.00180611 0.00226569
-0.267256 -0.0328624 -0.00258092 -0.00117153 -0.0329746 -0.00165115 0.00248452
-0.356341 -0.0438352 -0.00273588 -0.000952703 -0.0439474 -0.00149619 0.00270336
-0.445426 -0.054808 -0.00289084 -0.000733872 -0.0549202 -0.00134123 0.00292219
-0.534511 -0.0657808 -0.0030458 -0.00051504 -0.065893 -0.00118627 0.00314102
-0.623597 -0.0767536 -0.00320076 -0.000296209 -0.0768659 -0.00103131 0.00335985
-0.712682 -0.0877265 -0.00335572 -7.73775e-05 -0.0878387 -0.000876348 0.00357868
-0.801767 -0.0986993 -0.00351068 0.000141454 -0.0988115 -0.000721388 0.00379751
-0.890852 -0.109672 -0.00366564 0.000360285 -0.109784 -0.000566427 0.00401634
-0.979938 -0.120645 -0.0038206 0.000579117 -0.120757 -0.000411466 0.00423518
-1.06902 -0.131618 -0.00397556 0.000797948 -0.13173 -0.000256506 0.00445401
-1.15811 -0.142591 -0.00413052 0.00101678 -0.142703 -0.000101545 0.00467284
-1.24719 -0.153563 -0.00428548 0.00123561 -0.153676 5.34159e-05 0.00489167
-1.33628 -0.164536 -0.00444044 0.00145444 -0.164648 0.000208377 0.0051105
-1.42536 -0.175509 -0.0045954 0.00167327 -0.175621 0.000363337 0.00532933
-1.51445 -0.186482 -0.00475037 0.00189211 -0.186594 0.000518298 0.00554816
-1.60353 -0.197455 -0.00490533 0.00211094 -0.197567 0.000673259 0.005767
-1.69262 -0.208428 -0.00506029 0.00232977 -0.20854 0.000828219 0.00598583
-1.7817 -0.2194 -0.00521525 0.0025486 -0.219513 0.00098318 0.00620466
-1.87079 -0.230373 -0.00537021 0.00276743 -0.230485 0.00113814 0.00642349
-1.95988 -0.241346 -0.00552517 0.00298626 -0.241458 0.0012931 0.00664232
-2.04896 -0.252319 -0.00568013 0.00320509 -0.252431 0.00144806 0.00686115
-2.13805 -0.263292 -0.00583509 0.00342393 -0.263404 0.00160302 0.00707999
-2.22713 -0.274264 -0.00599005 0.00364276 -0.274377 0.00175798 0.00729882
-2.31622 -0.285237 -0.00614501 0.00386159 -0.285349 0.00191294 0.00751765
-2.4053 -0.29621 -0.00629997 0.00408042 -0.296322 0.0020679 0.00773648
-2.49439 -0.307183 -0.00645493 0.00429925 -0.307295 0.00222287 0.00795531
-2.58347 -0.318156 -0.00660989 0.00451808 -0.318268 0.00237783 0.00817414
-2.67256 -0.329129 -0.00676485 0.00473692 -0.329241 0.00253279 0.00839297
-2.76164 -0.340101 -0.00691982 0.00495575 -0.340214 0.00268775 0.00861181
-2.85073 -0.351074 -0.00707478 0.00517458 -0.351186 0.00284271 0.00883064
-2.93981 -0.362047 -0.00722974 0.00539341 -0.362159 0.00299767 0.00904947
-3.0289 -0.37302 -0.0073847 0.00561224 -0.373132 0.00315263 0.0092683
-3.11798 -0.383993 -0.00753966 0.00583107 -0.384105 0.00330759 0.00948713
-3.0289 -0.37302 -0.0073847 0.00561224 -0.373132 0.00315263 0.0092683
-2.93981 -0.362047 -0.00722974 0.00539341 -0.362159 0.00299767 0.00904947
-2.85073 -0.351074 -0.00707478 0.00517458 -0.351186 0.00284271 0.00883064
-2.76164 -0.340101 -0.00691982 0.00495575 -0.340214 0.00268775 0.00861181
-2.67256 -0.329129 -0.00676485 0.00473692 -0.329241 0.00253279 0.00839297
-2.58347 -0.318156 -0.00660989 0.00451808 -0.318268 0.00237783 0.00817414
-2.49439 -0.307183 -0.00645493 0.00429925 -0.307295 0.00222287 0.00795531
-2.4053 -0.29621 -0.00629997 0.00408042 -0.296322 0.0020679 0.00773648
-2.31622 -0.285237 -0.00614501 0.00386159 -0.285349 0.00191294 0.00751765
-2.22713 -0.274264 -0.00599005 0.00364276 -0.274377 0.00175798 0.00729882
-2.13805 -0.263292 -0.00583509 0.00342393 -0.263404 0.00160302 0.00707999
-2.04896 -0.252319 -0.00568013 0.00320509 -0.252431 0.00144806 0.00686115
-1.95988 -0.241346 -0.00552517 0.00298626 -0.241458 0.0012931 0.00664232
-1.87079 -0.230373 -0.00537021 0.00276743 -0.230485 0.00113814 0.00642349
-1.7817 -0.2194 -0.00521525 0.0025486 -0.219513 0.00098318 0.00620466
-1.69262 -0.208428 -0.00506029 0.00232977 -0.20854 0.000828219 0.00598583
-1.60353 -0.197455 -0.00490533 0.00211094 -0.197567 0.000673259 0.005767
-1.51445 -0.186482 -0.00475037 0.00189211 -0.186594 0.000518298 0.00554816
-1.42536 -0.175509 -0.0045954 0.00167327 -0.175621 0.000363337 0.00532933
-1.33628 -0.164536 -0.00444044 0.00145444 -0.164648 0.000208377 0.0051105
-1.24719 -0.153563 -0.00428548 0.00123561 -0.153676 5.34159e-05 0.00489167
-1.15811 -0.142591 -0.00413052 0.00101678 -0.142703 -0.000101545 0.00467284
-1.06902 -0.131618 -0.00397556 0.000797948 -0.13173 -0.000256506 0.00445401
-0.979938 -0.120645 -0.0038206 0.000579117 -0.120757 -0.000411466 0.00423518
-0.890852 -0.109672 -0.00366564 0.000360285 -0.109784 -0.000566427 0.00401634
-0.801767 -0.0986993 -0.00351068 0.000141454 -0.0988115 -0.000721388 0.00379751
-0.712682 -0.0877265 -0.00335572 -7.73775e-05 -0.0878387 -0.000876348 0.00357868
-0.623597 -0.0767536 -0.00320076 -0.000296209 -0.0768659 -0.00103131 0.00335985
-0.534511 -0.0657808 -0.0030458 -0.00051504 -0.065893 -0.00118627 0.00314102
-0.445426 -0.054808 -0.00289084 -0.000733872 -0.0549202 -0.00134123 0.00292219
-0.356341 -0.0438352 -0.00273588 -0.000952703 -0.0439474 -0.00149619 0.00270336
-0.267256 -0.0328624 -0.00258092 -0.00117153 -0.0329746 -0.00165115 0.00248452
-0.17817 -0.0218895 -0.00242596 -0.00139037 -0.0220018 -0.00180611 0.00226569
-0.0890852 -0.0109167 -0.00227099 -0.0016092 -0.0110289 -0.00196107 0.00204686
1.57818e-16 5.61121e-05 -0.00211603 -0.00182803 -5.61121e-05 -0.00211603 0.00182803
1.62603e-16 5.61121e-05 -0.00211603 -0.00182803 -5.61121e-05 -0.00211603 0.00182803
0.0890852 0.0110289 -0.00196107 -0.00204686 0.0109167 -0.00227099 0.0016092
0.17817 0.0220018 -0.00180611 -0.00226569 0.0218895 -0.00242596 0.00139037
0.267256 0.0329746 -0.00165115 -0.00248452 0.0328624 -0.00258092 0.00117153
0.356341 0.0439474 -0.00149619 -0.00270336 0.0438352 -0.00273588 0.000952703
0.445426 0.0549202 -0.00134123 -0.00292219 0.054808 -0.00289084 0.000733872
0.534511 0.065893 -0.00118627 -0.00314102 0.0657808 -0.0030458 0.00051504
0.623597 0.0768659 -0.00103131 -0.00335985 0.0767536 -0.00320076 0.000296209
0.712682 0.0878387 -0.000876348 -0.00357868 0.0877265 -0.00335572 7.73775e-05
0.801767 0.0988115 -0.000721388 -0.00379751 0.0986993 -0.00351068 -0.000141454
0.890852 0.109784 -0.000566427 -0.00401634 0.109672 -0.00366564 -0.000360285
0.979938 0.120757 -0.000411466 -0.00423518 0.120645 -0.0038206 -0.000579117
1.06902 0.13173 -0.000256506 -0.00445401 0.131618 -0.00397556 -0.000797948
1.15811 0.142703 -0.000101545 -0.00467284 0.142591 -0.00413052 -0.00101678
1.24719 0.153676 5.34159e-05 -0.00489167 0.153563 -0.00428548 -0.00123561
1.33628 0.164648 0.000208377 -0.0051105 0.164536 -0.00444044 -0.00145444
1.42536 0.175621 0.000363337 -0.00532933 0.175509 -0.0045954 -0.00167327
1.51445 0.186594 0.000518298 -0.00554816 0.186482 -0.00475037 -0.00189211
1.60353 0.197567 0.000673259 -0.005767 0.197455 -0.00490533 -0.00211094
1.69262 0.20854 0.000828219 -0.00598583 0.208428 -0.00506029 -0.00232977
1.7817 0.219513 0.00098318 -0.00620466 0.2194 -0.00521525 -0.0025486
1.87079 0.230485 0.00113814 -0.00642349 0.230373 -0.00537021 -0.00276743
1.95988 0.241458 0.0012931 -0.00664232 0.241346 -0.00552517 -0.00298626
2.04896 0.252431 0.00144806 -0.00686115 0.252319 -0.00568013 -0.00320509
2.13805 0.263404 0.00160302 -0.00707999 0.263292 -0.00583509 -0.00342393
2.22713 0.274377 0.00175798 -0.00729882 0.274264 -0.00599005 -0.00364276
2.31622 0.285349 0.00191294 -0.00751765 0.285237 -0.00614501 -0.00386159
2.4053 0.296322 0.0020679 -0.00773648 0.29621 -0.00629997 -0.00408042
2.49439 0.307295 0.00222287 -0.00795531 0.307183 -0.00645493 -0.00429925
2.58347 0.318268 0.00237783 -0.00817414 0.318156 -0.00660989 -0.00451808
2.67256 0.329241 0.00253279 -0.00839297 0.329129 -0.00676485 -0.00473692
2.76164 0.340214 0.00268775 -0.00861181 0.340101 -0.00691982 -0.00495575
2.85073 0.351186 0.00284271 -0.00883064 0.351074 -0.00707478 -0.00517458
2.93981 0.362159 0.00299767 -0.00904947 0.362047 -0.00722974 -0.00539341
3.0289 0.373132 0.00315263 -0.0092683 0.37302 -0.0073847 -0.00561224
3.11798 0.384105 0.00330759 -0.00948713 0.383993 -0.00753966 -0.00583107
3.20707 0.395078 0.00346255 -0.00970596 0.394965 -0.00769462 -0.0060499
3.29615 0.406051 0.00361751 -0.00992479 0.405938 -0.00784958 -0.00626874
3.38524 0.417023 0.00377247 -0.0101436 0.416911 -0.00800454 -0.00648757
3.47432 0.427996 0.00392743 -0.0103625 0.427884 -0.0081595 -0.0067064
3.56341 0.438969 0.00408239 -0.0105813 0.438857 -0.00831446 -0.00692523
3.65249 0.449942 0.00423735 -0.0108001 0.44983 -0.00846942 -0.00714406
3.74158 0.460915 0.00439232 -0.011019 0.460802 -0.00862438 -0.00736289
3.83067 0.471887 0.00454728 -0.0112378 0.471775 -0.00877934 -0.00758172
3.91975 0.48286 0.00470224 -0.0114566 0.482748 -0.0089343 -0.00780056
4.00884 0.493833 0.0048572 -0.0116754 0.493721 -0.00908926 -0.00801939
4.09792 0.504806 0.00501216 -0.0118943 0.504694 -0.00924423 -0.00823822
4.18701 0.515779 0.00516712 -0.0121131 0.515667 -0.00939919 -0.00845705
4.27609 0.526752 0.00532208 -0.0123319 0.526639 -0.00955415 -0.00867588
4.36518 0.537724 0.00547704 -0.0125508 0.537612 -0.00970911 -0.00889471
4.45426 0.548697 0.005632 -0.0127696 0.548585 -0.00986407 -0.00911354
4.54335 0.55967 0.00578696 -0.0129884 0.559558 -0.010019 -0.00933238
4.63243 0.570643 0.00594192 -0.0132073 0.570531 -0.010174 -0.00955121
4.72152 0.581616 0.00609688 -0.0134261 0.581503 -0.010329 -0.00977004
4.8106 0.592588 0.00625184 -0.0136449 0.592476 -0.0104839 -0.00998887
4.89969 0.603561 0.0064068 -0.0138638 0.603449 -0.0106389 -0.0102077
4.98877 0.614534 0.00656176 -0.0140826 0.614422 -0.0107938 -0.0104265
5.07786 0.625507 0.00671673 -0.0143014 0.625395 -0.0109488 -0.0106454
5.16694 0.63648 0.00687169 -0.0145203 0.636368 -0.0111038 -0.0108642
5.25603 0.647453 0.00702665 -0.0147391 0.64734 -0.0112587 -0.011083
5.34511 0.658425 0.00718161 -0.0149579 0.658313 -0.0114137 -0.0113019
5.4342 0.669398 0.00733657 -0.0151768 0.669286 -0.0115686 -0.0115207
5.52328 0.680371 0.00749153 -0.0153956 0.680259 -0.0117236 -0.0117395
5.61237 0.691344 0.00764649 -0.0156144 0.691232 -0.0118786 -0.0119584
5.70146 0.702317 0.00780145 -0.0158332 0.702204 -0.0120335 -0.0121772
5.79054 0.71329 0.00795641 -0.0160521 0.713177 -0.0121885 -0.012396
5.87963 0.724262 0.00811137 -0.0162709 0.72415 -0.0123434 -0.0126148
5.96871 0.735235 0.00826633 -0.0164897 0.735123 -0.0124984 -0.0128337
6.0578 0.746208 0.00842129 -0.0167086 0.746096 -0.0126534 -0.0130525
6.14688 0.757181 0.00857625 -0.0169274 0.757069 -0.0128083 -0.0132713
6.23597 0.768154 0.00873121 -0.0171462 0.768041 -0.0129633 -0.0134902
6.32505 0.779126 0.00888618 -0.0173651 0.779014 -0.0131182 -0.013709
6.41414 0.790099 0.00904114 -0.0175839 0.789987 -0.0132732 -0.0139278
6.50322 0.801072 0.0091961 -0.0178027 0.80096 -0.0134282 -0.0141467
6.59231 0.812045 0.00935106 -0.0180216 0.811933 -0.0135831 -0.0143655
6.68139 0.823018 0.00950602 -0.0182404 0.822906 -0.0137381 -0.0145843
6.77048 0.833991 0.00966098 -0.0184592 0.833878 -0.013893 -0.0148032
6.85956 0.844963 0.00981594 -0.0186781 0.844851 -0.014048 -0.015022
6.94865 0.855936 0.0099709 -0.0188969 0.855824 -0.014203 -0.0152408
7.03773 0.866909 0.0101259 -0.0191157 0.866797 -0.0143579 -0.0154597
7.12682 0.877882 0.0102808 -0.0193345 0.87777 -0.0145129 -0.0156785
7.2159 0.888855 0.0104358 -0.0195534 0.888742 -0.0146678 -0.0158973
7.30499 0.899828 0.0105907 -0.0197722 0.899715 -0.0148228 -0.0161162
7.39407 0.9108 0.0107457 -0.019991 0.910688 -0.0149778 -0.016335
7.48316 0.921773 0.0109007 -0.0202099 0.921661 -0.0151327 -0.0165538
7.57225 0.932746 0.0110556 -0.0204287 0.932634 -0.0152877 -0.0167726
7.66133 0.943719 0.0112106 -0.0206475 0.943607 -0.0154427 -0.0169915
7.75042 0.954692 0.0113655 -0.0208664 0.954579 -0.0155976 -0.0172103
7.8395 0.965664 0.0115205 -0.0210852 0.965552 -0.0157526 -0.0174291
7.92859 0.976637 0.0116755 -0.021304 0.976525 -0.0159075 -0.017648
8.01767 0.98761 0.0118304 -0.0215229 0.987498 -0.0160625 -0.0178668
8.10676 0.998583 0.0119854 -0.0217417 0.998471 -0.0162175 -0.0180856
8.19584 1.00956 0.0121403 -0.0219605 1.00944 -0.0163724 -0.0183045
8.28493 1.02053 0.0122953 -0.0221794 1.02042 -0.0165274 -0.0185233
8.37401 1.0315 0.0124503 -0.0223982 1.03139 -0.0166823 -0.0187421
8.4631 1.04247 0.0126052 -0.022617 1.04236 -0.0168373 -0.018961
8.55218 1.05345 0.0127602 -0.0228359 1.05333 -0.0169923 -0.0191798
8.64127 1.06442 0.0129152 -0.0230547 1.06431 -0.0171472 -0.0193986
8.73035 1.07539 0.0130701 -0.0232735 1.07528 -0.0173022 -0.0196175
8.81944 1.08637 0.0132251 -0.0234923 1.08625 -0.0174571 -0.0198363
8.90852 1.09734 0.01338 -0.0237112 1.09723 -0.0176121 -0.0200551
8.81944 1.08637 0.0132251 -0.0234923 1.08625 -0.0174571 -0.0198363
8.73035 1.07539 0.0130701 -0.0232735 1.07528 -0.0173022 -0.0196175
8.64127 1.06442 0.0129152 -0.0230547 1.06431 -0.0171472 -0.0193986
8.55218 1.05345 0.0127602 -0.0228359 1.05333 -0.0169923 -0.0191798
8.4631 1.04247 0.0126052 -0.022617 1.04236 -0.0168373 -0.018961
8.37401 1.0315 0.0124503 -0.0223982 1.03139 -0.0166823 -0.0187421
8.28493 1.02053 0.0122953 -0.0221794 1.02042 -0.0165274 -0.0185233
8.19584 1.00956 0.0121403 -0.0219605 1.00944 -0.0163724 -0.0183045
8.10676 0.998583 0.0119854 -0.0217417 0.998471 -0.0162175 -0.0180856
8.01767 0.98761 0.0118304 -0.0215229 0.987498 -0.0160625 -0.0178668
7.92859 0.976637 0.0116755 -0.021304 0.976525 -0.0159075 -0.017648
7.8395 0.965664 0.0115205 -0.0210852 0.965552 -0.0157526 -0.0174291
7.75042 0.954692 0.0113655 -0.0208664 0.954579 -0.0155976 -0.0172103
7.66133 0.943719 0.0112106 -0.0206475 0.943607 -0.0154427 -0.0169915
7.57225 0.932746 0.0110556 -0.0204287 0.932634 -0.0152877 -0.0167726
7.48316 0.921773 0.0109007 -0.0202099 0.921661 -0.0151327 -0.0165538
7.39407 0.9108 0.0107457 -0.019991 0.910688 -0.0149778 -0.016335
7.30499 0.899828 0.0105907 -0.0197722 0.899715 -0.0148228 -0.0161162
7.2159 0.888855 0.0104358 -0.0195534 0.888742 -0.0146678 -0.0158973
7.12682 0.877882 0.0102808 -0.0193345 0.87777 -0.0145129 -0.0156785
7.03773 0.866909 0.0101259 -0.0191157 0.866797 -0.0143579 -0.0154597
6.94865 0.855936 0.0099709 -0.0188969 0.855824 -0.014203 -0.0152408
6.85956 0.844963 0.00981594 -0.0186781 0.844851 -0.014048 -0.015022
6.77048 0.833991 0.00966098 -0.0184592 0.833878 -0.013893 -0.0148032
6.68139 0.823018 0.00950602 -0.0182404 0.822906 -0.0137381 -0.0145843
6.59231 0.812045 0.00935106 -0.0180216 0.811933 -0.0135831 -0.0143655
6.50322 0.801072 0.0091961 -0.0178027 0.80096 -0.0134282 -0.0141467
6.41414 0.790099 0.00904114 -0.0175839 0.789987 -0.0132732 -0.0139278
6.32505 0.779126 0.00888618 -0.0173651 0.779014 -0.0131182 -0.013709
6.23597 0.768154 0.00873121 -0.0171462 0.768041 -0.0129633 -0.0134902
6.14688 0.757181 0.00857625 -0.0169274 0.757069 -0.0128083 -0.0132713
6.0578 0.746208 0.00842129 -0.0167086 0.746096 -0.0126534 -0.0130525
5.96871 0.735235 0.00826633 -0.0164897 0.735123 -0.0124984 -0.0128337
5.87963 0.724262 0.00811137 -0.0162709 0.72415 -0.0123434 -0.0126148
5.79054 0.71329 0.00795641 -0.0160521 0.713177 -0.0121885 -0.012396
5.70146 0.702317 0.00780145 -0.0158332 0.702204 -0.0120335 -0.0121772
5.61237 0.691344 0.00764649 -0.0156144 0.691232 -0.0118786 -0.0119584
5.52328 0.680371 0.00749153 -0.0153956 0.680259 -0.0117236 -0.0117395
5.4342 0.669398 0.00733657 -0.0151768 0.669286 -0.0115686 -0.0115207
5.34511 0.658425 0.00718161 -0.0149579 0.658313 -0.0114137 -0.0113019
5.25603 0.647453 0.00702665 -0.0147391 0.64734 -0.0112587 -0.011083
5.16694 0.63648 0.00687169 -0.0145203 0.636368 -0.0111038 -0.0108642
5.07786 0.625507 0.00671673 -0.0143014 0.625395 -0.0109488 -0.0106454
4.98877 0.614534 0.00656176 -0.0140826 0.614422 -0.0107938 -0.0104265
4.89969 0.603561 0.0064068 -0.0138638 0.603449 -0.0106389 -0.0102077
4.8106 0.592588 0.00625184 -0.0136449 0.592476 -0.0104839 -0.00998887
4.72152 0.581616 0.00609688 -0.0134261 0.581503 -0.010329 -0.00977004
4.63243 0.570643 0.00594192 -0.0132073 0.570531 -0.010174 -0.00955121
4.54335 0.55967 0.00578696 -0.0129884 0.559558 -0.010019 -0.00933238
4.45426 0.548697 0.005632 -0.0127696 0.548585 -0.00986407 -0.00911354
4.36518 0.537724 0.00547704 -0.0125508 0.537612 -0.00970911 -0.00889471
4.27609 0.526752 0.00532208 -0.0123319 0.526639 -0.00955415 -0.00867588
4.18701 0.515779 0.00516712 -0.0121131 0.515667 -0.00939919 -0.00845705
4.09792 0.504806 0.00501216 -0.0118943 0.504694 -0.00924423 -0.00823822
4.00884 0.493833 0.0048572 -0.0116754 0.493721 -0.00908926 -0.00801939
3.91975 0.48286 0.00470224 -0.0114566 0.482748 -0.0089343 -0.00780056
3.83067 0.471887 0.00454728 -0.0112378 0.471775 -0.00877934 -0.00758172
3.74158 0.460915 0.00439232 -0.011019 0.460802 -0.00862438 -0.00736289
3.65249 0.449942 0.00423735 -0.0108001 0.44983 -0.00846942 -0.00714406
3.56341 0.438969 0.00408239 -0.0105813 0.438857 -0.00831446 -0.00692523
3.47432 0.427996 0.00392743 -0.0103625 0.427884 -0.0081595 -0.0067064
3.38524 0.417023 0.00377247 -0.0101436 0.416911 -0.00800454 -0.00648757
3.29615 0.406051 0.00361751 -0.00992479 0.405938 -0.00784958 -0.00626874
3.20707 0.395078 0.00346255 -0.00970596 0.394965 -0.00769462 -0.0060499
3.11798 0.384105 0.00330759 -0.00948713 0.383993 -0.00753966 -0.00583107
3.0289 0.373132 0.00315263 -0.0092683 0.37302 -0.0073847 -0.00561224
2.93981 0.362159 0.00299767 -0.00904947 0.362047 -0.00722974 -0.00539341
2.85073 0.351186 0.00284271 -0.00883064 0.351074 -0.00707478 -0.00517458
2.76164 0.340214 0.00268775 -0.00861181 0.340101 -0.00691982 -0.00495575
2.67256 0.329241 0.00253279 -0.00839297 0.329129 -0.00676485 -0.00473692
2.58347 0.318268 0.00237783 -0.00817414 0.318156 -0.00660989 -0.00451808
2.49439 0.307295 0.00222287 -0.00795531 0.307183 -0.00645493 -0.00429925
2.4053 0.296322 0.0020679 -0.00773648 0.29621 -0.00629997 -0.00408042
2.31622 0.285349 0.00191294 -0.00751765 0.285237 -0.00614501 -0.00386159
2.22713 0.274377 0.00175798 -0.00729882 0.274264 -0.00599005 -0.00364276
2.13805 0.263404 0.00160302 -0.00707999 0.263292 -0.00583509 -0.00342393
2.04896 0.252431 0.00144806 -0.00686115 0.252319 -0.00568013 -0.00320509
1.95988 0.241458 0.0012931 -0.00664232 0.241346 -0.00552517 -0.00298626
1.87079 0.230485 0.00113814 -0.00642349 0.230373 -0.00537021 -0.00276743
1.7817 0.219513 0.00098318 -0.00620466 0.2194 -0.00521525 -0.0025486
1.69262 0.20854 0.000828219 -0.00598583 0.208428 -0.00506029 -0.00232977
1.60353 0.197567 0.000673259 -0.005767 0.197455 -0.00490533 -0.00211094
1.51445 0.186594 0.000518298 -0.00554816 0.186482 -0.00475037 -0.00189211
1.42536 0.175621 0.000363337 -0.00532933 0.175509 -0.0045954 -0.00167327
1.33628 0.164648 0.000208377 -0.0051105 0.164536 -0.00444044 -0.00145444
1.24719 0.153676 5.34159e-05 -0.00489167 0.153563 -0.00428548 -0.00123561
1.15811 0.142703 -0.000101545 -0.00467284 0.142591 -0.00413052 -0.00101678
1.06902 0.13173 -0.000256506 -0.00445401 0.131618 -0.00397556 -0.000797948
0.979938 0.120757 -0.000411466 -0.00423518 0.120645 -0.0038206 -0.000579117
0.890852 0.109784 -0.000566427 -0.00401634 0.109672 -0.00366564 -0.000360285
0.801767 0.0988115 -0.000721388 -0.00379751 0.0986993 -0.00351068 -0.000141454
0.712682 0.0878387 -0.000876348 -0.00357868 0.0877265 -0.00335572 7.73775e-05
0.623597 0.0768659 -0.00103131 -0.00335985 0.0767536 -0.00320076 0.000296209
0.534511 0.065893 -0.00118627 -0.00314102 0.0657808 -0.0030458 0.00051504
0.445426 0.0549202 -0.00134123 -0.00292219 0.054808 -0.00289084 0.000733872
0.356341 0.0439474 -0.00149619 -0.00270336 0.0438352 -0.00273588 0.000952703
0.267256 0.0329746 -0.00165115 -0.00248452 0.0328624 -0.00258092 0.00117153
0.17817 0.0220018 -0.00180611 -0.00226569 0.0218895 -0.00242596 0.00139037
0.0890852 0.0110289 -0.00196107 -0.00204686 0.0109167 -0.00227099 0.0016092
-2.2911e-17 5.61121e-05 -0.00211603 -0.00182803 -5.61121e-05 -0.00211603 0.00182803
-0.0890852 -0.0109167 -0.00227099 -0.0016092 -0.0110289 -0.00196107 0.00204686
-0.17817 -0.0218895 -0.00242596 -0.00139037 -0.0220018 -0.00180611 0.00226569
-0.267256 -0.0328624 -0.00258092 -0.00117153 -0.0329746 -0.00165115 0.00248452
-0.356341 -0.0438352 -0.00273588 -0.000952703 -0.0439474 -0.00149619 0.00270336
-0.445426 -0.054808 -0.00289084 -0.000733872 -0.0549202 -0.00134123 0.00292219
-0.534511 -0.0657808 -0.0030458 -0.00051504 -0.065893 -0.00118627 0.00314102
-0.623597 -0.0767536 -0.00320076 -0.000296209 -0.0768659 -0.00103131 0.00335985
-0.712682 -0.0877265 -0.00335572 -7.73775e-05 -0.0878387 -0.000876348 0.00357868
-0.801767 -0.0986993 -0.00351068 0.000141454 -0.0988115 -0.000721388 0.00379751
-0.890852 -0.109672 -0.00366564 0.000360285 -0.109784 -0.000566427 0.00401634
-0.979938 -0.120645 -0.0038206 0.000579117 -0.120757 -0.000411466 0.00423518
-1.06902 -0.131618 -0.00397556 0.000797948 -0.13173 -0.000256506 0.00445401
-1.15811 -0.142591 -0.00413052 0.00101678 -0.142703 -0.000101545 0.00467284
-1.24719 -0.153563 -0.00428548 0.00123561 -0.153676 5.34159e-05 0.00489167
-1.33628 -0.164536 -0.00444044 0.00145444 -0.164648 0.000208377 0.0051105
-1.42536 -0.175509 -0.0045954 0.00167327 -0.175621 0.000363337 0.00532933
-1.51445 -0.186482 -0.00475037 0.00189211 -0.186594 0.000518298 0.00554816
-1.60353 -0.197455 -0.00490533 0.00211094 -0.197567 0.000673259 0.005767
-1.69262 -0.208428 -0.00506029 0.00232977 -0.20854 0.000828219 0.00598583
-1.7817 -0.2194 -0.00521525 0.0025486 -0.219513 0.00098318 0.00620466
-1.87079 -0.230373 -0.00537021 0.00276743 -0.230485 0.00113814 0.00642349
-1.95988 -0.241346 -0.00552517 0.00298626 -0.241458 0.0012931 0.00664232
-2.04896 -0.252319 -0.00568013 0.00320509 -0.252431 0.00144806 0.00686115
-2.13805 -0.263292 -0.00583509 0.00342393 -0.263404 0.00160302 0.00707999
-2.22713 -0.274264 -0.00599005 0.00364276 -0.274377 0.00175798 0.00729882
-2.31622 -0.285237 -0.00614501 0.00386159 -0.285349 0.00191294 0.00751765
-2.4053 -0.29621 -0.00629997 0.00408042 -0.296322 0.0020679 0.00773648
-2.49439 -0.307183 -0.00645493 0.00429925 -0.307295 0.00222287 0.00795531
-2.58347 -0.318156 -0.00660989 0.00451808 -0.318268 0.00237783 0.00817414
-2.67256 -0.329129 -0.00676485 0.00473692 -0.329241 0.00253279 0.00839297
-2.76164 -0.340101 -0.00691982 0.00495575 -0.340214 0.00268775 0.00861181
-2.85073 -0.351074 -0.00707478 0.00517458 -0.351186 0.00284271 0.00883064
-2.93981 -0.362047 -0.00722974 0.00539341 -0.362159 0.00299767 0.00904947
-3.0289 -0.37302 -0.0073847 0.00561224 -0.373132 0.00315263 0.0092683
-3.11798 -0.383993 -0.00753966 0.00583107 -0.384105 0.00330759 0.00948713
-3.20707 -0.394965 -0.00769462 0.0060499 -0.395078 0.00346255 0.00970596
-3.29615 -0.405938 -0.00784958 0.00626874 -0.406051 0.00361751 0.00992479
-3.38524 -0.416911 -0.00800454 0.00648757 -0.417023 0.00377247 0.0101436
-3.47432 -0.427884 -0.0081595 0.0067064 -0.427996 0.00392743 0.0103625
-3.56341 -0.438857 -0.00831446 0.00692523 -0.438969 0.00408239 0.0105813
-3.65249 -0.44983 -0.00846942 0.00714406 -0.449942 0.00423735 0.0108001
-3.74158 -0.460802 -0.00862438 0.00736289 -0.460915 0.00439232 0.011019
-3.83067 -0.471775 -0.00877934 0.00758172 -0.471887 0.00454728 0.0112378
-3.91975 -0.482748 -0.0089343 0.00780056 -0.48286 0.00470224 0.0114566
-4.00884 -0.493721 -0.00908926 0.00801939 -0.493833 0.0048572 0.0116754
-4.09792 -0.504694 -0.00924423 0.00823822 -0.504806 0.00501216 0.0118943
-4.18701 -0.515667 -0.00939919 0.00845705 -0.515779 0.00516712 0.0121131
-4.27609 -0.526639 -0.00955415 0.00867588 -0.526752 0.00532208 0.0123319
-4.36518 -0.537612 -0.00970911 0.00889471 -0.537724 0.00547704 0.0125508
-4.45426 -0.548585 -0.00986407 0.00911354 -0.548697 0.005632 0.0127696
-4.54335 -0.559558 -0.010019 0.00933238 -0.55967 0.00578696 0.0129884
-4.63243 -0.570531 -0.010174 0.00955121 -0.570643 0.00594192 0.0132073
-4.72152 -0.581503 -0.010329 0.00977004 -0.581616 0.00609688 0.0134261
-4.8106 -0.592476 -0.0104839 0.00998887 -0.592588 0.00625184 0.0136449
-4.89969 -0.603449 -0.0106389 0.0102077 -0.603561 0.0064068 0.0138638
-4.98877 -0.614422 -0.0107938 0.0104265 -0.614534 0.00656176 0.0140826
-5.07786 -0.625395 -0.0109488 0.0106454 -0.625507 0.00671673 0.0143014
-5.16694 -0.636368 -0.0111038 0.0108642 -0.63648 0.00687169 0.0145203
-5.25603 -0.64734 -0.0112587 0.011083 -0.647453 0.00702665 0.0147391
-5.34511 -0.658313 -0.0114137 0.0113019 -0.658425 0.00718161 0.0149579
-5.4342 -0.669286 -0.0115686 0.0115207 -0.669398 0.00733657 0.0151768
-5.52328 -0.680259 -0.0117236 0.0117395 -0.680371 0.00749153 0.0153956
-5.61237 -0.691232 -0.0118786 0.0119584 -0.691344 0.00764649 0.0156144
-5.70146 -0.702204 -0.0120335 0.0121772 -0.702317 0.00780145 0.0158332
-5.79054 -0.713177 -0.0121885 0.012396 -0.71329 0.00795641 0.0160521
-5.87963 -0.72415 -0.0123434 0.0126148 -0.724262 0.00811137 0.0162709
-5.96871 -0.735123 -0.0124984 0.0128337 -0.735235 0.00826633 0.0164897
-6.0578 -0.746096 -0.0126534 0.0130525 -0.746208 0.00842129 0.0167086
-6.14688 -0.757069 -0.0128083 0.0132713 -0.757181 0.00857625 0.0169274
-6.23597 -0.768041 -0.0129633 0.0134902 -0.768154 0.00873121 0.0171462
-6.32505 -0.779014 -0.0131182 0.013709 -0.779126 0.00888618 0.0173651
-6.41414 -0.789987 -0.0132732 0.0139278 -0.790099 0.00904114 0.0175839
-6.50322 -0.80096 -0.0134282 0.0141467 -0.801072 0.0091961 0.0178027
-6.59231 -0.811933 -0.0135831 0.0143655 -0.812045 0.00935106 0.0180216
-6.68139 -0.822906 -0.0137381 0.0145843 -0.823018 0.00950602 0.0182404
-6.77048 -0.833878 -0.013893 0.0148032 -0.833991 0.00966098 0.0184592
-6.85956 -0.844851 -0.014048 0.015022 -0.844963 0.00981594 0.0186781
-6.94865 -0.855824 -0.014203 0.0152408 -0.855936 0.0099709 0.0188969
-7.03773 -0.866797 -0.0143579 0.0154597 -0.866909 0.0101259 0.0191157
-7.12682 -0.87777 -0.0145129 0.0156785 -0.877882 0.0102808 0.0193345
-7.2159 -0.888742 -0.0146678 0.0158973 -0.888855 0.0104358 0.0195534
-7.30499 -0.899715 -0.0148228 0.0161162 -0.899828 0.0105907 0.0197722
-7.39407 -0.910688 -0.0149778 0.016335 -0.9108 0.0107457 0.019991
-7.48316 -0.921661 -0.0151327 0.0165538 -0.921773 0.0109007 0.0202099
-7.57225 -0.932634 -0.0152877 0.0167726 -0.932746 0.0110556 0.0204287
-7.66133 -0.943607 -0.0154427 0.0169915 -0.943719 0.0112106 0.0206475
-7.75042 -0.954579 -0.0155976 0.0172103 -0.954692 0.0113655 0.0208664
-7.8395 -0.965552 -0.0157526 0.0174291 -0.965664 0.0115205 0.0210852
-7.92859 -0.976525 -0.0159075 0.017648 -0.976637 0.0116755 0.021304
-8.01767 -0.987498 -0.0160625 0.0178668 -0.98761 0.0118304 0.0215229
-8.10676 -0.998471 -0.0162175 0.0180856 -0.998583 0.0119854 0.0217417
-8.19584 -1.00944 -0.0163724 0.0183045 -1.00956 0.0121403 0.0219605
-8.28493 -1.02042 -0.0165274 0.0185233 -1.02053 0.0122953 0.0221794
-8.37401 -1.03139 -0.0166823 0.0187421 -1.0315 0.0124503 0.0223982
-8.4631 -1.04236 -0.0168373 0.018961 -1.04247 0.0126052 0.022617
-8.55218 -1.05333 -0.0169923 0.0191798 -1.05345 0.0127602 0.0228359
-8.64127 -1.06431 -0.0171472 0.0193986 -1.06442 0.0129152 0.0230547
-8.73035 -1.07528 -0.0173022 0.0196175 -1.07539 0.0130701 0.0232735
-8.81944 -1.08625 -0.0174571 0.0198363 -1.08637 0.0132251 0.0234923
-8.90852 -1.09723 -0.0176121 0.0200551 -1.09734 0.01338 0.0237112
-8.81944 -1.08625 -0.0174571 0.0198363 -1.08637 0.0132251 0.0234923
-8.73035 -1.07528 -0.0173022 0.0196175 -1.07539 0.0130701 0.0232735
-8.64127 -1.06431 -0.0171472 0.0193986 -1.06442 0.0129152 0.0230547
-8.55218 -1.05333 -0.0169923 0.0191798 -1.05345 0.0127602 0.0228359
-8.4631 -1.04236 -0.0168373 0.018961 -1.04247 0.0126052 0.022617
-8.37401 -1.03139 -0.0166823 0.0187421 -1.0315 0.0124503 0.0223982
-8.28493 -1.02042 -0.0165274 0.0185233 -1.02053 0.0122953 0.0221794
-8.19584 -1.00944 -0.0163724 0.0183045 -1.00956 0.0121403 0.0219605
-8.10676 -0.998471 -0.0162175 0.0180856 -0.998583 0.0119854 0.0217417
-8.01767 -0.987498 -0.0160625 0.0178668 -0.98761 0.0118304 0.0215229
-7.92859 -0.976525 -0.0159075 0.017648 -0.976637 0.0116755 0.021304
-7.8395 -0.965552 -0.0157526 0.0174291 -0.965664 0.0115205 0.0210852
-7.75042 -0.954579 -0.0155976 0.0172103 -0.954692 0.0113655 0.0208664
-7.66133 -0.943607 -0.0154427 0.0169915 -0.943719 0.0112106 0.0206475
-7.57225 -0.932634 -0.0152877 0.0167726 -0.932746 0.0110556 0.0204287
-7.48316 -0.921661 -0.0151327 0.0165538 -0.921773 0.0109007 0.0202099
-7.39407 -0.910688 -0.0149778 0.016335 -0.9108 0.0107457 0.019991
-7.30499 -0.899715 -0.0148228 0.0161162 -0.899828 0.0105907 0.0197722
-7.2159 -0.888742 -0.0146678 0.0158973 -0.888855 0.0104358 0.0195534
-7.12682 -0.87777 -0.0145129 0.0156785 -0.877882 0.0102808 0.0193345
-7.03773 -0.866797 -0.0143579 0.0154597 -0.866909 0.0101259 0.0191157
-6.94865 -0.855824 -0.014203 0.0152408 -0.855936 0.0099709 0.0188969
-6.85956 -0.844851 -0.014048 0.015022 -0.844963 0.00981594 0.0186781
-6.77048 -0.833878 -0.013893 0.0148032 -0.833991 0.00966098 0.0184592
-6.68139 -0.822906 -0.0137381 0.0145843 -0.823018 0.00950602 0.0182404
-6.59231 -0.811933 -0.0135831 0.0143655 -0.812045 0.00935106 0.0180216
-6.50322 -0.80096 -0.0134282 0.0141467 -0.801072 0.0091961 0.0178027
-6.41414 -0.789987 -0.0132732 0.0139278 -0.790099 0.00904114 0.0175839
-6.32505 -0.779014 -0.0131182 0.013709 -0.779126 0.00888618 0.0173651
-6.23597 -0.768041 -0.0129633 0.0134902 -0.768154 0.00873121 0.0171462
-6.14688 -0.757069 -0.0128083 0.0132713 -0.757181 0.00857625 0.0169274
-6.0578 -0.746096 -0.0126534 0.0130525 -0.746208 0.00842129 0.0167086
-5.96871 -0.735123 -0.0124984 0.0128337 -0.735235 0.00826633 0.0164897
-5.87963 -0.72415 -0.0123434 0.0126148 -0.724262 0.00811137 0.0162709
-5.79054 -0.713177 -0.0121885 0.012396 -0.71329 0.00795641 0.0160521
-5.70146 -0.702204 -0.0120335 0.0121772 -0.702317 0.00780145 0.0158332
-5.61237 -0.691232 -0.0118786 0.0119584 -0.691344 0.00764649 0.0156144
-5.52328 -0.680259 -0.0117236 0.0117395 -0.680371 0.00749153 0.0153956
-5.4342 -0.669286 -0.0115686 0.0115207 -0.669398 0.00733657 0.0151768
-5.34511 -0.658313 -0.0114137 0.0113019 -0.658425 0.00718161 0.0149579
-5.25603 -0.64734 -0.0112587 0.011083 -0.647453 0.00702665 0.0147391
-5.16694 -0.636368 -0.0111038 0.0108642 -0.63648 0.00687169 0.0145203
-5.07786 -0.625395 -0.0109488 0.0106454 -0.625507 0.00671673 0.0143014
-4.98877 -0.614422 -0.0107938 0.0104265 -0.614534 0.00656176 0.0140826
-4.89969 -0.603449 -0.0106389 0.0102077 -0.603561 0.0064068 0.0138638
-4.8106 -0.592476 -0.0104839 0.00998887 -0.592588 0.00625184 0.0136449
-4.72152 -0.581503 -0.010329 0.00977004 -0.581616 0.00609688 0.0134261
-4.63243 -0.570531 -0.010174 0.00955121 -0.570643 0.00594192 0.0132073
-4.54335 -0.559558 -0.010019 0.00933238 -0.55967 0.00578696 0.0129884
-4.45426 -0.548585 -0.00986407 0.00911354 -0.548697 0.005632 0.0127696
-4.36518 -0.537612 -0.00970911 0.00889471 -0.537724 0.00547704 0.0125508
-4.27609 -0.526639 -0.00955415 0.00867588 -0.526752 0.00532208 0.0123319
-4.18701 -0.515667 -0.00939919 0.00845705 -0.515779 0.00516712 0.0121131
-4.09792 -0.504694 -0.00924423 0.00823822 -0.504806 0.00501216 0.0118943
-4.00884 -0.493721 -0.00908926 0.00801939 -0.493833 0.0048572 0.0116754
-3.91975 -0.482748 -0.0089343 0.00780056 -0.48286 0.00470224 0.0114566
-3.83067 -0.471775 -0.00877934 0.00758172 -0.471887 0.00454728 0.0112378
-3.74158 -0.460802 -0.00862438 0.00736289 -0.460915 0.00439232 0.011019
-3.65249 -0.44983 -0.00846942 0.00714406 -0.449942 0.00423735 0.0108001
-3.56341 -0.438857 -0.00831446 0.00692523 -0.438969 0.00408239 0.0105813
-3.47432 -0.427884 -0.0081595 0.0067064 -0.427996 0.00392743 0.0103625
-3.38524 -0.416911 -0.00800454 0.00648757 -0.417023 0.00377247 0.0101436
-3.29615 -0.405938 -0.00784958 0.00626874 -0.406051 0.00361751 0.00992479
-3.20707 -0.394965 -0.00769462 0.0060499 -0.395078 0.00346255 0.00970596
-3.11798 -0.383993 -0.00753966 0.00583107 -0.384105 0.00330759 0.00948713
-3.0289 -0.37302 -0.0073847 0.00561224 -0.373132 0.00315263 0.0092683
-2.93981 -0.362047 -0.00722974 0.00539341 -0.362159 0.00299767 0.00904947
-2.85073 -0.351074 -0.00707478 0.00517458 -0.351186 0.00284271 0.00883064
-2.76164 -0.340101 -0.00691982 0.00495575 -0.340214 0.00268775 0.00861181
-2.67256 -0.329129 -0.00676485 0.00473692 -0.329241 0.00253279 0.00839297
-2.58347 -0.318156 -0.00660989 0.00451808 -0.318268 0.00237783 0.00817414
-2.49439 -0.307183 -0.00645493 0.00429925 -0.307295 0.00222287 0.00795531
-2.4053 -0.29621 -0.00629997 0.00408042 -0.296322 0.0020679 0.00773648
-2.31622 -0.285237 -0.00614501 0.00386159 -0.285349 0.00191294 0.00751765
-2.22713 -0.274264 -0.00599005 0.00364276 -0.274377 0.00175798 0.00729882
-2.13805 -0.263292 -0.00583509 0.00342393 -0.263404 0.00160302 0.00707999
-2.04896 -0.252319 -0.00568013 0.00320509 -0.252431 0.00144806 0.00686115
-1.95988 -0.241346 -0.00552517 0.00298626 -0.241458 0.0012931 0.00664232
-1.87079 -0.230373 -0.00537021 0.00276743 -0.230485 0.00113814 0.00642349
-1.7817 -0.2194 -0.00521525 0.0025486 -0.219513 0.00098318 0.00620466
-1.69262 -0.208428 -0.00506029 0.00232977 -0.20854 0.000828219 0.00598583
-1.60353 -0.197455 -0.00490533 0.00211094 -0.197567 0.000673259 0.005767
-1.51445 -0.186482 -0.00475037 0.00189211 -0.186594 0.000518298 0.00554816
-1.42536 -0.175509 -0.0045954 0.00167327 -0.175621 0.000363337 0.00532933
-1.33628 -0.164536 -0.00444044 0.00145444 -0.164648 0.000208377 0.0051105
-1.24719 -0.153563 -0.00428548 0.00123561 -0.153676 5.34159e-05 0.00489167
-1.15811 -0.142591 -0.00413052 0.00101678 -0.142703 -0.000101545 0.00467284
-1.06902 -0.131618 -0.00397556 0.000797948 -0.13173 -0.000256506 0.00445401
-0.979938 -0.120645 -0.0038206 0.000579117 -0.120757 -0.000411466 0.00423518
-0.890852 -0.109672 -0.00366564 0.000360285 -0.109784 -0.000566427 0.00401634
-0.801767 -0.0986993 -0.00351068 0.000141454 -0.0988115 -0.000721388 0.00379751
-0.712682 -0.0877265 -0.00335572 -7.73775e-05 -0.0878387 -0.000876348 0.00357868
-0.623597 -0.0767536 -0.00320076 -0.000296209 -0.0768659 -0.00103131 0.00335985
-0.534511 -0.0657808 -0.0030458 -0.00051504 -0.065893 -0.00118627 0.00314102
-0.445426 -0.054808 -0.00289084 -0.000733872 -0.0549202 -0.00134123 0.00292219
-0.356341 -0.0438352 -0.00273588 -0.000952703 -0.0439474 -0.00149619 0.00270336
-0.267256 -0.0328624 -0.00258092 -0.00117153 -0.0329746 -0.00165115 0.00248452
-0.17817 -0.0218895 -0.00242596 -0.00139037 -0.0220018 -0.00180611 0.00226569
-0.0890852 -0.0109167 -0.00227099 -0.0016092 -0.0110289 -0.00196107 0.00204686
-1.21504e-15 5.61121e-05 -0.00211603 -0.00182803 -5.61121e-05 -0.00211603 0.00182803
