-6.59516e-18 0 0 0 0 0 0
0.0890852 0 0 0 0 0 0
0.17817 0 0 0 0 0 0
0.267256 0 0 0 0 0 0
0.356341 0 0 0 0 0 0
0.445426 0 0 0 0 0 0
0.356341 0 0 0 0 0 0
0.267256 0 0 0 0 0 0
0.17817 0 0 0 0 0 0
0.0890852 0 0 0 0 0 0
2.62952e-17 0 0 0 0 0 0
-0.0890852 0 0 0 0 0 0
-0.17817 0 0 0 0 0 0
-0.267256 0 0 0 0 0 0
-0.356341 0 0 0 0 0 0
-0.445426 0 0 0 0 0 0
-0.356341 0 0 0 0 0 0
-0.267256 0 0 0 0 0 0
-0.17817 0 0 0 0 0 0
-0.0890852 0 0 0 0 0 0
-2.54435e-17 0 0 0 0 0 0
-2.40309e-17 0 0 0 0 0 0
0.0890852 0 0 0 0 0 0
0.17817 0 0 0 0 0 0
0.267256 0 0 0 0 0 0
0.356341 0 0 0 0 0 0
0.445426 0 0 0 0 0 0
0.356341 0 0 0 0 0 0
0.267256 0 0 0 0 0 0
0.17817 0 0 0 0 0 0
0.0890852 0 0 0 0 0 0
-2.2911e-17 0 0 0 0 0 0
-0.0890852 0 0 0 0 0 0
-0.17817 0 0 0 0 0 0
-0.267256 0 0 0 0 0 0
-0.356341 0 0 0 0 0 0
-0.445426 0 0 0 0 0 0
-0.356341 0 0 0 0 0 0
-0.267256 0 0 0 0 0 0
-0.17817 0 0 0 0 0 0
-0.0890852 0 0 0 0 0 0
-9.56079e-17 0 0 0 0 0 0
-8.80884e-17 0 0 0 0 0 0
0.0890852 0 0 0 0 0 0
0.17817 0 0 0 0 0 0
0.267256 0 0 0 0 0 0
0.356341 0 0 0 0 0 0
0.445426 0 0 0 0 0 0
0.356341 0 0 0 0 0 0
0.267256 0 0 0 0 0 0
0.17817 0 0 0 0 0 0
0.0890852 0 0 0 0 0 0
-2.2911e-17 0 0 0 0 0 0
-0.0890852 0 0 0 0 0 0
-0.17817 0 0 0 0 0 0
-0.267256 0 0 0 0 0 0
-0.356341 0 0 0 0 0 0
-0.445426 0 0 0 0 0 0
-0.356341 0 0 0 0 0 0
-0.267256 0 0 0 0 0 0
-0.17817 0 0 0 0 0 0
-0.0890852 0 0 0 0 0 0
-9.56079e-17 0 0 0 0 0 0
-8.80884e-17 0 0 0 0 0 0
0.0890852 0 0 0 0 0 0
0.17817 0 0 0 0 0 0
0.267256 0 0 0 0 0 0
0.356341 0 0 0 0 0 0
0.445426 0 0 0 0 0 0
0.534511 0 0 0 0 0 0
0.623597 0 0 0 0 0 0
0.712682 0 0 0 0 0 0
0.801767 0 0 0 0 0 0
0.890852 0 0 0 0 0 0
0.801767 0 0 0 0 0 0
0.712682 0 0 0 0 0 0
0.623597 0 0 0 0 0 0
0.534511 0 0 0 0 0 0
0.445426 0 0 0 0 0 0
0.356341 0 0 0 0 0 0
0.267256 0 0 0 0 0 0
0.17817 0 0 0 0 0 0
0.0890852 0 0 0 0 0 0
-2.2911e-17 0 0 0 0 0 0
-0.0890852 0 0 0 0 0 0
-0.17817 0 0 0 0 0 0
-0.267256 0 0 0 0 0 0
-0.356341 0 0 0 0 0 0
-0.445426 0 0 0 0 0 0
-0.534511 0 0 0 0 0 0
-0.623597 0 0 0 0 0 0
-0.712682 0 0 0 0 0 0
-0.801767 0 0 0 0 0 0
-0.890852 0 0 0 0 0 0
-0.801767 0 0 0 0 0 0
-0.712682 0 0 0 0 0 0
-0.623597 0 0 0 0 0 0
-0.534511 0 0 0 0 0 0
-0.445426 0 0 0 0 0 0
-0.356341 0 0 0 0 0 0
-0.267256 0 0 0 0 0 0
-0.17817 0 0 0 0 0 0
-0.0890852 0 0 0 0 0 0
-9.56079e-17 0 0 0 0 0 0
-8.80884e-17 0 0 0 0 0 0
0.0890852 0 0 0 0 0 0
0.17817 0 0 0 0 0 0
0.267256 0 0 0 0 0 0
0.356341 0 0 0 0 0 0
0.445426 0 0 0 0 0 0
0.534511 0 0 0 0 0 0
0.623597 0 0 0 0 0 0
0.712682 0 0 0 0 0 0
0.801767 0 0 0 0 0 0
0.890852 0 0 0 0 0 0
0.801767 0 0 0 0 0 0
0.712682 0 0 0 0 0 0
0.623597 0 0 0 0 0 0
0.534511 0 0 0 0 0 0
0.445426 0 0 0 0 0 0
0.356341 0 0 0 0 0 0
0.267256 0 0 0 0 0 0
0.17817 0 0 0 0 0 0
0.0890852 0 0 0 0 0 0
-2.2911e-17 0 0 0 0 0 0
-0.0890852 0 0 0 0 0 0
-0.17817 0 0 0 0 0 0
-0.267256 0 0 0 0 0 0
-0.356341 0 0 0 0 0 0
-0.445426 0 0 0 0 0 0
-0.534511 0 0 0 0 0 0
-0.623597 0 0 0 0 0 0
-0.712682 0 0 0 0 0 0
-0.801767 0 0 0 0 0 0
-0.890852 0 0 0 0 0 0
-0.801767 0 0 0 0 0 0
-0.712682 0 0 0 0 0 0
-0.623597 0 0 0 0 0 0
-0.534511 0 0 0 0 0 0
-0.445426 0 0 0 0 0 0
-0.356341 0 0 0 0 0 0
-0.267256 0 0 0 0 0 0
-0.17817 0 0 0 0 0 0
-0.0890852 0 0 0 0 0 0
-9.56079e-17 0 0 0 0 0 0
-8.80884e-17 0 0 0 0 0 0
0.0890852 0 0 0 0 0 0
0.17817 0 0 0 0 0 0
0.267256 0 0 0 0 0 0
0.356341 0 0 0 0 0 0
0.445426 0 0 0 0 0 0
0.534511 0 0 0 0 0 0
0.623597 0 0 0 0 0 0
0.712682 0 0 0 0 0 0
0.801767 0 0 0 0 0 0
0.890852 0 0 0 0 0 0
0.801767 0 0 0 0 0 0
0.712682 0 0 0 0 0 0
0.623597 0 0 0 0 0 0
0.534511 0 0 0 0 0 0
0.445426 0 0 0 0 0 0
0.356341 0 0 0 0 0 0
0.267256 0 0 0 0 0 0
0.17817 0 0 0 0 0 0
0.0890852 0 0 0 0 0 0
-2.2911e-17 0 0 0 0 0 0
-0.0890852 0 0 0 0 0 0
-0.17817 0 0 0 0 0 0
-0.267256 0 0 0 0 0 0
-0.356341 0 0 0 0 0 0
-0.445426 0 0 0 0 0 0
-0.534511 0 0 0 0 0 0
-0.623597 0 0 0 0 0 0
-0.712682 0 0 0 0 0 0
-0.801767 0 0 0 0 0 0
-0.890852 0 0 0 0 0 0
-0.801767 0 0 0 0 0 0
-0.712682 0 0 0 0 0 0
-0.623597 0 0 0 0 0 0
-0.534511 0 0 0 0 0 0
-0.445426 0 0 0 0 0 0
-0.356341 0 0 0 0 0 0
-0.267256 0 0 0 0 0 0
-0.17817 0 0 0 0 0 0
-0.0890852 0 0 0 0 0 0
-9.56079e-17 0 0 0 0 0 0
-8.80884e-17 0 0 0 0 0 0
0.0890852 0 0 0 0 0 0
0.17817 0 0 0 0 0 0
0.267256 0 0 0 0 0 0
0.356341 0 0 0 0 0 0
0.445426 0 0 0 0 0 0
0.534511 0 0 0 0 0 0
0.623597 0 0 0 0 0 0
0.712682 0 0 0 0 0 0
0.801767 0 0 0 0 0 0
0.890852 0 0 0 0 0 0
0.979938 0 0 0 0 0 0
1.06902 0 0 0 0 0 0
1.15811 0 0 0 0 0 0
1.24719 0 0 0 0 0 0
1.33628 0 0 0 0 0 0
1.42536 0 0 0 0 0 0
1.51445 0 0 0 0 0 0
1.60353 0 0 0 0 0 0
1.69262 0 0 0 0 0 0
1.7817 0 0 0 0 0 0
1.87079 0 0 0 0 0 0
1.95988 0 0 0 0 0 0
2.04896 0 0 0 0 0 0
2.13805 0 0 0 0 0 0
2.22713 0 0 0 0 0 0
2.31622 0 0 0 0 0 0
2.4053 0 0 0 0 0 0
2.49439 0 0 0 0 0 0
2.58347 0 0 0 0 0 0
2.67256 0 0 0 0 0 0
2.76164 0 0 0 0 0 0
2.85073 0 0 0 0 0 0
2.93981 0 0 0 0 0 0
3.0289 0 0 0 0 0 0
3.11798 0 0 0 0 0 0
3.0289 0 0 0 0 0 0
2.93981 0 0 0 0 0 0
2.85073 0 0 0 0 0 0
2.76164 0 0 0 0 0 0
2.67256 0 0 0 0 0 0
2.58347 0 0 0 0 0 0
2.49439 0 0 0 0 0 0
2.4053 0 0 0 0 0 0
2.31622 0 0 0 0 0 0
2.22713 0 0 0 0 0 0
2.13805 0 0 0 0 0 0
2.04896 0 0 0 0 0 0
1.95988 0 0 0 0 0 0
1.87079 0 0 0 0 0 0
1.7817 0 0 0 0 0 0
1.69262 0 0 0 0 0 0
1.60353 0 0 0 0 0 0
1.51445 0 0 0 0 0 0
1.42536 0 0 0 0 0 0
1.33628 0 0 0 0 0 0
1.24719 0 0 0 0 0 0
1.15811 0 0 0 0 0 0
1.06902 0 0 0 0 0 0
0.979938 0 0 0 0 0 0
0.890852 0 0 0 0 0 0
0.801767 0 0 0 0 0 0
0.712682 0 0 0 0 0 0
0.623597 0 0 0 0 0 0
0.534511 0 0 0 0 0 0
0.445426 0 0 0 0 0 0
0.356341 0 0 0 0 0 0
0.267256 0 0 0 0 0 0
0.17817 0 0 0 0 0 0
0.0890852 0 0 0 0 0 0
4.31785e-16 0 0 0 0 0 0
-0.0890852 0 0 0 0 0 0
-0.17817 0 0 0 0 0 0
-0.267256 0 0 0 0 0 0
-0.356341 0 0 0 0 0 0
-0.445426 0 0 0 0 0 0
-0.534511 0 0 0 0 0 0
-0.623597 0 0 0 0 0 0
-0.712682 0 0 0 0 0 0
-0.801767 0 0 0 0 0 0
-0.890852 0 0 0 0 0 0
-0.979938 0 0 0 0 0 0
-1.06902 0 0 0 0 0 0
-1.15811 0 0 0 0 0 0
-1.24719 0 0 0 0 0 0
-1.33628 0 0 0 0 0 0
-1.42536 0 0 0 0 0 0
-1.51445 0 0 0 0 0 0
-1.60353 0 0 0 0 0 0
-1.69262 0 0 0 0 0 0
-1.7817 0 0 0 0 0 0
-1.87079 0 0 0 0 0 0
-1.95988 0 0 0 0 0 0
-2.04896 0 0 0 0 0 0
-2.13805 0 0 0 0 0 0
-2.22713 0 0 0 0 0 0
-2.31622 0 0 0 0 0 0
-2.4053 0 0 0 0 0 0
-2.49439 0 0 0 0 0 0
-2.58347 0 0 0 0 0 0
-2.67256 0 0 0 0 0 0
-2.76164 0 0 0 0 0 0
-2.85073 0 0 0 0 0 0
-2.93981 0 0 0 0 0 0
-3.0289 0 0 0 0 0 0
-3.11798 0 0 0 0 0 0
-3.0289 0 0 0 0 0 0
-2.93981 0 0 0 0 0 0
-2.85073 0 0 0 0 0 0
-2.76164 0 0 0 0 0 0
-2.67256 0 0 0 0 0 0
-2.58347 0 0 0 0 0 0
-2.49439 0 0 0 0 0 0
-2.4053 0 0 0 0 0 0
-2.31622 0 0 0 0 0 0
-2.22713 0 0 0 0 0 0
-2.13805 0 0 0 0 0 0
-2.04896 0 0 0 0 0 0
-1.95988 0 0 0 0 0 0
-1.87079 0 0 0 0 0 0
-1.7817 0 0 0 0 0 0
-1.69262 0 0 0 0 0 0
-1.60353 0 0 0 0 0 0
-1.51445 0 0 0 0 0 0
-1.42536 0 0 0 0 0 0
-1.33628 0 0 0 0 0 0
-1.24719 0 0 0 0 0 0
-1.15811 0 0 0 0 0 0
-1.06902 0 0 0 0 0 0
-0.979938 0 0 0 0 0 0
-0.890852 0 0 0 0 0 0
-0.801767 0 0 0 0 0 0
-0.712682 0 0 0 0 0 0
-0.623597 0 0 0 0 0 0
-0.534511 0 0 0 0 0 0
-0.445426 0 0 0 0 0 0
-0.356341 0 0 0 0 0 0
-0.267256 0 0 0 0 0 0
-0.17817 0 0 0 0 0 0
-0.0890852 0 0 0 0 0 0
1.57818e-16 0 0 0 0 0 0
1.62603e-16 0 0 0 0 0 0
0.0890852 0 0 0 0 0 0
0.17817 0 0 0 0 0 0
0.267256 0 0 0 0 0 0
0.356341 0 0 0 0 0 0
0.445426 0 0 0 0 0 0
0.534511 0 0 0 0 0 0
0.623597 0 0 0 0 0 0
0.712682 0 0 0 0 0 0
0.801767 0 0 0 0 0 0
0.890852 0 0 0 0 0 0
0.979938 0 0 0 0 0 0
1.06902 0 0 0 0 0 0
1.15811 0 0 0 0 0 0
1.24719 0 0 0 0 0 0
1.33628 0 0 0 0 0 0
1.42536 0 0 0 0 0 0
1.51445 0 0 0 0 0 0
1.60353 0 0 0 0 0 0
1.69262 0 0 0 0 0 0
1.7817 0 0 0 0 0 0
1.87079 0 0 0 0 0 0
1.95988 0 0 0 0 0 0
2.04896 0 0 0 0 0 0
2.13805 0 0 0 0 0 0
2.22713 0 0 0 0 0 0
2.31622 0 0 0 0 0 0
2.4053 0 0 0 0 0 0
2.49439 0 0 0 0 0 0
2.58347 0 0 0 0 0 0
2.67256 0 0 0 0 0 0
2.76164 0 0 0 0 0 0
2.85073 0 0 0 0 0 0
2.93981 0 0 0 0 0 0
3.0289 0 0 0 0 0 0
3.11798 0 0 0 0 0 0
3.0289 0 0 0 0 0 0
2.93981 0 0 0 0 0 0
2.85073 0 0 0 0 0 0
2.76164 0 0 0 0 0 0
2.67256 0 0 0 0 0 0
2.58347 0 0 0 0 0 0
2.49439 0 0 0 0 0 0
2.4053 0 0 0 0 0 0
2.31622 0 0 0 0 0 0
2.22713 0 0 0 0 0 0
2.13805 0 0 0 0 0 0
2.04896 0 0 0 0 0 0
1.95988 0 0 0 0 0 0
1.87079 0 0 0 0 0 0
1.7817 0 0 0 0 0 0
1.69262 0 0 0 0 0 0
1.60353 0 0 0 0 0 0
1.51445 0 0 0 0 0 0
1.42536 0 0 0 0 0 0
1.33628 0 0 0 0 0 0
1.24719 0 0 0 0 0 0
1.15811 0 0 0 0 0 0
1.06902 0 0 0 0 0 0
0.979938 0 0 0 0 0 0
0.890852 0 0 0 0 0 0
0.801767 0 0 0 0 0 0
0.712682 0 0 0 0 0 0
0.623597 0 0 0 0 0 0
0.534511 0 0 0 0 0 0
0.445426 0 0 0 0 0 0
0.356341 0 0 0 0 0 0
0.267256 0 0 0 0 0 0
0.17817 0 0 0 0 0 0
0.0890852 0 0 0 0 0 0
4.31785e-16 0 0 0 0 0 0
-0.0890852 0 0 0 0 0 0
-0.17817 0 0 0 0 0 0
-0.267256 0 0 0 0 0 0
-0.356341 0 0 0 0 0 0
-0.445426 0 0 0 0 0 0
-0.534511 0 0 0 0 0 0
-0.623597 0 0 0 0 0 0
-0.712682 0 0 0 0 0 0
-0.801767 0 0 0 0 0 0
-0.890852 0 0 0 0 0 0
-0.979938 0 0 0 0 0 0
-1.06902 0 0 0 0 0 0
-1.15811 0 0 0 0 0 0
-1.24719 0 0 0 0 0 0
-1.33628 0 0 0 0 0 0
-1.42536 0 0 0 0 0 0
-1.51445 0 0 0 0 0 0
-1.60353 0 0 0 0 0 0
-1.69262 0 0 0 0 0 0
-1.7817 0 0 0 0 0 0
-1.87079 0 0 0 0 0 0
-1.95988 0 0 0 0 0 0
-2.04896 0 0 0 0 0 0
-2.13805 0 0 0 0 0 0
-2.22713 0 0 0 0 0 0
-2.31622 0 0 0 0 0 0
-2.4053 0 0 0 0 0 0
-2.49439 0 0 0 0 0 0
-2.58347 0 0 0 0 0 0
-2.67256 0 0 0 0 0 0
-2.76164 0 0 0 0 0 0
-2.85073 0 0 0 0 0 0
-2.93981 0 0 0 0 0 0
-3.0289 0 0 0 0 0 0
-3.11798 0 0 0 0 0 0
-3.0289 0 0 0 0 0 0
-2.93981 0 0 0 0 0 0
-2.85073 0 0 0 0 0 0
-2.76164 0 0 0 0 0 0
-2.67256 0 0 0 0 0 0
-2.58347 0 0 0 0 0 0
-2.49439 0 0 0 0 0 0
-2.4053 0 0 0 0 0 0
-2.31622 0 0 0 0 0 0
-2.22713 0 0 0 0 0 0
-2.13805 0 0 0 0 0 0
-2.04896 0 0 0 0 0 0
-1.95988 0 0 0 0 0 0
-1.87079 0 0 0 0 0 0
-1.7817 0 0 0 0 0 0
-1.69262 0 0 0 0 0 0
-1.60353 0 0 0 0 0 0
-1.51445 0 0 0 0 0 0
-1.42536 0 0 0 0 0 0
-1.33628 0 0 0 0 0 0
-1.24719 0 0 0 0 0 0
-1.15811 0 0 0 0 0 0
-1.06902 0 0 0 0 0 0
-0.979938 0 0 0 0 0 0
-0.890852 0 0 0 0 0 0
-0.801767 0 0 0 0 0 0
-0.712682 0 0 0 0 0 0
-0.623597 0 0 0 0 0 0
-0.534511 0 0 0 0 0 0
-0.445426 0 0 0 0 0 0
-0.356341 0 0 0 0 0 0
-0.267256 0 0 0 0 0 0
-0.17817 0 0 0 0 0 0
-0.0890852 0 0 0 0 0 0
1.57818e-16 0 0 0 0 0 0
1.62603e-16 0 0 0 0 0 0
0.0890852 0 0 0 0 0 0
0.17817 0 0 0 0 0 0
0.267256 0 0 0 0 0 0
0.356341 0 0 0 0 0 0
0.445426 0 0 0 0 0 0
0.534511 0 0 0 0 0 0
0.623597 0 0 0 0 0 0
0.712682 0 0 0 0 0 0
0.801767 0 0 0 0 0 0
0.890852 0 0 0 0 0 0
0.979938 0 0 0 0 0 0
1.06902 0 0 0 0 0 0
1.15811 0 0 0 0 0 0
1.24719 0 0 0 0 0 0
1.33628 0 0 0 0 0 0
1.42536 0 0 0 0 0 0
1.51445 0 0 0 0 0 0
1.60353 0 0 0 0 0 0
1.69262 0 0 0 0 0 0
1.7817 0 0 0 0 0 0
1.87079 0 0 0 0 0 0
1.95988 0 0 0 0 0 0
2.04896 0 0 0 0 0 0
2.13805 0 0 0 0 0 0
2.22713 0 0 0 0 0 0
2.31622 0 0 0 0 0 0
2.4053 0 0 0 0 0 0
2.49439 0 0 0 0 0 0
2.58347 0 0 0 0 0 0
2.67256 0 0 0 0 0 0
2.76164 0 0 0 0 0 0
2.85073 0 0 0 0 0 0
2.93981 0 0 0 0 0 0
3.0289 0 0 0 0 0 0
3.11798 0 0 0 0 0 0
3.0289 0 0 0 0 0 0
2.93981 0 0 0 0 0 0
2.85073 0 0 0 0 0 0
2.76164 0 0 0 0 0 0
2.67256 0 0 0 0 0 0
2.58347 0 0 0 0 0 0
2.49439 0 0 0 0 0 0
2.4053 0 0 0 0 0 0
2.31622 0 0 0 0 0 0
2.22713 0 0 0 0 0 0
2.13805 0 0 0 0 0 0
2.04896 0 0 0 0 0 0
1.95988 0 0 0 0 0 0
1.87079 0 0 0 0 0 0
1.7817 0 0 0 0 0 0
1.69262 0 0 0 0 0 0
1.60353 0 0 0 0 0 0
1.51445 0 0 0 0 0 0
1.42536 0 0 0 0 0 0
1.33628 0 0 0 0 0 0
1.24719 0 0 0 0 0 0
1.15811 0 0 0 0 0 0
1.06902 0 0 0 0 0 0
0.979938 0 0 0 0 0 0
0.890852 0 0 0 0 0 0
0.801767 0 0 0 0 0 0
0.712682 0 0 0 0 0 0
0.623597 0 0 0 0 0 0
0.534511 0 0 0 0 0 0
0.445426 0 0 0 0 0 0
0.356341 0 0 0 0 0 0
0.267256 0 0 0 0 0 0
0.17817 0 0 0 0 0 0
0.0890852 0 0 0 0 0 0
4.31785e-16 0 0 0 0 0 0
-0.0890852 0 0 0 0 0 0
-0.17817 0 0 0 0 0 0
-0.267256 0 0 0 0 0 0
-0.356341 0 0 0 0 0 0
-0.445426 0 0 0 0 0 0
-0.534511 0 0 0 0 0 0
-0.623597 0 0 0 0 0 0
-0.712682 0 0 0 0 0 0
-0.801767 0 0 0 0 0 0
-0.890852 0 0 0 0 0 0
-0.979938 0 0 0 0 0 0
-1.06902 0 0 0 0 0 0
-1.15811 0 0 0 0 0 0
-1.24719 0 0 0 0 0 0
-1.33628 0 0 0 0 0 0
-1.42536 0 0 0 0 0 0
-1.51445 0 0 0 0 0 0
-1.60353 0 0 0 0 0 0
-1.69262 0 0 0 0 0 0
-1.7817 0 0 0 0 0 0
-1.87079 0 0 0 0 0 0
-1.95988 0 0 0 0 0 0
-2.04896 0 0 0 0 0 0
-2.13805 0 0 0 0 0 0
-2.22713 0 0 0 0 0 0
-2.31622 0 0 0 0 0 0
-2.4053 0 0 0 0 0 0
-2.49439 0 0 0 0 0 0
-2.58347 0 0 0 0 0 0
-2.67256 0 0 0 0 0 0
-2.76164 0 0 0 0 0 0
-2.85073 0 0 0 0 0 0
-2.93981 0 0 0 0 0 0
-3.0289 0 0 0 0 0 0
-3.11798 0 0 0 0 0 0
-3.0289 0 0 0 0 0 0
-2.93981 0 0 0 0 0 0
-2.85073 0 0 0 0 0 0
-2.76164 0 0 0 0 0 0
-2.67256 0 0 0 0 0 0
-2.58347 0 0 0 0 0 0
-2.49439 0 0 0 0 0 0
-2.4053 0 0 0 0 0 0
-2.31622 0 0 0 0 0 0
-2.22713 0 0 0 0 0 0
-2.13805 0 0 0 0 0 0
-2.04896 0 0 0 0 0 0
-1.95988 0 0 0 0 0 0
-1.87079 0 0 0 0 0 0
-1.7817 0 0 0 0 0 0
-1.69262 0 0 0 0 0 0
-1.60353 0 0 0 0 0 0
-1.51445 0 0 0 0 0 0
-1.42536 0 0 0 0 0 0
-1.33628 0 0 0 0 0 0
-1.24719 0 0 0 0 0 0
-1.15811 0 0 0 0 0 0
-1.06902 0 0 0 0 0 0
-0.979938 0 0 0 0 0 0
-0.890852 0 0 0 0 0 0
-0.801767 0 0 0 0 0 0
-0.712682 0 0 0 0 0 0
-0.623597 0 0 0 0 0 0
-0.534511 0 0 0 0 0 0
-0.445426 0 0 0 0 0 0
-0.356341 0 0 0 0 0 0
-0.267256 0 0 0 0 0 0
-0.17817 0 0 0 0 0 0
-0.0890852 0 0 0 0 0 0
1.57818e-16 0 0 0 0 0 0
1.62603e-16 0 0 0 0 0 0
0.0890852 0 0 0 0 0 0
0.17817 0 0 0 0 0 0
0.267256 0 0 0 0 0 0
0.356341 0 0 0 0 0 0
0.445426 0 0 0 0 0 0
0.534511 0 0 0 0 0 0
0.623597 0 0 0 0 0 0
0.712682 0 0 0 0 0 0
0.801767 0 0 0 0 0 0
0.890852 0 0 0 0 0 0
0.979938 0 0 0 0 0 0
1.06902 0 0 0 0 0 0
1.15811 0 0 0 0 0 0
1.24719 0 0 0 0 0 0
1.33628 0 0 0 0 0 0
1.42536 0 0 0 0 0 0
1.51445 0 0 0 0 0 0
1.60353 0 0 0 0 0 0
1.69262 0 0 0 0 0 0
1.7817 0 0 0 0 0 0
1.87079 0 0 0 0 0 0
1.95988 0 0 0 0 0 0
2.04896 0 0 0 0 0 0
2.13805 0 0 0 0 0 0
2.22713 0 0 0 0 0 0
2.31622 0 0 0 0 0 0
2.4053 0 0 0 0 0 0
2.49439 0 0 0 0 0 0
2.58347 0 0 0 0 0 0
2.67256 0 0 0 0 0 0
2.76164 0 0 0 0 0 0
2.85073 0 0 0 0 0 0
2.93981 0 0 0 0 0 0
3.0289 0 0 0 0 0 0
3.11798 0 0 0 0 0 0
3.20707 0 0 0 0 0 0
3.29615 0 0 0 0 0 0
3.38524 0 0 0 0 0 0
3.47432 0 0 0 0 0 0
3.56341 0 0 0 0 0 0
3.65249 0 0 0 0 0 0
3.74158 0 0 0 0 0 0
3.83067 0 0 0 0 0 0
3.91975 0 0 0 0 0 0
4.00884 0 0 0 0 0 0
4.09792 0 0 0 0 0 0
4.18701 0 0 0 0 0 0
4.27609 0 0 0 0 0 0
4.36518 0 0 0 0 0 0
4.45426 0 0 0 0 0 0
4.54335 0 0 0 0 0 0
4.63243 0 0 0 0 0 0
4.72152 0 0 0 0 0 0
4.8106 0 0 0 0 0 0
4.89969 0 0 0 0 0 0
4.98877 0 0 0 0 0 0
5.07786 0 0 0 0 0 0
5.16694 0 0 0 0 0 0
5.25603 0 0 0 0 0 0
5.34511 0 0 0 0 0 0
5.4342 0 0 0 0 0 0
5.52328 0 0 0 0 0 0
5.61237 0 0 0 0 0 0
5.70146 0 0 0 0 0 0
5.79054 0 0 0 0 0 0
5.87963 0 0 0 0 0 0
5.96871 0 0 0 0 0 0
6.0578 0 0 0 0 0 0
6.14688 0 0 0 0 0 0
6.23597 0 0 0 0 0 0
6.32505 0 0 0 0 0 0
6.41414 0 0 0 0 0 0
6.50322 0 0 0 0 0 0
6.59231 0 0 0 0 0 0
6.68139 0 0 0 0 0 0
6.77048 0 0 0 0 0 0
6.85956 0 0 0 0 0 0
6.94865 0 0 0 0 0 0
7.03773 0 0 0 0 0 0
7.12682 0 0 0 0 0 0
7.2159 0 0 0 0 0 0
7.30499 0 0 0 0 0 0
7.39407 0 0 0 0 0 0
7.48316 0 0 0 0 0 0
7.57225 0 0 0 0 0 0
7.66133 0 0 0 0 0 0
7.75042 0 0 0 0 0 0
7.8395 0 0 0 0 0 0
7.92859 0 0 0 0 0 0
8.01767 0 0 0 0 0 0
8.10676 0 0 0 0 0 0
8.19584 0 0 0 0 0 0
8.28493 0 0 0 0 0 0
8.37401 0 0 0 0 0 0
8.4631 0 0 0 0 0 0
8.55218 0 0 0 0 0 0
8.64127 0 0 0 0 0 0
8.73035 0 0 0 0 0 0
8.81944 0 0 0 0 0 0
8.90852 0 0 0 0 0 0
8.81944 0 0 0 0 0 0
8.73035 0 0 0 0 0 0
8.64127 0 0 0 0 0 0
8.55218 0 0 0 0 0 0
8.4631 0 0 0 0 0 0
8.37401 0 0 0 0 0 0
8.28493 0 0 0 0 0 0
8.19584 0 0 0 0 0 0
8.10676 0 0 0 0 0 0
8.01767 0 0 0 0 0 0
7.92859 0 0 0 0 0 0
7.8395 0 0 0 0 0 0
7.75042 0 0 0 0 0 0
7.66133 0 0 0 0 0 0
7.57225 0 0 0 0 0 0
7.48316 0 0 0 0 0 0
7.39407 0 0 0 0 0 0
7.30499 0 0 0 0 0 0
7.2159 0 0 0 0 0 0
7.12682 0 0 0 0 0 0
7.03773 0 0 0 0 0 0
6.94865 0 0 0 0 0 0
6.85956 0 0 0 0 0 0
6.77048 0 0 0 0 0 0
6.68139 0 0 0 0 0 0
6.59231 0 0 0 0 0 0
6.50322 0 0 0 0 0 0
6.41414 0 0 0 0 0 0
6.32505 0 0 0 0 0 0
6.23597 0 0 0 0 0 0
6.14688 0 0 0 0 0 0
6.0578 0 0 0 0 0 0
5.96871 0 0 0 0 0 0
5.87963 0 0 0 0 0 0
5.79054 0 0 0 0 0 0
5.70146 0 0 0 0 0 0
5.61237 0 0 0 0 0 0
5.52328 0 0 0 0 0 0
5.4342 0 0 0 0 0 0
5.34511 0 0 0 0 0 0
5.25603 0 0 0 0 0 0
5.16694 0 0 0 0 0 0
5.07786 0 0 0 0 0 0
4.98877 0 0 0 0 0 0
4.89969 0 0 0 0 0 0
4.8106 0 0 0 0 0 0
4.72152 0 0 0 0 0 0
4.63243 0 0 0 0 0 0
4.54335 0 0 0 0 0 0
4.45426 0 0 0 0 0 0
4.36518 0 0 0 0 0 0
4.27609 0 0 0 0 0 0
4.18701 0 0 0 0 0 0
4.09792 0 0 0 0 0 0
4.00884 0 0 0 0 0 0
3.91975 0 0 0 0 0 0
3.83067 0 0 0 0 0 0
3.74158 0 0 0 0 0 0
3.65249 0 0 0 0 0 0
3.56341 0 0 0 0 0 0
3.47432 0 0 0 0 0 0
3.38524 0 0 0 0 0 0
3.29615 0 0 0 0 0 0
3.20707 0 0 0 0 0 0
3.11798 0 0 0 0 0 0
3.0289 0 0 0 0 0 0
2.93981 0 0 0 0 0 0
2.85073 0 0 0 0 0 0
2.76164 0 0 0 0 0 0
2.67256 0 0 0 0 0 0
2.58347 0 0 0 0 0 0
2.49439 0 0 0 0 0 0
2.4053 0 0 0 0 0 0
2.31622 0 0 0 0 0 0
2.22713 0 0 0 0 0 0
2.13805 0 0 0 0 0 0
2.04896 0 0 0 0 0 0
1.95988 0 0 0 0 0 0
1.87079 0 0 0 0 0 0
1.7817 0 0 0 0 0 0
1.69262 0 0 0 0 0 0
1.60353 0 0 0 0 0 0
1.51445 0 0 0 0 0 0
1.42536 0 0 0 0 0 0
1.33628 0 0 0 0 0 0
1.24719 0 0 0 0 0 0
1.15811 0 0 0 0 0 0
1.06902 0 0 0 0 0 0
0.979938 0 0 0 0 0 0
0.890852 0 0 0 0 0 0
0.801767 0 0 0 0 0 0
0.712682 0 0 0 0 0 0
0.623597 0 0 0 0 0 0
0.534511 0 0 0 0 0 0
0.445426 0 0 0 0 0 0
0.356341 0 0 0 0 0 0
0.267256 0 0 0 0 0 0
0.17817 0 0 0 0 0 0
0.0890852 0 0 0 0 0 0
-2.2911e-17 0 0 0 0 0 0
-0.0890852 0 0 0 0 0 0
-0.17817 0 0 0 0 0 0
-0.267256 0 0 0 0 0 0
-0.356341 0 0 0 0 0 0
-0.445426 0 0 0 0 0 0
-0.534511 0 0 0 0 0 0
-0.623597 0 0 0 0 0 0
-0.712682 0 0 0 0 0 0
-0.801767 0 0 0 0 0 0
-0.890852 0 0 0 0 0 0
-0.979938 0 0 0 0 0 0
-1.06902 0 0 0 0 0 0
-1.15811 0 0 0 0 0 0
-1.24719 0 0 0 0 0 0
-1.33628 0 0 0 0 0 0
-1.42536 0 0 0 0 0 0
-1.51445 0 0 0 0 0 0
-1.60353 0 0 0 0 0 0
-1.69262 0 0 0 0 0 0
-1.7817 0 0 0 0 0 0
-1.87079 0 0 0 0 0 0
-1.95988 0 0 0 0 0 0
-2.04896 0 0 0 0 0 0
-2.13805 0 0 0 0 0 0
-2.22713 0 0 0 0 0 0
-2.31622 0 0 0 0 0 0
-2.4053 0 0 0 0 0 0
-2.49439 0 0 0 0 0 0
-2.58347 0 0 0 0 0 0
-2.67256 0 0 0 0 0 0
-2.76164 0 0 0 0 0 0
-2.85073 0 0 0 0 0 0
-2.93981 0 0 0 0 0 0
-3.0289 0 0 0 0 0 0
-3.11798 0 0 0 0 0 0
-3.20707 0 0 0 0 0 0
-3.29615 0 0 0 0 0 0
-3.38524 0 0 0 0 0 0
-3.47432 0 0 0 0 0 0
-3.56341 0 0 0 0 0 0
-3.65249 0 0 0 0 0 0
-3.74158 0 0 0 0 0 0
-3.83067 0 0 0 0 0 0
-3.91975 0 0 0 0 0 0
-4.00884 0 0 0 0 0 0
-4.09792 0 0 0 0 0 0
-4.18701 0 0 0 0 0 0
-4.27609 0 0 0 0 0 0
-4.36518 0 0 0 0 0 0
-4.45426 0 0 0 0 0 0
-4.54335 0 0 0 0 0 0
-4.63243 0 0 0 0 0 0
-4.72152 0 0 0 0 0 0
-4.8106 0 0 0 0 0 0
-4.89969 0 0 0 0 0 0
-4.98877 0 0 0 0 0 0
-5.07786 0 0 0 0 0 0
-5.16694 0 0 0 0 0 0
-5.25603 0 0 0 0 0 0
-5.34511 0 0 0 0 0 0
-5.4342 0 0 0 0 0 0
-5.52328 0 0 0 0 0 0
-5.61237 0 0 0 0 0 0
-5.70146 0 0 0 0 0 0
-5.79054 0 0 0 0 0 0
-5.87963 0 0 0 0 0 0
-5.96871 0 0 0 0 0 0
-6.0578 0 0 0 0 0 0
-6.14688 0 0 0 0 0 0
-6.23597 0 0 0 0 0 0
-6.32505 0 0 0 0 0 0
-6.41414 0 0 0 0 0 0
-6.50322 0 0 0 0 0 0
-6.59231 0 0 0 0 0 0
-6.68139 0 0 0 0 0 0
-6.77048 0 0 0 0 0 0
-6.85956 0 0 0 0 0 0
-6.94865 0 0 0 0 0 0
-7.03773 0 0 0 0 0 0
-7.12682 0 0 0 0 0 0
-7.2159 0 0 0 0 0 0
-7.30499 0 0 0 0 0 0
-7.39407 0 0 0 0 0 0
-7.48316 0 0 0 0 0 0
-7.57225 0 0 0 0 0 0
-7.66133 0 0 0 0 0 0
-7.75042 0 0 0 0 0 0
-7.8395 0 0 0 0 0 0
-7.92859 0 0 0 0 0 0
-8.01767 0 0 0 0 0 0
-8.10676 0 0 0 0 0 0
-8.19584 0 0 0 0 0 0
-8.28493 0 0 0 0 0 0
-8.37401 0 0 0 0 0 0
-8.4631 0 0 0 0 0 0
-8.55218 0 0 0 0 0 0
-8.64127 0 0 0 0 0 0
-8.73035 0 0 0 0 0 0
-8.81944 0 0 0 0 0 0
-8.90852 0 0 0 0 0 0
-8.81944 0 0 0 0 0 0
-8.73035 0 0 0 0 0 0
-8.64127 0 0 0 0 0 0
-8.55218 0 0 0 0 0 0
-8.4631 0 0 0 0 0 0
-8.37401 0 0 0 0 0 0
-8.28493 0 0 0 0 0 0
-8.19584 0 0 0 0 0 0
-8.10676 0 0 0 0 0 0
-8.01767 0 0 0 0 0 0
-7.92859 0 0 0 0 0 0
-7.8395 0 0 0 0 0 0
-7.75042 0 0 0 0 0 0
-7.66133 0 0 0 0 0 0
-7.57225 0 0 0 0 0 0
-7.48316 0 0 0 0 0 0
-7.39407 0 0 0 0 0 0
-7.30499 0 0 0 0 0 0
-7.2159 0 0 0 0 0 0
-7.12682 0 0 0 0 0 0
-7.03773 0 0 0 0 0 0
-6.94865 0 0 0 0 0 0
-6.85956 0 0 0 0 0 0
-6.77048 0 0 0 0 0 0
-6.68139 0 0 0 0 0 0
-6.59231 0 0 0 0 0 0
-6.50322 0 0 0 0 0 0
-6.41414 0 0 0 0 0 0
-6.32505 0 0 0 0 0 0
-6.23597 0 0 0 0 0 0
-6.14688 0 0 0 0 0 0
-6.0578 0 0 0 0 0 0
-5.96871 0 0 0 0 0 0
-5.87963 0 0 0 0 0 0
-5.79054 0 0 0 0 0 0
-5.70146 0 0 0 0 0 0
-5.61237 0 0 0 0 0 0
-5.52328 0 0 0 0 0 0
-5.4342 0 0 0 0 0 0
-5.34511 0 0 0 0 0 0
-5.25603 0 0 0 0 0 0
-5.16694 0 0 0 0 0 0
-5.07786 0 0 0 0 0 0
-4.98877 0 0 0 0 0 0
-4.89969 0 0 0 0 0 0
-4.8106 0 0 0 0 0 0
-4.72152 0 0 0 0 0 0
-4.63243 0 0 0 0 0 0
-4.54335 0 0 0 0 0 0
-4.45426 0 0 0 0 0 0
-4.36518 0 0 0 0 0 0
-4.27609 0 0 0 0 0 0
-4.18701 0 0 0 0 0 0
-4.09792 0 0 0 0 0 0
-4.00884 0 0 0 0 0 0
-3.91975 0 0 0 0 0 0
-3.83067 0 0 0 0 0 0
-3.74158 0 0 0 0 0 0
-3.65249 0 0 0 0 0 0
-3.56341 0 0 0 0 0 0
-3.47432 0 0 0 0 0 0
-3.38524 0 0 0 0 0 0
-3.29615 0 0 0 0 0 0
-3.20707 0 0 0 0 0 0
-3.11798 0 0 0 0 0 0
-3.0289 0 0 0 0 0 0
-2.93981 0 0 0 0 0 0
-2.85073 0 0 0 0 0 0
-2.76164 0 0 0 0 0 0
-2.67256 0 0 0 0 0 0
-2.58347 0 0 0 0 0 0
-2.49439 0 0 0 0 0 0
-2.4053 0 0 0 0 0 0
-2.31622 0 0 0 0 0 0
-2.22713 0 0 0 0 0 0
-2.13805 0 0 0 0 0 0
-2.04896 0 0 0 0 0 0
-1.95988 0 0 0 0 0 0
-1.87079 0 0 0 0 0 0
-1.7817 0 0 0 0 0 0
-1.69262 0 0 0 0 0 0
-1.60353 0 0 0 0 0 0
-1.51445 0 0 0 0 0 0
-1.42536 0 0 0 0 0 0
-1.33628 0 0 0 0 0 0
-1.24719 0 0 0 0 0 0
-1.15811 0 0 0 0 0 0
-1.06902 0 0 0 0 0 0
-0.979938 0 0 0 0 0 0
-0.890852 0 0 0 0 0 0
-0.801767 0 0 0 0 0 0
-0.712682 0 0 0 0 0 0
-0.623597 0 0 0 0 0 0
-0.534511 0 0 0 0 0 0
-0.445426 0 0 0 0 0 0
-0.356341 0 0 0 0 0 0
-0.267256 0 0 0 0 0 0
-0.17817 0 0 0 0 0 0
-0.0890852 0 0 0 0 0 0
-1.21504e-15 0 0 0 0 0 0
-1.2261e-15 0 0 0 0 0 0
0.0890852 0 0 0 0 0 0
0.17817 0 0 0 0 0 0
0.267256 0 0 0 0 0 0
0.356341 0 0 0 0 0 0
0.445426 0 0 0 0 0 0
0.534511 0 0 0 0 0 0
0.623597 0 0 0 0 0 0
0.712682 0 0 0 0 0 0
0.801767 0 0 0 0 0 0
0.890852 0 0 0 0 0 0
0.979938 0 0 0 0 0 0
1.06902 0 0 0 0 0 0
1.15811 0 0 0 0 0 0
1.24719 0 0 0 0 0 0
1.33628 0 0 0 0 0 0
1.42536 0 0 0 0 0 0
1.51445 0 0 0 0 0 0
1.60353 0 0 0 0 0 0
1.69262 0 0 0 0 0 0
1.7817 0 0 0 0 0 0
1.87079 0 0 0 0 0 0
1.95988 0 0 0 0 0 0
2.04896 0 0 0 0 0 0
2.13805 0 0 0 0 0 0
2.22713 0 0 0 0 0 0
2.31622 0 0 0 0 0 0
2.4053 0 0 0 0 0 0
2.49439 0 0 0 0 0 0
2.58347 0 0 0 0 0 0
2.67256 0 0 0 0 0 0
2.76164 0 0 0 0 0 0
2.85073 0 0 0 0 0 0
2.93981 0 0 0 0 0 0
3.0289 0 0 0 0 0 0
3.11798 0 0 0 0 0 0
3.20707 0 0 0 0 0 0
3.29615 0 0 0 0 0 0
3.38524 0 0 0 0 0 0
3.47432 0 0 0 0 0 0
3.56341 0 0 0 0 0 0
3.65249 0 0 0 0 0 0
3.74158 0 0 0 0 0 0
3.83067 0 0 0 0 0 0
3.91975 0 0 0 0 0 0
4.00884 0 0 0 0 0 0
4.09792 0 0 0 0 0 0
4.18701 0 0 0 0 0 0
4.27609 0 0 0 0 0 0
4.36518 0 0 0 0 0 0
4.45426 0 0 0 0 0 0
4.54335 0 0 0 0 0 0
4.63243 0 0 0 0 0 0
4.72152 0 0 0 0 0 0
4.8106 0 0 0 0 0 0
4.89969 0 0 0 0 0 0
4.98877 0 0 0 0 0 0
5.07786 0 0 0 0 0 0
5.16694 0 0 0 0 0 0
5.25603 0 0 0 0 0 0
5.34511 0 0 0 0 0 0
5.4342 0 0 0 0 0 0
5.52328 0 0 0 0 0 0
5.61237 0 0 0 0 0 0
5.70146 0 0 0 0 0 0
5.79054 0 0 0 0 0 0
5.87963 0 0 0 0 0 0
5.96871 0 0 0 0 0 0
6.0578 0 0 0 0 0 0
6.14688 0 0 0 0 0 0
6.23597 0 0 0 0 0 0
6.32505 0 0 0 0 0 0
6.41414 0 0 0 0 0 0
6.50322 0 0 0 0 0 0
6.59231 0 0 0 0 0 0
6.68139 0 0 0 0 0 0
6.77048 0 0 0 0 0 0
6.85956 0 0 0 0 0 0
6.94865 0 0 0 0 0 0
7.03773 0 0 0 0 0 0
7.12682 0 0 0 0 0 0
7.2159 0 0 0 0 0 0
7.30499 0 0 0 0 0 0
7.39407 0 0 0 0 0 0
7.48316 0 0 0 0 0 0
7.57225 0 0 0 0 0 0
7.66133 0 0 0 0 0 0
7.75042 0 0 0 0 0 0
7.8395 0 0 0 0 0 0
7.92859 0 0 0 0 0 0
8.01767 0 0 0 0 0 0
8.10676 0 0 0 0 0 0
8.19584 0 0 0 0 0 0
8.28493 0 0 0 0 0 0
8.37401 0 0 0 0 0 0
8.4631 0 0 0 0 0 0
8.55218 0 0 0 0 0 0
8.64127 0 0 0 0 0 0
8.73035 0 0 0 0 0 0
8.81944 0 0 0 0 0 0
8.90852 0 0 0 0 0 0
8.81944 0 0 0 0 0 0
8.73035 0 0 0 0 0 0
8.64127 0 0 0 0 0 0
8.55218 0 0 0 0 0 0
8.4631 0 0 0 0 0 0
8.37401 0 0 0 0 0 0
8.28493 0 0 0 0 0 0
8.19584 0 0 0 0 0 0
8.10676 0 0 0 0 0 0
8.01767 0 0 0 0 0 0
7.92859 0 0 0 0 0 0
7.8395 0 0 0 0 0 0
7.75042 0 0 0 0 0 0
7.66133 0 0 0 0 0 0
7.57225 0 0 0 0 0 0
7.48316 0 0 0 0 0 0
7.39407 0 0 0 0 0 0
7.30499 0 0 0 0 0 0
7.2159 0 0 0 0 0 0
7.12682 0 0 0 0 0 0
7.03773 0 0 0 0 0 0
6.94865 0 0 0 0 0 0
6.85956 0 0 0 0 0 0
6.77048 0 0 0 0 0 0
6.68139 0 0 0 0 0 0
6.59231 0 0 0 0 0 0
6.50322 0 0 0 0 0 0
6.41414 0 0 0 0 0 0
6.32505 0 0 0 0 0 0
6.23597 0 0 0 0 0 0
6.14688 0 0 0 0 0 0
6.0578 0 0 0 0 0 0
5.96871 0 0 0 0 0 0
5.87963 0 0 0 0 0 0
5.79054 0 0 0 0 0 0
5.70146 0 0 0 0 0 0
5.61237 0 0 0 0 0 0
5.52328 0 0 0 0 0 0
5.4342 0 0 0 0 0 0
5.34511 0 0 0 0 0 0
5.25603 0 0 0 0 0 0
5.16694 0 0 0 0 0 0
5.07786 0 0 0 0 0 0
4.98877 0 0 0 0 0 0
4.89969 0 0 0 0 0 0
4.8106 0 0 0 0 0 0
4.72152 0 0 0 0 0 0
4.63243 0 0 0 0 0 0
4.54335 0 0 0 0 0 0
4.45426 0 0 0 0 0 0
4.36518 0 0 0 0 0 0
4.27609 0 0 0 0 0 0
4.18701 0 0 0 0 0 0
4.09792 0 0 0 0 0 0
4.00884 0 0 0 0 0 0
3.91975 0 0 0 0 0 0
3.83067 0 0 0 0 0 0
3.74158 0 0 0 0 0 0
3.65249 0 0 0 0 0 0
3.56341 0 0 0 0 0 0
3.47432 0 0 0 0 0 0
3.38524 0 0 0 0 0 0
3.29615 0 0 0 0 0 0
3.20707 0 0 0 0 0 0
3.11798 0 0 0 0 0 0
3.0289 0 0 0 0 0 0
2.93981 0 0 0 0 0 0
2.85073 0 0 0 0 0 0
2.76164 0 0 0 0 0 0
2.67256 0 0 0 0 0 0
2.58347 0 0 0 0 0 0
2.49439 0 0 0 0 0 0
2.4053 0 0 0 0 0 0
2.31622 0 0 0 0 0 0
2.22713 0 0 0 0 0 0
2.13805 0 0 0 0 0 0
2.04896 0 0 0 0 0 0
1.95988 0 0 0 0 0 0
1.87079 0 0 0 0 0 0
1.7817 0 0 0 0 0 0
1.69262 0 0 0 0 0 0
1.60353 0 0 0 0 0 0
1.51445 0 0 0 0 0 0
1.42536 0 0 0 0 0 0
1.33628 0 0 0 0 0 0
1.24719 0 0 0 0 0 0
1.15811 0 0 0 0 0 0
1.06902 0 0 0 0 0 0
0.979938 0 0 0 0 0 0
0.890852 0 0 0 0 0 0
0.801767 0 0 0 0 0 0
0.712682 0 0 0 0 0 0
0.623597 0 0 0 0 0 0
0.534511 0 0 0 0 0 0
0.445426 0 0 0 0 0 0
0.356341 0 0 0 0 0 0
0.267256 0 0 0 0 0 0
0.17817 0 0 0 0 0 0
0.0890852 0 0 0 0 0 0
-2.2911e-17 0 0 0 0 0 0
-0.0890852 0 0 0 0 0 0
-0.17817 0 0 0 0 0 0
-0.267256 0 0 0 0 0 0
-0.356341 0 0 0 0 0 0
-0.445426 0 0 0 0 0 0
-0.534511 0 0 0 0 0 0
-0.623597 0 0 0 0 0 0
-0.712682 0 0 0 0 0 0
-0.801767 0 0 0 0 0 0
-0.890852 0 0 0 0 0 0
-0.979938 0 0 0 0 0 0
-1.06902 0 0 0 0 0 0
-1.15811 0 0 0 0 0 0
-1.24719 0 0 0 0 0 0
-1.33628 0 0 0 0 0 0
-1.42536 0 0 0 0 0 0
-1.51445 0 0 0 0 0 0
-1.60353 0 0 0 0 0 0
-1.69262 0 0 0 0 0 0
-1.7817 0 0 0 0 0 0
-1.87079 0 0 0 0 0 0
-1.95988 0 0 0 0 0 0
-2.04896 0 0 0 0 0 0
-2.13805 0 0 0 0 0 0
-2.22713 0 0 0 0 0 0
-2.31622 0 0 0 0 0 0
-2.4053 0 0 0 0 0 0
-2.49439 0 0 0 0 0 0
-2.58347 0 0 0 0 0 0
-2.67256 0 0 0 0 0 0
-2.76164 0 0 0 0 0 0
-2.85073 0 0 0 0 0 0
-2.93981 0 0 0 0 0 0
-3.0289 0 0 0 0 0 0
-3.11798 0 0 0 0 0 0
-3.20707 0 0 0 0 0 0
-3.29615 0 0 0 0 0 0
-3.38524 0 0 0 0 0 0
-3.47432 0 0 0 0 0 0
-3.56341 0 0 0 0 0 0
-3.65249 0 0 0 0 0 0
-3.74158 0 0 0 0 0 0
-3.83067 0 0 0 0 0 0
-3.91975 0 0 0 0 0 0
-4.00884 0 0 0 0 0 0
-4.09792 0 0 0 0 0 0
-4.18701 0 0 0 0 0 0
-4.27609 0 0 0 0 0 0
-4.36518 0 0 0 0 0 0
-4.45426 0 0 0 0 0 0
-4.54335 0 0 0 0 0 0
-4.63243 0 0 0 0 0 0
-4.72152 0 0 0 0 0 0
-4.8106 0 0 0 0 0 0
-4.89969 0 0 0 0 0 0
-4.98877 0 0 0 0 0 0
-5.07786 0 0 0 0 0 0
-5.16694 0 0 0 0 0 0
-5.25603 0 0 0 0 0 0
-5.34511 0 0 0 0 0 0
-5.4342 0 0 0 0 0 0
-5.52328 0 0 0 0 0 0
-5.61237 0 0 0 0 0 0
-5.70146 0 0 0 0 0 0
-5.79054 0 0 0 0 0 0
-5.87963 0 0 0 0 0 0
-5.96871 0 0 0 0 0 0
-6.0578 0 0 0 0 0 0
-6.14688 0 0 0 0 0 0
-6.23597 0 0 0 0 0 0
-6.32505 0 0 0 0 0 0
-6.41414 0 0 0 0 0 0
-6.50322 0 0 0 0 0 0
-6.59231 0 0 0 0 0 0
-6.68139 0 0 0 0 0 0
-6.77048 0 0 0 0 0 0
-6.85956 0 0 0 0 0 0
-6.94865 0 0 0 0 0 0
-7.03773 0 0 0 0 0 0
-7.12682 0 0 0 0 0 0
-7.2159 0 0 0 0 0 0
-7.30499 0 0 0 0 0 0
-7.39407 0 0 0 0 0 0
-7.48316 0 0 0 0 0 0
-7.57225 0 0 0 0 0 0
-7.66133 0 0 0 0 0 0
-7.75042 0 0 0 0 0 0
-7.8395 0 0 0 0 0 0
-7.92859 0 0 0 0 0 0
-8.01767 0 0 0 0 0 0
-8.10676 0 0 0 0 0 0
-8.19584 0 0 0 0 0 0
-8.28493 0 0 0 0 0 0
-8.37401 0 0 0 0 0 0
-8.4631 0 0 0 0 0 0
-8.55218 0 0 0 0 0 0
-8.64127 0 0 0 0 0 0
-8.73035 0 0 0 0 0 0
-8.81944 0 0 0 0 0 0
-8.90852 0 0 0 0 0 0
-8.81944 0 0 0 0 0 0
-8.73035 0 0 0 0 0 0
-8.64127 0 0 0 0 0 0
-8.55218 0 0 0 0 0 0
-8.4631 0 0 0 0 0 0
-8.37401 0 0 0 0 0 0
-8.28493 0 0 0 0 0 0
-8.19584 0 0 0 0 0 0
-8.10676 0 0 0 0 0 0
-8.01767 0 0 0 0 0 0
-7.92859 0 0 0 0 0 0
-7.8395 0 0 0 0 0 0
-7.75042 0 0 0 0 0 0
-7.66133 0 0 0 0 0 0
-7.57225 0 0 0 0 0 0
-7.48316 0 0 0 0 0 0
-7.39407 0 0 0 0 0 0
-7.30499 0 0 0 0 0 0
-7.2159 0 0 0 0 0 0
-7.12682 0 0 0 0 0 0
-7.03773 0 0 0 0 0 0
-6.94865 0 0 0 0 0 0
-6.85956 0 0 0 0 0 0
-6.77048 0 0 0 0 0 0
-6.68139 0 0 0 0 0 0
-6.59231 0 0 0 0 0 0
-6.50322 0 0 0 0 0 0
-6.41414 0 0 0 0 0 0
-6.32505 0 0 0 0 0 0
-6.23597 0 0 0 0 0 0
-6.14688 0 0 0 0 0 0
-6.0578 0 0 0 0 0 0
-5.96871 0 0 0 0 0 0
-5.87963 0 0 0 0 0 0
-5.79054 0 0 0 0 0 0
-5.70146 0 0 0 0 0 0
-5.61237 0 0 0 0 0 0
-5.52328 0 0 0 0 0 0
-5.4342 0 0 0 0 0 0
-5.34511 0 0 0 0 0 0
-5.25603 0 0 0 0 0 0
-5.16694 0 0 0 0 0 0
-5.07786 0 0 0 0 0 0
-4.98877 0 0 0 0 0 0
-4.89969 0 0 0 0 0 0
-4.8106 0 0 0 0 0 0
-4.72152 0 0 0 0 0 0
-4.63243 0 0 0 0 0 0
-4.54335 0 0 0 0 0 0
-4.45426 0 0 0 0 0 0
-4.36518 0 0 0 0 0 0
-4.27609 0 0 0 0 0 0
-4.18701 0 0 0 0 0 0
-4.09792 0 0 0 0 0 0
-4.00884 0 0 0 0 0 0
-3.91975 0 0 0 0 0 0
-3.83067 0 0 0 0 0 0
-3.74158 0 0 0 0 0 0
-3.65249 0 0 0 0 0 0
-3.56341 0 0 0 0 0 0
-3.47432 0 0 0 0 0 0
-3.38524 0 0 0 0 0 0
-3.29615 0 0 0 0 0 0
-3.20707 0 0 0 0 0 0
-3.11798 0 0 0 0 0 0
-3.0289 0 0 0 0 0 0
-2.93981 0 0 0 0 0 0
-2.85073 0 0 0 0 0 0
-2.76164 0 0 0 0 0 0
-2.67256 0 0 0 0 0 0
-2.58347 0 0 0 0 0 0
-2.49439 0 0 0 0 0 0
-2.4053 0 0 0 0 0 0
-2.31622 0 0 0 0 0 0
-2.22713 0 0 0 0 0 0
-2.13805 0 0 0 0 0 0
-2.04896 0 0 0 0 0 0
-1.95988 0 0 0 0 0 0
-1.87079 0 0 0 0 0 0
-1.7817 0 0 0 0 0 0
-1.69262 0 0 0 0 0 0
-1.60353 0 0 0 0 0 0
-1.51445 0 0 0 0 0 0
-1.42536 0 0 0 0 0 0
-1.33628 0 0 0 0 0 0
-1.24719 0 0 0 0 0 0
-1.15811 0 0 0 0 0 0
-1.06902 0 0 0 0 0 0
-0.979938 0 0 0 0 0 0
-0.890852 0 0 0 0 0 0
-0.801767 0 0 0 0 0 0
-0.712682 0 0 0 0 0 0
-0.623597 0 0 0 0 0 0
-0.534511 0 0 0 0 0 0
-0.445426 0 0 0 0 0 0
-0.356341 0 0 0 0 0 0
-0.267256 0 0 0 0 0 0
-0.17817 0 0 0 0 0 0
-0.0890852 0 0 0 0 0 0
-1.21504e-15 0 0 0 0 0 0
-1.2261e-15 0 0 0 0 0 0
0.0890852 0 0 0 0 0 0
0.17817 0 0 0 0 0 0
0.267256 0 0 0 0 0 0
0.356341 0 0 0 0 0 0
0.445426 0 0 0 0 0 0
0.534511 0 0 0 0 0 0
0.623597 0 0 0 0 0 0
0.712682 0 0 0 0 0 0
0.801767 0 0 0 0 0 0
0.890852 0 0 0 0 0 0
0.979938 0 0 0 0 0 0
1.06902 0 0 0 0 0 0
1.15811 0 0 0 0 0 0
1.24719 0 0 0 0 0 0
1.33628 0 0 0 0 0 0
1.42536 0 0 0 0 0 0
1.51445 0 0 0 0 0 0
1.60353 0 0 0 0 0 0
1.69262 0 0 0 0 0 0
1.7817 0 0 0 0 0 0
1.87079 0 0 0 0 0 0
1.95988 0 0 0 0 0 0
2.04896 0 0 0 0 0 0
2.13805 0 0 0 0 0 0
2.22713 0 0 0 0 0 0
2.31622 0 0 0 0 0 0
2.4053 0 0 0 0 0 0
2.49439 0 0 0 0 0 0
2.58347 0 0 0 0 0 0
2.67256 0 0 0 0 0 0
2.76164 0 0 0 0 0 0
2.85073 0 0 0 0 0 0
2.93981 0 0 0 0 0 0
3.0289 0 0 0 0 0 0
3.11798 0 0 0 0 0 0
3.20707 0 0 0 0 0 0
3.29615 0 0 0 0 0 0
3.38524 0 0 0 0 0 0
3.47432 0 0 0 0 0 0
3.56341 0 0 0 0 0 0
3.65249 0 0 0 0 0 0
3.74158 0 0 0 0 0 0
3.83067 0 0 0 0 0 0
3.91975 0 0 0 0 0 0
4.00884 0 0 0 0 0 0
4.09792 0 0 0 0 0 0
4.18701 0 0 0 0 0 0
4.27609 0 0 0 0 0 0
4.36518 0 0 0 0 0 0
4.45426 0 0 0 0 0 0
4.54335 0 0 0 0 0 0
4.63243 0 0 0 0 0 0
4.72152 0 0 0 0 0 0
4.8106 0 0 0 0 0 0
4.89969 0 0 0 0 0 0
4.98877 0 0 0 0 0 0
5.07786 0 0 0 0 0 0
5.16694 0 0 0 0 0 0
5.25603 0 0 0 0 0 0
5.34511 0 0 0 0 0 0
5.4342 0 0 0 0 0 0
5.52328 0 0 0 0 0 0
5.61237 0 0 0 0 0 0
5.70146 0 0 0 0 0 0
5.79054 0 0 0 0 0 0
5.87963 0 0 0 0 0 0
5.96871 0 0 0 0 0 0
6.0578 0 0 0 0 0 0
6.14688 0 0 0 0 0 0
6.23597 0 0 0 0 0 0
6.32505 0 0 0 0 0 0
6.41414 0 0 0 0 0 0
6.50322 0 0 0 0 0 0
6.59231 0 0 0 0 0 0
6.68139 0 0 0 0 0 0
6.77048 0 0 0 0 0 0
6.85956 0 0 0 0 0 0
6.94865 0 0 0 0 0 0
7.03773 0 0 0 0 0 0
7.12682 0 0 0 0 0 0
7.2159 0 0 0 0 0 0
7.30499 0 0 0 0 0 0
7.39407 0 0 0 0 0 0
7.48316 0 0 0 0 0 0
7.57225 0 0 0 0 0 0
7.66133 0 0 0 0 0 0
7.75042 0 0 0 0 0 0
7.8395 0 0 0 0 0 0
7.92859 0 0 0 0 0 0
8.01767 0 0 0 0 0 0
8.10676 0 0 0 0 0 0
8.19584 0 0 0 0 0 0
8.28493 0 0 0 0 0 0
8.37401 0 0 0 0 0 0
8.4631 0 0 0 0 0 0
8.55218 0 0 0 0 0 0
8.64127 0 0 0 0 0 0
8.73035 0 0 0 0 0 0
8.81944 0 0 0 0 0 0
8.90852 0 0 0 0 0 0
8.81944 0 0 0 0 0 0
8.73035 0 0 0 0 0 0
8.64127 0 0 0 0 0 0
8.55218 0 0 0 0 0 0
8.4631 0 0 0 0 0 0
8.37401 0 0 0 0 0 0
8.28493 0 0 0 0 0 0
8.19584 0 0 0 0 0 0
8.10676 0 0 0 0 0 0
8.01767 0 0 0 0 0 0
7.92859 0 0 0 0 0 0
7.8395 0 0 0 0 0 0
7.75042 0 0 0 0 0 0
7.66133 0 0 0 0 0 0
7.57225 0 0 0 0 0 0
7.48316 0 0 0 0 0 0
7.39407 0 0 0 0 0 0
7.30499 0 0 0 0 0 0
7.2159 0 0 0 0 0 0
7.12682 0 0 0 0 0 0
7.03773 0 0 0 0 0 0
6.94865 0 0 0 0 0 0
6.85956 0 0 0 0 0 0
6.77048 0 0 0 0 0 0
6.68139 0 0 0 0 0 0
6.59231 0 0 0 0 0 0
6.50322 0 0 0 0 0 0
6.41414 0 0 0 0 0 0
6.32505 0 0 0 0 0 0
6.23597 0 0 0 0 0 0
6.14688 0 0 0 0 0 0
6.0578 0 0 0 0 0 0
5.96871 0 0 0 0 0 0
5.87963 0 0 0 0 0 0
5.79054 0 0 0 0 0 0
5.70146 0 0 0 0 0 0
5.61237 0 0 0 0 0 0
5.52328 0 0 0 0 0 0
5.4342 0 0 0 0 0 0
5.34511 0 0 0 0 0 0
5.25603 0 0 0 0 0 0
5.16694 0 0 0 0 0 0
5.07786 0 0 0 0 0 0
4.98877 0 0 0 0 0 0
4.89969 0 0 0 0 0 0
4.8106 0 0 0 0 0 0
4.72152 0 0 0 0 0 0
4.63243 0 0 0 0 0 0
4.54335 0 0 0 0 0 0
4.45426 0 0 0 0 0 0
4.36518 0 0 0 0 0 0
4.27609 0 0 0 0 0 0
4.18701 0 0 0 0 0 0
4.09792 0 0 0 0 0 0
4.00884 0 0 0 0 0 0
3.91975 0 0 0 0 0 0
3.83067 0 0 0 0 0 0
3.74158 0 0 0 0 0 0
3.65249 0 0 0 0 0 0
3.56341 0 0 0 0 0 0
3.47432 0 0 0 0 0 0
3.38524 0 0 0 0 0 0
3.29615 0 0 0 0 0 0
3.20707 0 0 0 0 0 0
3.11798 0 0 0 0 0 0
3.0289 0 0 0 0 0 0
2.93981 0 0 0 0 0 0
2.85073 0 0 0 0 0 0
2.76164 0 0 0 0 0 0
2.67256 0 0 0 0 0 0
2.58347 0 0 0 0 0 0
2.49439 0 0 0 0 0 0
2.4053 0 0 0 0 0 0
2.31622 0 0 0 0 0 0
2.22713 0 0 0 0 0 0
2.13805 0 0 0 0 0 0
2.04896 0 0 0 0 0 0
1.95988 0 0 0 0 0 0
1.87079 0 0 0 0 0 0
1.7817 0 0 0 0 0 0
1.69262 0 0 0 0 0 0
1.60353 0 0 0 0 0 0
1.51445 0 0 0 0 0 0
1.42536 0 0 0 0 0 0
1.33628 0 0 0 0 0 0
1.24719 0 0 0 0 0 0
1.15811 0 0 0 0 0 0
1.06902 0 0 0 0 0 0
0.979938 0 0 0 0 0 0
0.890852 0 0 0 0 0 0
0.801767 0 0 0 0 0 0
0.712682 0 0 0 0 0 0
0.623597 0 0 0 0 0 0
0.534511 0 0 0 0 0 0
0.445426 0 0 0 0 0 0
0.356341 0 0 0 0 0 0
0.267256 0 0 0 0 0 0
0.17817 0 0 0 0 0 0
0.0890852 0 0 0 0 0 0
-2.2911e-17 0 0 0 0 0 0
-0.0890852 0 0 0 0 0 0
-0.17817 0 0 0 0 0 0
-0.267256 0 0 0 0 0 0
-0.356341 0 0 0 0 0 0
-0.445426 0 0 0 0 0 0
-0.534511 0 0 0 0 0 0
-0.623597 0 0 0 0 0 0
-0.712682 0 0 0 0 0 0
-0.801767 0 0 0 0 0 0
-0.890852 0 0 0 0 0 0
-0.979938 0 0 0 0 0 0
-1.06902 0 0 0 0 0 0
-1.15811 0 0 0 0 0 0
-1.24719 0 0 0 0 0 0
-1.33628 0 0 0 0 0 0
-1.42536 0 0 0 0 0 0
-1.51445 0 0 0 0 0 0
-1.60353 0 0 0 0 0 0
-1.69262 0 0 0 0 0 0
-1.7817 0 0 0 0 0 0
-1.87079 0 0 0 0 0 0
-1.95988 0 0 0 0 0 0
-2.04896 0 0 0 0 0 0
-2.13805 0 0 0 0 0 0
-2.22713 0 0 0 0 0 0
-2.31622 0 0 0 0 0 0
-2.4053 0 0 0 0 0 0
-2.49439 0 0 0 0 0 0
-2.58347 0 0 0 0 0 0
-2.67256 0 0 0 0 0 0
-2.76164 0 0 0 0 0 0
-2.85073 0 0 0 0 0 0
-2.93981 0 0 0 0 0 0
-3.0289 0 0 0 0 0 0
-3.11798 0 0 0 0 0 0
-3.20707 0 0 0 0 0 0
-3.29615 0 0 0 0 0 0
-3.38524 0 0 0 0 0 0
-3.47432 0 0 0 0 0 0
-3.56341 0 0 0 0 0 0
-3.65249 0 0 0 0 0 0
-3.74158 0 0 0 0 0 0
-3.83067 0 0 0 0 0 0
-3.91975 0 0 0 0 0 0
-4.00884 0 0 0 0 0 0
-4.09792 0 0 0 0 0 0
-4.18701 0 0 0 0 0 0
-4.27609 0 0 0 0 0 0
-4.36518 0 0 0 0 0 0
-4.45426 0 0 0 0 0 0
-4.54335 0 0 0 0 0 0
-4.63243 0 0 0 0 0 0
-4.72152 0 0 0 0 0 0
-4.8106 0 0 0 0 0 0
-4.89969 0 0 0 0 0 0
-4.98877 0 0 0 0 0 0
-5.07786 0 0 0 0 0 0
-5.16694 0 0 0 0 0 0
-5.25603 0 0 0 0 0 0
-5.34511 0 0 0 0 0 0
-5.4342 0 0 0 0 0 0
-5.52328 0 0 0 0 0 0
-5.61237 0 0 0 0 0 0
-5.70146 0 0 0 0 0 0
-5.79054 0 0 0 0 0 0
-5.87963 0 0 0 0 0 0
-5.96871 0 0 0 0 0 0
-6.0578 0 0 0 0 0 0
-6.14688 0 0 0 0 0 0
-6.23597 0 0 0 0 0 0
-6.32505 0 0 0 0 0 0
-6.41414 0 0 0 0 0 0
-6.50322 0 0 0 0 0 0
-6.59231 0 0 0 0 0 0
-6.68139 0 0 0 0 0 0
-6.77048 0 0 0 0 0 0
-6.85956 0 0 0 0 0 0
-6.94865 0 0 0 0 0 0
-7.03773 0 0 0 0 0 0
-7.12682 0 0 0 0 0 0
-7.2159 0 0 0 0 0 0
-7.30499 0 0 0 0 0 0
-7.39407 0 0 0 0 0 0
-7.48316 0 0 0 0 0 0
-7.57225 0 0 0 0 0 0
-7.66133 0 0 0 0 0 0
-7.75042 0 0 0 0 0 0
-7.8395 0 0 0 0 0 0
-7.92859 0 0 0 0 0 0
-8.01767 0 0 0 0 0 0
-8.10676 0 0 0 0 0 0
-8.19584 0 0 0 0 0 0
-8.28493 0 0 0 0 0 0
-8.37401 0 0 0 0 0 0
-8.4631 0 0 0 0 0 0
-8.55218 0 0 0 0 0 0
-8.64127 0 0 0 0 0 0
-8.73035 0 0 0 0 0 0
-8.81944 0 0 0 0 0 0
-8.90852 0 0 0 0 0 0
-8.81944 0 0 0 0 0 0
-8.73035 0 0 0 0 0 0
-8.64127 0 0 0 0 0 0
-8.55218 0 0 0 0 0 0
-8.4631 0 0 0 0 0 0
-8.37401 0 0 0 0 0 0
-8.28493 0 0 0 0 0 0
-8.19584 0 0 0 0 0 0
-8.10676 0 0 0 0 0 0
-8.01767 0 0 0 0 0 0
-7.92859 0 0 0 0 0 0
-7.8395 0 0 0 0 0 0
-7.75042 0 0 0 0 0 0
-7.66133 0 0 0 0 0 0
-7.57225 0 0 0 0 0 0
-7.48316 0 0 0 0 0 0
-7.39407 0 0 0 0 0 0
-7.30499 0 0 0 0 0 0
-7.2159 0 0 0 0 0 0
-7.12682 0 0 0 0 0 0
-7.03773 0 0 0 0 0 0
-6.94865 0 0 0 0 0 0
-6.85956 0 0 0 0 0 0
-6.77048 0 0 0 0 0 0
-6.68139 0 0 0 0 0 0
-6.59231 0 0 0 0 0 0
-6.50322 0 0 0 0 0 0
-6.41414 0 0 0 0 0 0
-6.32505 0 0 0 0 0 0
-6.23597 0 0 0 0 0 0
-6.14688 0 0 0 0 0 0
-6.0578 0 0 0 0 0 0
-5.96871 0 0 0 0 0 0
-5.87963 0 0 0 0 0 0
-5.79054 0 0 0 0 0 0
-5.70146 0 0 0 0 0 0
-5.61237 0 0 0 0 0 0
-5.52328 0 0 0 0 0 0
-5.4342 0 0 0 0 0 0
-5.34511 0 0 0 0 0 0
-5.25603 0 0 0 0 0 0
-5.16694 0 0 0 0 0 0
-5.07786 0 0 0 0 0 0
-4.98877 0 0 0 0 0 0
-4.89969 0 0 0 0 0 0
-4.8106 0 0 0 0 0 0
-4.72152 0 0 0 0 0 0
-4.63243 0 0 0 0 0 0
-4.54335 0 0 0 0 0 0
-4.45426 0 0 0 0 0 0
-4.36518 0 0 0 0 0 0
-4.27609 0 0 0 0 0 0
-4.18701 0 0 0 0 0 0
-4.09792 0 0 0 0 0 0
-4.00884 0 0 0 0 0 0
-3.91975 0 0 0 0 0 0
-3.83067 0 0 0 0 0 0
-3.74158 0 0 0 0 0 0
-3.65249 0 0 0 0 0 0
-3.56341 0 0 0 0 0 0
-3.47432 0 0 0 0 0 0
-3.38524 0 0 0 0 0 0
-3.29615 0 0 0 0 0 0
-3.20707 0 0 0 0 0 0
-3.11798 0 0 0 0 0 0
-3.0289 0 0 0 0 0 0
-2.93981 0 0 0 0 0 0
-2.85073 0 0 0 0 0 0
-2.76164 0 0 0 0 0 0
-2.67256 0 0 0 0 0 0
-2.58347 0 0 0 0 0 0
-2.49439 0 0 0 0 0 0
-2.4053 0 0 0 0 0 0
-2.31622 0 0 0 0 0 0
-2.22713 0 0 0 0 0 0
-2.13805 0 0 0 0 0 0
-2.04896 0 0 0 0 0 0
-1.95988 0 0 0 0 0 0
-1.87079 0 0 0 0 0 0
-1.7817 0 0 0 0 0 0
-1.69262 0 0 0 0 0 0
-1.60353 0 0 0 0 0 0
-1.51445 0 0 0 0 0 0
-1.42536 0 0 0 0 0 0
-1.33628 0 0 0 0 0 0
-1.24719 0 0 0 0 0 0
-1.15811 0 0 0 0 0 0
-1.06902 0 0 0 0 0 0
-0.979938 0 0 0 0 0 0
-0.890852 0 0 0 0 0 0
-0.801767 0 0 0 0 0 0
-0.712682 0 0 0 0 0 0
-0.623597 0 0 0 0 0 0
-0.534511 0 0 0 0 0 0
-0.445426 0 0 0 0 0 0
-0.356341 0 0 0 0 0 0
-0.267256 0 0 0 0 0 0
-0.17817 0 0 0 0 0 0
-0.0890852 0 0 0 0 0 0
-1.21504e-15 0 0 0 0 0 0
