-6.59516e-18 809165 8.9e+06 5.92754e+06 -809165 8.9e+06 -5.92754e+06
0.0890852 809165 8.24824e+06 1.75574e+06 -809165 9.55176e+06 -1.00994e+07
0.17817 809165 7.59648e+06 -2.41607e+06 -809165 1.02035e+07 -1.42712e+07
0.267256 809165 6.94471e+06 -6.58787e+06 -809165 1.08553e+07 -1.8443e+07
0.356341 809165 6.29295e+06 -1.07597e+07 -809165 1.1507e+07 -2.26148e+07
0.445426 809165 5.64119e+06 -1.49315e+07 -809165 1.21588e+07 -2.67866e+07
0.356341 809165 6.29295e+06 -1.07597e+07 -809165 1.1507e+07 -2.26148e+07
0.267256 809165 6.94471e+06 -6.58787e+06 -809165 1.08553e+07 -1.8443e+07
0.17817 809165 7.59648e+06 -2.41607e+06 -809165 1.02035e+07 -1.42712e+07
0.0890852 809165 8.24824e+06 1.75574e+06 -809165 9.55176e+06 -1.00994e+07
2.62952e-17 809165 8.9e+06 5.92754e+06 -809165 8.9e+06 -5.92754e+06
-0.0890852 809165 9.55176e+06 1.00994e+07 -809165 8.24824e+06 -1.75574e+06
-0.17817 809165 1.02035e+07 1.42712e+07 -809165 7.59648e+06 2.41607e+06
-0.267256 809165 1.08553e+07 1.8443e+07 -809165 6.94471e+06 6.58787e+06
-0.356341 809165 1.1507e+07 2.26148e+07 -809165 6.29295e+06 1.07597e+07
-0.445426 809165 1.21588e+07 2.67866e+07 -809165 5.64119e+06 1.49315e+07
-0.356341 809165 1.1507e+07 2.26148e+07 -809165 6.29295e+06 1.07597e+07
-0.267256 809165 1.08553e+07 1.8443e+07 -809165 6.94471e+06 6.58787e+06
-0.17817 809165 1.02035e+07 1.42712e+07 -809165 7.59648e+06 2.41607e+06
-0.0890852 809165 9.55176e+06 1.00994e+07 -809165 8.24824e+06 -1.75574e+06
-2.54435e-17 809165 8.9e+06 5.92754e+06 -809165 8.9e+06 -5.92754e+06
-2.40309e-17 809165 8.9e+06 5.92754e+06 -809165 8.9e+06 -5.92754e+06
0.0890852 809165 8.24824e+06 1.75574e+06 -809165 9.55176e+06 -1.00994e+07
0.17817 809165 7.59648e+06 -2.41607e+06 -809165 1.02035e+07 -1.42712e+07
0.267256 809165 6.94471e+06 -6.58787e+06 -809165 1.08553e+07 -1.8443e+07
0.356341 809165 6.29295e+06 -1.07597e+07 -809165 1.1507e+07 -2.26148e+07
0.445426 809165 5.64119e+06 -1.49315e+07 -809165 1.21588e+07 -2.67866e+07
0.534511 809165 4.98943e+06 -1.91033e+07 -809165 1.28106e+07 -3.09584e+07
0.623597 809165 4.33767e+06 -2.32751e+07 -809165 1.34623e+07 -3.51302e+07
0.712682 809165 3.68591e+06 -2.74469e+07 -809165 1.41141e+07 -3.9302e+07
0.801767 809165 3.03414e+06 -3.16187e+07 -809165 1.47659e+07 -4.34738e+07
0.890852 809165 2.38238e+06 -3.57905e+07 -809165 1.54176e+07 -4.76456e+07
0.801767 809165 3.03414e+06 -3.16187e+07 -809165 1.47659e+07 -4.34738e+07
0.712682 809165 3.68591e+06 -2.74469e+07 -809165 1.41141e+07 -3.9302e+07
0.623597 809165 4.33767e+06 -2.32751e+07 -809165 1.34623e+07 -3.51302e+07
0.534511 809165 4.98943e+06 -1.91033e+07 -809165 1.28106e+07 -3.09584e+07
0.445426 809165 5.64119e+06 -1.49315e+07 -809165 1.21588e+07 -2.67866e+07
0.356341 809165 6.29295e+06 -1.07597e+07 -809165 1.1507e+07 -2.26148e+07
0.267256 809165 6.94471e+06 -6.58787e+06 -809165 1.08553e+07 -1.8443e+07
0.17817 809165 7.59648e+06 -2.41607e+06 -809165 1.02035e+07 -1.42712e+07
0.0890852 809165 8.24824e+06 1.75574e+06 -809165 9.55176e+06 -1.00994e+07
-2.2911e-17 809165 8.9e+06 5.92754e+06 -809165 8.9e+06 -5.92754e+06
-0.0890852 809165 9.55176e+06 1.00994e+07 -809165 8.24824e+06 -1.75574e+06
-0.17817 809165 1.02035e+07 1.42712e+07 -809165 7.59648e+06 2.41607e+06
-0.267256 809165 1.08553e+07 1.8443e+07 -809165 6.94471e+06 6.58787e+06
-0.356341 809165 1.1507e+07 2.26148e+07 -809165 6.29295e+06 1.07597e+07
-0.445426 809165 1.21588e+07 2.67866e+07 -809165 5.64119e+06 1.49315e+07
-0.534511 809165 1.28106e+07 3.09584e+07 -809165 4.98943e+06 1.91033e+07
-0.623597 809165 1.34623e+07 3.51302e+07 -809165 4.33767e+06 2.32751e+07
-0.712682 809165 1.41141e+07 3.9302e+07 -809165 3.68591e+06 2.74469e+07
-0.801767 809165 1.47659e+07 4.34738e+07 -809165 3.03414e+06 3.16187e+07
-0.890852 809165 1.54176e+07 4.76456e+07 -809165 2.38238e+06 3.57905e+07
-0.801767 809165 1.47659e+07 4.34738e+07 -809165 3.03414e+06 3.16187e+07
-0.712682 809165 1.41141e+07 3.9302e+07 -809165 3.68591e+06 2.74469e+07
-0.623597 809165 1.34623e+07 3.51302e+07 -809165 4.33767e+06 2.32751e+07
-0.534511 809165 1.28106e+07 3.09584e+07 -809165 4.98943e+06 1.91033e+07
-0.445426 809165 1.21588e+07 2.67866e+07 -809165 5.64119e+06 1.49315e+07
-0.356341 809165 1.1507e+07 2.26148e+07 -809165 6.29295e+06 1.07597e+07
-0.267256 809165 1.08553e+07 1.8443e+07 -809165 6.94471e+06 6.58787e+06
-0.17817 809165 1.02035e+07 1.42712e+07 -809165 7.59648e+06 2.41607e+06
-0.0890852 809165 9.55176e+06 1.00994e+07 -809165 8.24824e+06 -1.75574e+06
-9.56079e-17 809165 8.9e+06 5.92754e+06 -809165 8.9e+06 -5.92754e+06
-8.80884e-17 809165 8.9e+06 5.92754e+06 -809165 8.9e+06 -5.92754e+06
0.0890852 809165 8.24824e+06 1.75574e+06 -809165 9.55176e+06 -1.00994e+07
0.17817 809165 7.59648e+06 -2.41607e+06 -809165 1.02035e+07 -1.42712e+07
0.267256 809165 6.94471e+06 -6.58787e+06 -809165 1.08553e+07 -1.8443e+07
0.356341 809165 6.29295e+06 -1.07597e+07 -809165 1.1507e+07 -2.26148e+07
0.445426 809165 5.64119e+06 -1.49315e+07 -809165 1.21588e+07 -2.67866e+07
0.534511 809165 4.98943e+06 -1.91033e+07 -809165 1.28106e+07 -3.09584e+07
0.623597 809165 4.33767e+06 -2.32751e+07 -809165 1.34623e+07 -3.51302e+07
0.712682 809165 3.68591e+06 -2.74469e+07 -809165 1.41141e+07 -3.9302e+07
0.801767 809165 3.03414e+06 -3.16187e+07 -809165 1.47659e+07 -4.34738e+07
0.890852 809165 2.38238e+06 -3.57905e+07 -809165 1.54176e+07 -4.76456e+07
0.979938 809165 1.73062e+06 -3.99623e+07 -809165 1.60694e+07 -5.18174e+07
1.06902 809165 1.07886e+06 -4.41341e+07 -809165 1.67211e+07 -5.59892e+07
1.15811 809165 427096 -4.83059e+07 -809165 1.73729e+07 -6.0161e+07
1.24719 809165 -224666 -5.24777e+07 -809165 1.80247e+07 -6.43328e+07
1.33628 809165 -876428 -5.66495e+07 -809165 1.86764e+07 -6.85046e+07
1.42536 809165 -1.52819e+06 -6.08213e+07 -809165 1.93282e+07 -7.26764e+07
1.51445 809165 -2.17995e+06 -6.49932e+07 -809165 1.998e+07 -7.68482e+07
1.60353 809165 -2.83171e+06 -6.9165e+07 -809165 2.06317e+07 -8.102e+07
1.69262 809165 -3.48348e+06 -7.33368e+07 -809165 2.12835e+07 -8.51919e+07
1.7817 809165 -4.13524e+06 -7.75086e+07 -809165 2.19352e+07 -8.93637e+07
1.87079 809165 -4.787e+06 -8.16804e+07 -809165 2.2587e+07 -9.35355e+07
1.95988 809165 -5.43876e+06 -8.58522e+07 -809165 2.32388e+07 -9.77073e+07
2.04896 809165 -6.09052e+06 -9.0024e+07 -809165 2.38905e+07 -1.01879e+08
2.13805 809165 -6.74228e+06 -9.41958e+07 -809165 2.45423e+07 -1.06051e+08
2.22713 809165 -7.39405e+06 -9.83676e+07 -809165 2.5194e+07 -1.10223e+08
2.31622 809165 -8.04581e+06 -1.02539e+08 -809165 2.58458e+07 -1.14394e+08
2.4053 809165 -8.69757e+06 -1.06711e+08 -809165 2.64976e+07 -1.18566e+08
2.49439 809165 -9.34933e+06 -1.10883e+08 -809165 2.71493e+07 -1.22738e+08
2.58347 809165 -1.00011e+07 -1.15055e+08 -809165 2.78011e+07 -1.2691e+08
2.67256 809165 -1.06529e+07 -1.19227e+08 -809165 2.84529e+07 -1.31082e+08
2.76164 809165 -1.13046e+07 -1.23398e+08 -809165 2.91046e+07 -1.35254e+08
2.85073 809165 -1.19564e+07 -1.2757e+08 -809165 2.97564e+07 -1.39425e+08
2.93981 809165 -1.26081e+07 -1.31742e+08 -809165 3.04081e+07 -1.43597e+08
3.0289 809165 -1.32599e+07 -1.35914e+08 -809165 3.10599e+07 -1.47769e+08
3.11798 809165 -1.39117e+07 -1.40086e+08 -809165 3.17117e+07 -1.51941e+08
3.0289 809165 -1.32599e+07 -1.35914e+08 -809165 3.10599e+07 -1.47769e+08
2.93981 809165 -1.26081e+07 -1.31742e+08 -809165 3.04081e+07 -1.43597e+08
2.85073 809165 -1.19564e+07 -1.2757e+08 -809165 2.97564e+07 -1.39425e+08
2.76164 809165 -1.13046e+07 -1.23398e+08 -809165 2.91046e+07 -1.35254e+08
2.67256 809165 -1.06529e+07 -1.19227e+08 -809165 2.84529e+07 -1.31082e+08
2.58347 809165 -1.00011e+07 -1.15055e+08 -809165 2.78011e+07 -1.2691e+08
2.49439 809165 -9.34933e+06 -1.10883e+08 -809165 2.71493e+07 -1.22738e+08
2.4053 809165 -8.69757e+06 -1.06711e+08 -809165 2.64976e+07 -1.18566e+08
2.31622 809165 -8.04581e+06 -1.02539e+08 -809165 2.58458e+07 -1.14394e+08
2.22713 809165 -7.39405e+06 -9.83676e+07 -809165 2.5194e+07 -1.10223e+08
2.13805 809165 -6.74228e+06 -9.41958e+07 -809165 2.45423e+07 -1.06051e+08
2.04896 809165 -6.09052e+06 -9.0024e+07 -809165 2.38905e+07 -1.01879e+08
1.95988 809165 -5.43876e+06 -8.58522e+07 -809165 2.32388e+07 -9.77073e+07
1.87079 809165 -4.787e+06 -8.16804e+07 -809165 2.2587e+07 -9.35355e+07
1.7817 809165 -4.13524e+06 -7.75086e+07 -809165 2.19352e+07 -8.93637e+07
1.69262 809165 -3.48348e+06 -7.33368e+07 -809165 2.12835e+07 -8.51919e+07
1.60353 809165 -2.83171e+06 -6.9165e+07 -809165 2.06317e+07 -8.102e+07
1.51445 809165 -2.17995e+06 -6.49932e+07 -809165 1.998e+07 -7.68482e+07
1.42536 809165 -1.52819e+06 -6.08213e+07 -809165 1.93282e+07 -7.26764e+07
1.33628 809165 -876428 -5.66495e+07 -809165 1.86764e+07 -6.85046e+07
1.24719 809165 -224666 -5.24777e+07 -809165 1.80247e+07 -6.43328e+07
1.15811 809165 427096 -4.83059e+07 -809165 1.73729e+07 -6.0161e+07
1.06902 809165 1.07886e+06 -4.41341e+07 -809165 1.67211e+07 -5.59892e+07
0.979938 809165 1.73062e+06 -3.99623e+07 -809165 1.60694e+07 -5.18174e+07
0.890852 809165 2.38238e+06 -3.57905e+07 -809165 1.54176e+07 -4.76456e+07
0.801767 809165 3.03414e+06 -3.16187e+07 -809165 1.47659e+07 -4.34738e+07
0.712682 809165 3.68591e+06 -2.74469e+07 -809165 1.41141e+07 -3.9302e+07
0.623597 809165 4.33767e+06 -2.32751e+07 -809165 1.34623e+07 -3.51302e+07
0.534511 809165 4.98943e+06 -1.91033e+07 -809165 1.28106e+07 -3.09584e+07
0.445426 809165 5.64119e+06 -1.49315e+07 -809165 1.21588e+07 -2.67866e+07
0.356341 809165 6.29295e+06 -1.07597e+07 -809165 1.1507e+07 -2.26148e+07
0.267256 809165 6.94471e+06 -6.58787e+06 -809165 1.08553e+07 -1.8443e+07
0.17817 809165 7.59648e+06 -2.41607e+06 -809165 1.02035e+07 -1.42712e+07
0.0890852 809165 8.24824e+06 1.75574e+06 -809165 9.55176e+06 -1.00994e+07
4.31785e-16 809165 8.9e+06 5.92754e+06 -809165 8.9e+06 -5.92754e+06
-0.0890852 809165 9.55176e+06 1.00994e+07 -809165 8.24824e+06 -1.75574e+06
-0.17817 809165 1.02035e+07 1.42712e+07 -809165 7.59648e+06 2.41607e+06
-0.267256 809165 1.08553e+07 1.8443e+07 -809165 6.94471e+06 6.58787e+06
-0.356341 809165 1.1507e+07 2.26148e+07 -809165 6.29295e+06 1.07597e+07
-0.445426 809165 1.21588e+07 2.67866e+07 -809165 5.64119e+06 1.49315e+07
-0.534511 809165 1.28106e+07 3.09584e+07 -809165 4.98943e+06 1.91033e+07
-0.623597 809165 1.34623e+07 3.51302e+07 -809165 4.33767e+06 2.32751e+07
-0.712682 809165 1.41141e+07 3.9302e+07 -809165 3.68591e+06 2.74469e+07
-0.801767 809165 1.47659e+07 4.34738e+07 -809165 3.03414e+06 3.16187e+07
-0.890852 809165 1.54176e+07 4.76456e+07 -809165 2.38238e+06 3.57905e+07
-0.979938 809165 1.60694e+07 5.18174e+07 -809165 1.73062e+06 3.99623e+07
-1.06902 809165 1.67211e+07 5.59892e+07 -809165 1.07886e+06 4.41341e+07
-1.15811 809165 1.73729e+07 6.0161e+07 -809165 427096 4.83059e+07
-1.24719 809165 1.80247e+07 6.43328e+07 -809165 -224666 5.24777e+07
-1.33628 809165 1.86764e+07 6.85046e+07 -809165 -876428 5.66495e+07
-1.42536 809165 1.93282e+07 7.26764e+07 -809165 -1.52819e+06 6.08213e+07
-1.51445 809165 1.998e+07 7.68482e+07 -809165 -2.17995e+06 6.49932e+07
-1.60353 809165 2.06317e+07 8.102e+07 -809165 -2.83171e+06 6.9165e+07
-1.69262 809165 2.12835e+07 8.51919e+07 -809165 -3.48348e+06 7.33368e+07
-1.7817 809165 2.19352e+07 8.93637e+07 -809165 -4.13524e+06 7.75086e+07
-1.87079 809165 2.2587e+07 9.35355e+07 -809165 -4.787e+06 8.16804e+07
-1.95988 809165 2.32388e+07 9.77073e+07 -809165 -5.43876e+06 8.58522e+07
-2.04896 809165 2.38905e+07 1.01879e+08 -809165 -6.09052e+06 9.0024e+07
-2.13805 809165 2.45423e+07 1.06051e+08 -809165 -6.74228e+06 9.41958e+07
-2.22713 809165 2.5194e+07 1.10223e+08 -809165 -7.39405e+06 9.83676e+07
-2.31622 809165 2.58458e+07 1.14394e+08 -809165 -8.04581e+06 1.02539e+08
-2.4053 809165 2.64976e+07 1.18566e+08 -809165 -8.69757e+06 1.06711e+08
-2.49439 809165 2.71493e+07 1.22738e+08 -809165 -9.34933e+06 1.10883e+08
-2.58347 809165 2.78011e+07 1.2691e+08 -809165 -1.00011e+07 1.15055e+08
-2.67256 809165 2.84529e+07 1.31082e+08 -809165 -1.06529e+07 1.19227e+08
-2.76164 809165 2.91046e+07 1.35254e+08 -809165 -1.13046e+07 1.23398e+08
-2.85073 809165 2.97564e+07 1.39425e+08 -809165 -1.19564e+07 1.2757e+08
-2.93981 809165 3.04081e+07 1.43597e+08 -809165 -1.26081e+07 1.31742e+08
-3.0289 809165 3.10599e+07 1.47769e+08 -809165 -1.32599e+07 1.35914e+08
-3.11798 809165 3.17117e+07 1.51941e+08 -809165 -1.39117e+07 1.40086e+08
-3.0289 809165 3.10599e+07 1.47769e+08 -809165 -1.32599e+07 1.35914e+08
-2.93981 809165 3.04081e+07 1.43597e+08 -809165 -1.26081e+07 1.31742e+08
-2.85073 809165 2.97564e+07 1.39425e+08 -809165 -1.19564e+07 1.2757e+08
-2.76164 809165 2.91046e+07 1.35254e+08 -809165 -1.13046e+07 1.23398e+08
-2.67256 809165 2.84529e+07 1.31082e+08 -809165 -1.06529e+07 1.19227e+08
-2.58347 809165 2.78011e+07 1.2691e+08 -809165 -1.00011e+07 1.15055e+08
-2.49439 809165 2.71493e+07 1.22738e+08 -809165 -9.34933e+06 1.10883e+08
-2.4053 809165 2.64976e+07 1.18566e+08 -809165 -8.69757e+06 1.06711e+08
-2.31622 809165 2.58458e+07 1.14394e+08 -809165 -8.04581e+06 1.02539e+08
-2.22713 809165 2.5194e+07 1.10223e+08 -809165 -7.39405e+06 9.83676e+07
-2.13805 809165 2.45423e+07 1.06051e+08 -809165 -6.74228e+06 9.41958e+07
-2.04896 809165 2.38905e+07 1.01879e+08 -809165 -6.09052e+06 9.0024e+07
-1.95988 809165 2.32388e+07 9.77073e+07 -809165 -5.43876e+06 8.58522e+07
-1.87079 809165 2.2587e+07 9.35355e+07 -809165 -4.787e+06 8.16804e+07
-1.7817 809165 2.19352e+07 8.93637e+07 -809165 -4.13524e+06 7.75086e+07
-1.69262 809165 2.12835e+07 8.51919e+07 -809165 -3.48348e+06 7.33368e+07
-1.60353 809165 2.06317e+07 8.102e+07 -809165 -2.83171e+06 6.9165e+07
-1.51445 809165 1.998e+07 7.68482e+07 -809165 -2.17995e+06 6.49932e+07
-1.42536 809165 1.93282e+07 7.26764e+07 -809165 -1.52819e+06 6.08213e+07
-1.33628 809165 1.86764e+07 6.85046e+07 -809165 -876428 5.66495e+07
-1.24719 809165 1.80247e+07 6.43328e+07 -809165 -224666 5.24777e+07
-1.15811 809165 1.73729e+07 6.0161e+07 -809165 427096 4.83059e+07
-1.06902 809165 1.67211e+07 5.59892e+07 -809165 1.07886e+06 4.41341e+07
-0.979938 809165 1.60694e+07 5.18174e+07 -809165 1.73062e+06 3.99623e+07
-0.890852 809165 1.54176e+07 4.76456e+07 -809165 2.38238e+06 3.57905e+07
-0.801767 809165 1.47659e+07 4.34738e+07 -809165 3.03414e+06 3.16187e+07
-0.712682 809165 1.41141e+07 3.9302e+07 -809165 3.68591e+06 2.74469e+07
-0.623597 809165 1.34623e+07 3.51302e+07 -809165 4.33767e+06 2.32751e+07
-0.534511 809165 1.28106e+07 3.09584e+07 -809165 4.98943e+06 1.91033e+07
-0.445426 809165 1.21588e+07 2.67866e+07 -809165 5.64119e+06 1.49315e+07
-0.356341 809165 1.1507e+07 2.26148e+07 -809165 6.29295e+06 1.07597e+07
-0.267256 809165 1.08553e+07 1.8443e+07 -809165 6.94471e+06 6.58787e+06
-0.17817 809165 1.02035e+07 1.42712e+07 -809165 7.59648e+06 2.41607e+06
-0.0890852 809165 9.55176e+06 1.00994e+07 -809165 8.24824e+06 -1.75574e+06
1.57818e-16 809165 8.9e+06 5.92754e+06 -809165 8.9e+06 -5.92754e+06
1.62603e-16 809165 8.9e+06 5.92754e+06 -809165 8.9e+06 -5.92754e+06
0.0890852 809165 8.24824e+06 1.75574e+06 -809165 9.55176e+06 -1.00994e+07
0.17817 809165 7.59648e+06 -2.41607e+06 -809165 1.02035e+07 -1.42712e+07
0.267256 809165 6.94471e+06 -6.58787e+06 -809165 1.08553e+07 -1.8443e+07
0.356341 809165 6.29295e+06 -1.07597e+07 -809165 1.1507e+07 -2.26148e+07
0.445426 809165 5.64119e+06 -1.49315e+07 -809165 1.21588e+07 -2.67866e+07
0.534511 809165 4.98943e+06 -1.91033e+07 -809165 1.28106e+07 -3.09584e+07
0.623597 809165 4.33767e+06 -2.32751e+07 -809165 1.34623e+07 -3.51302e+07
0.712682 809165 3.68591e+06 -2.74469e+07 -809165 1.41141e+07 -3.9302e+07
0.801767 809165 3.03414e+06 -3.16187e+07 -809165 1.47659e+07 -4.34738e+07
0.890852 809165 2.38238e+06 -3.57905e+07 -809165 1.54176e+07 -4.76456e+07
0.979938 809165 1.73062e+06 -3.99623e+07 -809165 1.60694e+07 -5.18174e+07
1.06902 809165 1.07886e+06 -4.41341e+07 -809165 1.67211e+07 -5.59892e+07
1.15811 809165 427096 -4.83059e+07 -809165 1.73729e+07 -6.0161e+07
1.24719 809165 -224666 -5.24777e+07 -809165 1.80247e+07 -6.43328e+07
1.33628 809165 -876428 -5.66495e+07 -809165 1.86764e+07 -6.85046e+07
1.42536 809165 -1.52819e+06 -6.08213e+07 -809165 1.93282e+07 -7.26764e+07
1.51445 809165 -2.17995e+06 -6.49932e+07 -809165 1.998e+07 -7.68482e+07
1.60353 809165 -2.83171e+06 -6.9165e+07 -809165 2.06317e+07 -8.102e+07
1.69262 809165 -3.48348e+06 -7.33368e+07 -809165 2.12835e+07 -8.51919e+07
1.7817 809165 -4.13524e+06 -7.75086e+07 -809165 2.19352e+07 -8.93637e+07
1.87079 809165 -4.787e+06 -8.16804e+07 -809165 2.2587e+07 -9.35355e+07
1.95988 809165 -5.43876e+06 -8.58522e+07 -809165 2.32388e+07 -9.77073e+07
2.04896 809165 -6.09052e+06 -9.0024e+07 -809165 2.38905e+07 -1.01879e+08
2.13805 809165 -6.74228e+06 -9.41958e+07 -809165 2.45423e+07 -1.06051e+08
2.22713 809165 -7.39405e+06 -9.83676e+07 -809165 2.5194e+07 -1.10223e+08
2.31622 809165 -8.04581e+06 -1.02539e+08 -809165 2.58458e+07 -1.14394e+08
2.4053 809165 -8.69757e+06 -1.06711e+08 -809165 2.64976e+07 -1.18566e+08
2.49439 809165 -9.34933e+06 -1.10883e+08 -809165 2.71493e+07 -1.22738e+08
2.58347 809165 -1.00011e+07 -1.15055e+08 -809165 2.78011e+07 -1.2691e+08
2.67256 809165 -1.06529e+07 -1.19227e+08 -809165 2.84529e+07 -1.31082e+08
2.76164 809165 -1.13046e+07 -1.23398e+08 -809165 2.91046e+07 -1.35254e+08
2.85073 809165 -1.19564e+07 -1.2757e+08 -809165 2.97564e+07 -1.39425e+08
2.93981 809165 -1.26081e+07 -1.31742e+08 -809165 3.04081e+07 -1.43597e+08
3.0289 809165 -1.32599e+07 -1.35914e+08 -809165 3.10599e+07 -1.47769e+08
3.11798 809165 -1.39117e+07 -1.40086e+08 -809165 3.17117e+07 -1.51941e+08
3.20707 809165 -1.45634e+07 -1.44257e+08 -809165 3.23634e+07 -1.56113e+08
3.29615 809165 -1.52152e+07 -1.48429e+08 -809165 3.30152e+07 -1.60284e+08
3.38524 809165 -1.5867e+07 -1.52601e+08 -809165 3.3667e+07 -1.64456e+08
3.47432 809165 -1.65187e+07 -1.56773e+08 -809165 3.43187e+07 -1.68628e+08
3.56341 809165 -1.71705e+07 -1.60945e+08 -809165 3.49705e+07 -1.728e+08
3.65249 809165 -1.78222e+07 -1.65116e+08 -809165 3.56222e+07 -1.76972e+08
3.74158 809165 -1.8474e+07 -1.69288e+08 -809165 3.6274e+07 -1.81143e+08
3.83067 809165 -1.91258e+07 -1.7346e+08 -809165 3.69258e+07 -1.85315e+08
3.91975 809165 -1.97775e+07 -1.77632e+08 -809165 3.75775e+07 -1.89487e+08
4.00884 809165 -2.04293e+07 -1.81804e+08 -809165 3.82293e+07 -1.93659e+08
4.09792 809165 -2.1081e+07 -1.85976e+08 -809165 3.8881e+07 -1.97831e+08
4.18701 809165 -2.17328e+07 -1.90147e+08 -809165 3.95328e+07 -2.02002e+08
4.27609 809165 -2.23846e+07 -1.94319e+08 -809165 4.01846e+07 -2.06174e+08
4.36518 809165 -2.30363e+07 -1.98491e+08 -809165 4.08363e+07 -2.10346e+08
4.45426 809165 -2.36881e+07 -2.02663e+08 -809165 4.14881e+07 -2.14518e+08
4.54335 809165 -2.43399e+07 -2.06835e+08 -809165 4.21399e+07 -2.1869e+08
4.63243 809165 -2.49916e+07 -2.11006e+08 -809165 4.27916e+07 -2.22861e+08
4.72152 809165 -2.56434e+07 -2.15178e+08 -809165 4.34434e+07 -2.27033e+08
4.8106 809165 -2.62951e+07 -2.1935e+08 -809165 4.40951e+07 -2.31205e+08
4.89969 809165 -2.69469e+07 -2.23522e+08 -809165 4.47469e+07 -2.35377e+08
4.98877 809165 -2.75987e+07 -2.27694e+08 -809165 4.53987e+07 -2.39549e+08
5.07786 809165 -2.82504e+07 -2.31865e+08 -809165 4.60504e+07 -2.4372e+08
5.16694 809165 -2.89022e+07 -2.36037e+08 -809165 4.67022e+07 -2.47892e+08
5.25603 809165 -2.9554e+07 -2.40209e+08 -809165 4.7354e+07 -2.52064e+08
5.34511 809165 -3.02057e+07 -2.44381e+08 -809165 4.80057e+07 -2.56236e+08
5.4342 809165 -3.08575e+07 -2.48553e+08 -809165 4.86575e+07 -2.60408e+08
5.52328 809165 -3.15092e+07 -2.52724e+08 -809165 4.93092e+07 -2.64579e+08
5.61237 809165 -3.2161e+07 -2.56896e+08 -809165 4.9961e+07 -2.68751e+08
5.70146 809165 -3.28128e+07 -2.61068e+08 -809165 5.06128e+07 -2.72923e+08
5.79054 809165 -3.34645e+07 -2.6524e+08 -809165 5.12645e+07 -2.77095e+08
5.87963 809165 -3.41163e+07 -2.69412e+08 -809165 5.19163e+07 -2.81267e+08
5.96871 809165 -3.4768e+07 -2.73583e+08 -809165 5.2568e+07 -2.85439e+08
6.0578 809165 -3.54198e+07 -2.77755e+08 -809165 5.32198e+07 -2.8961e+08
6.14688 809165 -3.60716e+07 -2.81927e+08 -809165 5.38716e+07 -2.93782e+08
6.23597 809165 -3.67233e+07 -2.86099e+08 -809165 5.45233e+07 -2.97954e+08
6.32505 809165 -3.73751e+07 -2.90271e+08 -809165 5.51751e+07 -3.02126e+08
6.41414 809165 -3.80269e+07 -2.94442e+08 -809165 5.58269e+07 -3.06298e+08
6.50322 809165 -3.86786e+07 -2.98614e+08 -809165 5.64786e+07 -3.10469e+08
6.59231 809165 -3.93304e+07 -3.02786e+08 -809165 5.71304e+07 -3.14641e+08
6.68139 809165 -3.99821e+07 -3.06958e+08 -809165 5.77821e+07 -3.18813e+08
6.77048 809165 -4.06339e+07 -3.1113e+08 -809165 5.84339e+07 -3.22985e+08
6.85956 809165 -4.12857e+07 -3.15301e+08 -809165 5.90857e+07 -3.27157e+08
6.94865 809165 -4.19374e+07 -3.19473e+08 -809165 5.97374e+07 -3.31328e+08
7.03773 809165 -4.25892e+07 -3.23645e+08 -809165 6.03892e+07 -3.355e+08
7.12682 809165 -4.32409e+07 -3.27817e+08 -809165 6.10409e+07 -3.39672e+08
7.2159 809165 -4.38927e+07 -3.31989e+08 -809165 6.16927e+07 -3.43844e+08
7.30499 809165 -4.45445e+07 -3.36161e+08 -809165 6.23445e+07 -3.48016e+08
7.39407 809165 -4.51962e+07 -3.40332e+08 -809165 6.29962e+07 -3.52187e+08
7.48316 809165 -4.5848e+07 -3.44504e+08 -809165 6.3648e+07 -3.56359e+08
7.57225 809165 -4.64998e+07 -3.48676e+08 -809165 6.42998e+07 -3.60531e+08
7.66133 809165 -4.71515e+07 -3.52848e+08 -809165 6.49515e+07 -3.64703e+08
7.75042 809165 -4.78033e+07 -3.5702e+08 -809165 6.56033e+07 -3.68875e+08
7.8395 809165 -4.8455e+07 -3.61191e+08 -809165 6.6255e+07 -3.73046e+08
7.92859 809165 -4.91068e+07 -3.65363e+08 -809165 6.69068e+07 -3.77218e+08
8.01767 809165 -4.97586e+07 -3.69535e+08 -809165 6.75586e+07 -3.8139e+08
8.10676 809165 -5.04103e+07 -3.73707e+08 -809165 6.82103e+07 -3.85562e+08
8.19584 809165 -5.10621e+07 -3.77879e+08 -809165 6.88621e+07 -3.89734e+08
8.28493 809165 -5.17139e+07 -3.8205e+08 -809165 6.95139e+07 -3.93905e+08
8.37401 809165 -5.23656e+07 -3.86222e+08 -809165 7.01656e+07 -3.98077e+08
8.4631 809165 -5.30174e+07 -3.90394e+08 -809165 7.08174e+07 -4.02249e+08
8.55218 809165 -5.36691e+07 -3.94566e+08 -809165 7.14691e+07 -4.06421e+08
8.64127 809165 -5.43209e+07 -3.98738e+08 -809165 7.21209e+07 -4.10593e+08
8.73035 809165 -5.49727e+07 -4.02909e+08 -809165 7.27727e+07 -4.14765e+08
8.81944 809165 -5.56244e+07 -4.07081e+08 -809165 7.34244e+07 -4.18936e+08
8.90852 809165 -5.62762e+07 -4.11253e+08 -809165 7.40762e+07 -4.23108e+08
8.81944 809165 -5.56244e+07 -4.07081e+08 -809165 7.34244e+07 -4.18936e+08
8.73035 809165 -5.49727e+07 -4.02909e+08 -809165 7.27727e+07 -4.14765e+08
8.64127 809165 -5.43209e+07 -3.98738e+08 -809165 7.21209e+07 -4.10593e+08
8.55218 809165 -5.36691e+07 -3.94566e+08 -809165 7.14691e+07 -4.06421e+08
8.4631 809165 -5.30174e+07 -3.90394e+08 -809165 7.08174e+07 -4.02249e+08
8.37401 809165 -5.23656e+07 -3.86222e+08 -809165 7.01656e+07 -3.98077e+08
8.28493 809165 -5.17139e+07 -3.8205e+08 -809165 6.95139e+07 -3.93905e+08
8.19584 809165 -5.10621e+07 -3.77879e+08 -809165 6.88621e+07 -3.89734e+08
8.10676 809165 -5.04103e+07 -3.73707e+08 -809165 6.82103e+07 -3.85562e+08
8.01767 809165 -4.97586e+07 -3.69535e+08 -809165 6.75586e+07 -3.8139e+08
7.92859 809165 -4.91068e+07 -3.65363e+08 -809165 6.69068e+07 -3.77218e+08
7.8395 809165 -4.8455e+07 -3.61191e+08 -809165 6.6255e+07 -3.73046e+08
7.75042 809165 -4.78033e+07 -3.5702e+08 -809165 6.56033e+07 -3.68875e+08
7.66133 809165 -4.71515e+07 -3.52848e+08 -809165 6.49515e+07 -3.64703e+08
7.57225 809165 -4.64998e+07 -3.48676e+08 -809165 6.42998e+07 -3.60531e+08
7.48316 809165 -4.5848e+07 -3.44504e+08 -809165 6.3648e+07 -3.56359e+08
7.39407 809165 -4.51962e+07 -3.40332e+08 -809165 6.29962e+07 -3.52187e+08
7.30499 809165 -4.45445e+07 -3.36161e+08 -809165 6.23445e+07 -3.48016e+08
7.2159 809165 -4.38927e+07 -3.31989e+08 -809165 6.16927e+07 -3.43844e+08
7.12682 809165 -4.32409e+07 -3.27817e+08 -809165 6.10409e+07 -3.39672e+08
7.03773 809165 -4.25892e+07 -3.23645e+08 -809165 6.03892e+07 -3.355e+08
6.94865 809165 -4.19374e+07 -3.19473e+08 -809165 5.97374e+07 -3.31328e+08
6.85956 809165 -4.12857e+07 -3.15301e+08 -809165 5.90857e+07 -3.27157e+08
6.77048 809165 -4.06339e+07 -3.1113e+08 -809165 5.84339e+07 -3.22985e+08
6.68139 809165 -3.99821e+07 -3.06958e+08 -809165 5.77821e+07 -3.18813e+08
6.59231 809165 -3.93304e+07 -3.02786e+08 -809165 5.71304e+07 -3.14641e+08
6.50322 809165 -3.86786e+07 -2.98614e+08 -809165 5.64786e+07 -3.10469e+08
6.41414 809165 -3.80269e+07 -2.94442e+08 -809165 5.58269e+07 -3.06298e+08
6.32505 809165 -3.73751e+07 -2.90271e+08 -809165 5.51751e+07 -3.02126e+08
6.23597 809165 -3.67233e+07 -2.86099e+08 -809165 5.45233e+07 -2.97954e+08
6.14688 809165 -3.60716e+07 -2.81927e+08 -809165 5.38716e+07 -2.93782e+08
6.0578 809165 -3.54198e+07 -2.77755e+08 -809165 5.32198e+07 -2.8961e+08
5.96871 809165 -3.4768e+07 -2.73583e+08 -809165 5.2568e+07 -2.85439e+08
5.87963 809165 -3.41163e+07 -2.69412e+08 -809165 5.19163e+07 -2.81267e+08
5.79054 809165 -3.34645e+07 -2.6524e+08 -809165 5.12645e+07 -2.77095e+08
5.70146 809165 -3.28128e+07 -2.61068e+08 -809165 5.06128e+07 -2.72923e+08
5.61237 809165 -3.2161e+07 -2.56896e+08 -809165 4.9961e+07 -2.68751e+08
5.52328 809165 -3.15092e+07 -2.52724e+08 -809165 4.93092e+07 -2.64579e+08
5.4342 809165 -3.08575e+07 -2.48553e+08 -809165 4.86575e+07 -2.60408e+08
5.34511 809165 -3.02057e+07 -2.44381e+08 -809165 4.80057e+07 -2.56236e+08
5.25603 809165 -2.9554e+07 -2.40209e+08 -809165 4.7354e+07 -2.52064e+08
5.16694 809165 -2.89022e+07 -2.36037e+08 -809165 4.67022e+07 -2.47892e+08
5.07786 809165 -2.82504e+07 -2.31865e+08 -809165 4.60504e+07 -2.4372e+08
4.98877 809165 -2.75987e+07 -2.27694e+08 -809165 4.53987e+07 -2.39549e+08
4.89969 809165 -2.69469e+07 -2.23522e+08 -809165 4.47469e+07 -2.35377e+08
4.8106 809165 -2.62951e+07 -2.1935e+08 -809165 4.40951e+07 -2.31205e+08
4.72152 809165 -2.56434e+07 -2.15178e+08 -809165 4.34434e+07 -2.27033e+08
4.63243 809165 -2.49916e+07 -2.11006e+08 -809165 4.27916e+07 -2.22861e+08
4.54335 809165 -2.43399e+07 -2.06835e+08 -809165 4.21399e+07 -2.1869e+08
4.45426 809165 -2.36881e+07 -2.02663e+08 -809165 4.14881e+07 -2.14518e+08
4.36518 809165 -2.30363e+07 -1.98491e+08 -809165 4.08363e+07 -2.10346e+08
4.27609 809165 -2.23846e+07 -1.94319e+08 -809165 4.01846e+07 -2.06174e+08
4.18701 809165 -2.17328e+07 -1.90147e+08 -809165 3.95328e+07 -2.02002e+08
4.09792 809165 -2.1081e+07 -1.85976e+08 -809165 3.8881e+07 -1.97831e+08
4.00884 809165 -2.04293e+07 -1.81804e+08 -809165 3.82293e+07 -1.93659e+08
3.91975 809165 -1.97775e+07 -1.77632e+08 -809165 3.75775e+07 -1.89487e+08
3.83067 809165 -1.91258e+07 -1.7346e+08 -809165 3.69258e+07 -1.85315e+08
3.74158 809165 -1.8474e+07 -1.69288e+08 -809165 3.6274e+07 -1.81143e+08
3.65249 809165 -1.78222e+07 -1.65116e+08 -809165 3.56222e+07 -1.76972e+08
3.56341 809165 -1.71705e+07 -1.60945e+08 -809165 3.49705e+07 -1.728e+08
3.47432 809165 -1.65187e+07 -1.56773e+08 -809165 3.43187e+07 -1.68628e+08
3.38524 809165 -1.5867e+07 -1.52601e+08 -809165 3.3667e+07 -1.64456e+08
3.29615 809165 -1.52152e+07 -1.48429e+08 -809165 3.30152e+07 -1.60284e+08
3.20707 809165 -1.45634e+07 -1.44257e+08 -809165 3.23634e+07 -1.56113e+08
3.11798 809165 -1.39117e+07 -1.40086e+08 -809165 3.17117e+07 -1.51941e+08
3.0289 809165 -1.32599e+07 -1.35914e+08 -809165 3.10599e+07 -1.47769e+08
2.93981 809165 -1.26081e+07 -1.31742e+08 -809165 3.04081e+07 -1.43597e+08
2.85073 809165 -1.19564e+07 -1.2757e+08 -809165 2.97564e+07 -1.39425e+08
2.76164 809165 -1.13046e+07 -1.23398e+08 -809165 2.91046e+07 -1.35254e+08
2.67256 809165 -1.06529e+07 -1.19227e+08 -809165 2.84529e+07 -1.31082e+08
2.58347 809165 -1.00011e+07 -1.15055e+08 -809165 2.78011e+07 -1.2691e+08
2.49439 809165 -9.34933e+06 -1.10883e+08 -809165 2.71493e+07 -1.22738e+08
2.4053 809165 -8.69757e+06 -1.06711e+08 -809165 2.64976e+07 -1.18566e+08
2.31622 809165 -8.04581e+06 -1.02539e+08 -809165 2.58458e+07 -1.14394e+08
2.22713 809165 -7.39405e+06 -9.83676e+07 -809165 2.5194e+07 -1.10223e+08
2.13805 809165 -6.74228e+06 -9.41958e+07 -809165 2.45423e+07 -1.06051e+08
2.04896 809165 -6.09052e+06 -9.0024e+07 -809165 2.38905e+07 -1.01879e+08
1.95988 809165 -5.43876e+06 -8.58522e+07 -809165 2.32388e+07 -9.77073e+07
1.87079 809165 -4.787e+06 -8.16804e+07 -809165 2.2587e+07 -9.35355e+07
1.7817 809165 -4.13524e+06 -7.75086e+07 -809165 2.19352e+07 -8.93637e+07
1.69262 809165 -3.48348e+06 -7.33368e+07 -809165 2.12835e+07 -8.51919e+07
1.60353 809165 -2.83171e+06 -6.9165e+07 -809165 2.06317e+07 -8.102e+07
1.51445 809165 -2.17995e+06 -6.49932e+07 -809165 1.998e+07 -7.68482e+07
1.42536 809165 -1.52819e+06 -6.08213e+07 -809165 1.93282e+07 -7.26764e+07
1.33628 809165 -876428 -5.66495e+07 -809165 1.86764e+07 -6.85046e+07
1.24719 809165 -224666 -5.24777e+07 -809165 1.80247e+07 -6.43328e+07
1.15811 809165 427096 -4.83059e+07 -809165 1.73729e+07 -6.0161e+07
1.06902 809165 1.07886e+06 -4.41341e+07 -809165 1.67211e+07 -5.59892e+07
0.979938 809165 1.73062e+06 -3.99623e+07 -809165 1.60694e+07 -5.18174e+07
0.890852 809165 2.38238e+06 -3.57905e+07 -809165 1.54176e+07 -4.76456e+07
0.801767 809165 3.03414e+06 -3.16187e+07 -809165 1.47659e+07 -4.34738e+07
0.712682 809165 3.68591e+06 -2.74469e+07 -809165 1.41141e+07 -3.9302e+07
0.623597 809165 4.33767e+06 -2.32751e+07 -809165 1.34623e+07 -3.51302e+07
0.534511 809165 4.98943e+06 -1.91033e+07 -809165 1.28106e+07 -3.09584e+07
0.445426 809165 5.64119e+06 -1.49315e+07 -809165 1.21588e+07 -2.67866e+07
0.356341 809165 6.29295e+06 -1.07597e+07 -809165 1.1507e+07 -2.26148e+07
0.267256 809165 6.94471e+06 -6.58787e+06 -809165 1.08553e+07 -1.8443e+07
0.17817 809165 7.59648e+06 -2.41607e+06 -809165 1.02035e+07 -1.42712e+07
0.0890852 809165 8.24824e+06 1.75574e+06 -809165 9.55176e+06 -1.00994e+07
-2.2911e-17 809165 8.9e+06 5.92754e+06 -809165 8.9e+06 -5.92754e+06
-0.0890852 809165 9.55176e+06 1.00994e+07 -809165 8.24824e+06 -1.75574e+06
-0.17817 809165 1.02035e+07 1.42712e+07 -809165 7.59648e+06 2.41607e+06
-0.267256 809165 1.08553e+07 1.8443e+07 -809165 6.94471e+06 6.58787e+06
-0.356341 809165 1.1507e+07 2.26148e+07 -809165 6.29295e+06 1.07597e+07
-0.445426 809165 1.21588e+07 2.67866e+07 -809165 5.64119e+06 1.49315e+07
-0.534511 809165 1.28106e+07 3.09584e+07 -809165 4.98943e+06 1.91033e+07
-0.623597 809165 1.34623e+07 3.51302e+07 -809165 4.33767e+06 2.32751e+07
-0.712682 809165 1.41141e+07 3.9302e+07 -809165 3.68591e+06 2.74469e+07
-0.801767 809165 1.47659e+07 4.34738e+07 -809165 3.03414e+06 3.16187e+07
-0.890852 809165 1.54176e+07 4.76456e+07 -809165 2.38238e+06 3.57905e+07
-0.979938 809165 1.60694e+07 5.18174e+07 -809165 1.73062e+06 3.99623e+07
-1.06902 809165 1.67211e+07 5.59892e+07 -809165 1.07886e+06 4.41341e+07
-1.15811 809165 1.73729e+07 6.0161e+07 -809165 427096 4.83059e+07
-1.24719 809165 1.80247e+07 6.43328e+07 -809165 -224666 5.24777e+07
-1.33628 809165 1.86764e+07 6.85046e+07 -809165 -876428 5.66495e+07
-1.42536 809165 1.93282e+07 7.26764e+07 -809165 -1.52819e+06 6.08213e+07
-1.51445 809165 1.998e+07 7.68482e+07 -809165 -2.17995e+06 6.49932e+07
-1.60353 809165 2.06317e+07 8.102e+07 -809165 -2.83171e+06 6.9165e+07
-1.69262 809165 2.12835e+07 8.51919e+07 -809165 -3.48348e+06 7.33368e+07
-1.7817 809165 2.19352e+07 8.93637e+07 -809165 -4.13524e+06 7.75086e+07
-1.87079 809165 2.2587e+07 9.35355e+07 -809165 -4.787e+06 8.16804e+07
-1.95988 809165 2.32388e+07 9.77073e+07 -809165 -5.43876e+06 8.58522e+07
-2.04896 809165 2.38905e+07 1.01879e+08 -809165 -6.09052e+06 9.0024e+07
-2.13805 809165 2.45423e+07 1.06051e+08 -809165 -6.74228e+06 9.41958e+07
-2.22713 809165 2.5194e+07 1.10223e+08 -809165 -7.39405e+06 9.83676e+07
-2.31622 809165 2.58458e+07 1.14394e+08 -809165 -8.04581e+06 1.02539e+08
-2.4053 809165 2.64976e+07 1.18566e+08 -809165 -8.69757e+06 1.06711e+08
-2.49439 809165 2.71493e+07 1.22738e+08 -809165 -9.34933e+06 1.10883e+08
-2.58347 809165 2.78011e+07 1.2691e+08 -809165 -1.00011e+07 1.15055e+08
-2.67256 809165 2.84529e+07 1.31082e+08 -809165 -1.06529e+07 1.19227e+08
-2.76164 809165 2.91046e+07 1.35254e+08 -809165 -1.13046e+07 1.23398e+08
-2.85073 809165 2.97564e+07 1.39425e+08 -809165 -1.19564e+07 1.2757e+08
-2.93981 809165 3.04081e+07 1.43597e+08 -809165 -1.26081e+07 1.31742e+08
-3.0289 809165 3.10599e+07 1.47769e+08 -809165 -1.32599e+07 1.35914e+08
-3.11798 809165 3.17117e+07 1.51941e+08 -809165 -1.39117e+07 1.40086e+08
-3.20707 809165 3.23634e+07 1.56113e+08 -809165 -1.45634e+07 1.44257e+08
-3.29615 809165 3.30152e+07 1.60284e+08 -809165 -1.52152e+07 1.48429e+08
-3.38524 809165 3.3667e+07 1.64456e+08 -809165 -1.5867e+07 1.52601e+08
-3.47432 809165 3.43187e+07 1.68628e+08 -809165 -1.65187e+07 1.56773e+08
-3.56341 809165 3.49705e+07 1.728e+08 -809165 -1.71705e+07 1.60945e+08
-3.65249 809165 3.56222e+07 1.76972e+08 -809165 -1.78222e+07 1.65116e+08
-3.74158 809165 3.6274e+07 1.81143e+08 -809165 -1.8474e+07 1.69288e+08
-3.83067 809165 3.69258e+07 1.85315e+08 -809165 -1.91258e+07 1.7346e+08
-3.91975 809165 3.75775e+07 1.89487e+08 -809165 -1.97775e+07 1.77632e+08
-4.00884 809165 3.82293e+07 1.93659e+08 -809165 -2.04293e+07 1.81804e+08
-4.09792 809165 3.8881e+07 1.97831e+08 -809165 -2.1081e+07 1.85976e+08
-4.18701 809165 3.95328e+07 2.02002e+08 -809165 -2.17328e+07 1.90147e+08
-4.27609 809165 4.01846e+07 2.06174e+08 -809165 -2.23846e+07 1.94319e+08
-4.36518 809165 4.08363e+07 2.10346e+08 -809165 -2.30363e+07 1.98491e+08
-4.45426 809165 4.14881e+07 2.14518e+08 -809165 -2.36881e+07 2.02663e+08
-4.54335 809165 4.21399e+07 2.1869e+08 -809165 -2.43399e+07 2.06835e+08
-4.63243 809165 4.27916e+07 2.22861e+08 -809165 -2.49916e+07 2.11006e+08
-4.72152 809165 4.34434e+07 2.27033e+08 -809165 -2.56434e+07 2.15178e+08
-4.8106 809165 4.40951e+07 2.31205e+08 -809165 -2.62951e+07 2.1935e+08
-4.89969 809165 4.47469e+07 2.35377e+08 -809165 -2.69469e+07 2.23522e+08
-4.98877 809165 4.53987e+07 2.39549e+08 -809165 -2.75987e+07 2.27694e+08
-5.07786 809165 4.60504e+07 2.4372e+08 -809165 -2.82504e+07 2.31865e+08
-5.16694 809165 4.67022e+07 2.47892e+08 -809165 -2.89022e+07 2.36037e+08
-5.25603 809165 4.7354e+07 2.52064e+08 -809165 -2.9554e+07 2.40209e+08
-5.34511 809165 4.80057e+07 2.56236e+08 -809165 -3.02057e+07 2.44381e+08
-5.4342 809165 4.86575e+07 2.60408e+08 -809165 -3.08575e+07 2.48553e+08
-5.52328 809165 4.93092e+07 2.64579e+08 -809165 -3.15092e+07 2.52724e+08
-5.61237 809165 4.9961e+07 2.68751e+08 -809165 -3.2161e+07 2.56896e+08
-5.70146 809165 5.06128e+07 2.72923e+08 -809165 -3.28128e+07 2.61068e+08
-5.79054 809165 5.12645e+07 2.77095e+08 -809165 -3.34645e+07 2.6524e+08
-5.87963 809165 5.19163e+07 2.81267e+08 -809165 -3.41163e+07 2.69412e+08
-5.96871 809165 5.2568e+07 2.85439e+08 -809165 -3.4768e+07 2.73583e+08
-6.0578 809165 5.32198e+07 2.8961e+08 -809165 -3.54198e+07 2.77755e+08
-6.14688 809165 5.38716e+07 2.93782e+08 -809165 -3.60716e+07 2.81927e+08
-6.23597 809165 5.45233e+07 2.97954e+08 -809165 -3.67233e+07 2.86099e+08
-6.32505 809165 5.51751e+07 3.02126e+08 -809165 -3.73751e+07 2.90271e+08
-6.41414 809165 5.58269e+07 3.06298e+08 -809165 -3.80269e+07 2.94442e+08
-6.50322 809165 5.64786e+07 3.10469e+08 -809165 -3.86786e+07 2.98614e+08
-6.59231 809165 5.71304e+07 3.14641e+08 -809165 -3.93304e+07 3.02786e+08
-6.68139 809165 5.77821e+07 3.18813e+08 -809165 -3.99821e+07 3.06958e+08
-6.77048 809165 5.84339e+07 3.22985e+08 -809165 -4.06339e+07 3.1113e+08
-6.85956 809165 5.90857e+07 3.27157e+08 -809165 -4.12857e+07 3.15301e+08
-6.94865 809165 5.97374e+07 3.31328e+08 -809165 -4.19374e+07 3.19473e+08
-7.03773 809165 6.03892e+07 3.355e+08 -809165 -4.25892e+07 3.23645e+08
-7.12682 809165 6.10409e+07 3.39672e+08 -809165 -4.32409e+07 3.27817e+08
-7.2159 809165 6.16927e+07 3.43844e+08 -809165 -4.38927e+07 3.31989e+08
-7.30499 809165 6.23445e+07 3.48016e+08 -809165 -4.45445e+07 3.36161e+08
-7.39407 809165 6.29962e+07 3.52187e+08 -809165 -4.51962e+07 3.40332e+08
-7.48316 809165 6.3648e+07 3.56359e+08 -809165 -4.5848e+07 3.44504e+08
-7.57225 809165 6.42998e+07 3.60531e+08 -809165 -4.64998e+07 3.48676e+08
-7.66133 809165 6.49515e+07 3.64703e+08 -809165 -4.71515e+07 3.52848e+08
-7.75042 809165 6.56033e+07 3.68875e+08 -809165 -4.78033e+07 3.5702e+08
-7.8395 809165 6.6255e+07 3.73046e+08 -809165 -4.8455e+07 3.61191e+08
-7.92859 809165 6.69068e+07 3.77218e+08 -809165 -4.91068e+07 3.65363e+08
-8.01767 809165 6.75586e+07 3.8139e+08 -809165 -4.97586e+07 3.69535e+08
-8.10676 809165 6.82103e+07 3.85562e+08 -809165 -5.04103e+07 3.73707e+08
-8.19584 809165 6.88621e+07 3.89734e+08 -809165 -5.10621e+07 3.77879e+08
-8.28493 809165 6.95139e+07 3.93905e+08 -809165 -5.17139e+07 3.8205e+08
-8.37401 809165 7.01656e+07 3.98077e+08 -809165 -5.23656e+07 3.86222e+08
-8.4631 809165 7.08174e+07 4.02249e+08 -809165 -5.30174e+07 3.90394e+08
-8.55218 809165 7.14691e+07 4.06421e+08 -809165 -5.36691e+07 3.94566e+08
-8.64127 809165 7.21209e+07 4.10593e+08 -809165 -5.43209e+07 3.98738e+08
-8.73035 809165 7.27727e+07 4.14765e+08 -809165 -5.49727e+07 4.02909e+08
-8.81944 809165 7.34244e+07 4.18936e+08 -809165 -5.56244e+07 4.07081e+08
-8.90852 809165 7.40762e+07 4.23108e+08 -809165 -5.62762e+07 4.11253e+08
-8.81944 809165 7.34244e+07 4.18936e+08 -809165 -5.56244e+07 4.07081e+08
-8.73035 809165 7.27727e+07 4.14765e+08 -809165 -5.49727e+07 4.02909e+08
-8.64127 809165 7.21209e+07 4.10593e+08 -809165 -5.43209e+07 3.98738e+08
-8.55218 809165 7.14691e+07 4.06421e+08 -809165 -5.36691e+07 3.94566e+08
-8.4631 809165 7.08174e+07 4.02249e+08 -809165 -5.30174e+07 3.90394e+08
-8.37401 809165 7.01656e+07 3.98077e+08 -809165 -5.23656e+07 3.86222e+08
-8.28493 809165 6.95139e+07 3.93905e+08 -809165 -5.17139e+07 3.8205e+08
-8.19584 809165 6.88621e+07 3.89734e+08 -809165 -5.10621e+07 3.77879e+08
-8.10676 809165 6.82103e+07 3.85562e+08 -809165 -5.04103e+07 3.73707e+08
-8.01767 809165 6.75586e+07 3.8139e+08 -809165 -4.97586e+07 3.69535e+08
-7.92859 809165 6.69068e+07 3.77218e+08 -809165 -4.91068e+07 3.65363e+08
-7.8395 809165 6.6255e+07 3.73046e+08 -809165 -4.8455e+07 3.61191e+08
-7.75042 809165 6.56033e+07 3.68875e+08 -809165 -4.78033e+07 3.5702e+08
-7.66133 809165 6.49515e+07 3.64703e+08 -809165 -4.71515e+07 3.52848e+08
-7.57225 809165 6.42998e+07 3.60531e+08 -809165 -4.64998e+07 3.48676e+08
-7.48316 809165 6.3648e+07 3.56359e+08 -809165 -4.5848e+07 3.44504e+08
-7.39407 809165 6.29962e+07 3.52187e+08 -809165 -4.51962e+07 3.40332e+08
-7.30499 809165 6.23445e+07 3.48016e+08 -809165 -4.45445e+07 3.36161e+08
-7.2159 809165 6.16927e+07 3.43844e+08 -809165 -4.38927e+07 3.31989e+08
-7.12682 809165 6.10409e+07 3.39672e+08 -809165 -4.32409e+07 3.27817e+08
-7.03773 809165 6.03892e+07 3.355e+08 -809165 -4.25892e+07 3.23645e+08
-6.94865 809165 5.97374e+07 3.31328e+08 -809165 -4.19374e+07 3.19473e+08
-6.85956 809165 5.90857e+07 3.27157e+08 -809165 -4.12857e+07 3.15301e+08
-6.77048 809165 5.84339e+07 3.22985e+08 -809165 -4.06339e+07 3.1113e+08
-6.68139 809165 5.77821e+07 3.18813e+08 -809165 -3.99821e+07 3.06958e+08
-6.59231 809165 5.71304e+07 3.14641e+08 -809165 -3.93304e+07 3.02786e+08
-6.50322 809165 5.64786e+07 3.10469e+08 -809165 -3.86786e+07 2.98614e+08
-6.41414 809165 5.58269e+07 3.06298e+08 -809165 -3.80269e+07 2.94442e+08
-6.32505 809165 5.51751e+07 3.02126e+08 -809165 -3.73751e+07 2.90271e+08
-6.23597 809165 5.45233e+07 2.97954e+08 -809165 -3.67233e+07 2.86099e+08
-6.14688 809165 5.38716e+07 2.93782e+08 -809165 -3.60716e+07 2.81927e+08
-6.0578 809165 5.32198e+07 2.8961e+08 -809165 -3.54198e+07 2.77755e+08
-5.96871 809165 5.2568e+07 2.85439e+08 -809165 -3.4768e+07 2.73583e+08
-5.87963 809165 5.19163e+07 2.81267e+08 -809165 -3.41163e+07 2.69412e+08
-5.79054 809165 5.12645e+07 2.77095e+08 -809165 -3.34645e+07 2.6524e+08
-5.70146 809165 5.06128e+07 2.72923e+08 -809165 -3.28128e+07 2.61068e+08
-5.61237 809165 4.9961e+07 2.68751e+08 -809165 -3.2161e+07 2.56896e+08
-5.52328 809165 4.93092e+07 2.64579e+08 -809165 -3.15092e+07 2.52724e+08
-5.4342 809165 4.86575e+07 2.60408e+08 -809165 -3.08575e+07 2.48553e+08
-5.34511 809165 4.80057e+07 2.56236e+08 -809165 -3.02057e+07 2.44381e+08
-5.25603 809165 4.7354e+07 2.52064e+08 -809165 -2.9554e+07 2.40209e+08
-5.16694 809165 4.67022e+07 2.47892e+08 -809165 -2.89022e+07 2.36037e+08
-5.07786 809165 4.60504e+07 2.4372e+08 -809165 -2.82504e+07 2.31865e+08
-4.98877 809165 4.53987e+07 2.39549e+08 -809165 -2.75987e+07 2.27694e+08
-4.89969 809165 4.47469e+07 2.35377e+08 -809165 -2.69469e+07 2.23522e+08
-4.8106 809165 4.40951e+07 2.31205e+08 -809165 -2.62951e+07 2.1935e+08
-4.72152 809165 4.34434e+07 2.27033e+08 -809165 -2.56434e+07 2.15178e+08
-4.63243 809165 4.27916e+07 2.22861e+08 -809165 -2.49916e+07 2.11006e+08
-4.54335 809165 4.21399e+07 2.1869e+08 -809165 -2.43399e+07 2.06835e+08
-4.45426 809165 4.14881e+07 2.14518e+08 -809165 -2.36881e+07 2.02663e+08
-4.36518 809165 4.08363e+07 2.10346e+08 -809165 -2.30363e+07 1.98491e+08
-4.27609 809165 4.01846e+07 2.06174e+08 -809165 -2.23846e+07 1.94319e+08
-4.18701 809165 3.95328e+07 2.02002e+08 -809165 -2.17328e+07 1.90147e+08
-4.09792 809165 3.8881e+07 1.97831e+08 -809165 -2.1081e+07 1.85976e+08
-4.00884 809165 3.82293e+07 1.93659e+08 -809165 -2.04293e+07 1.81804e+08
-3.91975 809165 3.75775e+07 1.89487e+08 -809165 -1.97775e+07 1.77632e+08
-3.83067 809165 3.69258e+07 1.85315e+08 -809165 -1.91258e+07 1.7346e+08
-3.74158 809165 3.6274e+07 1.81143e+08 -809165 -1.8474e+07 1.69288e+08
-3.65249 809165 3.56222e+07 1.76972e+08 -809165 -1.78222e+07 1.65116e+08
-3.56341 809165 3.49705e+07 1.728e+08 -809165 -1.71705e+07 1.60945e+08
-3.47432 809165 3.43187e+07 1.68628e+08 -809165 -1.65187e+07 1.56773e+08
-3.38524 809165 3.3667e+07 1.64456e+08 -809165 -1.5867e+07 1.52601e+08
-3.29615 809165 3.30152e+07 1.60284e+08 -809165 -1.52152e+07 1.48429e+08
-3.20707 809165 3.23634e+07 1.56113e+08 -809165 -1.45634e+07 1.44257e+08
-3.11798 809165 3.17117e+07 1.51941e+08 -809165 -1.39117e+07 1.40086e+08
-3.0289 809165 3.10599e+07 1.47769e+08 -809165 -1.32599e+07 1.35914e+08
-2.93981 809165 3.04081e+07 1.43597e+08 -809165 -1.26081e+07 1.31742e+08
-2.85073 809165 2.97564e+07 1.39425e+08 -809165 -1.19564e+07 1.2757e+08
-2.76164 809165 2.91046e+07 1.35254e+08 -809165 -1.13046e+07 1.23398e+08
-2.67256 809165 2.84529e+07 1.31082e+08 -809165 -1.06529e+07 1.19227e+08
-2.58347 809165 2.78011e+07 1.2691e+08 -809165 -1.00011e+07 1.15055e+08
-2.49439 809165 2.71493e+07 1.22738e+08 -809165 -9.34933e+06 1.10883e+08
-2.4053 809165 2.64976e+07 1.18566e+08 -809165 -8.69757e+06 1.06711e+08
-2.31622 809165 2.58458e+07 1.14394e+08 -809165 -8.04581e+06 1.02539e+08
-2.22713 809165 2.5194e+07 1.10223e+08 -809165 -7.39405e+06 9.83676e+07
-2.13805 809165 2.45423e+07 1.06051e+08 -809165 -6.74228e+06 9.41958e+07
-2.04896 809165 2.38905e+07 1.01879e+08 -809165 -6.09052e+06 9.0024e+07
-1.95988 809165 2.32388e+07 9.77073e+07 -809165 -5.43876e+06 8.58522e+07
-1.87079 809165 2.2587e+07 9.35355e+07 -809165 -4.787e+06 8.16804e+07
-1.7817 809165 2.19352e+07 8.93637e+07 -809165 -4.13524e+06 7.75086e+07
-1.69262 809165 2.12835e+07 8.51919e+07 -809165 -3.48348e+06 7.33368e+07
-1.60353 809165 2.06317e+07 8.102e+07 -809165 -2.83171e+06 6.9165e+07
-1.51445 809165 1.998e+07 7.68482e+07 -809165 -2.17995e+06 6.49932e+07
-1.42536 809165 1.93282e+07 7.26764e+07 -809165 -1.52819e+06 6.08213e+07
-1.33628 809165 1.86764e+07 6.85046e+07 -809165 -876428 5.66495e+07
-1.24719 809165 1.80247e+07 6.43328e+07 -809165 -224666 5.24777e+07
-1.15811 809165 1.73729e+07 6.0161e+07 -809165 427096 4.83059e+07
-1.06902 809165 1.67211e+07 5.59892e+07 -809165 1.07886e+06 4.41341e+07
-0.979938 809165 1.60694e+07 5.18174e+07 -809165 1.73062e+06 3.99623e+07
-0.890852 809165 1.54176e+07 4.76456e+07 -809165 2.38238e+06 3.57905e+07
-0.801767 809165 1.47659e+07 4.34738e+07 -809165 3.03414e+06 3.16187e+07
-0.712682 809165 1.41141e+07 3.9302e+07 -809165 3.68591e+06 2.74469e+07
-0.623597 809165 1.34623e+07 3.51302e+07 -809165 4.33767e+06 2.32751e+07
-0.534511 809165 1.28106e+07 3.09584e+07 -809165 4.98943e+06 1.91033e+07
-0.445426 809165 1.21588e+07 2.67866e+07 -809165 5.64119e+06 1.49315e+07
-0.356341 809165 1.1507e+07 2.26148e+07 -809165 6.29295e+06 1.07597e+07
-0.267256 809165 1.08553e+07 1.8443e+07 -809165 6.94471e+06 6.58787e+06
-0.17817 809165 1.02035e+07 1.42712e+07 -809165 7.59648e+06 2.41607e+06
-0.0890852 809165 9.55176e+06 1.00994e+07 -809165 8.24824e+06 -1.75574e+06
-1.21504e-15 809165 8.9e+06 5.92754e+06 -809165 8.9e+06 -5.92754e+06
