0 0 0 0 0 0 0
0.1 5.61121e-06 -0.000211603 -0.000182803 -5.61121e-06 -0.000211603 0.000182803
0.2 1.12224e-05 -0.000423207 -0.000365606 -1.12224e-05 -0.000423207 0.000365606
0.3 1.68336e-05 -0.00063481 -0.000548409 -1.68336e-05 -0.00063481 0.000548409
0.4 2.24448e-05 -0.000846414 -0.000731212 -2.24448e-05 -0.000846414 0.000731212
0.5 2.80561e-05 -0.00105802 -0.000914015 -2.80561e-05 -0.00105802 0.000914015
0.6 3.36673e-05 -0.00126962 -0.00109682 -3.36673e-05 -0.00126962 0.00109682
0.7 3.92785e-05 -0.00148122 -0.00127962 -3.92785e-05 -0.00148122 0.00127962
0.8 4.48897e-05 -0.00169283 -0.00146242 -4.48897e-05 -0.00169283 0.00146242
0.9 5.05009e-05 -0.00190443 -0.00164523 -5.05009e-05 -0.00190443 0.00164523
1 5.61121e-05 -0.00211603 -0.00182803 -5.61121e-05 -0.00211603 0.00182803
