0 0 0 0
0.270849 1e-05 -8.25714e-08 -4.99996e-06
0.541655 2e-05 -1.65231e-07 -9.99982e-06
0.812418 3e-05 -2.4798e-07 -1.49996e-05
1.08314 4e-05 -3.30818e-07 -1.99993e-05
1.35381 5e-05 -4.13745e-07 -2.49989e-05
1.62444 6e-05 -4.96761e-07 -2.99984e-05
1.89503 7e-05 -5.79865e-07 -3.49978e-05
2.16558 8e-05 -6.63058e-07 -3.99971e-05
2.43608 9e-05 -7.46341e-07 -4.49964e-05
2.70653 0.0001 -8.29712e-07 -4.99955e-05
2.97695 0.00011 -9.13173e-07 -5.49946e-05
3.24732 0.00012 -9.96722e-07 -5.99936e-05
3.51764 0.00013 -1.08036e-06 -6.49924e-05
3.78793 0.00014 -1.16409e-06 -6.99912e-05
4.05816 0.00015 -1.2479e-06 -7.49899e-05
4.32836 0.00016 -1.33181e-06 -7.99885e-05
4.59851 0.00017 -1.41581e-06 -8.4987e-05
4.86862 0.00018 -1.49989e-06 -8.99855e-05
5.13868 0.00019 -1.58406e-06 -9.49838e-05
5.4087 0.0002 -1.66833e-06 -9.99821e-05
5.67868 0.00021 -1.75268e-06 -0.00010498
5.94861 0.00022 -1.83712e-06 -0.000109978
6.2185 0.00023 -1.92165e-06 -0.000114976
6.48834 0.00024 -2.00627e-06 -0.000119974
6.75814 0.00025 -2.09098e-06 -0.000124972
7.0279 0.00026 -2.17578e-06 -0.00012997
7.29761 0.00027 -2.26067e-06 -0.000134967
7.56728 0.00028 -2.34564e-06 -0.000139965
7.83691 0.00029 -2.43071e-06 -0.000144962
8.10649 0.0003 -2.51587e-06 -0.00014996
8.37603 0.00031 -2.60111e-06 -0.000154957
8.64552 0.00032 -2.68645e-06 -0.000159954
8.91497 0.00033 -2.77187e-06 -0.000164951
9.18438 0.00034 -2.85739e-06 -0.000169948
9.45374 0.00035 -2.94299e-06 -0.000174945
9.72305 0.00036 -3.02869e-06 -0.000179942
9.99176 0.00037 -3.11364e-06 -0.000184935
10.2599 0.00038 -3.19787e-06 -0.000189925
10.5269 0.00039 -3.28052e-06 -0.000194907
10.7933 0.0004 -3.36253e-06 -0.000199887
11.0556 0.00041 -3.43796e-06 -0.000204846
11.3159 0.00042 -3.51051e-06 -0.000209794
11.5714 0.00043 -3.5752e-06 -0.000214718
11.8252 0.00044 -3.63702e-06 -0.000219632
12.0748 0.00045 -3.69188e-06 -0.000224525
12.3225 0.00046 -3.74333e-06 -0.000229408
12.5663 0.00047 -3.78807e-06 -0.000234272
12.8084 0.00048 -3.82975e-06 -0.000239126
13.046 0.00049 -3.86313e-06 -0.000243959
13.2806 0.0005 -3.89094e-06 -0.000248783
13.5109 0.00051 -3.91057e-06 -0.000253585
13.7381 0.00052 -3.92412e-06 -0.000258377
13.9619 0.00053 -3.93097e-06 -0.000263154
14.183 0.00054 -3.93242e-06 -0.000267919
14.4011 0.00055 -3.92771e-06 -0.000272674
14.6159 0.00056 -3.91623e-06 -0.000277412
14.8282 0.00057 -3.89926e-06 -0.000282143
15.0369 0.00058 -3.87458e-06 -0.000286861
15.2437 0.00059 -3.84593e-06 -0.00029157
15.4477 0.0006 -3.81106e-06 -0.00029627
15.6483 0.00061 -3.76813e-06 -0.000300957
15.8476 0.00062 -3.7226e-06 -0.000305639
16.0444 0.00063 -3.67108e-06 -0.000310312
16.238 0.00064 -3.61206e-06 -0.000314974
16.4301 0.00065 -3.54948e-06 -0.00031963
16.6207 0.00066 -3.48296e-06 -0.00032428
16.8088 0.00067 -3.41068e-06 -0.000328923
16.9941 0.00068 -3.33098e-06 -0.000333554
17.1792 0.00069 -3.25101e-06 -0.000338185
17.3608 0.0007 -3.16216e-06 -0.000342813
17.5404 0.00071 -3.0678e-06 -0.000347434
17.7183 0.00072 -2.96905e-06 -0.000352046
17.8957 0.00073 -2.86898e-06 -0.000356658
18.0703 0.00074 -2.76148e-06 -0.00036127
18.243 0.00075 -2.64882e-06 -0.000365875
18.414 0.00076 -2.53115e-06 -0.000370472
18.5847 0.00077 -2.41267e-06 -0.000375067
18.7532 0.00078 -2.28825e-06 -0.000379665
18.9206 0.00079 -2.16042e-06 -0.000384261
19.0855 0.0008 -2.02513e-06 -0.000388845
19.25 0.00081 -1.88877e-06 -0.000393426
19.4131 0.00082 -1.74835e-06 -0.000398006
19.575 0.00083 -1.60428e-06 -0.000402591
19.7361 0.00084 -1.45799e-06 -0.000407175
19.8951 0.00085 -1.3048e-06 -0.000411747
20.0535 0.00086 -1.14993e-06 -0.000416315
20.2103 0.00087 -9.89808e-07 -0.000420882
20.3662 0.00088 -8.26933e-07 -0.000425455
20.5217 0.00089 -6.63057e-07 -0.000430028
20.6769 0.0009 -4.98145e-07 -0.000434599
20.8297 0.00091 -3.24962e-07 -0.000439156
20.9814 0.00092 -1.48255e-07 -0.000443711
21.1319 0.00093 3.24507e-08 -0.000448271
21.282 0.00094 2.14712e-07 -0.000452833
21.432 0.00095 3.96913e-07 -0.000457395
21.582 0.00096 5.79054e-07 -0.000461957
21.7307 0.00097 7.65829e-07 -0.000466512
21.8767 0.00098 9.62667e-07 -0.000471059
22.0219 0.00099 1.16221e-06 -0.00047561
22.1668 0.001 1.36256e-06 -0.000480162
22.3117 0.00101 1.56285e-06 -0.000484715
22.4566 0.00102 1.76309e-06 -0.000489267
22.6015 0.00103 1.96326e-06 -0.000493819
22.7449 0.00104 2.16889e-06 -0.00049837
22.8858 0.00105 2.38458e-06 -0.000502916
23.0262 0.00106 2.60237e-06 -0.000507461
23.1664 0.00107 2.82049e-06 -0.000512005
23.3063 0.00108 3.03956e-06 -0.000516555
23.4462 0.00109 3.25856e-06 -0.000521105
23.5861 0.0011 3.47766e-06 -0.000525656
23.7247 0.00111 3.70193e-06 -0.000530211
23.8623 0.00112 3.92997e-06 -0.000534767
23.9988 0.00113 4.16285e-06 -0.000539316
24.1347 0.00114 4.39795e-06 -0.000543862
24.2705 0.00115 4.63388e-06 -0.000548414
24.4059 0.00116 4.87102e-06 -0.000552964
24.541 0.00117 5.10912e-06 -0.000557515
24.6757 0.00118 5.3493e-06 -0.000562071
24.8094 0.00119 5.59338e-06 -0.000566626
24.9425 0.0012 5.84029e-06 -0.000571181
25.0756 0.00121 6.08714e-06 -0.000575737
25.2086 0.00122 6.3343e-06 -0.000580294
25.3404 0.00123 6.5867e-06 -0.00058485
25.4718 0.00124 6.84091e-06 -0.000589403
25.6027 0.00125 7.09778e-06 -0.000593961
25.7334 0.00126 7.35477e-06 -0.00059852
25.864 0.00127 7.61254e-06 -0.00060308
25.9933 0.00128 7.87596e-06 -0.000607637
26.1224 0.00129 8.14088e-06 -0.000612193
26.2513 0.0013 8.40622e-06 -0.000616752
26.3801 0.00131 8.67223e-06 -0.000621315
26.5088 0.00132 8.93839e-06 -0.000625878
26.6369 0.00133 9.20728e-06 -0.000630447
26.7649 0.00134 9.47612e-06 -0.000635016
26.8919 0.00135 9.75073e-06 -0.000639577
27.0186 0.00136 1.00267e-05 -0.000644138
27.1451 0.00137 1.03031e-05 -0.0006487
27.271 0.00138 1.05832e-05 -0.000653261
27.3963 0.00139 1.08657e-05 -0.000657828
27.5216 0.0014 1.11482e-05 -0.000662395
27.6465 0.00141 1.14323e-05 -0.000666966
27.7712 0.00142 1.17179e-05 -0.000671539
27.8957 0.00143 1.20045e-05 -0.00067611
28.0201 0.00144 1.2291e-05 -0.00068068
28.1445 0.00145 1.25775e-05 -0.000685251
28.2686 0.00146 1.28656e-05 -0.000689823
28.3926 0.00147 1.31542e-05 -0.000694397
28.5165 0.00148 1.34435e-05 -0.000698976
28.6391 0.00149 1.37395e-05 -0.000703547
28.7609 0.0015 1.40405e-05 -0.00070812
28.8822 0.00151 1.43434e-05 -0.000712695
29.0036 0.00152 1.46462e-05 -0.000717271
29.1249 0.00153 1.4949e-05 -0.000721847
29.2463 0.00154 1.52517e-05 -0.000726423
29.3676 0.00155 1.55544e-05 -0.000730999
29.4888 0.00156 1.58574e-05 -0.000735576
29.6096 0.00157 1.61632e-05 -0.00074016
29.7303 0.00158 1.6469e-05 -0.000744746
29.8509 0.00159 1.67749e-05 -0.000749332
29.9714 0.0016 1.70816e-05 -0.00075392
30.0914 0.00161 1.73915e-05 -0.00075851
30.2113 0.00162 1.77017e-05 -0.0007631
30.3304 0.00163 1.80165e-05 -0.000767688
30.4495 0.00164 1.83312e-05 -0.000772276
30.5687 0.00165 1.86458e-05 -0.000776865
30.6869 0.00166 1.89658e-05 -0.00078145
30.8049 0.00167 1.92871e-05 -0.00078604
30.9229 0.00168 1.96086e-05 -0.000790631
31.0406 0.00169 1.99315e-05 -0.000795223
31.1583 0.0017 2.02546e-05 -0.000799815
31.2758 0.00171 2.05785e-05 -0.000804409
31.3929 0.00172 2.09048e-05 -0.000809007
31.5101 0.00173 2.1231e-05 -0.000813604
31.6272 0.00174 2.15571e-05 -0.000818202
31.7443 0.00175 2.18832e-05 -0.000822799
31.8613 0.00176 2.22095e-05 -0.000827398
31.9781 0.00177 2.25371e-05 -0.000832003
32.0945 0.00178 2.28673e-05 -0.000836607
32.2106 0.00179 2.31996e-05 -0.000841212
32.3267 0.0018 2.3532e-05 -0.000845818
32.4427 0.00181 2.38643e-05 -0.000850424
32.5587 0.00182 2.41965e-05 -0.00085503
32.6745 0.00183 2.45308e-05 -0.000859637
32.7897 0.00184 2.48686e-05 -0.000864248
32.9048 0.00185 2.52067e-05 -0.000868858
33.0199 0.00186 2.55447e-05 -0.000873468
33.1344 0.00187 2.58875e-05 -0.000878075
33.2485 0.00188 2.6232e-05 -0.000882687
33.3627 0.00189 2.65764e-05 -0.000887299
33.4769 0.0019 2.69209e-05 -0.000891912
33.591 0.00191 2.72655e-05 -0.000896526
33.7051 0.00192 2.76101e-05 -0.00090114
33.8191 0.00193 2.79547e-05 -0.000905755
33.9332 0.00194 2.82992e-05 -0.000910369
34.0473 0.00195 2.86436e-05 -0.000914983
34.1611 0.00196 2.89893e-05 -0.000919597
34.2743 0.00197 2.93403e-05 -0.000924213
34.3873 0.00198 2.96924e-05 -0.000928831
34.4998 0.00199 3.00475e-05 -0.000933455
34.6123 0.002 3.04028e-05 -0.000938081
34.7248 0.00201 3.07581e-05 -0.000942707
34.8373 0.00202 3.11135e-05 -0.000947333
34.9497 0.00203 3.1469e-05 -0.000951962
35.0621 0.00204 3.18245e-05 -0.00095659
35.1745 0.00205 3.218e-05 -0.000961218
35.2868 0.00206 3.25354e-05 -0.000965846
35.3992 0.00207 3.28907e-05 -0.000970474
35.5116 0.00208 3.3246e-05 -0.000975102
35.6239 0.00209 3.36012e-05 -0.00097973
35.7363 0.0021 3.39564e-05 -0.000984358
35.8485 0.00211 3.43127e-05 -0.00098899
35.9603 0.00212 3.46717e-05 -0.000993628
36.0717 0.00213 3.50336e-05 -0.000998266
36.1828 0.00214 3.53987e-05 -0.0010029
36.2937 0.00215 3.57648e-05 -0.00100754
36.4046 0.00216 3.61307e-05 -0.00101217
36.5154 0.00217 3.64975e-05 -0.00101681
36.6259 0.00218 3.68664e-05 -0.00102145
36.7361 0.00219 3.72378e-05 -0.00102608
36.8463 0.0022 3.76093e-05 -0.00103072
36.9565 0.00221 3.79807e-05 -0.00103536
37.0667 0.00222 3.8352e-05 -0.00103999
37.1768 0.00223 3.87233e-05 -0.00104463
37.2869 0.00224 3.90955e-05 -0.00104927
37.3968 0.00225 3.94687e-05 -0.00105391
37.5067 0.00226 3.98418e-05 -0.00105855
37.6165 0.00227 4.02149e-05 -0.0010632
37.7263 0.00228 4.05884e-05 -0.00106784
37.8359 0.00229 4.09635e-05 -0.00107249
37.9453 0.0023 4.13403e-05 -0.00107714
38.0547 0.00231 4.1717e-05 -0.00108179
38.1641 0.00232 4.20936e-05 -0.00108644
38.2735 0.00233 4.24702e-05 -0.00109109
38.3828 0.00234 4.28468e-05 -0.00109574
38.4922 0.00235 4.32232e-05 -0.00110039
38.6015 0.00236 4.35997e-05 -0.00110504
38.7109 0.00237 4.39761e-05 -0.00110969
38.8201 0.00238 4.43532e-05 -0.00111434
38.929 0.00239 4.47328e-05 -0.001119
39.0379 0.0024 4.51127e-05 -0.00112365
39.1468 0.00241 4.54927e-05 -0.00112831
39.2556 0.00242 4.58729e-05 -0.00113297
39.3644 0.00243 4.62531e-05 -0.00113763
39.4732 0.00244 4.66332e-05 -0.00114229
39.5818 0.00245 4.70154e-05 -0.00114695
39.6902 0.00246 4.73993e-05 -0.00115161
39.7985 0.00247 4.77832e-05 -0.00115627
39.9064 0.00248 4.81713e-05 -0.00116092
40.014 0.00249 4.85624e-05 -0.00116558
40.1216 0.0025 4.89536e-05 -0.00117024
40.2292 0.00251 4.93446e-05 -0.0011749
40.3367 0.00252 4.97356e-05 -0.00117956
40.4442 0.00253 5.0127e-05 -0.00118422
40.5515 0.00254 5.05201e-05 -0.00118888
40.6587 0.00255 5.09137e-05 -0.00119355
40.7659 0.00256 5.1308e-05 -0.00119822
40.873 0.00257 5.17023e-05 -0.00120289
40.9801 0.00258 5.20969e-05 -0.00120756
41.0871 0.00259 5.24914e-05 -0.00121223
41.1942 0.0026 5.28859e-05 -0.0012169
41.3012 0.00261 5.32804e-05 -0.00122157
41.4083 0.00262 5.36748e-05 -0.00122624
41.5153 0.00263 5.40691e-05 -0.00123092
41.6223 0.00264 5.44634e-05 -0.00123559
41.7292 0.00265 5.48589e-05 -0.00124026
41.8361 0.00266 5.52545e-05 -0.00124493
41.943 0.00267 5.56501e-05 -0.0012496
42.0498 0.00268 5.60456e-05 -0.00125428
42.1566 0.00269 5.64411e-05 -0.00125895
42.2633 0.0027 5.68382e-05 -0.00126363
42.3696 0.00271 5.72386e-05 -0.00126831
42.4758 0.00272 5.764e-05 -0.00127299
42.582 0.00273 5.80414e-05 -0.00127768
42.6882 0.00274 5.84431e-05 -0.00128237
42.7943 0.00275 5.88449e-05 -0.00128706
42.9004 0.00276 5.92466e-05 -0.00129175
43.0065 0.00277 5.96482e-05 -0.00129644
43.1126 0.00278 6.00498e-05 -0.00130113
43.2183 0.00279 6.0455e-05 -0.00130581
43.3241 0.0028 6.08601e-05 -0.0013105
43.4298 0.00281 6.12652e-05 -0.00131519
43.5356 0.00282 6.16702e-05 -0.00131988
43.6413 0.00283 6.20752e-05 -0.00132457
43.747 0.00284 6.24802e-05 -0.00132926
43.8527 0.00285 6.28851e-05 -0.00133394
43.9584 0.00286 6.32901e-05 -0.00133863
44.064 0.00287 6.36954e-05 -0.00134333
44.1695 0.00288 6.41023e-05 -0.00134802
44.2749 0.00289 6.45099e-05 -0.00135272
44.3802 0.0029 6.49174e-05 -0.00135742
44.4856 0.00291 6.53254e-05 -0.00136212
44.5909 0.00292 6.57334e-05 -0.00136682
44.6962 0.00293 6.61413e-05 -0.00137152
44.8012 0.00294 6.65523e-05 -0.00137622
44.9062 0.00295 6.69637e-05 -0.00138092
45.0111 0.00296 6.73754e-05 -0.00138562
45.1159 0.00297 6.77894e-05 -0.00139032
45.2204 0.00298 6.82052e-05 -0.00139503
45.325 0.00299 6.8621e-05 -0.00139973
45.4295 0.003 6.90367e-05 -0.00140443
45.534 0.00301 6.94523e-05 -0.00140913
45.6385 0.00302 6.98679e-05 -0.00141384
45.743 0.00303 7.02839e-05 -0.00141854
45.8475 0.00304 7.07e-05 -0.00142325
45.9519 0.00305 7.1116e-05 -0.00142795
46.0564 0.00306 7.1532e-05 -0.00143266
46.1608 0.00307 7.1948e-05 -0.00143736
46.265 0.00308 7.2366e-05 -0.00144207
46.3691 0.00309 7.27849e-05 -0.00144679
46.4733 0.0031 7.32036e-05 -0.00145151
46.5774 0.00311 7.36224e-05 -0.00145622
46.6815 0.00312 7.4041e-05 -0.00146094
46.7856 0.00313 7.44603e-05 -0.00146566
46.8896 0.00314 7.48796e-05 -0.00147037
46.9937 0.00315 7.52988e-05 -0.00147509
47.0977 0.00316 7.5718e-05 -0.0014798
47.2017 0.00317 7.61371e-05 -0.00148452
47.3057 0.00318 7.65561e-05 -0.00148923
47.4097 0.00319 7.69751e-05 -0.00149395
47.5137 0.0032 7.73941e-05 -0.00149866
47.6177 0.00321 7.78135e-05 -0.00150338
47.7213 0.00322 7.82362e-05 -0.0015081
47.825 0.00323 7.8659e-05 -0.00151282
47.9286 0.00324 7.90817e-05 -0.00151753
48.0323 0.00325 7.95044e-05 -0.00152225
48.1359 0.00326 7.99273e-05 -0.00152697
48.2395 0.00327 8.03505e-05 -0.00153169
48.343 0.00328 8.07743e-05 -0.00153642
48.4463 0.00329 8.12005e-05 -0.00154114
48.5494 0.0033 8.16284e-05 -0.00154587
48.6525 0.00331 8.20569e-05 -0.0015506
48.7556 0.00332 8.24854e-05 -0.00155533
48.8587 0.00333 8.29138e-05 -0.00156006
48.9617 0.00334 8.33421e-05 -0.0015648
49.0648 0.00335 8.37704e-05 -0.00156953
49.1677 0.00336 8.41999e-05 -0.00157426
49.2707 0.00337 8.46294e-05 -0.00157899
49.3736 0.00338 8.50588e-05 -0.00158372
49.4765 0.00339 8.54882e-05 -0.00158845
49.5794 0.0034 8.5918e-05 -0.00159318
49.6823 0.00341 8.63479e-05 -0.00159792
49.7851 0.00342 8.67778e-05 -0.00160265
49.888 0.00343 8.72077e-05 -0.00160738
49.9908 0.00344 8.76374e-05 -0.00161212
50.0936 0.00345 8.80677e-05 -0.00161686
50.1963 0.00346 8.84981e-05 -0.0016216
50.2991 0.00347 8.89284e-05 -0.00162633
50.4018 0.00348 8.93587e-05 -0.00163107
50.5046 0.00349 8.97889e-05 -0.00163581
50.6073 0.0035 9.02191e-05 -0.00164055
50.71 0.00351 9.06492e-05 -0.00164529
50.8127 0.00352 9.10792e-05 -0.00165003
50.9154 0.00353 9.15092e-05 -0.00165477
51.0181 0.00354 9.19392e-05 -0.00165951
51.1206 0.00355 9.23716e-05 -0.00166425
51.2231 0.00356 9.28039e-05 -0.00166899
51.3256 0.00357 9.32362e-05 -0.00167374
51.4281 0.00358 9.36686e-05 -0.00167848
51.5303 0.00359 9.41039e-05 -0.00168322
51.6326 0.0036 9.45394e-05 -0.00168797
51.7348 0.00361 9.49753e-05 -0.00169271
51.8369 0.00362 9.54112e-05 -0.00169746
51.9391 0.00363 9.5847e-05 -0.0017022
52.0413 0.00364 9.62831e-05 -0.00170695
52.1434 0.00365 9.67196e-05 -0.0017117
52.2454 0.00366 9.71572e-05 -0.00171645
52.3472 0.00367 9.75965e-05 -0.0017212
52.4491 0.00368 9.80357e-05 -0.00172595
52.5509 0.00369 9.84749e-05 -0.00173071
52.6528 0.0037 9.8914e-05 -0.00173546
52.7546 0.00371 9.93531e-05 -0.00174021
52.8565 0.00372 9.97921e-05 -0.00174496
52.9583 0.00373 0.000100231 -0.00174971
53.0601 0.00374 0.00010067 -0.00175447
53.1619 0.00375 0.000101109 -0.00175922
53.2637 0.00376 0.000101548 -0.00176397
53.3655 0.00377 0.000101986 -0.00176872
53.4673 0.00378 0.000102425 -0.00177347
53.569 0.00379 0.000102866 -0.00177822
53.6706 0.0038 0.000103308 -0.00178298
53.7721 0.00381 0.000103749 -0.00178773
53.8737 0.00382 0.000104191 -0.00179248
53.975 0.00383 0.000104636 -0.00179724
54.0763 0.00384 0.00010508 -0.001802
54.1776 0.00385 0.000105526 -0.00180676
54.2787 0.00386 0.000105972 -0.00181153
54.3799 0.00387 0.000106418 -0.00181629
54.4811 0.00388 0.000106865 -0.00182106
54.5822 0.00389 0.000107311 -0.00182582
54.6833 0.0039 0.000107757 -0.00183059
54.7845 0.00391 0.000108203 -0.00183535
54.8856 0.00392 0.00010865 -0.00184011
54.9867 0.00393 0.000109096 -0.00184488
55.0878 0.00394 0.000109542 -0.00184964
55.1889 0.00395 0.000109988 -0.00185441
55.29 0.00396 0.000110434 -0.00185917
55.3911 0.00397 0.00011088 -0.00186394
55.4922 0.00398 0.000111325 -0.0018687
55.5933 0.00399 0.000111771 -0.00187346
55.6943 0.004 0.000112217 -0.00187823
55.7953 0.00401 0.000112664 -0.00188299
55.8963 0.00402 0.00011311 -0.00188776
55.9974 0.00403 0.000113556 -0.00189252
56.0984 0.00404 0.000114002 -0.00189728
56.1993 0.00405 0.000114448 -0.00190205
56.3002 0.00406 0.000114895 -0.00190682
56.4011 0.00407 0.000115343 -0.00191159
56.502 0.00408 0.000115791 -0.00191636
56.6028 0.00409 0.000116238 -0.00192113
56.7037 0.0041 0.000116685 -0.00192591
56.8045 0.00411 0.000117133 -0.00193068
56.9053 0.00412 0.00011758 -0.00193545
57.006 0.00413 0.000118029 -0.00194022
57.1067 0.00414 0.000118479 -0.001945
57.2072 0.00415 0.000118931 -0.00194977
57.3076 0.00416 0.000119383 -0.00195455
57.4081 0.00417 0.000119836 -0.00195933
57.5086 0.00418 0.000120288 -0.00196411
57.609 0.00419 0.00012074 -0.00196889
57.7094 0.0042 0.000121192 -0.00197366
57.8099 0.00421 0.000121644 -0.00197844
57.9103 0.00422 0.000122096 -0.00198322
58.0107 0.00423 0.000122548 -0.001988
58.1111 0.00424 0.000123 -0.00199278
58.2115 0.00425 0.000123452 -0.00199755
58.3119 0.00426 0.000123904 -0.00200233
58.4123 0.00427 0.000124356 -0.00200711
58.5126 0.00428 0.000124808 -0.0020119
58.6129 0.00429 0.000125261 -0.00201668
58.7132 0.0043 0.000125714 -0.00202146
58.8135 0.00431 0.000126166 -0.00202625
58.9138 0.00432 0.000126618 -0.00203103
59.0141 0.00433 0.000127071 -0.00203582
59.1143 0.00434 0.000127524 -0.0020406
59.2145 0.00435 0.000127977 -0.00204539
59.3147 0.00436 0.00012843 -0.00205017
59.4149 0.00437 0.000128883 -0.00205496
59.5151 0.00438 0.000129336 -0.00205974
59.6153 0.00439 0.000129789 -0.00206453
59.7155 0.0044 0.000130242 -0.00206932
59.8156 0.00441 0.000130695 -0.0020741
59.9158 0.00442 0.000131147 -0.00207889
60.016 0.00443 0.0001316 -0.00208367
60.1161 0.00444 0.000132052 -0.00208846
60.2163 0.00445 0.000132505 -0.00209325
60.3164 0.00446 0.000132957 -0.00209803
60.4165 0.00447 0.00013341 -0.00210282
60.5167 0.00448 0.000133862 -0.0021076
60.6168 0.00449 0.000134314 -0.00211239
60.7169 0.0045 0.000134767 -0.00211717
60.8169 0.00451 0.00013522 -0.00212197
60.9168 0.00452 0.000135675 -0.00212676
61.0166 0.00453 0.000136131 -0.00213156
61.1165 0.00454 0.000136588 -0.00213635
61.2163 0.00455 0.000137044 -0.00214115
61.316 0.00456 0.000137502 -0.00214594
61.4157 0.00457 0.000137961 -0.00215074
61.5153 0.00458 0.000138419 -0.00215553
61.6148 0.00459 0.000138881 -0.00216032
61.7143 0.0046 0.000139342 -0.00216512
61.8138 0.00461 0.000139804 -0.00216991
61.9133 0.00462 0.000140265 -0.00217471
62.0127 0.00463 0.000140727 -0.0021795
62.1121 0.00464 0.000141189 -0.0021843
62.2116 0.00465 0.000141651 -0.00218909
62.311 0.00466 0.000142113 -0.00219389
62.4104 0.00467 0.000142575 -0.00219869
62.5097 0.00468 0.000143037 -0.00220348
62.6091 0.00469 0.000143499 -0.00220828
62.7085 0.0047 0.000143961 -0.00221307
62.8079 0.00471 0.000144422 -0.00221787
62.9072 0.00472 0.000144884 -0.00222266
63.0064 0.00473 0.000145348 -0.00222746
63.1057 0.00474 0.000145812 -0.00223226
63.2048 0.00475 0.000146277 -0.00223706
63.3039 0.00476 0.000146742 -0.00224186
63.4031 0.00477 0.000147207 -0.00224666
63.5022 0.00478 0.000147672 -0.00225147
63.6013 0.00479 0.000148137 -0.00225627
63.7004 0.0048 0.000148602 -0.00226107
63.7995 0.00481 0.000149067 -0.00226588
63.8986 0.00482 0.000149531 -0.00227068
63.9977 0.00483 0.000149996 -0.00227548
64.0967 0.00484 0.000150461 -0.00228028
64.1958 0.00485 0.000150925 -0.00228509
64.2949 0.00486 0.00015139 -0.00228989
64.3939 0.00487 0.000151854 -0.00229469
64.493 0.00488 0.000152319 -0.00229949
64.592 0.00489 0.000152783 -0.0023043
64.691 0.0049 0.000153247 -0.0023091
64.7901 0.00491 0.000153712 -0.0023139
64.8891 0.00492 0.000154176 -0.0023187
64.9881 0.00493 0.00015464 -0.00232351
65.0871 0.00494 0.000155104 -0.00232831
65.1861 0.00495 0.000155568 -0.00233311
65.285 0.00496 0.000156034 -0.00233792
65.3838 0.00497 0.000156501 -0.00234273
65.4826 0.00498 0.000156968 -0.00234753
65.5814 0.00499 0.000157435 -0.00235234
65.6802 0.005 0.000157902 -0.00235715
