0 0 0 0
0.270849 -270.849 -1.31239e-09 812.548
0.541655 -541.655 -1.31282e-09 1624.97
0.812418 -812.418 -1.31321e-09 2437.25
1.08314 -1083.14 -1.31737e-09 3249.41
1.35381 -1353.81 -1.31494e-09 4061.44
1.62444 -1624.44 -1.31857e-09 4873.33
1.89503 -1895.03 -1.3207e-09 5685.09
2.16558 -2165.58 -1.32505e-09 6496.73
2.43608 -2436.08 -1.3247e-09 7308.23
2.70653 -2706.53 -1.32066e-09 8119.6
2.97695 -2976.95 -1.31473e-09 8930.84
3.24732 -3247.32 -1.32939e-09 9741.95
3.51764 -3517.64 -1.32431e-09 10552.9
3.78793 -3787.93 -1.33148e-09 11363.8
4.05816 -4058.16 -1.32437e-09 12174.5
4.32836 -4328.36 -1.33644e-09 12985.1
4.59851 -4598.51 -1.33816e-09 13795.5
4.86862 -4868.62 -1.33259e-09 14605.9
5.13868 -5138.68 -1.33837e-09 15416
5.4087 -5408.7 -1.34142e-09 16226.1
5.67868 -5678.68 -1.35304e-09 17036
5.94861 -5948.61 -1.33793e-09 17845.8
6.2185 -6218.5 -1.33417e-09 18655.5
6.48834 -6488.34 -1.32393e-09 19465
6.75814 -6758.14 -1.34663e-09 20274.4
7.0279 -7027.9 -1.34327e-09 21083.7
7.29761 -7297.61 -1.32779e-09 21892.8
7.56728 -7567.28 -1.35104e-09 22701.8
7.83691 -7836.91 -1.36145e-09 23510.7
8.10649 -8106.49 -1.35993e-09 24319.5
8.37603 -8376.03 -1.3665e-09 25128.1
8.64552 -8645.52 -1.35193e-09 25936.6
8.91497 -8914.97 -1.36061e-09 26744.9
9.18438 -9184.38 -1.35784e-09 27553.1
9.45374 -9453.74 -1.345e-09 28361.2
9.72305 -9723.05 -1.36077e-09 29169.2
9.99176 -9991.76 -4.55599e-06 29975.3
10.2599 -10259.9 -1.36539e-09 30779.6
10.5269 -10526.9 -1.67113e-05 31580.6
10.7933 -10793.3 -2.13662e-06 32380
11.0556 -11055.6 -0.000106872 33166.7
11.3159 -11315.9 -8.54011e-06 33947.7
11.5714 -11571.4 -6.58346e-05 34714.3
11.8252 -11825.2 -2.48654e-05 35475.5
12.0748 -12074.8 -5.45586e-08 36224.4
12.3225 -12322.5 -2.15361e-06 36967.4
12.5663 -12566.3 -2.28761e-07 37698.9
12.8084 -12808.4 -1.26439e-06 38425.2
13.046 -13046 -2.96201e-06 39138.1
13.2806 -13280.6 -1.28478e-09 39841.8
13.5109 -13510.9 -6.0691e-05 40532.8
13.7381 -13738.1 -2.10782e-05 41214.3
13.9619 -13961.9 -2.8403e-05 41885.7
14.183 -14183 -2.91991e-06 42549
14.4011 -14401.1 -2.57619e-06 43203.2
14.6159 -14615.9 -1.22557e-09 43847.8
14.8282 -14828.2 -1.45537e-05 44484.5
15.0369 -15036.9 -1.83229e-05 45110.6
15.2437 -15243.7 -1.20041e-07 45731.1
15.4477 -15447.7 -4.3803e-05 46343.2
15.6483 -15648.3 -2.80097e-05 46944.8
15.8476 -15847.6 -6.77458e-09 47542.8
16.0444 -16044.4 -3.41912e-05 48133.1
16.238 -16238 -2.37958e-05 48714
16.4301 -16430.1 -1.05181e-09 49290.4
16.6207 -16620.7 -7.82038e-06 49862
16.8088 -16808.8 -2.33317e-06 50426.5
16.9941 -16994.1 -9.72238e-10 50982.3
17.1792 -17179.2 -7.98609e-08 51537.6
17.3608 -17360.8 -8.36832e-06 52082.5
17.5404 -17540.4 -1.18686e-05 52621.1
17.7183 -17718.3 -9.04047e-10 53154.8
17.8957 -17895.7 -3.14423e-06 53687
18.0703 -18070.3 -4.33075e-06 54210.8
18.243 -18243 -8.35484e-06 54729.1
18.414 -18414 -8.06406e-10 55242
18.5847 -18584.7 -1.30838e-06 55754
18.7532 -18753.2 -1.82889e-06 56259.7
18.9206 -18920.6 -4.31706e-06 56761.8
19.0855 -19085.5 -3.25775e-05 57256.4
19.25 -19250 -7.85859e-10 57749.9
19.4131 -19413.1 -2.59073e-05 58239.3
19.575 -19575 -9.10047e-08 58724.9
19.7361 -19736.1 -1.94721e-06 59208.3
19.8951 -19895.1 -0.000104621 59685.3
20.0535 -20053.5 -6.72869e-10 60160.5
20.2103 -20210.3 -0.000245145 60630.9
20.3662 -20366.2 -3.58227e-07 61098.5
20.5217 -20521.7 -6.71396e-10 61565.1
20.6769 -20676.9 -1.358e-06 62030.6
20.8297 -20829.7 -6.72377e-10 62489
20.9814 -20981.4 -0.000379022 62944.2
21.1319 -21131.9 -3.11398e-06 63395.8
21.282 -21282 -6.40887e-10 63845.9
21.432 -21432 -6.67915e-10 64295.9
21.582 -21582 -6.09549e-10 64745.9
21.7307 -21730.7 -1.45718e-05 65192.1
21.8767 -21876.7 -0.000353502 65630
22.0219 -22021.9 -6.99834e-07 66065.6
22.1668 -22166.8 -5.36881e-10 66500.4
22.3117 -22311.7 -5.65656e-10 66935.1
22.4566 -22456.6 -5.90625e-10 67369.8
22.6015 -22601.5 -5.40656e-10 67804.5
22.7449 -22744.9 -1.59005e-05 68234.8
22.8858 -22885.8 -4.01233e-07 68657.5
23.0262 -23026.2 -1.94221e-06 69078.5
23.1664 -23166.4 -4.16386e-10 69499.2
23.3063 -23306.3 -4.59213e-10 69918.9
23.4462 -23446.2 -4.28747e-10 70338.7
23.5861 -23586.1 -5.32965e-09 70758.3
23.7247 -23724.7 -7.28623e-06 71174
23.8623 -23862.3 -1.61831e-06 71586.9
23.9988 -23998.8 -1.21039e-05 71996.4
24.1347 -24134.7 -3.8553e-10 72404.2
24.2705 -24270.5 -3.40071e-07 72811.4
24.4059 -24405.9 -1.60668e-06 73217.6
24.541 -24541 -1.62243e-07 73623.1
24.6757 -24675.7 -4.54817e-10 74027.1
24.8094 -24809.4 -1.55334e-05 74428.3
24.9425 -24942.5 -4.92149e-10 74827.6
25.0756 -25075.6 -4.44724e-10 75226.8
25.2086 -25208.6 -4.50632e-08 75625.8
25.3404 -25340.4 -1.25196e-05 76021.3
25.4718 -25471.8 -4.36272e-10 76415.5
25.6027 -25602.7 -2.41528e-06 76808
25.7334 -25733.4 -4.29232e-10 77200.2
25.864 -25864 -7.05651e-07 77591.9
25.9933 -25993.3 -0.00224091 77980
26.1224 -26122.4 -4.79523e-10 78367.2
26.2513 -26251.3 -7.04401e-08 78754
26.3801 -26380.1 -4.68949e-10 79140.2
26.5088 -26508.8 -9.83298e-09 79526.3
26.6369 -26636.9 -4.76705e-10 79910.6
26.7649 -26764.9 -4.1858e-10 80294.8
26.8919 -26891.9 -0.00116311 80675.7
27.0186 -27018.6 -1.35116e-06 81055.7
27.1451 -27145.1 -3.73518e-10 81435.4
27.271 -27271 -1.12018e-05 81812.9
27.3963 -27396.3 -4.24922e-10 82188.9
27.5216 -27521.6 -4.28586e-10 82564.8
27.6465 -27646.5 -7.58878e-07 82939.6
27.7712 -27771.2 -6.6009e-09 83313.6
27.8957 -27895.7 -4.22652e-10 83687
28.0201 -28020.1 -4.41233e-10 84060.3
28.1445 -28144.5 -3.11748e-10 84433.6
28.2686 -28268.6 -2.25242e-06 84805.9
28.3926 -28392.6 -5.23657e-08 85177.9
28.5165 -28516.5 -4.2488e-10 85549.4
28.6391 -28639.1 -2.18538e-05 85917.3
28.7609 -28760.9 -2.67816e-07 86282.6
28.8822 -28882.2 -4.18132e-10 86646.7
29.0036 -29003.6 -3.44371e-10 87010.8
29.1249 -29124.9 -4.27441e-10 87374.8
29.2463 -29246.3 -3.41021e-10 87738.8
29.3676 -29367.6 -3.50972e-10 88102.8
29.4888 -29488.8 -5.1159e-08 88466.5
29.6096 -29609.6 -9.47874e-10 88828.7
29.7303 -29730.3 -3.73685e-10 89190.8
29.8509 -29850.9 -2.59991e-10 89552.8
29.9714 -29971.4 -1.78454e-07 89914.3
30.0914 -30091.4 -8.76404e-07 90274.2
30.2113 -30211.3 -1.2105e-08 90633.8
30.3304 -30330.4 -3.8212e-10 90991.3
30.4495 -30449.5 -3.93383e-10 91348.6
30.5687 -30568.7 -3.2037e-10 91706
30.6869 -30686.9 -0.0016726 92060.7
30.8049 -30804.9 -2.55439e-10 92414.8
30.9229 -30922.9 -7.58464e-09 92768.7
31.0406 -31040.6 -1.34645e-06 93121.8
31.1583 -31158.3 -3.55105e-10 93474.8
31.2758 -31275.8 -1.32939e-07 93827.4
31.3929 -31392.9 -2.32837e-10 94178.8
31.5101 -31510.1 -3.91986e-10 94530.2
31.6272 -31627.2 -3.81917e-10 94881.5
31.7443 -31744.3 -3.22962e-10 95232.8
31.8613 -31861.3 -1.20367e-08 95583.9
31.9781 -31978.1 -3.0021e-10 95934.3
32.0945 -32094.5 -4.52874e-06 96283.6
32.2106 -32210.6 -7.61372e-09 96631.8
32.3267 -32326.7 -2.82449e-10 96980
32.4427 -32442.7 -3.42358e-10 97328.1
32.5587 -32558.7 -3.12919e-10 97676.2
32.6745 -32674.5 -1.76393e-06 98023.4
32.7897 -32789.7 -3.98819e-07 98369
32.9048 -32904.8 -1.89109e-10 98714.4
33.0199 -33019.9 -2.55434e-10 99059.7
33.1344 -33134.4 -1.13617e-05 99403.1
33.2485 -33248.5 -3.34086e-10 99745.6
33.3627 -33362.7 -3.26665e-10 100088
33.4769 -33476.9 -8.47213e-10 100431
33.591 -33591 -3.1913e-10 100773
33.7051 -33705.1 -2.05518e-10 101115
33.8191 -33819.1 -3.71706e-10 101457
33.9332 -33933.2 -2.15444e-10 101800
34.0473 -34047.3 -3.40655e-10 102142
34.1611 -34161.1 -1.03613e-06 102483
34.2743 -34274.3 -5.9851e-07 102823
34.3873 -34387.3 -1.6365e-09 103162
34.4998 -34499.8 -2.91908e-07 103499
34.6123 -34612.3 -3.96619e-10 103837
34.7248 -34724.8 -2.82029e-10 104174
34.8373 -34837.3 -1.4039e-09 104512
34.9497 -34949.7 -2.60087e-10 104849
35.0621 -35062.1 -2.80786e-10 105186
35.1745 -35174.5 -2.13633e-10 105523
35.2868 -35286.8 -3.606e-10 105861
35.3992 -35399.2 -2.63342e-10 106198
35.5116 -35511.6 -2.11273e-10 106535
35.6239 -35623.9 -1.61682e-10 106872
35.7363 -35736.3 -1.76939e-10 107209
35.8485 -35848.5 -1.40176e-07 107545
35.9603 -35960.3 -3.99288e-07 107881
36.0717 -36071.7 -1.29233e-06 108215
36.1828 -36182.8 -1.15279e-07 108548
36.2937 -36293.7 -1.4469e-08 108881
36.4046 -36404.6 -2.37415e-10 109214
36.5154 -36515.4 -3.12832e-07 109546
36.6259 -36625.9 -1.23059e-06 109878
36.7361 -36736.1 -2.50115e-10 110208
36.8463 -36846.3 -2.79416e-10 110539
36.9565 -36956.5 -2.73811e-10 110869
37.0667 -37066.7 -2.776e-10 111200
37.1768 -37176.8 -2.62904e-10 111531
37.2869 -37286.9 -7.8672e-08 111861
37.3968 -37396.8 -2.4825e-10 112190
37.5067 -37506.7 -3.29703e-10 112520
37.6165 -37616.5 -1.69793e-10 112850
37.7263 -37726.3 -1.47914e-08 113179
37.8359 -37835.9 -2.56441e-07 113508
37.9453 -37945.3 -1.72726e-10 113836
38.0547 -38054.7 -3.10051e-10 114164
38.1641 -38164.1 -2.50626e-10 114492
38.2735 -38273.5 -2.44949e-10 114820
38.3828 -38382.8 -2.85619e-10 115149
38.4922 -38492.2 -2.72323e-10 115477
38.6015 -38601.5 -3.64522e-10 115805
38.7109 -38710.9 -3.11513e-10 116133
38.8201 -38820.1 -5.33441e-08 116460
38.929 -38929 -5.2421e-07 116787
39.0379 -39037.9 -2.12135e-10 117114
39.1468 -39146.8 -2.02211e-09 117440
39.2556 -39255.6 -2.81582e-10 117767
39.3644 -39364.4 -3.29292e-10 118093
39.4732 -39473.2 -2.91436e-10 118420
39.5818 -39581.8 -0.000877868 118745
39.6902 -39690.2 -4.03853e-10 119071
39.7985 -39798.5 -2.34643e-10 119396
39.9064 -39906.4 -9.21842e-06 119719
40.014 -40014 -2.85525e-10 120042
40.1216 -40121.6 -3.35546e-10 120365
40.2292 -40229.2 -1.99587e-10 120687
40.3367 -40336.7 -2.72297e-10 121010
40.4442 -40444.2 -1.1161e-08 121333
40.5515 -40551.5 -3.16616e-10 121654
40.6587 -40658.7 -1.98354e-07 121976
40.7659 -40765.9 -2.55498e-10 122298
40.873 -40873 -3.36103e-11 122619
40.9801 -40980.1 -3.082e-10 122940
41.0871 -41087.1 -1.74463e-10 123261
41.1942 -41194.2 -1.78424e-10 123583
41.3012 -41301.2 -3.13085e-10 123904
41.4083 -41408.3 -2.6193e-10 124225
41.5153 -41515.3 -1.94522e-10 124546
41.6223 -41622.3 -1.81102e-10 124867
41.7292 -41729.2 -4.41042e-07 125188
41.8361 -41836.1 -2.64921e-10 125508
41.943 -41943 -1.86706e-10 125829
42.0498 -42049.8 -3.44801e-10 126149
42.1566 -42156.6 -2.34799e-10 126470
42.2633 -42263.3 -1.88619e-07 126790
42.3696 -42369.6 -2.79408e-07 127109
42.4758 -42475.8 -2.37315e-11 127427
42.582 -42582 -3.25455e-10 127746
42.6882 -42688.2 -8.23318e-09 128064
42.7943 -42794.3 -2.07553e-10 128383
42.9004 -42900.4 -1.31939e-10 128701
43.0065 -43006.5 -2.21242e-10 129019
43.1126 -43112.6 -2.60246e-10 129338
43.2183 -43218.3 -7.27303e-06 129655
43.3241 -43324.1 -7.88814e-11 129972
43.4298 -43429.8 -3.22384e-10 130289
43.5356 -43535.6 -2.67375e-10 130607
43.6413 -43641.3 -2.77988e-10 130924
43.747 -43747 -2.60357e-10 131241
43.8527 -43852.7 -2.44291e-10 131558
43.9584 -43958.4 -1.85897e-09 131875
44.064 -44064 -1.69375e-10 132192
44.1695 -44169.5 -1.36562e-07 132508
44.2749 -44274.9 -2.16151e-10 132825
44.3802 -44380.2 -2.30404e-10 133141
44.4856 -44485.6 -1.35108e-08 133457
44.5909 -44590.9 -2.61982e-10 133773
44.6962 -44696.2 -2.34657e-10 134089
44.8012 -44801.2 -5.68227e-06 134404
44.9062 -44906.2 -2.61736e-10 134719
45.0111 -45011.1 -2.54871e-08 135033
45.1159 -45115.9 -8.14198e-08 135348
45.2204 -45220.4 -2.37407e-10 135661
45.325 -45325 -1.95203e-10 135975
45.4295 -45429.5 -2.91445e-10 136288
45.534 -45534 -1.53471e-10 136602
45.6385 -45638.5 -1.78019e-10 136916
45.743 -45743 -6.31214e-09 137229
45.8475 -45847.5 -4.05886e-10 137542
45.9519 -45951.9 -2.47246e-10 137856
46.0564 -46056.4 -3.05468e-10 138169
46.1608 -46160.8 -1.91125e-10 138482
46.265 -46265 -2.42858e-07 138795
46.3691 -46369.1 -6.56238e-11 139107
46.4733 -46473.3 -2.58275e-10 139420
46.5774 -46577.4 -1.62955e-10 139732
46.6815 -46681.5 -2.30105e-10 140045
46.7856 -46785.6 -3.1287e-07 140357
46.8896 -46889.6 -2.45681e-10 140669
46.9937 -46993.7 -7.35088e-11 140981
47.0977 -47097.7 -9.44365e-11 141293
47.2017 -47201.7 -2.90086e-10 141605
47.3057 -47305.7 -1.70887e-10 141917
47.4097 -47409.7 -3.41599e-10 142229
47.5137 -47513.7 -2.87719e-10 142541
47.6177 -47617.7 -1.15445e-08 142853
47.7213 -47721.3 -5.70049e-06 143164
47.825 -47825 -2.31669e-10 143475
47.9286 -47928.6 -1.98217e-10 143786
48.0323 -48032.3 -2.86876e-10 144097
48.1359 -48135.9 -3.60979e-09 144408
48.2395 -48239.5 -2.81478e-10 144718
48.343 -48343 -1.36824e-08 145029
48.4463 -48446.3 -1.44942e-10 145339
48.5494 -48549.4 -1.35784e-07 145648
48.6525 -48652.5 -1.87531e-10 145958
48.7556 -48755.6 -4.42065e-10 146267
48.8587 -48858.7 -2.89787e-10 146576
48.9617 -48961.7 -4.12548e-10 146885
49.0648 -49064.8 -2.01815e-10 147194
49.1677 -49167.7 -3.63641e-07 147503
49.2707 -49270.7 -4.65263e-10 147812
49.3736 -49373.6 -1.79391e-10 148121
49.4765 -49476.5 -2.62058e-10 148430
49.5794 -49579.4 -9.87046e-09 148738
49.6823 -49682.3 -2.77601e-10 149047
49.7851 -49785.1 -1.0282e-10 149355
49.888 -49888 -2.83633e-10 149664
49.9908 -49990.8 -3.8373e-10 149972
50.0936 -50093.6 -1.35239e-08 150281
50.1963 -50196.3 -2.05342e-10 150589
50.2991 -50299.1 -2.69138e-10 150897
50.4018 -50401.8 -2.12653e-10 151206
50.5046 -50504.6 -2.73124e-10 151514
50.6073 -50607.3 -1.39878e-10 151822
50.71 -50710 -2.33468e-10 152130
50.8127 -50812.7 -1.18606e-10 152438
50.9154 -50915.4 -9.59997e-11 152746
51.0181 -51018.1 -1.86905e-10 153054
51.1206 -51120.6 -2.31473e-10 153362
51.2231 -51223.1 -5.10689e-11 153669
51.3256 -51325.6 -1.73545e-10 153977
51.4281 -51428.1 -1.04744e-08 154284
51.5303 -51530.3 -3.57694e-11 154591
51.6326 -51632.6 -1.11913e-09 154898
51.7348 -51734.8 -2.05598e-10 155204
51.8369 -51836.9 -2.35839e-10 155511
51.9391 -51939.1 -2.82395e-10 155817
52.0413 -52041.3 -4.40402e-09 156124
52.1434 -52143.4 -3.383e-10 156430
52.2454 -52245.4 -4.80581e-08 156736
52.3472 -52347.2 -1.7443e-10 157042
52.4491 -52449.1 -2.36818e-10 157347
52.5509 -52550.9 -3.92438e-10 157653
52.6528 -52652.8 -3.31195e-10 157958
52.7546 -52754.6 -3.55484e-10 158264
52.8565 -52856.5 -1.73552e-10 158569
52.9583 -52958.3 -2.93164e-10 158875
53.0601 -53060.1 -2.78417e-10 159180
53.1619 -53161.9 -4.48572e-10 159486
53.2637 -53263.7 -1.61239e-10 159791
53.3655 -53365.5 -1.81933e-10 160097
53.4673 -53467.3 -9.94595e-11 160402
53.569 -53569 -2.70767e-06 160707
53.6706 -53670.6 -1.89573e-10 161012
53.7721 -53772.1 -2.05389e-10 161316
53.8737 -53873.7 -2.42822e-10 161621
53.975 -53975 -1.8541e-07 161925
54.0763 -54076.3 -2.34429e-09 162229
54.1776 -54177.6 -3.24974e-10 162533
54.2787 -54278.7 -1.71997e-07 162836
54.3799 -54379.9 -1.37826e-10 163140
54.4811 -54481.1 -4.13209e-10 163443
54.5822 -54582.2 -2.1698e-10 163747
54.6833 -54683.3 -4.03255e-10 164050
54.7845 -54784.5 -2.55703e-10 164353
54.8856 -54885.6 -2.94849e-11 164657
54.9867 -54986.7 -3.05581e-10 164960
55.0878 -55087.8 -8.72604e-11 165263
55.1889 -55188.9 -3.70843e-10 165567
55.29 -55290 -5.2259e-10 165870
55.3911 -55391.1 -2.93369e-10 166173
55.4922 -55492.2 -1.39679e-10 166477
55.5933 -55593.3 -1.77174e-10 166780
55.6943 -55694.3 -5.19197e-08 167083
55.7953 -55795.3 -3.26761e-10 167386
55.8963 -55896.3 -2.07131e-10 167689
55.9974 -55997.4 6.24485e-11 167992
56.0984 -56098.4 -2.77987e-10 168295
56.1993 -56199.3 -2.10453e-09 168598
56.3002 -56300.2 -7.09107e-13 168901
56.4011 -56401.1 -8.06597e-11 169203
56.502 -56502 -2.72327e-10 169506
56.6028 -56602.8 -1.83517e-10 169808
56.7037 -56703.7 -4.12356e-10 170111
56.8045 -56804.5 -3.43765e-10 170413
56.9053 -56905.3 7.23692e-11 170716
57.006 -57006 -7.65626e-08 171018
57.1067 -57106.7 -2.37005e-10 171320
57.2072 -57207.2 -1.11337e-07 171622
57.3076 -57307.6 -1.81205e-10 171923
57.4081 -57408.1 -1.76952e-10 172224
57.5086 -57508.6 -1.5755e-10 172526
57.609 -57609 -2.65822e-10 172827
57.7094 -57709.4 3.802e-11 173128
57.8099 -57809.9 -3.12065e-10 173430
57.9103 -57910.3 -3.62911e-10 173731
58.0107 -58010.7 -1.86505e-10 174032
58.1111 -58111.1 -1.57908e-10 174333
58.2115 -58211.5 -2.60392e-10 174635
58.3119 -58311.9 -2.98719e-10 174936
58.4123 -58412.3 -2.04994e-09 175237
58.5126 -58512.6 -6.25845e-11 175538
58.6129 -58612.9 -2.18412e-10 175839
58.7132 -58713.2 -4.70609e-10 176140
58.8135 -58813.5 -2.69382e-10 176441
58.9138 -58913.8 -3.19972e-10 176741
59.0141 -59014.1 -5.04562e-09 177042
59.1143 -59114.3 -2.44304e-11 177343
59.2145 -59214.5 -3.58651e-10 177643
59.3147 -59314.7 -3.56819e-10 177944
59.4149 -59414.9 -7.77224e-11 178245
59.5151 -59515.1 -2.84838e-10 178545
59.6153 -59615.3 -3.49549e-10 178846
59.7155 -59715.5 -3.37364e-10 179146
59.8156 -59815.6 -3.20918e-10 179447
59.9158 -59915.8 -1.33939e-10 179747
60.016 -60016 -4.70222e-10 180048
60.1161 -60116.1 -1.16398e-10 180348
60.2163 -60216.3 5.06008e-11 180649
60.3164 -60316.4 -2.61255e-10 180949
60.4165 -60416.5 -4.83981e-10 181250
60.5167 -60516.7 -2.1369e-11 181550
60.6168 -60616.8 -3.22009e-10 181850
60.7169 -60716.9 -1.11821e-09 182151
60.8169 -60816.9 -3.68728e-10 182451
60.9168 -60916.8 -9.46707e-08 182750
61.0166 -61016.6 -3.53636e-10 183050
61.1165 -61116.5 -3.484e-10 183349
61.2163 -61216.3 -4.55718e-10 183649
61.316 -61316 -2.60113e-07 183948
61.4157 -61415.7 -2.93525e-10 184247
61.5153 -61515.3 -2.22861e-10 184546
61.6148 -61614.8 -3.13391e-06 184845
61.7143 -61714.3 -1.49094e-10 185143
61.8138 -61813.8 -3.4446e-10 185441
61.9133 -61913.3 -1.50962e-09 185740
62.0127 -62012.7 -2.20067e-10 186038
62.1121 -62112.1 -3.79845e-10 186336
62.2116 -62211.6 -5.31381e-10 186635
62.311 -62311 -8.86147e-11 186933
62.4104 -62410.4 -4.09445e-10 187231
62.5097 -62509.7 -4.34488e-10 187529
62.6091 -62609.1 -6.48877e-11 187827
62.7085 -62708.5 -1.96905e-10 188126
62.8079 -62807.9 -4.95502e-10 188424
62.9072 -62907.2 -9.31022e-10 188722
63.0064 -63006.4 -4.72457e-10 189019
63.1057 -63105.7 -1.87797e-10 189317
63.2048 -63204.8 -1.63477e-08 189614
63.3039 -63303.9 -2.83728e-10 189912
63.4031 -63403.1 -2.07191e-10 190209
63.5022 -63502.2 -1.2066e-10 190507
63.6013 -63601.3 -3.10207e-10 190804
63.7004 -63700.4 -2.79531e-10 191101
63.7995 -63799.5 -3.59848e-10 191398
63.8986 -63898.6 -5.12949e-11 191696
63.9977 -63997.7 -6.72601e-11 191993
64.0967 -64096.7 -3.74735e-10 192290
64.1958 -64195.8 -4.81439e-10 192587
64.2949 -64294.9 -2.76678e-10 192885
64.3939 -64393.9 -2.25077e-10 193182
64.493 -64493 -7.08145e-11 193479
64.592 -64592 -1.97077e-10 193776
64.691 -64691 -1.89434e-10 194073
64.7901 -64790.1 -4.05961e-11 194370
64.8891 -64889.1 7.96628e-11 194667
64.9881 -64988.1 -2.03833e-10 194964
65.0871 -65087.1 -2.95867e-10 195261
65.1861 -65186.1 -3.73535e-09 195558
65.285 -65285 -8.41795e-09 195855
65.3838 -65383.8 -3.63328e-10 196151
65.4826 -65482.6 -2.69367e-10 196448
65.5814 -65581.4 -2.8726e-10 196744
65.6802 -65680.2 -3.28021e-10 197041
