0 5.28086e-05 -0.00256289 -0.00187709 -5.28086e-05 -0.00256289 0.00187709
0.0790108 0.0110256 -0.00242562 -0.00211536 0.0109269 -0.00271585 0.00173128
0.147961 0.0219985 -0.00232213 -0.00236248 0.0219153 -0.00267245 0.00167502
0.202064 0.0329713 -0.00210649 -0.00257992 0.0329016 -0.00244227 0.00164822
0.240586 0.0439441 -0.00171941 -0.00275959 0.0438852 -0.00199366 0.00166017
0.264745 0.0549169 -0.00119901 -0.00290989 0.0548726 -0.00125998 0.0017425
0.274212 0.0658897 -0.000426422 -0.00301102 0.0658538 -0.000412024 0.00179535
0.280388 0.0768626 0.000468154 -0.00310268 0.0768315 0.000392913 0.00182559
0.283233 0.0878354 0.00146375 -0.00315418 0.0878068 0.0012064 0.00182646
0.284316 0.0988082 0.00251335 -0.00317678 0.0987797 0.00197364 0.00180093
0.285808 0.109781 0.00355 -0.00320691 0.109753 0.00271505 0.00177805
0.286745 0.120754 0.00466513 -0.0032413 0.120726 0.00341858 0.00174442
0.287804 0.131727 0.00575943 -0.00327837 0.131699 0.00410639 0.00171275
0.289011 0.142699 0.00681682 -0.00331515 0.142673 0.00478345 0.00168404
0.289981 0.153672 0.00790386 -0.00335127 0.153646 0.0054511 0.00165049
0.290894 0.164645 0.00898255 -0.0033871 0.164619 0.0061072 0.00161643
0.29187 0.175618 0.010031 -0.00342338 0.175592 0.00674749 0.00158441
0.292811 0.186591 0.0110649 -0.00345947 0.186565 0.00737607 0.00155282
0.293703 0.197564 0.0120884 -0.00349556 0.197538 0.00799266 0.00152128
0.29454 0.208536 0.0131013 -0.00353192 0.208511 0.00859413 0.00148965
0.295332 0.219509 0.0141054 -0.00356848 0.219485 0.00918246 0.00145779
0.296101 0.230482 0.0151053 -0.00360542 0.230458 0.00976123 0.00142551
0.296875 0.241455 0.0160993 -0.00364196 0.241431 0.0103388 0.00139357
0.29765 0.252428 0.0170931 -0.00367848 0.252404 0.0109164 0.00136164
0.298423 0.263401 0.0180868 -0.00371499 0.263378 0.011494 0.00132973
0.299208 0.274373 0.0190731 -0.00375109 0.274351 0.0120716 0.00129848
0.299993 0.285346 0.0200585 -0.00378714 0.285324 0.0126492 0.00126731
0.300778 0.296319 0.0210439 -0.00382319 0.296297 0.0132269 0.00123615
0.301564 0.307292 0.0220292 -0.00385924 0.307271 0.0138045 0.00120498
0.302349 0.318265 0.0230145 -0.00389528 0.318244 0.0143822 0.00117382
0.303134 0.329237 0.0239992 -0.00393128 0.329217 0.0149598 0.00114271
0.303907 0.34021 0.0249685 -0.00396677 0.340191 0.0155291 0.00111225
0.304672 0.351183 0.0259356 -0.00400309 0.351164 0.0160865 0.00108116
0.305422 0.362156 0.0269002 -0.00404072 0.362137 0.0166249 0.00104881
0.306165 0.373129 0.0278584 -0.00407843 0.37311 0.0171557 0.00101641
0.306896 0.384102 0.028803 -0.00411573 0.384084 0.0176776 0.000984397
0.307618 0.395074 0.0297427 -0.0041536 0.395057 0.0181877 0.000951921
0.308328 0.406047 0.0306765 -0.00419226 0.40603 0.0186823 0.00091879
0.309019 0.41702 0.0316029 -0.00423213 0.417004 0.0191548 0.000884667
0.309684 0.427993 0.0325192 -0.00427406 0.427977 0.0195922 0.000848834
0.310296 0.438966 0.0334203 -0.00432069 0.43895 0.0199577 0.000809147
0.310542 0.449939 0.0342821 -0.00440594 0.449924 0.0197925 0.000731839
0.311815 0.460911 0.0351787 -0.00436962 0.460897 0.0211752 0.000765472
0.299231 0.471884 0.0344436 -0.00462387 0.47188 0.0179812 0.000687781
0.299319 0.482857 0.0342922 -0.00470352 0.482855 0.0168313 0.000606433
0.306885 0.49383 0.0350989 -0.00475765 0.493822 0.016635 0.000474708
0.307188 0.504803 0.0358964 -0.00480038 0.504796 0.0169541 0.00044112
0.307438 0.515775 0.0365872 -0.00483496 0.515769 0.017262 0.000414755
0.304343 0.526748 0.0358094 -0.00468991 0.526739 0.0176371 0.00047928
0.306565 0.537721 0.0359556 -0.00472444 0.537715 0.017869 0.000507836
0.30695 0.548694 0.0367244 -0.0047758 0.548689 0.0180914 0.000471181
0.307063 0.559667 0.0375035 -0.00482995 0.559663 0.0182442 0.000427081
0.305031 0.57064 0.0382186 -0.00496807 0.570639 0.017529 0.000361145
0.300819 0.581612 0.0388822 -0.0051455 0.581619 0.0165388 0.000319795
0.295312 0.592585 0.0395564 -0.00534357 0.5926 0.0149891 0.000188308
0.290646 0.603558 0.0402491 -0.00552848 0.60358 0.0135026 4.17162e-05
0.289721 0.614531 0.0410158 -0.0056623 0.614554 0.0123323 -0.000147779
0.296481 0.625504 0.0418157 -0.00574354 0.625519 0.0117865 -0.00030361
0.300076 0.636476 0.0425759 -0.00583531 0.636488 0.0113173 -0.000412731
0.300827 0.647449 0.0433215 -0.00590788 0.647461 0.0111947 -0.000476428
0.301191 0.658422 0.0440621 -0.00597156 0.658435 0.0111647 -0.000534886
0.299651 0.669395 0.0447718 -0.00610022 0.66941 0.010275 -0.000657256
0.296326 0.680368 0.0454235 -0.00627877 0.680388 0.00885873 -0.000790495
0.292682 0.691341 0.0460497 -0.00646178 0.691367 0.00740968 -0.000916778
0.289717 0.702313 0.0466501 -0.00664067 0.702344 0.00600264 -0.0010355
0.287088 0.713286 0.0472088 -0.00681216 0.713321 0.00461693 -0.00115401
0.285344 0.724259 0.0465468 -0.00686645 0.72429 0.00349557 -0.00115832
0.285957 0.735232 0.045806 -0.00685908 0.735253 0.00269975 -0.00118865
0.286127 0.746205 0.0451038 -0.0068209 0.746217 0.00219524 -0.00122065
0.291008 0.757178 0.0453356 -0.0068525 0.757192 0.00188608 -0.00128914
0.29524 0.76815 0.045675 -0.00688771 0.76817 0.00182362 -0.00131904
0.29562 0.779123 0.0462646 -0.00694362 0.779143 0.00173534 -0.00137082
0.295911 0.790096 0.0468423 -0.00700064 0.790117 0.00161962 -0.00142376
0.296233 0.801069 0.0473801 -0.00705628 0.801089 0.00147962 -0.00147539
0.29295 0.812042 0.0465233 -0.00698329 0.812059 0.000842393 -0.00148752
0.287739 0.823014 0.0453625 -0.00685567 0.823027 0.000204242 -0.00149164
0.284214 0.833987 0.0445119 -0.00678807 0.833998 -0.000468115 -0.00150612
0.286734 0.84496 0.044863 -0.00696326 0.844977 -0.00150643 -0.00158188
0.287924 0.855933 0.0451165 -0.00715826 0.855957 -0.00288463 -0.0016621
0.287392 0.866906 0.0454179 -0.00731454 0.866933 -0.00420914 -0.00176152
0.283869 0.877879 0.0447414 -0.0073759 0.877905 -0.0055385 -0.00179393
0.279557 0.888851 0.0439505 -0.00742882 0.888876 -0.00687478 -0.00181782
0.277502 0.899824 0.0432094 -0.00747337 0.899846 -0.00802788 -0.0018286
0.277743 0.910797 0.0426136 -0.00751572 0.910815 -0.00906112 -0.00185052
0.277302 0.92177 0.0420094 -0.00755225 0.921784 -0.0100367 -0.00186845
0.280948 0.932743 0.0421632 -0.00762748 0.932763 -0.0107477 -0.00192558
0.286115 0.943715 0.0423148 -0.00766938 0.943738 -0.011245 -0.00199764
0.289664 0.954688 0.0426213 -0.0077058 0.95471 -0.0116308 -0.00208935
0.289238 0.965661 0.0417639 -0.00760242 0.965677 -0.0120207 -0.00211327
0.286305 0.976634 0.040711 -0.00746087 0.976645 -0.0121313 -0.00207805
0.284378 0.987607 0.0398486 -0.00735699 0.987615 -0.0122341 -0.002043
0.283 0.99858 0.0390731 -0.00727111 0.998585 -0.0123492 -0.00201051
0.284589 1.00955 0.038848 -0.00728875 1.00956 -0.0125309 -0.00199829
0.288463 1.02053 0.0390443 -0.00738662 1.02054 -0.0127725 -0.00200215
0.291914 1.0315 0.0391806 -0.00747229 1.03151 -0.0130178 -0.00200548
0.292662 1.04247 0.0395 -0.0075172 1.04249 -0.0131981 -0.00204321
0.293236 1.05344 0.0398418 -0.00755764 1.05346 -0.0133559 -0.00208318
0.293844 1.06442 0.0401826 -0.00759791 1.06443 -0.0135127 -0.00212299
0.293658 1.07539 0.0396732 -0.00757071 1.0754 -0.0136611 -0.00209653
0.293012 1.08636 0.0390953 -0.00753761 1.08637 -0.0138051 -0.0020647
0.292363 1.09734 0.0385127 -0.00750431 1.09735 -0.0139518 -0.00203273
