0 0 0 0 0 0 0
0.0790108 0 0 0 0 0 0
0.147961 0 0 0 0 0 0
0.202064 0 0 0 0 0 0
0.240586 0 0 0 0 0 0
0.264745 0 0 0 0 0 0
0.274212 0 0 0 0 0 0
0.280388 0 0 0 0 0 0
0.283233 0 0 0 0 0 0
0.284316 0 0 0 0 0 0
0.285808 0 0 0 0 0 0
0.286745 0 0 0 0 0 0
0.287804 0 0 0 0 0 0
0.289011 0 0 0 0 0 0
0.289981 0 0 0 0 0 0
0.290894 0 0 0 0 0 0
0.29187 0 0 0 0 0 0
0.292811 0 0 0 0 0 0
0.293703 0 0 0 0 0 0
0.29454 0 0 0 0 0 0
0.295332 0 0 0 0 0 0
0.296101 0 0 0 0 0 0
0.296875 0 0 0 0 0 0
0.29765 0 0 0 0 0 0
0.298423 0 0 0 0 0 0
0.299208 0 0 0 0 0 0
0.299993 0 0 0 0 0 0
0.300778 0 0 0 0 0 0
0.301564 0 0 0 0 0 0
0.302349 0 0 0 0 0 0
0.303134 0 0 0 0 0 0
0.303907 0 0 0 0 0 0
0.304672 0 0 0 0 0 0
0.305422 0 0 0 0 0 0
0.306165 0 0 0 0 0 0
0.306896 0 0 0 0 0 0
0.307618 0 0 0 0 0 0
0.308328 0 0 0 0 0 0
0.309019 0 0 0 0 0 0
0.309684 0 0 0 0 0 0
0.310296 0 0 0 0 0 0
0.310542 0 0 0 0 0 0
0.311815 0 0 0 0 0 0
0.299231 0 0 0 0 0 0
0.299319 0 0 0 0 0 0
0.306885 0 0 0 0 0 0
0.307188 0 0 0 0 0 0
0.307438 0 0 0 0 0 0
0.304343 0 0 0 0 0 0
0.306565 0 0 0 0 0 0
0.30695 0 0 0 0 0 0
0.307063 0 0 0 0 0 0
0.305031 0 0 0 0 0 0
0.300819 0 0 0 0 0 0
0.295312 0 0 0 0 0 0
0.290646 0 0 0 0 0 0
0.289721 0 0 0 0 0 0
0.296481 0 0 0 0 0 0
0.300076 0 0 0 0 0 0
0.300827 0 0 0 0 0 0
0.301191 0 0 0 0 0 0
0.299651 0 0 0 0 0 0
0.296326 0 0 0 0 0 0
0.292682 0 0 0 0 0 0
0.289717 0 0 0 0 0 0
0.287088 0 0 0 0 0 0
0.285344 0 0 0 0 0 0
0.285957 0 0 0 0 0 0
0.286127 0 0 0 0 0 0
0.291008 0 0 0 0 0 0
0.29524 0 0 0 0 0 0
0.29562 0 0 0 0 0 0
0.295911 0 0 0 0 0 0
0.296233 0 0 0 0 0 0
0.29295 0 0 0 0 0 0
0.287739 0 0 0 0 0 0
0.284214 0 0 0 0 0 0
0.286734 0 0 0 0 0 0
0.287924 0 0 0 0 0 0
0.287392 0 0 0 0 0 0
0.283869 0 0 0 0 0 0
0.279557 0 0 0 0 0 0
0.277502 0 0 0 0 0 0
0.277743 0 0 0 0 0 0
0.277302 0 0 0 0 0 0
0.280948 0 0 0 0 0 0
0.286115 0 0 0 0 0 0
0.289664 0 0 0 0 0 0
0.289238 0 0 0 0 0 0
0.286305 0 0 0 0 0 0
0.284378 0 0 0 0 0 0
0.283 0 0 0 0 0 0
0.284589 0 0 0 0 0 0
0.288463 0 0 0 0 0 0
0.291914 0 0 0 0 0 0
0.292662 0 0 0 0 0 0
0.293236 0 0 0 0 0 0
0.293844 0 0 0 0 0 0
0.293658 0 0 0 0 0 0
0.293012 0 0 0 0 0 0
0.292363 0 0 0 0 0 0
