0 761527 8.9e+06 5.57698e+06 -761527 8.9e+06 -5.57698e+06
0.0790108 711653 8.3328e+06 1.61616e+06 -711653 9.4672e+06 -8.8772e+06
0.147961 599225 7.84053e+06 -2.21662e+06 -599225 9.95947e+06 -1.13463e+07
0.202064 502497 7.42777e+06 -5.53973e+06 -502497 1.03722e+07 -1.33072e+07
0.240586 424394 7.13083e+06 -8.12496e+06 -424394 1.06692e+07 -1.45233e+07
0.264745 319906 6.96124e+06 -1.00415e+07 -319906 1.08388e+07 -1.47777e+07
0.274212 259385 6.86067e+06 -1.12354e+07 -259385 1.09393e+07 -1.48713e+07
0.280388 223623 6.78129e+06 -1.2179e+07 -223623 1.10187e+07 -1.49439e+07
0.283233 206095 6.74415e+06 -1.26038e+07 -206095 1.10559e+07 -1.49946e+07
0.284316 205420 6.73742e+06 -1.26364e+07 -205420 1.10626e+07 -1.50481e+07
0.285808 200432 6.7259e+06 -1.2736e+07 -200432 1.10741e+07 -1.5096e+07
0.286745 200316 6.71967e+06 -1.27787e+07 -200316 1.10803e+07 -1.51331e+07
0.287804 198270 6.7109e+06 -1.28541e+07 -198270 1.10891e+07 -1.517e+07
0.289011 194377 6.70074e+06 -1.2948e+07 -194377 1.10993e+07 -1.52062e+07
0.289981 192307 6.69379e+06 -1.30016e+07 -192307 1.11062e+07 -1.52414e+07
0.290894 190599 6.6873e+06 -1.30495e+07 -190599 1.11127e+07 -1.52767e+07
0.29187 188338 6.67971e+06 -1.31132e+07 -188338 1.11203e+07 -1.531e+07
0.292811 185984 6.67242e+06 -1.3176e+07 -185984 1.11276e+07 -1.53407e+07
0.293703 183498 6.66563e+06 -1.32357e+07 -183498 1.11344e+07 -1.53679e+07
0.29454 180798 6.65942e+06 -1.32924e+07 -180798 1.11406e+07 -1.53907e+07
0.295332 177920 6.65362e+06 -1.33463e+07 -177920 1.11464e+07 -1.5411e+07
0.296101 174839 6.64787e+06 -1.33997e+07 -174839 1.11521e+07 -1.54312e+07
0.296875 171678 6.64215e+06 -1.34528e+07 -171678 1.11578e+07 -1.54514e+07
0.29765 168521 6.63643e+06 -1.35058e+07 -168521 1.11636e+07 -1.54715e+07
0.298423 165365 6.63072e+06 -1.35588e+07 -165365 1.11693e+07 -1.54917e+07
0.299208 162128 6.62485e+06 -1.36137e+07 -162128 1.11752e+07 -1.55119e+07
0.299993 158881 6.61896e+06 -1.36688e+07 -158881 1.1181e+07 -1.55322e+07
0.300778 155634 6.61307e+06 -1.3724e+07 -155634 1.11869e+07 -1.55524e+07
0.301564 152388 6.60718e+06 -1.37791e+07 -152388 1.11928e+07 -1.55727e+07
0.302349 149141 6.6013e+06 -1.38342e+07 -149141 1.11987e+07 -1.55929e+07
0.303134 145897 6.59541e+06 -1.38894e+07 -145897 1.12046e+07 -1.56132e+07
0.303907 142654 6.5896e+06 -1.39445e+07 -142654 1.12104e+07 -1.56323e+07
0.304672 139340 6.5839e+06 -1.39997e+07 -139340 1.12161e+07 -1.56502e+07
0.305422 135918 6.57824e+06 -1.40548e+07 -135918 1.12218e+07 -1.56675e+07
0.306165 132471 6.57264e+06 -1.41096e+07 -132471 1.12274e+07 -1.56844e+07
0.306896 129011 6.56716e+06 -1.41636e+07 -129011 1.12328e+07 -1.57006e+07
0.307618 125496 6.56175e+06 -1.42174e+07 -125496 1.12382e+07 -1.57159e+07
0.308328 121905 6.55645e+06 -1.42712e+07 -121905 1.12436e+07 -1.57301e+07
0.309019 118202 6.55129e+06 -1.43247e+07 -118202 1.12487e+07 -1.57426e+07
0.309684 114316 6.54635e+06 -1.43781e+07 -114316 1.12536e+07 -1.57524e+07
0.310296 110031 6.54193e+06 -1.44312e+07 -110031 1.12581e+07 -1.5756e+07
0.310542 102755 6.53838e+06 -1.44823e+07 -102755 1.12616e+07 -1.57502e+07
0.311815 104790 6.52837e+06 -1.45368e+07 -104790 1.12716e+07 -1.5824e+07
0.299231 27171.9 6.6158e+06 -1.46079e+07 -27171.9 1.11842e+07 -1.46335e+07
0.299319 17800 6.60743e+06 -1.46554e+07 -17800 1.11926e+07 -1.46932e+07
0.306885 55008.6 6.55859e+06 -1.46908e+07 -55008.6 1.12414e+07 -1.5283e+07
0.307188 49391.7 6.55598e+06 -1.47402e+07 -49391.7 1.1244e+07 -1.52671e+07
0.307438 44013.8 6.55409e+06 -1.47816e+07 -44013.8 1.12459e+07 -1.52498e+07
0.304343 66626 6.6034e+06 -1.41783e+07 -66626 1.11966e+07 -1.52219e+07
0.306565 43780.2 6.57098e+06 -1.46112e+07 -43780.2 1.1229e+07 -1.5204e+07
0.30695 36056.9 6.56654e+06 -1.46922e+07 -36056.9 1.12335e+07 -1.51799e+07
0.307063 29551.7 6.56587e+06 -1.47324e+07 -29551.7 1.12341e+07 -1.51483e+07
0.305031 1889.83 6.59835e+06 -1.47823e+07 -1889.83 1.12016e+07 -1.46825e+07
0.300819 -47455.6 6.66466e+06 -1.4844e+07 47455.6 1.11353e+07 -1.37719e+07
0.295312 -105457 6.6946e+06 -1.48903e+07 105457 1.11054e+07 -1.33424e+07
0.290646 -154932 6.7096e+06 -1.49312e+07 154932 1.10904e+07 -1.31095e+07
0.289721 -167753 6.67492e+06 -1.49543e+07 167753 1.11251e+07 -1.35304e+07
0.296481 -111615 6.63001e+06 -1.49752e+07 111615 1.117e+07 -1.40843e+07
0.300076 -85745.2 6.61524e+06 -1.50078e+07 85745.2 1.11848e+07 -1.42409e+07
0.300827 -86179.1 6.61418e+06 -1.50463e+07 86179.1 1.11858e+07 -1.4216e+07
0.301191 -89851.6 6.61126e+06 -1.50836e+07 89851.6 1.11887e+07 -1.4216e+07
0.299651 -110233 6.60931e+06 -1.51186e+07 110233 1.11907e+07 -1.4206e+07
0.296326 -147683 6.62822e+06 -1.51594e+07 147683 1.11718e+07 -1.39231e+07
0.292682 -188230 6.65321e+06 -1.52021e+07 188230 1.11468e+07 -1.35604e+07
0.289717 -222652 6.68004e+06 -1.52454e+07 222652 1.112e+07 -1.31738e+07
0.287088 -253408 6.70309e+06 -1.52871e+07 253408 1.10969e+07 -1.2837e+07
0.285344 -225434 6.72512e+06 -1.53246e+07 225434 1.10749e+07 -1.25174e+07
0.285957 -155724 6.70109e+06 -1.53438e+07 155724 1.10989e+07 -1.28059e+07
0.286127 -91012.3 6.6597e+06 -1.5358e+07 91012.3 1.11403e+07 -1.33215e+07
0.291008 -106747 6.63363e+06 -1.5393e+07 106747 1.11664e+07 -1.36202e+07
0.29524 -143493 6.62975e+06 -1.54368e+07 143493 1.11702e+07 -1.36261e+07
0.29562 -146268 6.62676e+06 -1.54707e+07 146268 1.11732e+07 -1.36304e+07
0.295911 -147926 6.62402e+06 -1.55028e+07 147926 1.1176e+07 -1.36334e+07
0.296233 -148965 6.62172e+06 -1.55318e+07 148965 1.11783e+07 -1.36338e+07
0.29295 -127194 6.66618e+06 -1.49432e+07 127194 1.11338e+07 -1.36533e+07
0.287739 -93624.7 6.73625e+06 -1.40241e+07 93624.7 1.10638e+07 -1.36755e+07
0.284214 -76922.3 6.77856e+06 -1.346e+07 76922.3 1.10214e+07 -1.36979e+07
0.286734 -122008 6.72183e+06 -1.41783e+07 122008 1.10782e+07 -1.37058e+07
0.287924 -170993 6.68783e+06 -1.4806e+07 170993 1.11122e+07 -1.35133e+07
0.287392 -198210 6.68503e+06 -1.50271e+07 198210 1.1115e+07 -1.33281e+07
0.283869 -192327 6.69882e+06 -1.50423e+07 192327 1.11012e+07 -1.31364e+07
0.279557 -179567 6.71285e+06 -1.50561e+07 179567 1.10871e+07 -1.29429e+07
0.277502 -153948 6.72799e+06 -1.50799e+07 153948 1.1072e+07 -1.27253e+07
0.277743 -126149 6.73483e+06 -1.51091e+07 126149 1.10652e+07 -1.26086e+07
0.277302 -104342 6.74077e+06 -1.51375e+07 104342 1.10592e+07 -1.25041e+07
0.280948 -143064 6.74538e+06 -1.51727e+07 143064 1.10546e+07 -1.241e+07
0.286115 -164620 6.7243e+06 -1.51998e+07 164620 1.10757e+07 -1.26526e+07
0.289664 -156356 6.69084e+06 -1.52165e+07 156356 1.11092e+07 -1.30644e+07
0.289238 -114803 6.7016e+06 -1.46929e+07 114803 1.10984e+07 -1.34502e+07
0.286305 -80295.8 6.75111e+06 -1.39961e+07 80295.8 1.10489e+07 -1.35132e+07
0.284378 -57995.4 6.78504e+06 -1.3533e+07 57995.4 1.1015e+07 -1.3542e+07
0.283 -40696.4 6.81045e+06 -1.31796e+07 40696.4 1.09895e+07 -1.357e+07
0.284589 -50492.4 6.79002e+06 -1.3417e+07 50492.4 1.101e+07 -1.35941e+07
0.288463 -81189.8 6.73429e+06 -1.41096e+07 81189.8 1.10657e+07 -1.3615e+07
0.291914 -108088 6.68504e+06 -1.47191e+07 108088 1.1115e+07 -1.36361e+07
0.292662 -110433 6.67738e+06 -1.47937e+07 110433 1.11226e+07 -1.36594e+07
0.293236 -110470 6.67345e+06 -1.48205e+07 110470 1.11265e+07 -1.36829e+07
0.293844 -110659 6.66954e+06 -1.48472e+07 110659 1.11305e+07 -1.37063e+07
0.293658 -102976 6.66493e+06 -1.48741e+07 102976 1.11351e+07 -1.37385e+07
0.293012 -90936.1 6.66016e+06 -1.49e+07 90936.1 1.11398e+07 -1.37735e+07
0.292363 -78876.9 6.65543e+06 -1.49256e+07 78876.9 1.11446e+07 -1.38086e+07
