0 761527 8.9e+06 -2.77912e+06 -761527 8.9e+06 2.77912e+06
0.0790108 8457.05 8.3328e+06 1.52336e+06 -1.41485e+06 9.4672e+06 6.64769e+06
0.147961 -717630 7.84053e+06 5.65781e+06 -1.91608e+06 9.95947e+06 9.67851e+06
0.202064 -1.29588e+06 7.42777e+06 8.67969e+06 -2.30087e+06 1.03722e+07 1.19398e+07
0.240586 -1.71682e+06 7.13083e+06 1.07134e+07 -2.56561e+06 1.06692e+07 1.36287e+07
0.264745 -2.03633e+06 6.96124e+06 1.23027e+07 -2.67614e+06 1.08388e+07 1.45871e+07
0.274212 -2.1811e+06 6.86067e+06 1.26974e+07 -2.69987e+06 1.09393e+07 1.47539e+07
0.280388 -2.27183e+06 6.78129e+06 1.27494e+07 -2.71907e+06 1.10187e+07 1.4892e+07
0.283233 -2.31468e+06 6.74415e+06 1.27947e+07 -2.72687e+06 1.10559e+07 1.49268e+07
0.284316 -2.325e+06 6.73742e+06 1.28754e+07 -2.73583e+06 1.10626e+07 1.49717e+07
0.285808 -2.34326e+06 6.7259e+06 1.29761e+07 -2.74412e+06 1.10741e+07 1.50148e+07
0.286745 -2.35171e+06 6.71967e+06 1.30263e+07 -2.75235e+06 1.10803e+07 1.50679e+07
0.287804 -2.36319e+06 6.7109e+06 1.30768e+07 -2.75973e+06 1.10891e+07 1.5112e+07
0.289011 -2.37782e+06 6.70074e+06 1.31434e+07 -2.76657e+06 1.10993e+07 1.5151e+07
0.289981 -2.38852e+06 6.69379e+06 1.32072e+07 -2.77314e+06 1.11062e+07 1.51877e+07
0.290894 -2.39836e+06 6.6873e+06 1.32673e+07 -2.77956e+06 1.11127e+07 1.52229e+07
0.29187 -2.4093e+06 6.67971e+06 1.33236e+07 -2.78598e+06 1.11203e+07 1.526e+07
0.292811 -2.42003e+06 6.67242e+06 1.33786e+07 -2.792e+06 1.11276e+07 1.52955e+07
0.293703 -2.43046e+06 6.66563e+06 1.34333e+07 -2.79746e+06 1.11344e+07 1.53281e+07
0.29454 -2.44061e+06 6.65942e+06 1.3488e+07 -2.80221e+06 1.11406e+07 1.53574e+07
0.295332 -2.45053e+06 6.65362e+06 1.35429e+07 -2.80637e+06 1.11464e+07 1.53828e+07
0.296101 -2.46046e+06 6.64787e+06 1.35985e+07 -2.81014e+06 1.11521e+07 1.5404e+07
0.296875 -2.47051e+06 6.64215e+06 1.36557e+07 -2.81387e+06 1.11578e+07 1.54247e+07
0.29765 -2.48056e+06 6.63643e+06 1.37129e+07 -2.8176e+06 1.11636e+07 1.54455e+07
0.298423 -2.4906e+06 6.63072e+06 1.37702e+07 -2.82133e+06 1.11693e+07 1.54663e+07
0.299208 -2.50082e+06 6.62485e+06 1.38274e+07 -2.82508e+06 1.11752e+07 1.54871e+07
0.299993 -2.51106e+06 6.61896e+06 1.38845e+07 -2.82882e+06 1.1181e+07 1.55079e+07
0.300778 -2.52129e+06 6.61307e+06 1.39417e+07 -2.83256e+06 1.11869e+07 1.55287e+07
0.301564 -2.53153e+06 6.60718e+06 1.39989e+07 -2.8363e+06 1.11928e+07 1.55496e+07
0.302349 -2.54176e+06 6.6013e+06 1.40561e+07 -2.84005e+06 1.11987e+07 1.55704e+07
0.303134 -2.55199e+06 6.59541e+06 1.41132e+07 -2.84379e+06 1.12046e+07 1.55912e+07
0.303907 -2.56212e+06 6.5896e+06 1.41692e+07 -2.84743e+06 1.12104e+07 1.5612e+07
0.304672 -2.57224e+06 6.5839e+06 1.4225e+07 -2.85092e+06 1.12161e+07 1.56324e+07
0.305422 -2.58234e+06 6.57824e+06 1.42807e+07 -2.85417e+06 1.12218e+07 1.56508e+07
0.306165 -2.5924e+06 6.57264e+06 1.43363e+07 -2.85734e+06 1.12274e+07 1.56687e+07
0.306896 -2.60237e+06 6.56716e+06 1.43917e+07 -2.86039e+06 1.12328e+07 1.5686e+07
0.307618 -2.61231e+06 6.56175e+06 1.44469e+07 -2.8633e+06 1.12382e+07 1.57025e+07
0.308328 -2.62221e+06 6.55645e+06 1.45019e+07 -2.86602e+06 1.12436e+07 1.57182e+07
0.309019 -2.63207e+06 6.55129e+06 1.45565e+07 -2.86848e+06 1.12487e+07 1.57326e+07
0.309684 -2.64188e+06 6.54635e+06 1.46107e+07 -2.87051e+06 1.12536e+07 1.57451e+07
0.310296 -2.65161e+06 6.54193e+06 1.46644e+07 -2.87167e+06 1.12581e+07 1.57544e+07
0.310542 -2.66107e+06 6.53838e+06 1.47171e+07 -2.86658e+06 1.12616e+07 1.57042e+07
0.311815 -2.67036e+06 6.52837e+06 1.47646e+07 -2.87994e+06 1.12716e+07 1.57771e+07
0.299231 -2.63599e+06 6.6158e+06 1.43163e+07 -2.69033e+06 1.11842e+07 1.4887e+07
0.299319 -2.64613e+06 6.60743e+06 1.43801e+07 -2.68173e+06 1.11926e+07 1.4733e+07
0.306885 -2.67627e+06 6.55859e+06 1.46754e+07 -2.78628e+06 1.12414e+07 1.52903e+07
0.307188 -2.68458e+06 6.55598e+06 1.47172e+07 -2.78337e+06 1.1244e+07 1.52743e+07
0.307438 -2.69219e+06 6.55409e+06 1.47593e+07 -2.78022e+06 1.12459e+07 1.5257e+07
0.304343 -2.64203e+06 6.6034e+06 1.48122e+07 -2.77528e+06 1.11966e+07 1.52308e+07
0.306565 -2.68465e+06 6.57098e+06 1.4847e+07 -2.77221e+06 1.1229e+07 1.52149e+07
0.30695 -2.6958e+06 6.56654e+06 1.48884e+07 -2.76792e+06 1.12335e+07 1.51919e+07
0.307063 -2.70331e+06 6.56587e+06 1.49305e+07 -2.76241e+06 1.12341e+07 1.51631e+07
0.305031 -2.71289e+06 6.59835e+06 1.49857e+07 -2.71667e+06 1.12016e+07 1.5127e+07
0.300819 -2.72474e+06 6.66466e+06 1.50541e+07 -2.62983e+06 1.11353e+07 1.50848e+07
0.295312 -2.73373e+06 6.6946e+06 1.51065e+07 -2.52282e+06 1.11054e+07 1.434e+07
0.290646 -2.74169e+06 6.7096e+06 1.51528e+07 -2.43182e+06 1.10904e+07 1.35744e+07
0.289721 -2.74627e+06 6.67492e+06 1.518e+07 -2.41076e+06 1.11251e+07 1.29225e+07
0.296481 -2.7503e+06 6.63001e+06 1.52033e+07 -2.52707e+06 1.117e+07 1.36448e+07
0.300076 -2.75642e+06 6.61524e+06 1.52379e+07 -2.58493e+06 1.11848e+07 1.41231e+07
0.300827 -2.76354e+06 6.61418e+06 1.52775e+07 -2.59118e+06 1.11858e+07 1.42166e+07
0.301191 -2.77045e+06 6.61126e+06 1.5316e+07 -2.59074e+06 1.11887e+07 1.42118e+07
0.299651 -2.77713e+06 6.60931e+06 1.53543e+07 -2.55666e+06 1.11907e+07 1.38478e+07
0.296326 -2.78498e+06 6.62822e+06 1.53997e+07 -2.48962e+06 1.11718e+07 1.3395e+07
0.292682 -2.7931e+06 6.65321e+06 1.54461e+07 -2.41664e+06 1.11468e+07 1.29569e+07
0.289717 -2.80114e+06 6.68004e+06 1.5491e+07 -2.35583e+06 1.112e+07 1.26764e+07
0.287088 -2.80849e+06 6.70309e+06 1.553e+07 -2.30167e+06 1.10969e+07 1.24189e+07
0.285344 -2.76499e+06 6.72512e+06 1.50152e+07 -2.31412e+06 1.10749e+07 1.28751e+07
0.285957 -2.70074e+06 6.70109e+06 1.4291e+07 -2.3893e+06 1.10989e+07 1.34115e+07
0.286127 -2.63754e+06 6.6597e+06 1.35834e+07 -2.45552e+06 1.11403e+07 1.36225e+07
0.291008 -2.69672e+06 6.63363e+06 1.41976e+07 -2.48323e+06 1.11664e+07 1.36278e+07
0.29524 -2.77113e+06 6.62975e+06 1.49703e+07 -2.48415e+06 1.11702e+07 1.3632e+07
0.29562 -2.77729e+06 6.62676e+06 1.5004e+07 -2.48475e+06 1.11732e+07 1.36343e+07
0.295911 -2.78154e+06 6.62402e+06 1.50185e+07 -2.48569e+06 1.1176e+07 1.36416e+07
0.296233 -2.78544e+06 6.62172e+06 1.50323e+07 -2.48751e+06 1.11783e+07 1.36612e+07
0.29295 -2.73445e+06 6.66618e+06 1.50614e+07 -2.48006e+06 1.11338e+07 1.356e+07
0.287739 -2.6545e+06 6.73625e+06 1.51033e+07 -2.46725e+06 1.10638e+07 1.33973e+07
0.284214 -2.60642e+06 6.77856e+06 1.51398e+07 -2.45258e+06 1.10214e+07 1.32138e+07
0.286734 -2.67394e+06 6.72183e+06 1.51623e+07 -2.42992e+06 1.10782e+07 1.29573e+07
0.287924 -2.73352e+06 6.68783e+06 1.51884e+07 -2.39153e+06 1.11122e+07 1.27285e+07
0.287392 -2.75599e+06 6.68503e+06 1.52139e+07 -2.35957e+06 1.1115e+07 1.25631e+07
0.283869 -2.71876e+06 6.69882e+06 1.47902e+07 -2.33411e+06 1.11012e+07 1.24753e+07
0.279557 -2.66762e+06 6.71285e+06 1.42152e+07 -2.30849e+06 1.10871e+07 1.23878e+07
0.277502 -2.62372e+06 6.72799e+06 1.37097e+07 -2.31582e+06 1.1072e+07 1.26858e+07
0.277743 -2.59806e+06 6.73483e+06 1.3399e+07 -2.34577e+06 1.10652e+07 1.31311e+07
0.277302 -2.57233e+06 6.74077e+06 1.30882e+07 -2.36365e+06 1.10592e+07 1.34318e+07
0.280948 -2.6435e+06 6.74538e+06 1.38339e+07 -2.35737e+06 1.10546e+07 1.34571e+07
0.286115 -2.71104e+06 6.7243e+06 1.45479e+07 -2.3818e+06 1.10757e+07 1.34825e+07
0.289664 -2.73436e+06 6.69084e+06 1.47871e+07 -2.42165e+06 1.11092e+07 1.3508e+07
0.289238 -2.68902e+06 6.7016e+06 1.48132e+07 -2.45941e+06 1.10984e+07 1.35364e+07
0.286305 -2.62841e+06 6.75111e+06 1.48449e+07 -2.46782e+06 1.10489e+07 1.35657e+07
0.284378 -2.58896e+06 6.78504e+06 1.48752e+07 -2.47297e+06 1.1015e+07 1.35935e+07
0.283 -2.55939e+06 6.81045e+06 1.49042e+07 -2.478e+06 1.09895e+07 1.36206e+07
0.284589 -2.58333e+06 6.79002e+06 1.49294e+07 -2.48235e+06 1.101e+07 1.36443e+07
0.288463 -2.64851e+06 6.73429e+06 1.4952e+07 -2.48613e+06 1.10657e+07 1.36649e+07
0.291914 -2.70612e+06 6.68504e+06 1.49748e+07 -2.48995e+06 1.1115e+07 1.36857e+07
0.292662 -2.71513e+06 6.67738e+06 1.49989e+07 -2.49426e+06 1.11226e+07 1.37097e+07
0.293236 -2.72027e+06 6.67345e+06 1.50285e+07 -2.49933e+06 1.11265e+07 1.37418e+07
0.293844 -2.72587e+06 6.66954e+06 1.50632e+07 -2.50455e+06 1.11305e+07 1.37757e+07
0.293658 -2.71653e+06 6.66493e+06 1.49339e+07 -2.51058e+06 1.11351e+07 1.38097e+07
0.293012 -2.69874e+06 6.66016e+06 1.47128e+07 -2.51687e+06 1.11398e+07 1.38436e+07
0.292363 -2.68091e+06 6.65543e+06 1.44915e+07 -2.52315e+06 1.11446e+07 1.38775e+07
