0 0 0 0
1 -270.849 -4.78642e-07 812.548
2 -541.655 -4.79037e-07 1624.97
3 -812.418 -4.79462e-07 2437.25
4 -1083.14 -4.79917e-07 3249.41
5 -1353.81 -4.80393e-07 4061.44
6 -1624.44 -4.80905e-07 4873.33
7 -1895.03 -4.81448e-07 5685.09
8 -2165.58 -4.82015e-07 6496.73
9 -2436.08 -4.82613e-07 7308.23
10 -2706.53 -4.83249e-07 8119.6
11 -2976.95 -4.83906e-07 8930.84
12 -3247.32 -4.84587e-07 9741.95
13 -3517.64 -4.8531e-07 10552.9
14 -3787.93 -4.8606e-07 11363.8
15 -4058.16 -4.86835e-07 12174.5
16 -4328.36 -4.87641e-07 12985.1
17 -4598.51 -4.88477e-07 13795.5
18 -4868.62 -4.89344e-07 14605.9
19 -5138.68 -4.90247e-07 15416
20 -5408.7 -4.9117e-07 16226.1
21 -5678.68 -4.92114e-07 17036
22 -5948.61 -4.9312e-07 17845.8
23 -6218.5 -4.94128e-07 18655.5
24 -6488.34 -4.95181e-07 19465
25 -6758.14 -4.96245e-07 20274.4
26 -7027.9 -4.9736e-07 21083.7
27 -7297.61 -4.98504e-07 21892.8
28 -7567.28 -4.99663e-07 22701.8
29 -7836.91 -5.00877e-07 23510.7
30 -8106.49 -5.02092e-07 24319.5
31 -8376.03 -5.03374e-07 25128.1
32 -8645.52 -5.04653e-07 25936.6
33 -8914.97 -5.06e-07 26744.9
34 -9184.38 -5.07336e-07 27553.1
35 -9453.74 -5.08725e-07 28361.2
36 -9723.05 -5.10137e-07 29169.2
37 -9991.76 -5.37474e-06 29975.3
38 -10259.9 -5.12255e-07 30779.6
39 -10526.9 -1.78672e-05 31580.6
40 -10793.3 -2.89917e-06 32380
41 -11055.6 -0.000109677 33166.7
42 -11315.9 -9.5314e-06 33947.7
43 -11571.4 -6.94683e-05 34714.3
44 -11825.2 -2.6461e-05 35475.5
45 -12074.8 -5.96371e-07 36224.4
46 -12322.5 -3.30301e-06 36967.4
47 -12566.3 -8.04624e-07 37698.9
48 -12808.4 -2.29404e-06 38425.2
49 -13046 -4.40955e-06 39138.1
50 -13280.6 -4.99055e-07 39841.8
51 -13510.9 -6.50525e-05 40532.8
52 -13738.1 -2.55427e-05 41214.3
53 -13961.9 -3.16761e-05 41885.7
54 -14183 -5.10988e-06 42549
55 -14401.1 -3.94613e-06 43203.2
56 -14615.9 -4.80268e-07 43847.8
57 -14828.2 -1.8864e-05 44484.5
58 -15036.9 -2.12812e-05 45110.6
59 -15243.7 -0.000149413 45731.1
60 -15447.8 -0.000250549 46343.3
61 -15648.3 -0.000218289 46944.8
62 -15847.6 -0.000132274 47542.8
63 -16044.4 -0.000215343 48133.2
64 -16238 -0.000214753 48714.1
65 -16430.2 -0.000117536 49290.5
66 -16620.7 -0.000588906 49862
67 -16808.9 -0.000530378 50426.6
68 -16994.1 -0.000450722 50982.3
69 -17179.2 -0.000451958 51537.6
70 -17360.8 -0.000451647 52082.5
71 -17540.4 -0.00052436 52621.2
72 -17718.3 -0.000385609 53154.9
73 -17895.7 -0.00101563 53687
74 -18070.3 -0.000947502 54210.8
75 -18243 -0.00103836 54729.1
76 -18414 -0.000843855 55242.1
77 -18584.7 -0.000853172 55754.1
78 -18752.7 0.582998 56259.5
79 -18920.6 -0.000844575 56761.8
80 -19085.5 -0.00093244 57256.5
81 -19250 -0.00144431 57749.9
82 -19413.1 -0.00161687 58239.3
83 -19575 -0.0013518 58724.9
84 -19736.1 -0.00132901 59208.3
85 -19895.1 -0.00156055 59685.3
86 -20055 2.14566 60161.3
87 -20210.3 -0.00163286 60630.9
88 -20366.2 -0.00113582 61098.5
89 -20521.7 -0.00107879 61565.1
90 -20676.9 -1.0668e-09 62030.6
91 -20829.7 -1.06667e-09 62489
92 -20981.4 -3.46972e-08 62944.2
93 -21131.9 -1.02181e-09 63395.8
94 -21282 -1.00703e-09 63845.9
95 -21432 -0.00160245 64296
96 -21582 -0.00155959 64746
97 -21732.4 2.53175 65192.9
98 -21876.7 -0.00230994 65630.1
99 -22021.9 -0.00140332 66065.6
100 -22166.8 -0.00132503 66500.4
101 -22311.7 -1.10989e-09 66935.1
102 -22456.6 -9.96822e-10 67369.8
103 -22601.5 -9.97261e-10 67804.5
104 -22744.9 -9.49161e-10 68234.8
105 -22885.8 -9.13147e-10 68657.5
106 -23026.2 -8.99202e-10 69078.5
107 -23166.4 -9.26278e-10 69499.2
108 -23306.3 -9.35321e-10 69918.9
109 -23446.2 -9.84708e-10 70338.7
110 -23586.1 -9.95653e-10 70758.3
111 -23724.7 -9.67833e-10 71174
112 -23862.3 -9.19682e-10 71586.9
113 -23998.8 -8.74372e-10 71996.4
114 -24134.7 -8.56877e-10 72404.2
115 -24270.5 -9.3664e-10 72811.4
116 -24405.9 -1.04742e-09 73217.6
117 -24541 -9.40056e-10 73623.1
118 -24675.7 -9.61134e-10 74027.1
119 -24809.4 -8.27175e-10 74428.3
120 -24942.5 -9.26105e-10 74827.6
121 -25075.6 -1.01956e-09 75226.8
122 -25208.6 -9.79406e-10 75625.8
123 -25340.4 -9.15809e-10 76021.3
124 -25471.8 -1.65577e-08 76415.5
125 -25602.7 -8.25898e-10 76808
126 -25733.4 -9.32884e-10 77200.2
127 -25864 -9.5044e-10 77591.9
128 -25993.3 -8.5714e-10 77980
129 -26122.4 -9.03097e-10 78367.2
130 -26251.3 -8.91782e-10 78754
131 -26380.1 -9.02584e-10 79140.2
132 -26508.8 -8.5115e-10 79526.3
133 -26636.9 -8.69449e-10 79910.6
134 -26764.9 -3.38555e-08 80294.8
135 -26891.9 -8.27421e-10 80675.7
136 -27018.6 -9.08342e-10 81055.7
137 -27145.1 -8.70435e-10 81435.4
138 -27271 -9.16167e-10 81812.9
139 -27396.3 -8.91394e-10 82188.9
140 -27521.6 -9.22788e-10 82564.8
141 -27646.5 -8.86019e-10 82939.6
142 -27771.2 -8.74568e-10 83313.6
143 -27895.7 -8.0756e-10 83687
144 -28020.1 -9.11313e-10 84060.3
145 -28144.5 -9.81017e-10 84433.6
146 -28268.6 -8.41936e-10 84805.9
147 -28392.6 -9.25422e-10 85177.9
148 -28516.5 -8.26965e-08 85549.4
149 -28639.1 -8.72126e-10 85917.3
150 -28760.9 -9.14102e-10 86282.6
151 -28882.2 -9.18324e-10 86646.7
152 -29003.6 -9.57852e-10 87010.8
153 -29124.9 -8.89695e-10 87374.8
154 -29246.3 -8.92432e-10 87738.8
155 -29367.6 -9.71962e-10 88102.8
156 -29488.8 -8.51772e-10 88466.5
157 -29609.6 -2.71045e-09 88828.7
158 -29730.3 -9.1885e-09 89190.8
159 -29850.9 -9.18784e-09 89552.8
160 -29971.4 -9.11031e-09 89914.3
161 -30091.4 -8.92353e-09 90274.2
162 -30211.3 -8.73181e-09 90633.8
163 -30330.4 -8.62726e-09 90991.3
164 -30449.5 -8.52352e-09 91348.6
165 -30568.7 -2.04704e-07 91706
166 -30686.9 -8.11981e-09 92060.7
167 -30804.9 -8.08078e-09 92414.8
168 -30922.9 -6.4256e-08 92768.7
169 -31040.6 -2.40353e-08 93121.8
170 -31158.3 -2.39228e-08 93474.8
171 -31275.8 -2.36096e-08 93827.4
172 -31392.9 -2.33293e-08 94178.8
173 -31510.1 -2.31912e-08 94530.2
174 -31627.2 -2.31053e-08 94881.5
175 -31744.3 -2.30338e-08 95232.8
176 -31861.3 -2.28354e-08 95583.9
177 -31978.1 -2.25801e-08 95934.3
178 -32094.5 -2.203e-08 96283.6
179 -32210.6 -3.9575e-08 96631.8
180 -32326.7 -4.58316e-08 96980
181 -32442.7 -4.55448e-08 97328.1
182 -32558.7 -4.61054e-08 97676.2
183 -32674.5 -4.42503e-08 98023.4
184 -32789.7 -4.3445e-08 98369
185 -32904.8 -4.32743e-08 98714.4
186 -33020 -0.000994758 99060
187 -33134.4 -0.0011328 99403.3
188 -33248.6 -0.000896609 99745.9
189 -33362.8 -0.000860463 100088
190 -33476.9 -5.48466e-08 100431
191 -33591 -7.20304e-08 100773
192 -33705.1 -7.16667e-08 101115
193 -33819.1 -7.1365e-08 101457
194 -33933.2 -7.0883e-08 101800
195 -34047.3 -7.06056e-08 102142
196 -34161.1 -6.8887e-08 102483
197 -34274.3 -6.70614e-08 102823
198 -34387.3 -6.61875e-08 103162
199 -34499.8 -6.51626e-08 103499
200 -34612.3 -6.47381e-08 103837
201 -34724.8 -6.44751e-08 104174
202 -34837.3 -7.81031e-08 104512
203 -34949.7 -1.02988e-07 104849
204 -35062.1 -1.02335e-07 105186
205 -35174.5 -1.01851e-07 105523
206 -35286.8 -1.01247e-07 105861
207 -35399.2 -1.00684e-07 106198
208 -35511.6 -1.00447e-07 106535
209 -35623.9 -9.98919e-08 106872
210 -35736.3 -9.92711e-08 107209
211 -35848.5 -9.82024e-08 107545
212 -35960.3 -9.62957e-08 107881
213 -36071.7 -9.34695e-08 108215
214 -36182.8 -9.28679e-08 108548
215 -36293.7 -1.36711e-07 108881
216 -36404.6 -1.37234e-07 109214
217 -36515.4 -1.35495e-07 109546
218 -36625.9 -1.32118e-07 109878
219 -36736.1 -1.30745e-07 110208
220 -36846.3 -1.3003e-07 110539
221 -36956.5 -1.29566e-07 110869
222 -37066.7 -1.28888e-07 111200
223 -37176.8 -1.28314e-07 111531
224 -37286.9 -1.26802e-07 111861
225 -37396.8 -1.2608e-07 112190
226 -37506.7 -1.2542e-07 112520
227 -37616.5 -1.26068e-07 112850
228 -37726.3 -1.76766e-07 113179
229 -37835.9 -1.75591e-07 113508
230 -37945.3 -1.74086e-07 113836
231 -38054.7 -1.7331e-07 114164
232 -38164.1 -1.72485e-07 114492
233 -38273.5 -1.71568e-07 114820
234 -38382.8 -1.70638e-07 115149
235 -38492.2 -1.69988e-07 115477
236 -38601.5 -1.69101e-07 115805
237 -38710.9 -1.68487e-07 116133
238 -38820.1 -1.66657e-07 116460
239 -38929 -1.64329e-07 116787
240 -39037.9 -1.63477e-07 117114
241 -39146.8 -1.86766e-07 117440
242 -39255.6 -2.24072e-07 117767
243 -39364.4 -2.22986e-07 118093
244 -39473.2 -2.22041e-07 118420
245 -39581.8 -2.16392e-07 118745
246 -39690.2 -2.1481e-07 119071
247 -39798.5 -3.0428e-07 119396
248 -39906.4 -2.06275e-07 119719
249 -40014 -2.04167e-07 120042
250 -40121.6 -2.03348e-07 120365
251 -40229.2 -2.02421e-07 120687
252 -40336.7 -2.01439e-07 121010
253 -40444.2 -1.99465e-07 121333
254 -40551.5 -1.97898e-07 121654
255 -40658.7 -2.06819e-07 121976
256 -40765.9 -2.6243e-07 122298
257 -40873 -2.61347e-07 122619
258 -40980.1 -4.16752e-07 122940
259 -41087.1 -4.12424e-07 123261
260 -41194.2 -4.10531e-07 123583
261 -41301.2 -4.08767e-07 123904
262 -41408.3 -4.0708e-07 124225
263 -41515.3 -4.0507e-07 124546
264 -41622.3 -4.03472e-07 124867
265 -41729.2 -3.98957e-07 125188
266 -41836.1 -3.97093e-07 125508
267 -41943 -3.95275e-07 125829
268 -42049.8 -3.93589e-07 126149
269 -42156.6 -3.91766e-07 126470
270 -42263.3 -4.04731e-07 126790
271 -42369.9 -0.000756822 127110
272 -42476.1 -0.000673797 127428
273 -42582.3 -0.000631673 127747
274 -42688.5 -0.000591899 128066
275 -42794.7 -0.000556441 128384
276 -42900.4 -1.06461e-06 128701
277 -43006.5 -6.66256e-07 129019
278 -43112.6 -6.79397e-07 129338
279 -43218.3 -6.45711e-07 129655
280 -43324.1 -6.43099e-07 129972
281 -43429.8 -6.40341e-07 130289
282 -43535.9 -0.000660354 130608
283 -43641.6 -0.000611137 130925
284 -43747.4 -0.00057013 131242
285 -43853.1 -0.000531812 131559
286 -43958.8 -0.000496356 131876
287 -44064 -1.18221e-06 132192
288 -44169.5 -7.34072e-07 132508
289 -44275.2 -0.000715888 132826
290 -44380.6 -0.00927588 133142
291 -44486 -0.000620683 133458
292 -44591.4 -0.000584054 133774
293 -44696.7 -0.000551542 134090
294 -44801.7 -0.000615348 134405
295 -44906.7 -0.000483467 134720
296 -45011.6 -0.00046046 135035
297 -45116.3 -0.000438422 135349
298 -45220.9 -0.000397303 135663
299 -45325 -1.59101e-06 135975
300 -45429.5 -9.13679e-07 136288
301 -45534.4 -0.000626671 136603
302 -45639 -0.00057576 136917
303 -45743.5 -0.000537248 137231
304 -45848 -0.000498237 137544
305 -45952.4 -0.000465118 137857
306 -46056.9 -0.000433705 138171
307 -46161.3 -0.000403526 138484
308 -46265.5 -0.00039169 138797
309 -46369.7 -0.000345937 139109
310 -46473.9 -0.000323199 139422
311 -46578 -0.000302084 139734
312 -46682.1 0.0895803 140046
313 -46786.2 -0.000276765 140359
314 -46890.2 -0.000243138 140671
315 -46994.3 -0.00022517 140983
316 -47098.3 -0.000422108 141295
317 -47202.3 -0.000395591 141607
318 -47306.3 -0.000369923 141919
319 -47410.3 -0.00034511 142231
320 -47514.3 -0.000321154 142543
321 -47618.4 0.44415 142855
322 -47722 -0.000638497 143166
323 -47825.6 -0.000500032 143477
324 -47929.3 -0.000467396 143788
325 -48032.9 -0.000435969 144099
326 -48136.5 -0.000405661 144410
327 -48240.2 -0.000376951 144721
328 -48343.7 -0.000358034 145031
329 -48447 -0.000329311 145341
330 -48550.1 -0.000322054 145650
331 -48653.2 -0.000287076 145960
332 -48756.3 -0.000267637 146269
333 -48859.4 -0.000248884 146578
334 -48962.4 -0.000230796 146887
335 -49065.5 -0.000213388 147196
336 -49168.4 -0.000210141 147505
337 -49271.4 -0.000179952 147814
338 -49374.3 -0.000164665 148123
339 -49477.2 -0.000150044 148432
340 -49580.1 -0.000137429 148740
341 -49683 -0.000123142 149049
342 -49785.9 -0.000111649 149358
343 -49888.7 -0.00010098 149666
344 -49991.5 -9.09236e-05 149975
345 -50094.4 -0.000234664 150283
346 -50197.2 -0.000215658 150592
347 -50299.9 -0.000386318 150900
348 -50402.7 -0.000363152 151208
349 -50505.4 -0.000340988 151516
350 -50608.1 -0.000319624 151824
351 -50710.9 -0.000298953 152133
352 -50813.6 -0.000278988 152441
353 -50916.3 -0.000259711 152749
354 -51019 -0.000241339 153057
355 -51121.5 -0.00022252 153364
356 -51224 -0.000205418 153672
357 -51326.4 -0.000188979 153979
358 -51428.9 -0.000176361 154287
359 -51531.2 -0.00015607 154593
360 -51633.4 -0.000142514 154900
361 -51735.6 -0.000128378 155207
362 -51837.8 -0.000116354 155513
363 -51940 -0.000105368 155820
364 -52042.1 -9.50761e-05 156126
365 -52144.3 -8.5414e-05 156433
366 -52246.3 -8.23521e-05 156739
367 -52348.2 -7.14334e-05 157045
368 -52450 -6.55803e-05 157350
369 -52551.9 -6.00684e-05 157656
370 -52653.8 -0.000171828 157961
371 -52755.6 -0.00015845 158267
372 -52857.4 -0.000145668 158572
373 -52959.3 -0.000133424 158878
374 -53061.1 -0.000121733 159183
375 -53162.9 -0.000110564 159489
376 -53264.7 -9.99469e-05 159794
377 -53366.5 -8.98688e-05 160099
378 -53468.3 -8.03605e-05 160405
379 -53569.9 -9.73302e-05 160710
380 -53671.5 -6.21407e-05 161014
381 -53773 -0.000150154 161319
382 -53874.6 -0.000136767 161624
383 -53976 -0.000122845 161928
384 -54077.3 -0.000111073 162232
385 -54178.6 -0.000100397 162536
386 -54279.8 -9.87264e-05 162839
387 -54381 -8.47441e-05 163143
388 -54482.1 -7.83694e-05 163446
389 -54583.3 -7.23704e-05 163750
390 -54684.4 -6.67093e-05 164053
391 -54785.5 -6.13349e-05 164357
392 -54886.7 -5.62391e-05 164660
393 -54987.8 -5.12266e-05 164963
394 -55088.9 -4.64254e-05 165267
395 -55190 -0.000137376 165570
396 -55291.1 -0.0001255 165873
397 -55392.2 -0.000114235 166176
398 -55493.2 -0.000103553 166480
399 -55594.3 -9.3409e-05 166783
400 -55695.4 -8.7441e-05 167086
401 -55796.4 -7.46761e-05 167389
402 -55897.4 -0.0176728 167692
403 -55998.4 -5.84547e-05 167995
404 -56099.4 -5.08939e-05 168298
405 -56200.4 -4.38759e-05 168601
406 -56301.3 -3.74871e-05 168904
407 -56402.3 -3.24861e-05 169207
408 -56503.1 -2.85816e-05 169509
409 -56604 -2.5347e-05 169812
410 -56704.8 -2.2478e-05 170115
411 -56805.2 -3.2815e-05 170416
412 -56906.3 -2.15455e-05 170719
413 -57006.5 -3.63368e-05 171019
414 -57107.6 -1.84278e-05 171323
415 -57207.4 -3.81106e-05 171622
416 -57308.4 -1.58415e-05 171925
417 -57409.1 -5.60926e-05 172227
418 -57509.7 -4.80266e-05 172529
419 -57610.1 -4.23352e-05 172830
420 -57710.6 -0.000124045 173132
421 -57811 -0.000112606 173433
422 -57911.5 -0.000101981 173734
423 -58011.9 -9.19831e-05 174036
424 -58112.3 -8.2593e-05 174337
425 -58212.7 -7.38493e-05 174638
426 -58313.1 -6.56074e-05 174939
427 -58413.5 -5.76922e-05 175240
428 -58513.8 -5.02634e-05 175541
429 -58614.2 -4.43166e-05 175843
430 -58714.5 -3.94921e-05 176143
431 -58814.8 -0.0080351 176444
432 -58915.1 -3.147e-05 176745
433 -59015.3 -2.82196e-05 177046
434 -59115.6 -2.42922e-05 177347
435 -59215.5 -2.97545e-05 177646
436 -59315.9 -2.15999e-05 177948
437 -59415.4 -3.72428e-05 178246
438 -59516.1 -2.08799e-05 178548
439 -59615.7 -3.32238e-05 178847
440 -59716.4 -1.67838e-05 179149
441 -59815.7 -3.56467e-05 179447
442 -59916.6 -1.48074e-05 179750
443 -60016 -3.20345e-05 180048
444 -60116.9 -1.15241e-05 180351
445 -60216.3 -2.58682e-05 180649
446 -60316.9 -1.28389e-05 180951
447 -60417.5 -4.46866e-05 181252
448 -60517.8 -3.3331e-05 181553
449 -60618 -2.64159e-05 181854
450 -60717.8 -2.99411e-05 182153
451 -60818.1 -1.98447e-05 182454
452 -60916.9 -5.43779e-05 182751
453 -61017.5 -2.24381e-05 183053
454 -61116.6 -3.8548e-05 183350
455 -61217.2 -1.65656e-05 183651
456 -61316 -4.25419e-05 183948
457 -61416.5 -1.35327e-05 184249
458 -61516.5 -4.07614e-05 184549
459 -61616.1 -5.30918e-05 184848
460 -61715.7 -2.73347e-05 185147
461 -61815.2 -2.35143e-05 185445
462 -61914.2 -3.04569e-05 185743
463 -62013.9 -2.06641e-05 186042
464 -62112.6 -3.71075e-05 186338
465 -62212.6 -1.99744e-05 186638
466 -62311.4 -3.38437e-05 186934
467 -62411.3 -1.62943e-05 187234
468 -62509.9 -3.4629e-05 187530
469 -62610 -1.40486e-05 187830
470 -62708.5 -3.28339e-05 188126
471 -62808.7 -1.14109e-05 188426
472 -62907.2 -2.72462e-05 188722
473 -63007.1 -1.09904e-05 189021
474 -63105.7 -2.13145e-05 189317
475 -63205.7 -4.23552e-05 189617
476 -63305.2 -2.80133e-05 189915
477 -63404.4 -2.26296e-05 190213
478 -63502.6 -4.67107e-05 190508
479 -63602.3 -2.43668e-05 190807
480 -63701 -3.31618e-05 191103
481 -63800.6 -1.73761e-05 191402
482 -63898.6 -4.60483e-05 191696
483 -63998.5 -1.8548e-05 191996
484 -64096.8 -3.78432e-05 192290
485 -64196.7 -1.3872e-05 192590
486 -64294.9 -3.2215e-05 192885
487 -64394.8 -1.032e-05 193184
488 -64493 -2.62148e-05 193479
489 -64592.4 -1.52023e-05 193777
490 -64691 -2.08452e-05 194073
491 -64790.1 -1.75831e-05 194370
492 -64889.1 -1.60871e-05 194667
493 -64988.1 -1.39344e-05 194964
494 -65087.1 -1.19341e-05 195261
495 -65186.1 -1.03337e-05 195558
496 -65285 -9.59497e-06 195855
497 -65383.8 -7.6535e-06 196151
498 -65482.6 -6.47594e-06 196448
499 -65581.4 -5.39682e-06 196744
500 -65680.2 -4.41538e-06 197041
501 -65778.9 -4.16895e-06 197337
502 -65877.6 -3.95866e-06 197633
503 -65976.4 -3.75403e-06 197929
504 -66075.9 -9.90609e-06 198228
505 -66173.8 -0.0165569 198521
506 -66273.5 -3.99045e-05 198820
507 -66372.6 -2.56548e-05 199118
508 -66471.2 -2.99533e-05 199413
509 -66570.2 -2.02311e-05 199711
510 -66667.9 -5.09607e-05 200004
511 -66767.4 -2.29103e-05 200302
512 -66865.6 -3.72981e-05 200597
513 -66965 -1.6366e-05 200895
514 -67062.7 -4.26962e-05 201188
515 -67162.3 -1.55908e-05 201487
516 -67260.1 -3.59271e-05 201780
517 -67359.8 -1.16553e-05 202079
518 -67457.6 -2.97325e-05 202373
519 -67556.9 -1.19604e-05 202671
520 -67655 -2.41288e-05 202965
521 -67753.8 -1.77139e-05 203262
522 -67852.4 -1.91174e-05 203557
523 -67951.1 -1.67644e-05 203853
524 -68049.9 -1.46843e-05 204150
525 -68148.6 -1.26785e-05 204446
526 -68247.4 -1.08198e-05 204742
527 -68346.2 -9.10781e-06 205038
528 -68444.9 -7.54283e-06 205335
529 -68543.5 -7.38413e-06 205631
530 -68642.2 -6.84773e-06 205927
531 -68740.9 -6.33089e-06 206223
532 -68839.5 -6.22644e-06 206518
533 -68938.1 -5.79244e-06 206814
534 -69036.7 -5.56275e-06 207110
535 -69135.3 -5.33808e-06 207406
536 -69233.8 -5.11782e-06 207702
537 -69333.3 -1.04156e-05 208000
538 -69431 -2.90734e-05 208293
539 -69529.9 -1.71843e-05 208590
540 -69628.1 -2.45857e-05 208884
541 -69726.7 -2.10961e-05 209180
542 -69825.3 -2.04741e-05 209476
543 -69923.9 -1.85497e-05 209772
544 -70022.5 -1.67178e-05 210068
545 -70121.1 -1.76605e-05 210363
546 -70219.6 -1.32944e-05 210659
547 -70318.2 -1.17529e-05 210955
548 -70416.7 -1.03078e-05 211250
549 -70515.2 -9.36963e-06 211546
550 -70613.7 -7.68345e-06 211841
551 -70712 -7.4366e-06 212136
552 -70810.3 -5.45081e-06 212431
553 -70908.6 -4.63108e-06 212726
554 -71006.9 -3.60773e-06 213021
555 -71105.2 -2.8299e-06 213315
556 -71203.4 -2.14679e-06 213610
557 -71301.7 -1.56143e-05 213905
558 -71399.8 -1.59308e-05 214200
559 -71498 -1.52109e-05 214494
560 -71596.2 -1.45058e-05 214789
561 -71694.4 -1.38018e-05 215083
562 -71792.6 -1.31524e-05 215378
563 -71890.8 -1.24964e-05 215672
564 -71989 -1.18571e-05 215967
565 -72087.3 -1.12343e-05 216262
566 -72185.5 -1.06281e-05 216556
567 -72283.7 -1.00389e-05 216851
568 -72381.9 -9.46653e-06 217146
569 -72480.1 -8.91049e-06 217440
570 -72578.2 -8.37141e-06 217735
571 -72677.4 -1.05906e-05 218032
572 -72774.6 -3.03614e-05 218324
573 -72873.3 -1.52504e-05 218620
574 -72971.2 -2.40929e-05 218914
575 -73069.9 -2.15183e-05 219210
576 -73168.4 -2.07632e-05 219505
577 -73266.9 -1.93202e-05 219801
578 -73365.4 -2.1895e-05 220096
579 -73463.8 -1.55684e-05 220391
580 -73562.3 -1.3953e-05 220687
581 -73660.7 -1.24257e-05 220982
582 -73759.1 -1.09865e-05 221277
583 -73857.5 -9.55492e-06 221573
584 -73956 -8.38304e-06 221868
585 -74054.5 -7.2071e-06 222163
586 -74152.9 -6.11986e-06 222459
587 -74251.4 -5.12122e-06 222754
588 -74349.9 -4.2118e-06 223050
589 -74448.3 -3.39051e-06 223345
590 -74546.7 -3.40638e-06 223640
591 -74645 -3.24776e-06 223935
592 -74743.4 -3.09274e-06 224230
593 -74842.1 -3.00849e-06 224526
594 -74940.8 -2.79979e-06 224822
595 -75039.6 -2.6554e-06 225119
596 -75138.3 -2.51445e-06 225415
597 -75237 -2.37765e-06 225711
598 -75335.8 -2.24469e-06 226007
599 -75434.5 -2.115e-06 226303
600 -75533.2 -1.98946e-06 226600
601 -75631.9 -1.86795e-06 226896
602 -75730.6 -1.75006e-06 227192
603 -75829.3 -1.63567e-06 227488
604 -75928 -1.52535e-06 227784
605 -76026.7 -1.41908e-06 228080
606 -76125.3 -1.31676e-06 228376
607 -76224 -1.22549e-06 228672
608 -76322.8 -1.23357e-05 228968
609 -76421.5 -1.0913e-05 229264
610 -76520.2 -9.57756e-06 229561
611 -76618.9 -8.32898e-06 229857
612 -76717.6 -7.1675e-06 230153
613 -76816.4 -5.78993e-06 230449
614 -76915.5 -5.38343e-06 230746
615 -77014.4 -4.20064e-06 231043
616 -77113.4 -3.38537e-06 231340
617 -77212.3 -2.6578e-06 231637
618 -77311.3 -1.44053e-05 231934
619 -77410.2 -1.25779e-05 232231
620 -77509.1 -1.0874e-05 232527
621 -77608.1 -9.3387e-06 232824
622 -77707 -7.88517e-06 233121
623 -77805.8 -6.77429e-06 233418
624 -77904.6 -6.70973e-06 233714
625 -78003.4 -6.50906e-06 234010
626 -78102.2 -7.06611e-06 234307
627 -78200.9 -6.07242e-06 234603
628 -78299.6 -5.88205e-06 234899
629 -78398.4 -5.69448e-06 235195
630 -78497.1 -5.51022e-06 235491
631 -78595.8 -5.32872e-06 235787
632 -78694.5 -5.07511e-06 236083
633 -78793.2 -4.97743e-06 236380
634 -78892 -4.80521e-06 236676
635 -78990.8 -4.36273e-06 236972
636 -79089.9 -4.48059e-06 237270
637 -79188.9 -4.31658e-06 237567
638 -79288 -4.15455e-06 237864
639 -79387 -3.99599e-06 238161
640 -79486.1 -3.84077e-06 238458
641 -79585.1 -3.68833e-06 238755
642 -79684.2 -3.53964e-06 239052
643 -79783.2 -3.39333e-06 239350
644 -79882.2 -3.25014e-06 239647
645 -79981.2 -3.11011e-06 239944
646 -80080.2 -2.97269e-06 240241
647 -80179.2 -1.42467e-05 240538
648 -80278.2 -1.2776e-05 240835
649 -80377.2 -1.13844e-05 241132
650 -80476.1 -1.00729e-05 241428
651 -80575.1 -8.84166e-06 241725
652 -80674.1 -7.69038e-06 242022
653 -80773 -6.61904e-06 242319
654 -80872 -5.62819e-06 242616
655 -80970.9 -4.71716e-06 242913
656 -81069.8 -3.8865e-06 243210
657 -81168.8 -3.13586e-06 243506
658 -81267.7 -2.53109e-06 243803
659 -81366.7 -1.68408e-06 244100
660 -81465.9 -1.33423e-06 244398
661 -81565 -1.28459e-06 244695
662 -81664.1 -1.19677e-06 244992
663 -81763.3 -1.11165e-06 245290
664 -81862.4 -1.03013e-06 245587
665 -81961.5 -9.51495e-07 245884
666 -82060.6 -8.76289e-07 246182
667 -82159.7 -8.03585e-07 246479
668 -82258.7 -7.34353e-07 246776
669 -82357.8 -6.70926e-07 247073
670 -82456.9 -6.07933e-07 247371
671 -82556 -5.47773e-07 247668
672 -82655 -4.90554e-07 247965
673 -82754.1 -4.36788e-07 248262
674 -82853.1 -3.8592e-07 248559
675 -82952.1 -3.38649e-07 248856
676 -83051.2 -2.94454e-07 249153
677 -83150.2 -2.52829e-07 249451
678 -83249.2 -2.14554e-07 249748
679 -83348.2 -2.23254e-07 250045
680 -83447.1 -2.00806e-07 250341
681 -83546.1 -4.92999e-07 250638
682 -83645 -2.00491e-07 250935
683 -83743.9 -2.00399e-07 251232
684 -83842.8 -2.00387e-07 251528
685 -83942 -0.000145631 251826
686 -84041.2 -2.011e-07 252123
687 -84140.3 -2.01155e-07 252421
688 -84239.5 -2.01465e-07 252719
689 -84338.7 -5.82194e-06 253016
690 -84437.9 -1.62041e-05 253314
691 -84537.1 -1.49323e-05 253611
692 -84636.3 -1.34973e-05 253909
693 -84735.5 -1.21352e-05 254206
694 -84834.6 -1.08442e-05 254504
695 -84933.8 -9.65195e-06 254801
696 -85032.9 -8.46901e-06 255099
697 -85132 -7.3976e-06 255396
698 -85231.1 -6.39905e-06 255693
699 -85330.2 -5.4729e-06 255990
700 -85429.2 -4.6182e-06 256288
701 -85528.3 -3.83637e-06 256585
702 -85627.3 -3.85074e-06 256882
703 -85726.2 -3.71664e-06 257179
704 -85825.2 -3.58567e-06 257476
705 -85924.2 -3.45649e-06 257773
706 -86023.2 -3.32964e-06 258069
707 -86122.1 -3.20556e-06 258366
708 -86221.1 -3.08319e-06 258663
709 -86320 -2.96304e-06 258960
710 -86418.9 -2.84608e-06 259257
711 -86517.9 -2.73097e-06 259554
712 -86616.8 -2.61844e-06 259850
713 -86715.9 -2.19205e-06 260148
714 -86815.1 -2.40568e-06 260445
715 -86914.2 -2.29974e-06 260743
716 -87013.4 -2.19599e-06 261040
717 -87112.6 -2.09458e-06 261338
718 -87211.7 -1.99083e-06 261635
719 -87311.2 -1.90292e-06 261933
720 -87410.6 -1.80846e-06 262232
721 -87510 -1.71599e-06 262530
722 -87609.5 -1.62592e-06 262828
723 -87708.9 -1.48732e-06 263127
724 -87808.4 -1.45422e-06 263425
725 -87907.8 -1.37277e-06 263724
726 -88007.3 -1.29228e-06 264022
727 -88106.7 -1.21443e-06 264320
728 -88206.2 -1.13858e-06 264619
729 -88305.6 -1.06884e-06 264917
730 -88405 -9.94908e-07 265215
731 -88504.4 -9.27081e-07 265513
732 -88603.9 -8.60761e-07 265812
733 -88703.3 -7.97331e-07 266110
734 -88802.6 -7.36492e-07 266408
735 -88902 -6.7793e-07 266706
736 -89001.4 -6.21588e-07 267004
737 -89100.8 -5.67751e-07 267302
738 -89200.1 -3.64346e-06 267600
739 -89299.5 -2.97404e-06 267899
740 -89398.9 -2.37175e-06 268197
741 -89498.3 -1.65832e-06 268495
742 -89598 -1.37259e-06 268794
743 -89697.7 -8.29771e-07 269093
744 -89797.6 -6.42484e-07 269393
745 -89897.4 -3.78519e-07 269692
746 -89997.2 -2.06688e-07 269992
747 -90097 -1.99273e-07 270291
748 -90196.7 -1.99262e-07 270590
749 -90296.5 -1.99684e-07 270889
750 -90396.2 -1.9961e-07 271189
751 -90495.9 -1.99648e-07 271488
752 -90595.6 -1.99392e-07 271787
753 -90695.3 -1.99852e-07 272086
754 -90795 -1.99713e-07 272385
755 -90894.7 -2.00124e-07 272684
756 -90994.4 -2.00062e-07 272983
757 -91094.1 -1.99679e-07 273282
758 -91193.8 -1.99923e-07 273581
759 -91293.4 -1.91376e-07 273880
760 -91393.1 -2.00202e-07 274179
761 -91492.8 -2.0012e-07 274479
762 -91592.5 -2.00788e-07 274778
763 -91692.2 -2.00545e-07 275077
764 -91791.9 -2.00911e-07 275376
765 -91891.6 -1.8427e-07 275675
766 -91991.5 -2.01374e-07 275975
767 -92091.4 -2.0128e-07 276274
768 -92191.3 -2.01158e-07 276574
769 -92291.2 -2.01135e-07 276874
770 -92391.1 -2.01721e-07 277173
771 -92491 -2.01559e-07 277473
772 -92590.9 -2.01292e-07 277773
773 -92690.8 -2.01707e-07 278072
774 -92790.6 -2.01604e-07 278372
775 -92890.5 -2.01687e-07 278671
776 -92990.4 -3.53033e-06 278971
777 -93090.5 -3.88496e-06 279272
778 -93190.6 -3.76807e-06 279572
779 -93290.6 -3.65194e-06 279872
780 -93390.7 -3.53843e-06 280172
781 -93490.7 -6.19309e-06 280472
782 -93590.7 -3.28023e-06 280772
783 -93690.6 -3.17317e-06 281072
784 -93790.6 -3.06768e-06 281372
785 -93890.6 -2.96369e-06 281672
786 -93990.5 -2.86205e-06 281972
787 -94090.5 -2.76188e-06 282271
788 -94190.4 -2.66404e-06 282571
789 -94290.3 -2.56754e-06 282871
790 -94390.3 -2.4721e-06 283171
791 -94490.2 -5.11543e-06 283471
792 -94590.4 -4.57044e-06 283771
793 -94690.5 -3.86368e-06 284072
794 -94790.7 -3.21568e-06 284372
795 -94890.8 -2.62719e-06 284672
796 -94990.9 -2.09795e-06 284973
797 -95091 -1.85732e-06 285273
798 -95191.1 -1.77632e-06 285573
799 -95291.2 -1.62073e-06 285874
800 -95391.3 -1.62101e-06 286174
801 -95491.3 -1.90411e-06 286474
802 -95591.3 -1.47015e-06 286774
803 -95691.3 -1.39842e-06 287074
804 -95791.3 -1.32851e-06 287374
805 -95891.3 -1.26009e-06 287674
806 -95991.3 -1.1937e-06 287974
807 -96091.2 -1.12935e-06 288274
808 -96191.2 -1.06628e-06 288574
809 -96291.2 -1.00554e-06 288874
810 -96391.1 -9.46147e-07 289173
811 -96491.1 -8.88911e-07 289473
812 -96591.1 -6.87108e-07 289773
813 -96691.2 -7.80996e-07 290074
814 -96791.3 -7.28753e-07 290374
815 -96891.4 -7.78413e-07 290674
816 -96991.5 -6.28786e-07 290974
817 -97091.5 -5.82124e-07 291275
818 -97191.6 -5.36893e-07 291575
819 -97291.6 -4.81923e-07 291875
820 -97391.9 -4.53124e-07 292176
821 -97492.1 -4.13396e-07 292476
822 -97592.3 -3.75596e-07 292777
823 -97692.6 -3.39361e-07 293078
824 -97792.8 -3.0513e-07 293378
825 -97893 -2.7271e-07 293679
826 -97993.2 -2.42034e-07 293980
827 -98093.4 -2.1305e-07 294280
828 -98193.6 -2.13422e-07 294581
829 -98293.7 -1.99776e-07 294881
830 -98393.9 -1.9961e-07 295182
831 -98494 -2.00218e-07 295482
832 -98594.2 -1.99841e-07 295783
833 -98694.3 -2.00395e-07 296083
834 -98794.4 -2.0013e-07 296383
835 -98894.5 -2.00241e-07 296684
836 -98994.7 -2.00328e-07 296984
837 -99094.8 -2.00562e-07 297284
838 -99194.8 -2.00718e-07 297585
839 -99295 -1.62762e-07 297885
840 -99395.1 -2.01254e-07 298185
841 -99495.3 -2.01123e-07 298486
842 -99595.5 -2.01206e-07 298786
843 -99695.7 -1.92756e-07 299087
844 -99795.8 -2.01331e-07 299387
845 -99896 -2.01417e-07 299688
846 -99996.2 -2.01351e-07 299989
847 -100096 -2.01201e-07 300289
848 -100196 -2.01603e-07 300589
849 -100297 -2.01822e-07 300890
850 -100397 -7.17722e-07 301191
851 -100497 -6.31562e-07 301492
852 -100598 -4.19476e-07 301793
853 -100698 -2.79277e-07 302095
854 -100799 -2.01681e-07 302396
855 -100899 -2.01779e-07 302697
856 -101000 -2.01759e-07 302999
857 -101100 -2.01986e-07 303300
858 -101200 -2.02028e-07 303601
859 -101301 -2.01986e-07 303902
860 -101401 -2.02269e-07 304204
861 -101502 -2.01907e-07 304505
862 -101602 -2.02014e-07 304806
863 -101702 -2.02126e-07 305107
864 -101803 -2.0236e-07 305408
865 -101903 -1.93428e-07 305710
866 -102004 -2.02892e-07 306011
867 -102104 -2.03241e-07 306312
868 -102205 -2.02993e-07 306614
869 -102305 -2.03312e-07 306915
870 -102405 -2.03285e-07 307216
871 -102506 -2.03568e-07 307517
872 -102606 -2.03451e-07 307818
873 -102707 -2.03437e-07 308120
874 -102807 -2.03544e-07 308421
875 -102907 -2.0367e-07 308722
876 -103008 -2.03865e-07 309023
877 -103108 -2.03885e-07 309324
878 -103208 -2.03537e-07 309625
879 -103309 -2.03841e-07 309926
880 -103409 -2.03841e-07 310227
881 -103509 -2.04051e-07 310528
882 -103610 -2.03555e-07 310829
883 -103710 -2.19498e-06 311130
884 -103811 -2.56787e-06 311432
885 -103911 -2.48768e-06 311733
886 -104012 -2.40908e-06 312035
887 -104112 -2.33156e-06 312336
888 -104213 -2.25534e-06 312638
889 -104313 -2.18085e-06 312939
890 -104413 -2.1072e-06 313240
891 -104514 -2.0196e-06 313542
892 -104614 -1.74554e-06 313843
893 -104715 -1.89679e-06 314145
894 -104815 -1.8285e-06 314446
895 -104916 -1.5207e-06 314748
896 -105017 -1.69819e-06 315050
897 -105117 -1.63328e-06 315352
898 -105218 -1.56862e-06 315654
899 -105319 -1.50639e-06 315956
900 -105419 -1.44484e-06 316258
901 -105520 -1.3848e-06 316560
902 -105621 -1.32595e-06 316862
903 -105721 -1.26789e-06 317164
904 -105822 -1.21121e-06 317466
905 -105923 -1.15683e-06 317768
906 -106023 -1.10283e-06 318069
907 -106124 -1.05026e-06 318371
908 -106224 -9.99313e-07 318673
909 -106325 -9.49015e-07 318975
910 -106425 -1.25151e-06 319276
911 -106526 -8.50701e-07 319578
912 -106627 -8.05115e-07 319880
913 -106727 -7.60345e-07 320181
914 -106828 -7.16818e-07 320483
915 -106928 -6.74767e-07 320784
916 -107029 -6.46926e-07 321086
917 -107129 -6.21795e-07 321387
918 -107230 -5.82625e-07 321689
919 -107330 -4.94188e-07 321991
920 -107431 -5.05709e-07 322293
921 -107531 -4.69854e-07 322594
922 -107632 -3.35935e-07 322896
923 -107733 -4.03789e-07 323198
924 -107833 -3.76195e-07 323500
925 -107934 -3.45903e-07 323802
926 -108035 -3.16437e-07 324104
927 -108135 -2.88423e-07 324406
928 -108236 -2.62133e-07 324708
929 -108337 -2.36361e-07 325010
930 -108437 -2.27195e-07 325311
931 -108538 -2.19551e-07 325613
932 -108638 -2.20007e-07 325915
933 -108739 -2.1969e-07 326217
934 -108839 -2.20098e-07 326518
935 -108940 -2.19902e-07 326820
936 -109040 -2.19706e-07 327121
937 -109141 -2.20555e-07 327423
938 -109241 -2.20467e-07 327724
939 -109342 -2.2028e-07 328026
940 -109443 -2.20047e-07 328328
941 -109543 -2.20401e-07 328629
942 -109643 -2.20184e-07 328930
943 -109744 -1.88629e-07 329232
944 -109845 -2.20693e-07 329534
945 -109945 -2.20854e-07 329835
946 -110046 -2.02219e-07 330137
947 -110146 -2.20959e-07 330439
948 -110247 -2.21187e-07 330741
949 -110347 -2.21203e-07 331042
950 -110448 -2.21199e-07 331344
951 -110548 -2.21457e-07 331645
952 -110649 -2.21215e-07 331947
953 -110750 -1.99968e-07 332249
954 -110850 -2.22011e-07 332550
955 -110951 -2.21845e-07 332852
956 -111051 -2.21473e-07 333154
957 -111152 -2.22195e-07 333456
958 -111253 -1.8732e-07 333758
959 -111353 -2.2247e-07 334060
960 -111454 -2.22533e-07 334362
961 -111555 -2.23541e-07 334664
962 -111655 -2.40931e-07 334966
963 -111756 -2.41393e-07 335268
964 -111857 -2.4152e-07 335570
965 -111957 -2.41015e-07 335872
966 -112058 -2.40894e-07 336174
967 -112159 -2.4095e-07 336476
968 -112259 -2.41231e-07 336777
969 -112360 -2.4147e-07 337079
970 -112460 -2.41545e-07 337381
971 -112561 -2.41444e-07 337683
972 -112662 -2.41098e-07 337985
973 -112762 -2.41483e-07 338287
974 -112863 -2.41562e-07 338588
975 -112963 -2.41706e-07 338890
976 -113064 -2.41588e-07 339192
977 -113164 -2.41767e-07 339493
978 -113265 -2.41815e-07 339795
979 -113366 -2.41734e-07 340097
980 -113466 -2.42072e-07 340398
981 -113567 -2.41784e-07 340700
982 -113667 -2.41983e-07 341001
983 -113768 -2.42008e-07 341303
984 -113868 -2.415e-07 341604
985 -113969 -2.41887e-07 341906
986 -114069 -2.41619e-07 342207
987 -114169 -2.42561e-07 342508
988 -114270 -1.82358e-07 342810
989 -114371 -2.42563e-07 343112
990 -114471 -2.42269e-07 343413
991 -114572 -2.42344e-07 343715
992 -114672 -2.42416e-07 344016
993 -114773 -2.42157e-07 344318
994 -114873 -2.42442e-07 344619
995 -114973 -2.42589e-07 344920
996 -115074 -2.42783e-07 345222
997 -115174 -2.3626e-07 345523
998 -115275 -1.68701e-08 345825
999 -115376 -3.66233e-07 346128
1000 -115477 -3.66122e-07 346430
1001 -115577 -2.795e-07 346732
1002 -115678 -3.66472e-07 347034
1003 -115779 -3.66664e-07 347337
1004 -115880 -3.66224e-07 347639
1005 -115981 -3.65803e-07 347942
1006 -116081 -3.65712e-07 348244
1007 -116182 -3.55139e-07 348547
1008 -116283 -3.81394e-07 348849
1009 -116384 -3.89422e-07 349151
1010 -116485 -3.89224e-07 349454
1011 -116585 -3.89155e-07 349756
1012 -116686 -3.88462e-07 350058
1013 -116787 -3.87797e-07 350361
1014 -116888 -3.8815e-07 350663
1015 -116988 -3.87476e-07 350965
1016 -117089 -3.87509e-07 351267
1017 -117190 -3.8677e-07 351569
1018 -117291 -3.86647e-07 351872
1019 -117391 -3.86321e-07 352174
1020 -117492 -3.85958e-07 352476
1021 -117593 -3.85972e-07 352778
1022 -117693 -2.08062e-06 353080
1023 -117794 -2.02209e-06 353382
1024 -117895 -1.96288e-06 353684
1025 -117995 -1.8274e-06 353986
1026 -118096 -1.85126e-06 354288
1027 -118197 -1.15795e-06 354590
1028 -118298 -1.74711e-06 354893
1029 -118399 -1.69238e-06 355196
1030 -118499 -1.63918e-06 355498
1031 -118600 -1.5869e-06 355801
1032 -118701 -1.53485e-06 356103
1033 -118802 -1.48398e-06 356405
1034 -118903 -1.43405e-06 356708
1035 -119003 -1.38425e-06 357010
1036 -119104 -1.33634e-06 357313
1037 -119205 -1.28884e-06 357615
1038 -119306 -1.24229e-06 357917
1039 -119407 -1.1965e-06 358220
1040 -119507 -1.15151e-06 358522
1041 -119608 -1.10701e-06 358824
1042 -119709 -1.06387e-06 359126
1043 -119810 -1.0218e-06 359429
1044 -119910 -9.79892e-07 359731
1045 -120011 -9.39658e-07 360033
1046 -120112 -8.99827e-07 360335
1047 -120212 -8.61276e-07 360637
1048 -120313 -6.01775e-07 360939
1049 -120414 -7.87568e-07 361242
1050 -120515 -7.51567e-07 361544
1051 -120616 -7.15798e-07 361847
1052 -120716 -6.81022e-07 362149
1053 -120817 -6.47445e-07 362451
1054 -120918 -6.1418e-07 362754
1055 -121019 -5.91293e-07 363056
1056 -121119 -5.82284e-07 363358
1057 -121220 -3.72719e-07 363661
1058 -121321 -5.22213e-07 363963
1059 -121422 -1.04666e-07 364266
1060 -121523 -4.65015e-07 364569
1061 -121624 -4.37395e-07 364872
1062 -121725 -4.10335e-07 365175
1063 -121826 -4.10198e-07 365478
1064 -121927 -3.96632e-07 365780
1065 -122028 -3.96564e-07 366083
1066 -122129 -3.28256e-07 366386
1067 -122230 -3.96167e-07 366689
1068 -122331 -3.95958e-07 366992
1069 -122431 -3.96438e-07 367294
1070 -122532 -3.96012e-07 367597
1071 -122633 -3.96176e-07 367900
1072 -122734 -3.95364e-07 368203
1073 -122835 -3.95668e-07 368505
1074 -122936 -3.95459e-07 368808
1075 -123037 -3.95256e-07 369111
1076 -123138 -3.94937e-07 369413
1077 -123239 -3.65627e-07 369716
1078 -123340 -3.94213e-07 370019
1079 -123440 -4.30518e-07 370321
1080 -123541 -3.93198e-07 370624
1081 -123642 -3.93342e-07 370926
1082 -123743 -3.93182e-07 371229
1083 -123844 -3.92612e-07 371531
1084 -123945 -3.92424e-07 371834
1085 -124045 -3.92424e-07 372136
1086 -124146 -3.92057e-07 372438
1087 -124247 -3.91611e-07 372741
1088 -124348 -3.99169e-07 373043
1089 -124448 -5.24414e-07 373345
1090 -124549 -5.23639e-07 373647
1091 -124650 -5.22789e-07 373950
1092 -124751 -5.22192e-07 374252
1093 -124851 -1.82472e-07 374554
1094 -124952 -5.2302e-07 374856
1095 -125053 -5.22559e-07 375159
1096 -125154 -5.21749e-07 375461
1097 -125255 -5.20789e-07 375764
1098 -125355 -5.20328e-07 376066
1099 -125456 -5.20177e-07 376368
1100 -125557 -3.5235e-07 376671
1101 -125658 -5.19748e-07 376974
1102 -125759 -5.19426e-07 377276
1103 -125860 -5.18762e-07 377579
1104 -125960 -5.42536e-07 377881
1105 -126061 -5.49695e-07 378184
1106 -126162 -5.49173e-07 378486
1107 -126263 -5.48543e-07 378789
1108 -126364 -5.47739e-07 379091
1109 -126465 -5.46826e-07 379394
1110 -126565 -5.46257e-07 379696
1111 -126666 -4.09164e-07 379998
1112 -126767 -5.45695e-07 380301
1113 -126868 -5.44781e-07 380603
1114 -126969 -5.44282e-07 380906
1115 -127069 -5.43907e-07 381208
1116 -127170 -5.42962e-07 381511
1117 -127271 -5.42536e-07 381813
1118 -127372 -5.42165e-07 382115
1119 -127472 -5.41188e-07 382417
1120 -127573 -5.40596e-07 382720
1121 -127674 -5.40077e-07 383022
1122 -127775 -5.38843e-07 383324
1123 -127875 -5.38998e-07 383626
1124 -127976 -4.54919e-07 383928
1125 -128077 -5.38513e-07 384231
1126 -128178 -5.37173e-07 384533
1127 -128279 -5.36905e-07 384836
1128 -128379 -5.36384e-07 385138
1129 -128480 -5.35761e-07 385440
1130 -128581 -1.63862e-07 385743
1131 -128682 -5.36503e-07 386045
1132 -128783 -5.35968e-07 386348
1133 -128884 -5.35002e-07 386651
1134 -128984 -5.34456e-07 386953
1135 -129085 -5.34005e-07 387256
1136 -129186 -5.33255e-07 387558
1137 -129287 -5.32535e-07 387861
1138 -129388 -5.3227e-07 388163
1139 -129489 -5.3145e-07 388466
1140 -129589 -5.30336e-07 388768
1141 -129690 -5.30517e-07 389070
1142 -129791 -5.32448e-07 389373
1143 -129892 -5.31461e-07 389675
1144 -129992 -5.31923e-07 389977
1145 -130093 -5.30539e-07 390279
1146 -130194 -5.29858e-07 390582
1147 -130295 -5.29401e-07 390884
1148 -130395 -5.28935e-07 391186
1149 -130496 -5.27712e-07 391488
1150 -130597 -5.27179e-07 391790
1151 -130697 -5.26836e-07 392092
1152 -130798 -5.43575e-07 392394
1153 -130899 -5.25243e-07 392696
1154 -130999 -5.51218e-07 392998
1155 -131100 -5.57699e-07 393300
1156 -131201 -5.57118e-07 393602
1157 -131301 -3.9958e-07 393904
1158 -131402 -5.57507e-07 394206
1159 -131503 -5.10884e-07 394508
1160 -131603 -5.56488e-07 394810
1161 -131704 -5.55638e-07 395112
1162 -131805 -5.55199e-07 395415
1163 -131906 -5.55058e-07 395717
1164 -132006 -5.54302e-07 396019
1165 -132107 -5.53135e-07 396321
1166 -132208 -5.51898e-07 396623
1167 -132308 -5.51811e-07 396925
1168 -132409 -5.50808e-07 397227
1169 -132510 -5.50684e-07 397529
1170 -132610 -1.90405e-07 397831
1171 -132711 -5.50622e-07 398133
1172 -132812 -5.4966e-07 398436
1173 -132913 -5.49367e-07 398738
1174 -133013 -5.48285e-07 399040
1175 -133114 -5.47803e-07 399342
1176 -133215 -5.468e-07 399644
1177 -133315 -5.46438e-07 399946
1178 -133416 -5.45905e-07 400248
1179 -133517 -5.4526e-07 400550
1180 -133617 -5.4448e-07 400852
1181 -133718 -5.43673e-07 401154
1182 -133819 -5.43021e-07 401456
1183 -133919 -5.42292e-07 401758
1184 -134020 -5.41981e-07 402060
1185 -134121 -5.40636e-07 402362
1186 -134221 -5.39984e-07 402664
1187 -134322 -5.39367e-07 402965
1188 -134422 -5.38441e-07 403267
1189 -134523 -5.3825e-07 403569
1190 -134623 -5.37453e-07 403870
1191 -134724 -5.36708e-07 404172
1192 -134825 -5.35825e-07 404474
1193 -134925 -5.35661e-07 404775
1194 -135026 -5.34138e-07 405077
1195 -135126 -5.33786e-07 405378
1196 -135227 -5.32674e-07 405680
1197 -135327 -5.32321e-07 405981
1198 -135428 -5.3178e-07 406283
1199 -135528 -5.30985e-07 406584
1200 -135629 -5.29786e-07 406886
1201 -135729 -4.94505e-07 407187
1202 -135830 -6.58874e-07 407489
1203 -135930 -6.57829e-07 407790
1204 -136030 -6.5657e-07 408091
1205 -136131 -6.64645e-07 408393
1206 -136231 -6.93612e-07 408694
1207 -136332 -6.92505e-07 408996
1208 -136432 -6.91442e-07 409297
1209 -136533 -6.90432e-07 409598
1210 -136633 -6.88865e-07 409899
1211 -136734 -1.76582e-06 410201
1212 -136834 -1.72325e-06 410502
1213 -136934 -1.2268e-06 410803
1214 -137035 -1.64559e-06 411105
1215 -137135 -1.60462e-06 411406
1216 -137236 -1.56331e-06 411708
1217 -137336 -1.52312e-06 412009
1218 -137437 -1.4838e-06 412311
1219 -137537 -1.44448e-06 412612
1220 -137638 -1.40627e-06 412913
1221 -137738 -1.2607e-06 413215
1222 -137839 -1.33371e-06 413516
1223 -137939 -1.29676e-06 413818
1224 -138040 -1.26063e-06 414119
1225 -138140 -1.22432e-06 414421
1226 -138241 -1.18957e-06 414722
1227 -138341 -1.13254e-06 415024
1228 -138442 -1.12018e-06 415325
1229 -138542 -1.08598e-06 415627
1230 -138643 -1.05249e-06 415928
1231 -138743 -1.0198e-06 416229
1232 -138843 -9.88032e-07 416530
1233 -138944 -9.56095e-07 416832
1234 -139044 -9.25328e-07 417133
1235 -139145 -8.94459e-07 417434
1236 -139245 -8.64723e-07 417735
1237 -139345 -8.34503e-07 418036
1238 -139446 -8.05247e-07 418337
1239 -139546 -7.77495e-07 418638
1240 -139646 -7.50095e-07 418939
1241 -139747 -7.22666e-07 419240
1242 -139847 -6.95755e-07 419541
1243 -139947 -6.69252e-07 419842
1244 -140048 -6.43952e-07 420143
1245 -140148 -6.6238e-07 420444
1246 -140248 -6.38898e-07 420745
1247 -140349 -5.26422e-07 421046
1248 -140449 -5.25117e-07 421346
1249 -140549 -5.24852e-07 421647
1250 -140649 -4.43635e-07 421948
1251 -140749 -5.2316e-07 422248
1252 -140850 -5.22642e-07 422549
1253 -140950 -5.21434e-07 422850
1254 -141050 -5.20433e-07 423150
1255 -141150 -5.19169e-07 423451
1256 -141250 -5.18451e-07 423751
1257 -141351 -5.17595e-07 424052
1258 -141451 -5.16457e-07 424352
1259 -141551 -5.42631e-07 424653
1260 -141651 -5.49961e-07 424953
1261 -141751 -2.42497e-07 425253
1262 -141851 -5.48452e-07 425554
1263 -141952 -5.47809e-07 425855
1264 -142052 -5.46368e-07 426155
1265 -142152 -5.45842e-07 426456
1266 -142252 -5.44356e-07 426756
1267 -142352 -5.43196e-07 427056
1268 -142452 -5.42278e-07 427357
1269 -142552 -5.41203e-07 427657
1270 -142652 -5.39896e-07 427957
1271 -142753 -5.38272e-07 428258
1272 -142853 -4.93328e-07 428558
1273 -142953 -5.36867e-07 428858
1274 -143053 -5.36279e-07 429159
1275 -143153 -5.34915e-07 429459
1276 -143253 -5.33413e-07 429759
1277 -143353 -5.3292e-07 430059
1278 -143453 -5.31226e-07 430359
1279 -143553 -5.30407e-07 430659
1280 -143653 -5.2903e-07 430959
1281 -143753 -5.27684e-07 431259
1282 -143853 -5.26696e-07 431559
1283 -143953 -5.25163e-07 431859
1284 -144053 -5.24444e-07 432159
1285 -144153 -5.23215e-07 432459
1286 -144253 -5.21638e-07 432759
1287 -144353 -5.21008e-07 433059
1288 -144453 -5.19748e-07 433359
1289 -144553 -5.17918e-07 433658
1290 -144653 -1.69539e-07 433958
1291 -144753 -5.17503e-07 434258
1292 -144853 -5.15947e-07 434558
1293 -144953 -4.85013e-07 434858
1294 -145053 -5.14784e-07 435158
1295 -145153 -5.13488e-07 435458
1296 -145253 -5.1229e-07 435758
1297 -145353 -5.10485e-07 436058
1298 -145453 -5.09407e-07 436358
1299 -145553 -5.08526e-07 436658
1300 -145653 -5.06669e-07 436958
1301 -145752 -5.05736e-07 437257
1302 -145852 -5.04093e-07 437557
1303 -145952 -5.03463e-07 437857
1304 -146052 -5.01917e-07 438156
1305 -146152 -5.00468e-07 438456
1306 -146252 -4.99753e-07 438756
1307 -146352 -4.98156e-07 439055
1308 -146452 -4.96807e-07 439355
1309 -146551 -4.95357e-07 439654
1310 -146651 -4.94139e-07 439954
1311 -146751 -4.92959e-07 440253
1312 -146851 -4.91593e-07 440553
1313 -146951 -2.38802e-07 440852
1314 -147051 -4.935e-07 441152
1315 -147150 -5.23106e-07 441451
1316 -147250 -5.20699e-07 441751
1317 -147350 -5.19734e-07 442050
1318 -147450 -5.18339e-07 442349
1319 -147550 -5.16555e-07 442649
1320 -147649 -5.15001e-07 442948
1321 -147749 -5.13609e-07 443247
1322 -147849 -5.12545e-07 443547
1323 -147949 -5.10521e-07 443846
1324 -148048 -5.08861e-07 444145
1325 -148148 -5.07233e-07 444444
1326 -148248 -5.06316e-07 444743
1327 -148347 -5.04813e-07 445042
1328 -148447 -5.03026e-07 445341
1329 -148547 -5.01427e-07 445640
1330 -148646 -4.99907e-07 445939
1331 -148746 -4.97875e-07 446238
1332 -148846 -4.96931e-07 446537
1333 -148945 -4.95085e-07 446836
1334 -149045 -4.93005e-07 447134
1335 -149144 -4.91845e-07 447433
1336 -149244 -4.90284e-07 447732
1337 -149343 -4.88174e-07 448030
1338 -149443 -4.53191e-07 448329
1339 -149543 -4.85574e-07 448628
1340 -149642 -4.83855e-07 448926
1341 -149742 -4.82044e-07 449225
1342 -149841 -5.05202e-07 449523
1343 -149941 -5.70195e-07 449822
1344 -150040 -5.68138e-07 450120
1345 -150140 -5.6624e-07 450419
1346 -150239 -5.63692e-07 450717
1347 -150338 -5.61557e-07 451015
1348 -150438 -5.59423e-07 451313
1349 -150537 -5.57395e-07 451611
1350 -150637 -5.55158e-07 451910
1351 -150736 -5.53138e-07 452208
1352 -150835 -5.50585e-07 452506
1353 -150935 -5.48294e-07 452804
1354 -151034 -5.46133e-07 453102
1355 -151133 -5.43684e-07 453400
1356 -151232 -5.41929e-07 453697
1357 -151332 -5.39332e-07 453995
1358 -151431 -4.24325e-07 454293
1359 -151530 -5.35789e-07 454591
1360 -151630 -5.33511e-07 454889
1361 -151729 -5.31215e-07 455186
1362 -151828 -5.28707e-07 455484
1363 -151927 -5.2704e-07 455782
1364 -152026 -5.24235e-07 456079
1365 -152126 -5.2193e-07 456377
1366 -152225 -5.19531e-07 456674
1367 -152324 -5.16884e-07 456972
1368 -152423 -5.15641e-07 457269
1369 -152522 -5.12715e-07 457566
1370 -152621 -3.48013e-07 457864
1371 -152720 -5.09167e-07 458161
1372 -152820 -5.06218e-07 458459
1373 -152919 -5.32082e-07 458756
1374 -153018 -5.33962e-07 459053
1375 -153117 -4.19128e-07 459351
1376 -153216 -5.30174e-07 459648
1377 -153315 -5.27868e-07 459946
1378 -153414 -5.24752e-07 460243
1379 -153513 -5.22224e-07 460540
1380 -153613 -5.10826e-07 460838
1381 -153712 -5.17118e-07 461135
1382 -153811 -5.14045e-07 461432
1383 -153910 -5.11624e-07 461729
1384 -154009 -5.08871e-07 462026
1385 -154108 -5.05714e-07 462323
1386 -154207 -5.03493e-07 462620
1387 -154306 -5.00507e-07 462917
1388 -154405 -4.97805e-07 463214
1389 -154504 -4.9511e-07 463511
1390 -154603 -4.9241e-07 463808
1391 -154701 -4.89206e-07 464104
1392 -154800 -4.86459e-07 464401
1393 -154899 3.90442e-08 464698
1394 -154998 -4.82441e-07 464995
1395 -155097 -4.79224e-07 465291
1396 -155196 -4.76639e-07 465588
1397 -155295 -4.73539e-07 465885
1398 -155394 -4.70895e-07 466181
1399 -155493 -4.67651e-07 466478
1400 -155591 -3.07372e-07 466774
1401 -155690 -4.63596e-07 467071
1402 -155789 -4.60235e-07 467368
1403 -155888 -4.57273e-07 467664
1404 -155987 -4.54232e-07 467961
1405 -156086 -4.51166e-07 468258
1406 -156185 -4.47889e-07 468554
1407 -156284 -4.45278e-07 468851
1408 -156382 -4.42103e-07 469147
1409 -156481 -4.39192e-07 469443
1410 -156580 -4.36456e-07 469739
1411 -156679 -4.33441e-07 470036
1412 -156777 -4.11345e-07 470332
1413 -156876 -4.27929e-07 470628
1414 -156975 -4.23874e-07 470924
1415 -157073 -4.21091e-07 471220
1416 -157172 -4.17636e-07 471516
1417 -157271 -4.14876e-07 471812
1418 -157369 -4.11489e-07 472108
1419 -157468 -4.08223e-07 472404
1420 -157567 -4.04849e-07 472700
1421 -157665 -4.02121e-07 472996
1422 -157764 -3.98815e-07 473291
1423 -157862 -3.95038e-07 473587
1424 -157961 -3.91931e-07 473883
1425 -158059 -3.88738e-07 474178
1426 -158158 -3.85997e-07 474474
1427 -158256 -3.82149e-07 474769
1428 -158355 -3.78831e-07 475065
1429 -158453 -3.7607e-07 475360
1430 -158552 -3.72096e-07 475655
1431 -158650 -3.69193e-07 475950
1432 -158749 -3.6595e-07 476246
1433 -158847 -3.13631e-07 476541
1434 -158945 -3.72066e-07 476836
1435 -159044 -3.79486e-07 477131
1436 -159142 -3.75822e-07 477426
1437 -159240 -3.71974e-07 477721
1438 -159339 -3.68092e-07 478016
1439 -159437 -3.65257e-07 478311
1440 -159535 -3.55923e-07 478606
1441 -159634 -3.58501e-07 478901
1442 -159732 -3.53858e-07 479196
1443 -159830 -3.50462e-07 479491
1444 -159929 -3.46719e-07 479786
1445 -160027 -3.4272e-07 480081
1446 -160125 -3.38698e-07 480376
1447 -160223 -3.35396e-07 480670
1448 -160322 -3.31158e-07 480965
1449 -160420 -3.27519e-07 481259
1450 -160518 -3.23783e-07 481554
1451 -160616 -3.19266e-07 481848
1452 -160714 -3.15391e-07 482143
1453 -160812 -3.1082e-07 482437
1454 -160910 -3.0812e-07 482731
1455 -161009 -3.04194e-07 483026
1456 -161107 -2.99302e-07 483320
1457 -161205 -2.96097e-07 483614
1458 -161303 -2.9199e-07 483908
1459 -161401 -2.87688e-07 484202
1460 -161499 -2.84382e-07 484496
1461 -161597 -2.79547e-07 484790
1462 -161694 -2.75889e-07 485083
1463 -161792 -2.71475e-07 485377
1464 -161890 -2.67956e-07 485671
1465 -161988 -2.63247e-07 485964
1466 -162086 -2.5903e-07 486258
1467 -162184 -2.548e-07 486551
1468 -162281 -2.50704e-07 486844
1469 -162379 -1.15303e-07 487138
1470 -162477 -2.42915e-07 487431
1471 -162575 -2.38951e-07 487724
1472 -162673 -2.34164e-07 488018
1473 -162770 -2.30328e-07 488311
1474 -162868 -2.26461e-07 488604
1475 -162966 -2.22288e-07 488897
1476 -163063 -2.17654e-07 489190
1477 -163161 -2.13142e-07 489483
1478 -163259 -2.09463e-07 489776
1479 -163356 -2.05405e-07 490068
1480 -163454 -2.0033e-07 490361
1481 -163551 -1.45028e-07 490654
1482 -163649 -1.94232e-07 490946
1483 -163746 -1.89534e-07 491239
1484 -163844 -1.8514e-07 491531
1485 -163941 -9.9589e-08 491824
1486 -164039 -1.77082e-07 492116
1487 -164136 -1.72438e-07 492409
1488 -164234 -1.68262e-07 492701
1489 -164331 -1.64235e-07 492993
1490 -164429 -1.59866e-07 493286
1491 -164526 -2.4737e-07 493578
1492 -164623 -2.35562e-07 493870
1493 -164721 -2.2373e-07 494162
1494 -164818 -2.12406e-07 494454
1495 -164915 -2.02564e-07 494746
1496 -165012 -1.88171e-07 495037
1497 -165110 -1.80794e-07 495329
1498 -165207 -1.71614e-07 495621
1499 -165304 -1.6557e-07 495912
1500 -165401 -1.59253e-07 496204
1501 -165498 -1.49906e-07 496495
1502 -165596 -1.40353e-07 496787
1503 -165693 -1.31605e-07 497078
1504 -165790 -9.99352e-08 497369
1505 -165887 -1.14259e-07 497660
1506 -165984 -1.07105e-07 497952
1507 -166081 -9.84818e-08 498243
1508 -166178 -9.12907e-08 498534
1509 -166275 -8.3863e-08 498825
1510 -166372 -7.74305e-08 499116
1511 -166469 -7.08748e-08 499406
1512 -166566 -6.44233e-08 499697
1513 -166663 -5.883e-08 499988
1514 -166759 5.12301e-07 500278
1515 -166856 -4.86413e-08 500569
1516 -166953 -4.26876e-08 500859
1517 -167050 -3.83613e-08 501149
1518 -167147 -3.29806e-08 501440
1519 -167243 -2.82794e-08 501730
1520 -167340 -2.34115e-08 502020
1521 -167437 -1.83751e-08 502310
1522 -167533 -1.30486e-08 502600
1523 -167630 -8.38979e-09 502890
1524 -167726 -3.46005e-09 503179
1525 -167823 1.82056e-09 503469
1526 -167920 7.05161e-09 503759
1527 -168016 1.17606e-08 504048
1528 -168112 1.72338e-08 504337
1529 -168209 2.13159e-08 504627
1530 -168305 2.7925e-08 504916
1531 -168402 4.2248e-08 505205
1532 -168498 4.62307e-08 505494
1533 -168594 5.34561e-08 505783
1534 -168691 5.97316e-08 506072
1535 -168787 6.52238e-08 506361
1536 -168883 7.08683e-08 506650
1537 -168979 7.67504e-08 506938
1538 -169076 8.2747e-08 507227
1539 -169172 8.8359e-08 507515
1540 -169268 9.41062e-08 507804
1541 -169364 9.94278e-08 508092
1542 -169460 1.05323e-07 508380
1543 -169556 1.11427e-07 508668
1544 -169652 1.17311e-07 508956
1545 -169748 1.22993e-07 509244
1546 -169844 1.28732e-07 509532
1547 -169940 1.34776e-07 509819
1548 -170036 1.40667e-07 510107
1549 -170131 1.46564e-07 510394
1550 -170227 1.5219e-07 510682
1551 -170323 1.58364e-07 510969
1552 -170419 1.6381e-07 511256
1553 -170514 1.69738e-07 511543
1554 -170610 1.75501e-07 511830
1555 -170706 1.8129e-07 512117
1556 -170801 1.86607e-07 512404
1557 -170897 1.9225e-07 512690
1558 -170992 1.98248e-07 512977
1559 -171088 2.04401e-07 513263
1560 -171183 2.10033e-07 513549
1561 -171279 2.1583e-07 513836
1562 -171374 2.2168e-07 514122
1563 -171469 1.92829e-07 514408
1564 -171564 1.9817e-07 514693
1565 -171660 2.02798e-07 514979
1566 -171755 2.08686e-07 515265
1567 -171850 2.137e-07 515550
1568 -171945 2.18031e-07 515836
1569 -172040 2.39501e-07 516121
1570 -172135 2.48466e-07 516406
1571 -172230 2.53972e-07 516691
1572 -172325 2.59686e-07 516976
1573 -172420 2.64461e-07 517261
1574 -172515 2.6981e-07 517545
1575 -172610 2.75058e-07 517830
1576 -172705 2.79873e-07 518114
1577 -172800 2.85171e-07 518399
1578 -172894 2.9035e-07 518683
1579 -172989 4.22199e-07 518967
1580 -173084 3.01265e-07 519251
1581 -173178 3.06518e-07 519535
1582 -173273 3.11624e-07 519819
1583 -173367 3.1718e-07 520102
1584 -173462 1.87983e-07 520386
1585 -173557 2.37652e-07 520670
1586 -173651 3.33177e-07 520953
1587 -173746 3.38614e-07 521237
1588 -173840 3.42781e-07 521520
1589 -173935 3.48088e-07 521804
1590 -174029 3.52975e-07 522087
1591 -174123 3.57807e-07 522370
1592 -174218 3.62683e-07 522653
1593 -174312 3.06746e-07 522935
1594 -174406 3.72895e-07 523218
1595 -174500 3.78067e-07 523501
1596 -174594 3.8296e-07 523783
1597 -174688 3.8749e-07 524065
1598 -174783 3.92672e-07 524348
1599 -174877 3.97197e-07 524630
1600 -174970 4.0189e-07 524911
1601 -175064 4.06369e-07 525193
1602 -175158 4.107e-07 525475
1603 -175252 4.15924e-07 525756
1604 -175346 4.20611e-07 526038
1605 -175440 4.24738e-07 526319
1606 -175533 4.29514e-07 526600
1607 -175627 4.34412e-07 526881
1608 -175720 4.39061e-07 527161
1609 -175814 6.56216e-07 527442
1610 -175908 4.44965e-07 527723
1611 -176001 4.48851e-07 528003
1612 -176094 4.53795e-07 528283
1613 -176188 4.58497e-07 528563
1614 -176281 4.6293e-07 528843
1615 -176374 4.66765e-07 529123
1616 -176468 4.71768e-07 529403
1617 -176561 4.75785e-07 529682
1618 -176654 4.79737e-07 529961
1619 -176747 4.84192e-07 530241
1620 -176840 4.87825e-07 530520
1621 -176933 4.92845e-07 530799
1622 -177026 4.96581e-07 531077
1623 -177119 5.00597e-07 531356
1624 -177211 5.05121e-07 531634
1625 -177304 5.08992e-07 531913
1626 -177397 5.13247e-07 532191
1627 -177490 5.17008e-07 532469
1628 -177582 5.21406e-07 532747
1629 -177675 5.25302e-07 533024
1630 -177767 5.29051e-07 533302
1631 -177860 5.3308e-07 533579
1632 -177952 5.36668e-07 533856
1633 -178044 5.40962e-07 534133
1634 -178137 5.44044e-07 534410
1635 -178229 5.48779e-07 534687
1636 -178321 5.52624e-07 534963
1637 -178413 5.56231e-07 535240
1638 -178505 5.60021e-07 535516
1639 -178597 5.63952e-07 535792
1640 -178689 5.66868e-07 536068
1641 -178781 5.70512e-07 536344
1642 -178873 5.73765e-07 536619
1643 -178965 5.2436e-07 536895
1644 -179057 5.81593e-07 537170
1645 -179148 6.21444e-07 537445
1646 -179240 6.39725e-07 537720
1647 -179332 6.44099e-07 537995
1648 -179423 6.47137e-07 538270
1649 -179515 6.50842e-07 538544
1650 -179606 6.54454e-07 538819
1651 -179698 6.57995e-07 539093
1652 -179789 6.61492e-07 539367
1653 -179880 6.65181e-07 539640
1654 -179971 6.68864e-07 539914
1655 -180063 6.72317e-07 540188
1656 -180154 1.14742e-06 540461
1657 -180245 6.76393e-07 540734
1658 -180336 6.79978e-07 541007
1659 -180427 6.82646e-07 541280
1660 -180518 6.86616e-07 541553
1661 -180608 6.89309e-07 541825
1662 -180699 6.92932e-07 542098
1663 -180790 6.96129e-07 542370
1664 -180881 6.98661e-07 542642
1665 -180971 7.01734e-07 542914
1666 -181062 7.05554e-07 543185
1667 -181152 7.08195e-07 543457
1668 -181243 7.1166e-07 543728
1669 -181333 7.14322e-07 543999
1670 -181423 7.17013e-07 544270
1671 -181514 7.20058e-07 544541
1672 -181604 7.23393e-07 544811
1673 -181694 7.25707e-07 545081
1674 -181784 7.28812e-07 545352
1675 -181874 7.31899e-07 545622
1676 -181964 4.95814e-07 545891
1677 -182054 7.38349e-07 546161
1678 -182144 7.41144e-07 546431
1679 -182233 7.42965e-07 546700
1680 -182323 7.46255e-07 546969
1681 -182413 7.49245e-07 547238
1682 -182502 7.50962e-07 547507
1683 -182592 7.54285e-07 547775
1684 -182681 7.56631e-07 548043
1685 -182771 7.59268e-07 548312
1686 -182860 7.61556e-07 548580
1687 -182949 7.64485e-07 548847
1688 -183038 7.6682e-07 549115
1689 -183127 7.69735e-07 549382
1690 -183216 7.71987e-07 549649
1691 -183305 7.74521e-07 549916
1692 -183394 7.76715e-07 550183
1693 -183483 7.79347e-07 550450
1694 -183572 7.81647e-07 550716
1695 -183661 7.84099e-07 550982
1696 -183749 7.90622e-07 551248
1697 -183838 7.8763e-07 551514
1698 -183926 7.89886e-07 551779
1699 -184015 7.92646e-07 552044
1700 -184103 7.94965e-07 552310
1701 -184191 7.97127e-07 552574
1702 -184280 7.99408e-07 552839
1703 -184368 8.01215e-07 553104
1704 -184456 8.03465e-07 553368
1705 -184544 8.0591e-07 553632
1706 -184632 8.07508e-07 553896
1707 -184720 8.1018e-07 554159
1708 -184808 7.80947e-07 554423
1709 -184895 6.49741e-07 554686
1710 -184983 8.17418e-07 554949
1711 -185071 8.19682e-07 555212
1712 -185158 8.2127e-07 555475
1713 -185246 9.06071e-07 555738
1714 -185333 8.272e-07 556000
1715 -185421 8.29218e-07 556262
1716 -185508 8.31739e-07 556524
1717 -185595 8.33775e-07 556786
1718 -185683 8.35382e-07 557048
1719 -185770 8.37266e-07 557309
1720 -185857 8.39352e-07 557570
1721 -185944 8.41355e-07 557831
1722 -186031 8.43052e-07 558092
1723 -186118 1.15088e-06 558353
1724 -186204 8.46224e-07 558613
1725 -186291 8.47853e-07 558873
1726 -186378 8.50303e-07 559133
1727 -186464 8.51918e-07 559393
1728 -186551 8.53728e-07 559652
1729 -186637 8.5498e-07 559911
1730 -186723 8.95737e-07 560170
1731 -186810 9.32234e-07 560429
1732 -186896 9.34457e-07 560688
1733 -186982 9.35917e-07 560946
1734 -187068 9.38263e-07 561204
1735 -187154 9.39419e-07 561462
1736 -187240 9.41074e-07 561720
1737 -187326 9.42908e-07 561977
1738 -187411 9.45025e-07 562234
1739 -187497 9.46927e-07 562491
1740 -187583 9.49364e-07 562748
1741 -187668 9.50249e-07 563005
1742 -187754 9.52375e-07 563261
1743 -187839 9.54361e-07 563517
1744 -187924 9.55678e-07 563773
1745 -188009 9.57699e-07 564028
1746 -188095 9.5997e-07 564284
1747 -188180 9.61666e-07 564539
1748 -188265 9.63231e-07 564794
1749 -188349 9.64793e-07 565048
1750 -188434 9.66169e-07 565303
1751 -188519 9.68431e-07 565557
1752 -188604 9.70365e-07 565811
1753 -188688 9.71879e-07 566065
1754 -188773 9.73771e-07 566318
1755 -188857 -6.31175e-07 566571
1756 -188941 9.92308e-07 566824
1757 -189026 9.94189e-07 567077
1758 -189110 9.95353e-07 567329
1759 -189194 9.9676e-07 567581
1760 -189278 9.98503e-07 567833
1761 -189362 9.99834e-07 568085
1762 -189446 1.0011e-06 568337
1763 -189529 1.00265e-06 568588
1764 -189613 1.00432e-06 568839
1765 -189696 1.00562e-06 569089
1766 -189780 1.00719e-06 569340
1767 -189863 1.00854e-06 569590
1768 -189947 1.0093e-06 569840
1769 -190030 1.01141e-06 570090
1770 -190113 1.01227e-06 570339
1771 -190196 1.01428e-06 570589
1772 -190279 1.01547e-06 570838
1773 -190362 1.01738e-06 571086
1774 -190445 1.01832e-06 571335
1775 -190528 1.01951e-06 571583
1776 -190610 1.02145e-06 571831
1777 -190693 1.02202e-06 572079
1778 -190775 1.02349e-06 572326
1779 -190858 1.02434e-06 572573
1780 -190940 1.02604e-06 572820
1781 -191022 1.02719e-06 573067
1782 -191104 1.0279e-06 573313
1783 -191187 1.02913e-06 573560
1784 -191269 1.03e-06 573806
1785 -191350 7.30106e-07 574051
1786 -191432 1.03142e-06 574297
1787 -191514 1.03572e-06 574542
1788 -191596 1.03625e-06 574787
1789 -191677 1.03719e-06 575032
1790 -191759 1.03845e-06 575277
1791 -191840 1.03863e-06 575521
1792 -191922 1.03936e-06 575765
1793 -192003 1.04023e-06 576009
1794 -192084 9.69303e-06 576252
1795 -192165 9.42901e-06 576495
1796 -192246 9.16866e-06 576738
1797 -192327 8.91016e-06 576981
1798 -192408 8.65556e-06 577223
1799 -192488 8.40377e-06 577465
1800 -192569 8.1557e-06 577707
1801 -192650 7.91054e-06 577949
1802 -192730 7.66922e-06 578190
1803 -192810 7.43017e-06 578431
1804 -192891 7.19477e-06 578672
1805 -192971 6.96216e-06 578912
1806 -193051 6.73318e-06 579152
1807 -193131 6.50788e-06 579392
1808 -193211 6.27108e-06 579632
1809 -193290 6.05169e-06 579871
1810 -193370 5.83692e-06 580110
1811 -193450 5.62474e-06 580349
1812 -193529 5.41609e-06 580587
1813 -193608 5.01624e-06 580825
1814 -193688 2.18188e-06 581063
1815 -193767 4.52999e-06 581301
1816 -193846 4.34068e-06 581538
1817 -193925 4.15576e-06 581775
1818 -194004 3.97417e-06 582012
1819 -194083 3.79561e-06 582249
1820 -194162 3.62082e-06 582485
1821 -194240 3.45022e-06 582721
1822 -194319 3.28208e-06 582956
1823 -194397 1.627e-06 583192
1824 -194476 2.92205e-06 583427
1825 -194554 2.76604e-06 583662
1826 -194632 2.61442e-06 583896
1827 -194710 2.46615e-06 584130
1828 -194788 2.32222e-06 584364
1829 -194866 2.12908e-06 584598
1830 -194944 1.92221e-06 584831
1831 -195021 1.79311e-06 585064
1832 -195099 1.66808e-06 585297
1833 -195176 1.54745e-06 585529
1834 -195254 1.43064e-06 585761
1835 -195331 1.31768e-06 585993
1836 -195408 1.20891e-06 586224
1837 -195485 1.10291e-06 586455
1838 -195562 1.0028e-06 586686
1839 -195639 9.06893e-07 586916
1840 -195715 8.14679e-07 587146
1841 -195792 7.27203e-07 587376
1842 -195868 6.42679e-07 587605
1843 -195945 5.64256e-07 587834
1844 -196021 4.8816e-07 588063
1845 -196097 4.18228e-07 588291
1846 -196173 3.52276e-07 588519
1847 -196249 2.90259e-07 588747
1848 -196325 2.3409e-07 588974
1849 -196400 1.81495e-07 589201
1850 -196476 1.33508e-07 589428
1851 -196551 9.00714e-08 589654
1852 -196627 5.18876e-08 589880
1853 -196702 1.86438e-08 590105
1854 -196777 -1.09644e-08 590330
1855 -196852 -2.9483e-09 590555
1856 -196927 3.74818e-08 590780
1857 -197001 -4.90722e-08 591004
1858 -197076 -6.5006e-08 591228
1859 -197150 -7.60233e-08 591451
1860 -197225 2.14458e-05 591674
1861 -197299 -0.000201534 591896
1862 -197373 1.98728e-05 592119
1863 -197447 1.91051e-05 592340
1864 -197521 1.83498e-05 592562
1865 -197594 1.76075e-05 592783
1866 -197668 1.68771e-05 593004
1867 -197741 1.61606e-05 593224
1868 -197815 1.54565e-05 593444
1869 -197888 1.47658e-05 593663
1870 -197961 1.40143e-05 593882
1871 -198034 1.3354e-05 594101
1872 -198106 1.27063e-05 594319
1873 -198179 1.20717e-05 594537
1874 -198251 1.14519e-05 594754
1875 -198324 1.09548e-05 594971
1876 -198396 1.02595e-05 595188
1877 -198468 9.68119e-06 595404
1878 -198540 9.24802e-06 595619
1879 -198612 8.99951e-06 595835
1880 -198683 8.81745e-06 596050
1881 -198755 8.63748e-06 596264
1882 -198826 8.46072e-06 596478
1883 -198897 8.28608e-06 596691
1884 -198968 8.11326e-06 596904
1885 -199039 7.94345e-06 597117
1886 -199110 7.77742e-06 597329
1887 -199180 7.61262e-06 597540
1888 -199251 7.45037e-06 597752
1889 -199321 7.29017e-06 597962
1890 -199391 7.13439e-06 598172
1891 -199461 6.99096e-06 598382
1892 -199530 6.8352e-06 598591
1893 -199600 6.68518e-06 598800
1894 -199669 6.53826e-06 599008
1895 -199739 6.39453e-06 599216
1896 -199808 6.25337e-06 599423
1897 -199876 6.11307e-06 599629
1898 -199945 5.977e-06 599835
1899 -200014 5.84296e-06 600041
1900 -200082 5.71175e-06 600246
1901 -200150 5.58304e-06 600450
1902 -200218 5.45733e-06 600654
1903 -200286 5.33316e-06 600857
1904 -200353 5.21342e-06 601059
1905 -200421 4.77899e-06 601262
1906 -200488 4.77791e-06 601463
1907 -200555 4.66083e-06 601664
1908 -200622 4.54638e-06 601865
1909 -200688 4.43472e-06 602065
1910 -200755 4.27598e-06 602264
1911 -200821 4.17292e-06 602463
1912 -200887 4.06917e-06 602661
1913 -200953 3.96654e-06 602858
1914 -201018 3.86694e-06 603055
1915 -201084 3.76913e-06 603251
1916 -201149 3.67386e-06 603447
1917 -201214 3.58065e-06 603641
1918 -201278 3.49017e-06 603835
1919 -201343 3.40088e-06 604029
1920 -201407 3.31409e-06 604221
1921 -201471 3.22849e-06 604413
1922 -201535 3.14561e-06 604605
1923 -201598 3.06474e-06 604795
1924 -201662 2.98517e-06 604985
1925 -201725 2.90729e-06 605174
1926 -201787 2.83194e-06 605362
1927 -201850 2.75706e-06 605549
1928 -201912 2.68413e-06 605736
1929 -201974 2.97034e-06 605922
1930 -202036 2.54168e-06 606107
1931 -202097 2.473e-06 606291
1932 -202158 2.40407e-06 606474
1933 -202219 2.69427e-06 606657
1934 -202280 2.27098e-06 606839
1935 -202340 2.20606e-06 607019
1936 -202400 2.14075e-06 607199
1937 -202459 2.07659e-06 607378
1938 -202519 2.01194e-06 607556
1939 -202578 1.94753e-06 607734
1940 -202637 1.88373e-06 607910
1941 -202695 -6.03612e-06 608085
1942 -202753 5.53195e-05 608260
1943 -202811 5.44556e-05 608433
1944 -202868 5.35769e-05 608605
1945 -202926 5.26799e-05 608777
1946 -202982 5.1765e-05 608947
1947 -203039 5.08289e-05 609116
1948 -203095 4.98754e-05 609285
1949 -203151 4.88999e-05 609452
1950 -203206 4.7902e-05 609618
1951 -203261 4.68821e-05 609783
1952 -203316 4.584e-05 609947
1953 -203370 4.47745e-05 610110
1954 -203424 4.36851e-05 610272
1955 -203478 4.25723e-05 610433
1956 -203531 4.14355e-05 610592
1957 -203584 4.02762e-05 610751
1958 -203636 3.93364e-05 610908
1959 -203688 3.8353e-05 611064
1960 -203740 7.67768e-06 611220
1961 -203791 3.46882e-05 611374
1962 -203843 3.40488e-05 611528
1963 -203893 3.33716e-05 611680
1964 -203944 3.26573e-05 611832
1965 -203994 3.19073e-05 611982
1966 -204044 3.11232e-05 612131
1967 -204093 3.03062e-05 612279
1968 -204142 7.10929e-05 612425
1969 -204188 4.47071e-05 612565
1970 -204234 4.46412e-05 612703
1971 -204280 4.34249e-05 612840
1972 -204325 4.21438e-05 612976
1973 -204370 4.08008e-05 613110
1974 -204414 3.94037e-05 613243
1975 -204458 3.7958e-05 613374
1976 -204501 3.64707e-05 613504
1977 -204544 3.49506e-05 613633
1978 -204587 3.34041e-05 613760
1979 -204629 3.18384e-05 613886
1980 -204670 3.02642e-05 614010
1981 -204711 2.86874e-05 614133
1982 -204752 2.71177e-05 614255
1983 -204792 2.5562e-05 614375
1984 -204831 2.40282e-05 614494
1985 -204871 2.2522e-05 614612
1986 -204909 2.10527e-05 614728
1987 -204948 1.96232e-05 614843
1988 -204986 1.82044e-05 614957
1989 -205023 1.70489e-05 615070
1990 -205061 1.57601e-05 615182
1991 -205097 1.45278e-05 615292
1992 -205134 1.33566e-05 615401
1993 -205170 1.22465e-05 615509
1994 -205205 9.93799e-06 615616
1995 -205241 9.25002e-06 615724
1996 -205277 8.41617e-06 615831
1997 -205312 7.63751e-06 615937
1998 -205347 6.91391e-06 616042
1999 -205382 6.24262e-06 616146
2000 -205416 5.62149e-06 616249
2001 -205450 5.04973e-06 616351
2002 -205484 4.52389e-06 616453
2003 -205518 4.041e-06 616553
2004 -205551 3.60036e-06 616653
2005 -205584 3.19849e-06 616752
2006 -205617 2.83337e-06 616850
2007 -205649 2.50049e-06 616948
2008 -205681 2.19988e-06 617044
2009 -205713 1.92809e-06 617140
2010 -205745 1.68295e-06 617236
2011 -205777 1.46322e-06 617330
2012 -205808 5.66229e-06 617424
2013 -205839 1.08699e-06 617517
2014 -205870 9.28634e-07 617610
2015 -205901 7.86831e-07 617702
2016 -205931 6.61687e-07 617794
2017 -205962 5.50163e-07 617885
2018 -205992 4.50163e-07 617975
2019 -206022 3.7724e-07 618065
2020 -206052 -8.74213e-05 618155
2021 -206081 2.1852e-07 618244
2022 -206111 1.58493e-07 618332
2023 -206140 1.06629e-07 618420
2024 -206169 6.04048e-08 618508
2025 -206198 2.14133e-08 618595
2026 -206228 -3.30093e-06 618684
2027 -206257 -5.08616e-08 618772
2028 -206287 -7.27419e-08 618861
2029 -206316 -9.17021e-08 618948
2030 -206345 -1.06665e-07 619036
2031 -206374 -1.19234e-07 619123
2032 -206399 0.0979153 619197
2033 -206423 -7.91706e-08 619270
2034 -206448 -9.90368e-08 619343
2035 -206472 -1.15582e-07 619415
2036 -206496 -1.28355e-07 619487
2037 -206519 -1.3931e-07 619558
2038 -206543 -1.48832e-07 619629
2039 -206567 -1.54746e-07 619700
2040 -206590 -1.59503e-07 619770
2041 -206613 -1.63656e-07 619840
2042 -206637 -1.65084e-07 619910
2043 -206660 -1.66422e-07 619979
2044 -206683 -1.6696e-07 620048
2045 -206705 -1.65958e-07 620116
2046 -206728 -1.64549e-07 620185
2047 -206751 -1.62315e-07 620253
2048 -206773 -1.5993e-07 620320
2049 -206796 -1.56637e-07 620388
2050 -206818 -1.53901e-07 620455
2051 -206840 -1.49299e-07 620521
2052 -206863 -1.45851e-07 620588
2053 -206885 -1.4232e-07 620654
2054 -206907 -1.36854e-07 620720
2055 -206928 -1.32461e-07 620785
2056 -206950 -1.23556e-07 620851
2057 -206973 -1.15679e-07 620918
2058 -206995 -1.10645e-07 620986
2059 -207018 -1.05597e-07 621053
2060 -207040 -9.99411e-08 621119
2061 -207062 -9.48792e-08 621186
2062 -207084 -9.05374e-08 621252
2063 -207106 -8.56356e-08 621318
2064 -207128 -7.99323e-08 621383
2065 -207150 -7.57729e-08 621449
2066 -207171 -7.09323e-08 621514
2067 -207193 -6.54391e-08 621578
2068 -207214 -6.20709e-08 621643
2069 -207236 -5.61744e-08 621707
2070 -207257 -5.23671e-08 621771
2071 -207278 -4.79358e-08 621835
2072 -207299 -4.25466e-08 621898
2073 -207320 -3.8403e-08 621961
2074 -207341 -3.45423e-08 622024
2075 -207361 -2.9352e-05 622084
2076 -207382 -0.000150004 622146
2077 -207403 -2.24375e-08 622208
2078 -207423 -1.8489e-08 622270
2079 -207444 -1.46351e-08 622331
2080 -207464 -1.0676e-08 622392
2081 -207484 -7.75857e-09 622453
2082 -207504 -4.42971e-09 622513
2083 -207525 -1.63334e-08 622574
2084 -207545 1.22709e-09 622634
2085 -207564 -1.55019e-06 622693
2086 -207583 1.42435e-08 622749
2087 -207602 1.49634e-08 622805
2088 -207620 1.76674e-08 622861
2089 -207639 1.9278e-08 622916
2090 -207657 2.04196e-08 622972
2091 -207676 2.21594e-08 623027
2092 -207694 -4.85813e-06 623083
2093 -207713 2.53515e-08 623140
2094 -207732 2.59717e-08 623197
2095 -207750 0.081847 623250
2096 -207764 8.75277e-09 623293
2097 -207779 2.28113e-08 623337
2098 -207793 2.38073e-08 623380
2099 -207808 2.40537e-08 623423
2100 -207822 2.51972e-08 623465
2101 -207836 2.54618e-08 623508
2102 -207850 2.58679e-08 623550
2103 -207864 2.61883e-08 623592
2104 -207878 2.6557e-08 623634
2105 -207892 2.72675e-08 623676
2106 -207906 2.75433e-08 623717
2107 -207919 2.79749e-08 623758
2108 -207933 2.78076e-08 623799
2109 -207947 2.75572e-08 623840
2110 -207960 2.70282e-08 623880
2111 -207974 2.80931e-08 623921
2112 -207987 -2.6497e-07 623961
2113 -208000 3.03445e-08 624001
2114 -208013 3.0044e-08 624040
2115 -208027 3.03825e-08 624080
2116 -208040 3.01156e-08 624119
2117 -208053 3.0457e-08 624158
2118 -208065 2.94325e-08 624196
2119 -208078 2.92136e-08 624235
2120 -208091 2.96731e-08 624273
2121 -208104 3.02931e-08 624311
2122 -208116 2.92036e-08 624349
2123 -208129 8.26926e-08 624386
2124 -208140 -2.27948e-10 624420
2125 -208151 -1.67131e-09 624454
2126 -208163 -2.23133e-09 624488
2127 -208174 -3.46659e-09 624522
2128 -208185 -4.35713e-09 624555
2129 -208196 -5.63061e-09 624589
2130 -208208 -2.74581e-06 624623
2131 -208219 -9.64267e-09 624658
2132 -208231 -1.03027e-08 624693
2133 -208243 -1.22311e-08 624728
2134 -208254 -1.2913e-08 624763
2135 -208266 -1.53544e-08 624797
2136 -208277 -1.61379e-08 624832
2137 -208289 -1.78324e-08 624866
2138 -208300 -2.03667e-08 624900
2139 -208311 3.35019e-08 624934
2140 -208323 -2.24985e-08 624968
2141 -208334 -2.49336e-08 625001
2142 -208345 -2.63486e-08 625034
2143 -208356 -2.87205e-08 625068
2144 -208367 -2.99677e-08 625101
2145 -208378 -3.16263e-08 625133
2146 -208389 -3.38688e-08 625166
2147 -208399 -3.56404e-08 625198
2148 -208410 -3.73558e-08 625230
2149 -208421 -4.01498e-08 625262
2150 -208431 -4.18017e-08 625294
2151 -208442 -4.3768e-08 625326
2152 -208452 -4.62386e-08 625357
2153 -208463 -4.75174e-08 625389
2154 -208472 0.101378 625416
2155 -208481 -0.0233306 625444
2156 -208491 -5.31597e-08 625474
2157 -208502 -5.54841e-08 625505
2158 -208512 -5.67056e-08 625535
2159 -208522 -5.97276e-08 625565
2160 -208532 -6.10601e-08 625595
2161 -208541 -6.36982e-08 625624
2162 -208551 -6.52453e-08 625654
2163 -208561 -6.78077e-08 625683
2164 -208571 -7.08199e-08 625712
2165 -208580 -7.18902e-06 625741
2166 -208590 -7.18902e-06 625769
2167 -208599 -2.48105e-05 625796
2168 -208607 -5.24438e-06 625821
2169 -208615 -5.2404e-06 625846
2170 -208624 -5.23691e-06 625871
2171 -208632 -5.23376e-06 625896
2172 -208640 -5.23045e-06 625920
2173 -208648 -5.22746e-06 625945
2174 -208656 -5.22443e-06 625969
2175 -208664 -5.22261e-06 625993
2176 -208672 -5.22069e-06 626017
2177 -208680 -5.21927e-06 626041
2178 -208686 0.94913 626057
2179 -208691 -5.23183e-06 626073
2180 -208696 -5.2e-06 626088
2181 -208701 -5.22956e-06 626104
2182 -208706 -5.2187e-06 626119
2183 -208712 -5.24622e-06 626135
2184 -208717 -5.23518e-06 626150
2185 -208722 -5.26188e-06 626165
2186 -208727 -5.26723e-06 626180
2187 -208731 -5.27625e-06 626194
2188 -208736 -5.28519e-06 626209
2189 -208741 -5.29514e-06 626223
2190 -208746 -5.30594e-06 626238
2191 -208751 -5.31482e-06 626252
2192 -208755 -5.32618e-06 626266
2193 -208760 -5.3365e-06 626280
2194 -208765 -5.34841e-06 626294
2195 -208769 -5.35984e-06 626307
2196 -208774 -5.37167e-06 626321
2197 -208778 -5.38388e-06 626334
2198 -208783 -5.39626e-06 626348
2199 -208787 -5.4093e-06 626361
2200 -208791 -5.42204e-06 626374
2201 -208795 -5.43631e-06 626386
2202 -208800 -5.44989e-06 626399
2203 -208804 -5.46391e-06 626412
2204 -208808 -5.47891e-06 626424
2205 -208812 -5.50482e-06 626436
2206 -208816 -5.50606e-06 626448
2207 -208820 -5.53599e-06 626460
2208 -208824 -5.53801e-06 626472
2209 -208828 -5.56872e-06 626484
2210 -208832 -5.58289e-06 626495
2211 -208835 -5.60037e-06 626506
2212 -208839 -5.6184e-06 626518
2213 -208843 -5.63688e-06 626529
2214 -208847 -5.65505e-06 626540
2215 -208850 -5.67492e-06 626550
2216 -208854 -5.69382e-06 626561
2217 -208857 -5.71462e-06 626571
2218 -208861 -4.28256e-06 626582
2219 -208863 -3.97797e-06 626589
2220 -208865 -3.98715e-06 626596
2221 -208868 -3.99687e-06 626604
2222 -208870 -4.00791e-06 626611
2223 -208873 -4.01791e-06 626618
2224 -208875 -4.02812e-06 626625
2225 -208877 -4.03952e-06 626632
2226 -208880 -4.05025e-06 626639
2227 -208882 -4.06147e-06 626645
2228 -208884 -4.07324e-06 626652
2229 -208886 -4.08559e-06 626659
2230 -208888 -4.09706e-06 626665
2231 -208890 -4.11217e-06 626671
2232 -208892 -4.12075e-06 626677
2233 -208895 -0.00680706 626685
2234 -208897 -4.15921e-06 626692
2235 -208900 -4.17569e-06 626700
2236 -208902 -4.18704e-06 626707
2237 -208905 -4.19873e-06 626715
2238 -208907 -4.21019e-06 626722
2239 -208910 -4.22294e-06 626729
2240 -208912 -4.23535e-06 626736
2241 -208914 -4.24784e-06 626743
2242 -208917 -4.26115e-06 626750
2243 -208919 -4.27381e-06 626756
2244 -208921 -4.28786e-06 626763
2245 -208923 -4.3011e-06 626769
2246 -208925 -4.31538e-06 626776
2247 -208927 -4.3294e-06 626782
2248 -208929 -4.34425e-06 626788
2249 -208931 -4.35836e-06 626794
2250 -208933 -4.37375e-06 626800
2251 -208935 -4.39027e-06 626806
2252 -208937 -4.40459e-06 626811
2253 -208939 -4.42423e-06 626817
2254 -208941 -4.43936e-06 626822
2255 -208942 -4.45541e-06 626827
2256 -208944 -4.47249e-06 626833
2257 -208946 -4.48957e-06 626838
2258 -208948 -4.50672e-06 626843
2259 -208949 -4.52379e-06 626847
2260 -208951 -4.54214e-06 626852
2261 -208952 -4.56053e-06 626857
2262 -208954 -4.57904e-06 626861
2263 -208955 -4.5987e-06 626866
2264 -208957 -4.61768e-06 626870
2265 -208958 -4.6367e-06 626874
2266 -208959 -4.65729e-06 626878
2267 -208961 -4.67654e-06 626882
2268 -208962 -4.69985e-06 626885
2269 -208963 -4.72029e-06 626889
2270 -208964 -4.74133e-06 626892
2271 -208965 -4.76344e-06 626896
2272 -208966 -4.78453e-06 626899
2273 -208967 -4.80755e-06 626902
2274 -208968 -4.8304e-06 626905
2275 -208969 -4.85409e-06 626908
2276 -208970 -4.87732e-06 626911
2277 -208971 0.106677 626911
2278 -208971 -0.00173548 626912
2279 -208971 0.00703803 626912
2280 -208970 0.0532874 626911
2281 -208970 0.0946821 626909
2282 -208969 -4.59899e-06 626908
2283 -208969 -1.49638e-05 626908
2284 -208969 -2.48111e-05 626907
2285 -208969 -2.76345e-05 626907
2286 -208969 -3.04603e-05 626906
2287 -208968 -3.32956e-05 626905
2288 -208968 -3.61392e-05 626904
2289 -208968 -3.89894e-05 626903
2290 -208967 -4.18463e-05 626902
2291 -208967 -4.47139e-05 626901
2292 -208967 -4.75857e-05 626900
2293 -208966 -5.04671e-05 626898
2294 -208966 -5.3352e-05 626897
2295 -208965 -5.62524e-05 626895
2296 -208965 -4.84949e-06 626894
2297 -208964 -4.83519e-06 626892
2298 -208963 -4.82611e-06 626890
2299 -208963 -4.80402e-06 626889
2300 -208962 -4.81259e-06 626887
2301 -208962 -4.81852e-06 626885
2302 -208961 -4.82011e-06 626883
2303 -208960 -4.80071e-06 626880
2304 -208959 -4.77059e-06 626878
2305 -208959 -4.74845e-06 626876
2306 -208958 -4.75081e-06 626873
2307 -208957 -4.74669e-06 626871
2308 -208956 -4.74814e-06 626868
2309 -208955 -4.74832e-06 626866
2310 -208954 -8.36073e-05 626863
2311 -208954 -3.79601e-06 626862
2312 -208953 -3.54814e-06 626860
2313 -208953 -3.24228e-06 626858
2314 -208952 -2.9346e-06 626856
2315 -208950 -0.0822648 626850
2316 -208948 -2.04664e-06 626843
2317 -208946 -1.78753e-06 626837
2318 -208943 -1.56313e-06 626830
2319 -208941 -1.35543e-06 626823
2320 -208939 -1.16367e-06 626816
2321 -208936 -9.91348e-07 626809
2322 -208934 -8.25177e-07 626802
2323 -208932 -6.78877e-07 626795
2324 -208929 -5.45024e-07 626788
2325 -208927 -4.24715e-07 626781
2326 -208925 -3.18659e-07 626774
2327 -208922 -2.2618e-07 626766
2328 -208920 -1.49142e-07 626759
2329 -208917 -8.70669e-08 626751
2330 -208915 -4.24844e-08 626744
2331 -208912 -1.4169e-08 626736
2332 -208909 -3.91157e-09 626728
2333 -208907 -1.24726e-08 626721
2334 -208904 -4.06038e-08 626713
2335 -208902 -8.69343e-08 626705
2336 -208899 -1.55161e-07 626697
2337 -208896 -2.44933e-07 626689
2338 -208894 -3.56591e-07 626681
2339 -208891 -4.92371e-07 626672
2340 -208888 -6.51013e-07 626664
2341 -208885 -8.34394e-07 626656
2342 -208882 -1.0441e-06 626647
2343 -208880 -1.27993e-06 626639
2344 -208877 -1.54343e-06 626630
2345 -208874 -1.83637e-06 626622
2346 -208871 -2.15725e-06 626613
2347 -208868 -2.50941e-06 626604
2348 -208865 -2.89322e-06 626595
2349 -208862 -3.30886e-06 626586
2350 -208859 -3.75945e-06 626577
2351 -208856 -4.24348e-06 626568
2352 -208853 -4.76382e-06 626559
2353 -208850 -5.32179e-06 626550
2354 -208847 -5.91677e-06 626540
2355 -208844 -6.55212e-06 626531
2356 -208840 -7.22822e-06 626521
2357 -208837 -7.9459e-06 626512
2358 -208834 -4.32186e-06 626502
2359 -208830 -6.43985e-06 626491
2360 -208826 -7.09966e-06 626479
2361 -208822 -7.79464e-06 626467
2362 -208818 -8.52895e-06 626455
2363 -208815 -9.30025e-06 626444
2364 -208811 -1.01113e-05 626432
2365 -208807 -1.09612e-05 626420
2366 -208803 -1.18518e-05 626408
2367 -208799 -1.27827e-05 626396
2368 -208795 -1.37566e-05 626384
2369 -208791 -1.47715e-05 626372
2370 -208787 -1.58304e-05 626360
2371 -208783 -1.6934e-05 626348
2372 -208779 -1.8082e-05 626336
2373 -208775 -1.92755e-05 626324
2374 -208770 -2.05146e-05 626311
2375 -208766 -2.18026e-05 626299
2376 -208762 -2.31374e-05 626287
2377 -208758 -2.4523e-05 626274
2378 -208754 -2.59563e-05 626262
2379 -208750 -2.74415e-05 626249
2380 -208746 -2.89782e-05 626237
2381 -208741 -3.05668e-05 626224
2382 -208737 -3.22093e-05 626212
2383 -208733 -3.39059e-05 626199
2384 -208729 -3.56574e-05 626186
2385 -208724 -3.74664e-05 626173
2386 -208720 -3.93318e-05 626161
2387 -208716 -4.12561e-05 626148
2388 -208712 -4.32382e-05 626135
2389 -208707 -4.52827e-05 626122
2390 -208703 -4.73868e-05 626109
2391 -208699 -4.95537e-05 626096
2392 -208694 -5.17843e-05 626083
2393 -208690 -5.40795e-05 626070
2394 -208685 -5.644e-05 626056
2395 -208681 -5.88682e-05 626043
2396 -208677 -6.13617e-05 626030
2397 -208672 -6.39273e-05 626017
2398 -208668 -6.65619e-05 626003
2399 -208663 -6.92676e-05 625990
2400 -208659 -7.20461e-05 625976
2401 -208654 -7.48993e-05 625963
2402 -208650 -7.78264e-05 625949
2403 -208645 -8.08311e-05 625935
2404 -208641 -8.06302e-05 625922
2405 -208636 -8.36769e-05 625908
2406 -208631 -8.68026e-05 625894
2407 -208627 -9.00066e-05 625880
2408 -208622 -9.32908e-05 625867
2409 -208618 -9.66562e-05 625853
2410 -208613 -0.000100106 625839
2411 -208608 -0.00010364 625825
2412 -208603 -0.000107259 625810
2413 -208599 -0.000110965 625796
2414 -208594 -0.000114761 625782
2415 -208589 -0.000118647 625768
2416 -208585 -0.000122625 625754
2417 -208580 -0.000126696 625739
2418 -208575 -0.000130863 625725
2419 -208570 -0.000135126 625710
2420 -208565 -0.000542733 625696
2421 -208561 -0.000146547 625682
2422 -208556 -0.000151007 625668
2423 -208551 -0.000155567 625654
2424 -208547 -0.000160228 625640
2425 -208542 -0.000164992 625626
2426 -208537 -0.000169861 625612
2427 -208533 -0.000174836 625598
2428 -208528 -0.00017992 625583
2429 -208523 -0.000185113 625569
2430 -208518 -0.000190419 625555
2431 -208513 -0.000195838 625540
2432 -208509 -0.000201374 625526
2433 -208504 -0.000207028 625511
2434 -208499 -0.000212802 625496
2435 -208494 -0.000218697 625482
2436 -208489 -0.000224718 625467
2437 -208484 -0.000230863 625452
2438 -208479 -0.000237138 625437
2439 -208474 -0.000243543 625422
2440 -208469 -0.000250081 625407
2441 -208464 -0.000256753 625392
2442 -208459 -0.000263564 625377
2443 -208454 -0.000270513 625362
2444 -208449 -0.000277607 625347
2445 -208444 -0.000284843 625332
2446 -208439 -0.000292227 625316
2447 -208434 -0.00029976 625301
2448 -208428 -0.000307445 625285
2449 -208423 -0.000434566 625270
2450 -208418 -0.000444296 625254
2451 -208413 -0.000454192 625239
2452 -208408 -0.000464286 625223
2453 -208402 -0.000474563 625207
2454 -208397 -0.000485031 625191
2455 -208392 -0.000495691 625175
2456 -208386 -0.000506544 625159
2457 -208381 -0.000517598 625143
2458 -208376 -0.000528854 625127
2459 -208370 -0.000540315 625111
2460 -208365 -0.000350355 625095
2461 -208359 -0.000353418 625077
2462 -208353 -0.000361196 625059
2463 -208347 -0.000369093 625041
2464 -208341 -0.000377112 625023
2465 -208335 -0.000385255 625004
2466 -208329 -0.000393521 624986
2467 -208323 -0.000401914 624968
2468 -208317 -0.000410435 624950
2469 -208311 -0.000419083 624932
2470 -208304 -0.000427863 624913
2471 -208298 -0.000436773 624895
2472 -208292 -0.000445818 624877
2473 -208286 -0.000454997 624858
2474 -208280 -0.000464312 624840
2475 -208274 -0.000473766 624822
2476 -208268 -0.000483359 624803
2477 -208262 -0.000493093 624785
2478 -208255 -0.000502969 624766
2479 -208249 -0.000512991 624747
2480 -208243 -0.000523158 624729
2481 -208237 -0.000533473 624710
2482 -208230 -0.000543937 624691
2483 -208224 -0.000554552 624673
2484 -208218 -0.00056532 624654
2485 -208212 -0.000576242 624635
2486 -208205 -0.000567768 624616
2487 -208199 -0.000578628 624597
2488 -208193 -0.000589642 624578
2489 -208186 -0.000600812 624559
2490 -208180 -0.000612141 624540
2491 -208174 -0.000623629 624521
2492 -208167 -0.00063528 624502
2493 -208161 -0.000647095 624483
2494 -208155 -0.000659075 624464
2495 -208148 -0.000671222 624445
2496 -208142 -0.000683539 624426
2497 -208136 -0.000696028 624407
2498 -208129 -0.000708691 624387
2499 -208123 -0.000721529 624368
2500 -208116 -0.000734544 624349
2501 -208110 -0.00074774 624329
2502 -208103 -0.000761117 624310
2503 -208097 -0.000774679 624290
2504 -208090 -0.000788425 624271
2505 -208084 -0.000802362 624251
2506 -208077 -0.000816488 624232
2507 -208071 -0.000830807 624212
2508 -208064 -0.000845321 624192
2509 -208057 -0.000860032 624172
2510 -208051 -0.000874944 624153
2511 -208044 -0.000890057 624133
2512 -208038 -0.000905374 624113
2513 -208031 -0.000920898 624093
2514 -208024 -0.000936631 624073
2515 -208018 -0.000952577 624053
2516 -208011 -0.000968737 624033
2517 -208004 -0.000985113 624013
2518 -207998 -0.00100171 623993
2519 -207991 -0.00101853 623973
2520 -207984 -0.00103557 623953
2521 -207978 -6.20412e-11 623933
2522 -207971 2.4302e-10 623913
2523 -207964 5.6747e-11 623892
2524 -207957 1.8072e-11 623872
2525 -207951 -6.53388e-11 623852
2526 -207944 6.9151e-11 623831
2527 -207937 2.53332e-10 623811
2528 -207930 -3.71242e-10 623790
2529 -207923 -9.81925e-11 623770
2530 -207916 -4.00817e-10 623749
2531 -207909 2.58487e-10 623728
2532 -207903 1.68473e-10 623708
2533 -207896 -1.85516e-10 623687
2534 -207889 5.93418e-10 623666
2535 -207882 2.2466e-11 623646
2536 -207875 3.88865e-10 623625
2537 -207868 7.13797e-10 623604
2538 -207861 1.17352e-09 623583
2539 -207854 -1.18454e-10 623562
2540 -207847 -9.0386e-10 623541
2541 -207840 3.08944e-10 623520
2542 -207833 -1.80379e-10 623499
2543 -207826 2.09176e-10 623478
2544 -207819 -3.49827e-10 623457
2545 -207812 -1.26734e-10 623435
2546 -207805 1.17244e-11 623414
2547 -207798 -3.5758e-10 623393
2548 -207790 3.57116e-10 623371
2549 -207783 2.74674e-10 623350
2550 -207776 2.01137e-12 623329
2551 -207769 2.1684e-19 623307
2552 -207762 2.95539e-10 623285
2553 -207755 -3.98335e-10 623264
2554 -207747 -6.38069e-10 623242
2555 -207740 -4.98858e-11 623221
2556 -207733 -1.70969e-10 623199
2557 -207726 -4.57674e-11 623177
2558 -207718 -5.06141e-10 623155
2559 -207711 -5.62526e-10 623133
2560 -207704 3.93886e-12 623111
2561 -207696 -5.63111e-11 623089
2562 -207689 1.70681e-10 623067
2563 -207682 -9.38234e-11 623045
2564 -207674 -6.95546e-11 623023
2565 -207667 6.9819e-10 623001
2566 -207660 1.53369e-11 622979
2567 -207652 -3.41539e-10 622957
2568 -207645 -4.38494e-10 622934
2569 -207637 -4.50575e-10 622912
2570 -207630 7.16332e-10 622890
2571 -207622 -1.90831e-10 622867
2572 -207615 6.6497e-10 622845
2573 -207607 -1.98832e-10 622822
2574 -207600 -3.49159e-10 622800
2575 -207592 2.55446e-11 622777
2576 -207585 3.52074e-10 622754
2577 -207577 -3.27717e-10 622731
2578 -207570 -5.91562e-10 622709
2579 -207562 -2.70823e-10 622686
2580 -207554 -1.58709e-10 622663
2581 -207547 6.81296e-10 622640
2582 -207539 1.45473e-10 622617
2583 -207531 -2.02214e-10 622594
2584 -207524 -3.87085e-11 622571
2585 -207516 -3.83964e-10 622548
2586 -207508 -2.56051e-10 622524
2587 -207500 -1.23536e-10 622501
2588 -207493 -4.2372e-11 622478
2589 -207485 1.46988e-10 622454
2590 -207476 -2.37754e-10 622429
2591 -207468 -7.70455e-10 622404
2592 -207460 -1.59532e-11 622379
2593 -207451 -1.16959e-11 622354
2594 -207443 -5.69927e-11 622329
2595 -207435 3.89406e-11 622304
2596 -207426 2.31221e-10 622279
2597 -207418 2.71854e-10 622254
2598 -207410 5.37877e-10 622229
2599 -207401 6.56121e-10 622204
2600 -207393 -1.867e-11 622178
2601 -207384 2.55172e-10 622153
2602 -207376 1.80576e-11 622128
2603 -207367 -2.2748e-10 622102
2604 -207359 1.73259e-10 622077
2605 -207351 1.60393e-10 622052
2606 -207342 -1.76941e-10 622026
2607 -207334 -5.78871e-10 622001
2608 -207325 -4.1067e-10 621976
2609 -207317 -7.84537e-10 621950
2610 -207308 1.88214e-10 621925
2611 -207300 -5.63219e-10 621899
2612 -207291 -9.37278e-11 621873
2613 -207283 -3.63258e-10 621848
2614 -207274 -2.33059e-10 621822
2615 -207266 -5.0426e-10 621797
2616 -207257 1.03025e-10 621771
2617 -207248 2.80921e-10 621745
2618 -207240 3.11828e-10 621719
2619 -207231 -3.06167e-10 621694
2620 -207223 -2.95431e-10 621668
2621 -207214 -3.59087e-10 621642
2622 -207205 -1.69757e-10 621616
2623 -207197 1.67629e-10 621590
2624 -207188 -4.53819e-10 621564
2625 -207179 -4.72128e-10 621538
2626 -207171 5.25615e-10 621512
2627 -207162 4.59756e-10 621486
2628 -207153 1.93769e-10 621460
2629 -207145 2.54555e-10 621434
2630 -207136 2.17518e-10 621408
2631 -207127 3.26414e-10 621382
2632 -207119 3.49946e-10 621356
2633 -207110 3.34654e-10 621330
2634 -207101 1.8031e-10 621304
2635 -207092 -2.42879e-10 621277
2636 -207084 3.87921e-10 621251
2637 -207075 -4.03146e-10 621225
2638 -207066 -4.63796e-10 621198
2639 -207057 5.18735e-10 621172
2640 -207049 -3.26291e-10 621146
2641 -207040 6.44891e-10 621119
2642 -207031 5.25438e-10 621093
2643 -207022 -3.10775e-10 621066
2644 -207013 -6.42688e-11 621040
2645 -207004 -4.55962e-10 621013
2646 -206996 -1.51261e-10 620987
2647 -206987 -6.06522e-11 620960
2648 -206978 6.65665e-10 620933
2649 -206969 3.72102e-11 620907
2650 -206960 -4.07458e-10 620880
2651 -206951 -1.62941e-10 620853
2652 -206942 1.07386e-10 620826
2653 -206933 -4.6349e-11 620800
2654 -206924 3.41672e-10 620773
2655 -206915 3.78744e-10 620746
2656 -206906 -2.31691e-10 620719
2657 -206897 -2.53086e-10 620692
2658 -206888 3.03657e-10 620665
2659 -206879 -2.16834e-10 620638
2660 -206870 -4.91277e-11 620611
2661 -206861 -4.74302e-10 620584
2662 -206852 1.01244e-10 620557
2663 -206843 -8.98149e-10 620529
2664 -206834 -6.52438e-10 620501
2665 -206825 1.59161e-10 620474
2666 -206815 -5.77263e-11 620446
2667 -206806 2.50611e-10 620418
2668 -206797 2.21825e-10 620390
2669 -206787 -3.53822e-10 620362
2670 -206778 -3.15025e-10 620334
2671 -206769 -1.54429e-10 620306
2672 -206759 -7.85541e-10 620278
2673 -206750 5.30785e-10 620250
2674 -206740 -3.21872e-10 620221
2675 -206731 -1.02083e-10 620193
2676 -206722 3.57604e-10 620165
2677 -206712 -1.61319e-10 620137
2678 -206703 -1.51265e-11 620109
2679 -206693 6.61171e-10 620080
2680 -206684 1.49522e-10 620052
2681 -206675 1.35424e-12 620024
2682 -206665 -1.18751e-10 619995
2683 -206656 -6.68087e-12 619967
2684 -206646 3.66125e-10 619938
2685 -206636 1.54843e-10 619909
2686 -206627 1.03691e-09 619881
2687 -206617 -2.28081e-12 619852
2688 -206608 -1.34649e-10 619823
2689 -206598 -9.45851e-12 619795
2690 -206589 -1.49213e-10 619766
2691 -206579 2.21901e-10 619737
2692 -206569 -4.28018e-10 619708
2693 -206560 4.68183e-10 619679
2694 -206550 -3.68502e-10 619650
2695 -206540 -7.54746e-11 619621
2696 -206531 -5.54964e-10 619592
2697 -206521 2.26908e-10 619563
2698 -206511 -5.38459e-10 619534
2699 -206501 -3.1409e-10 619504
2700 -206492 4.16382e-11 619475
2701 -206482 -9.73594e-11 619446
2702 -206472 -1.97689e-10 619416
2703 -206462 -1.00337e-10 619387
2704 -206452 1.55285e-10 619357
2705 -206443 4.13946e-10 619328
2706 -206433 -1.22784e-10 619298
2707 -206423 -1.29346e-10 619268
2708 -206413 -4.00886e-10 619239
2709 -206403 -1.91461e-10 619209
2710 -206393 -1.4876e-11 619179
2711 -206383 -4.86938e-10 619149
2712 -206373 8.86987e-11 619119
2713 -206363 -1.78125e-11 619089
2714 -206353 2.7669e-10 619059
2715 -206343 3.16753e-11 619029
2716 -206333 -5.64942e-10 618999
2717 -206323 -1.73925e-10 618969
2718 -206313 -2.89284e-10 618939
2719 -206303 8.8846e-11 618909
2720 -206293 -5.45571e-11 618878
2721 -206283 2.09727e-11 618848
2722 -206272 -5.80561e-10 618817
2723 -206262 -1.45228e-10 618787
2724 -206252 1.51299e-10 618756
2725 -206242 -1.42735e-10 618726
2726 -206232 2.02302e-10 618695
2727 -206221 1.75578e-10 618664
2728 -206211 -5.30548e-10 618633
2729 -206201 -3.80467e-10 618603
2730 -206191 -4.13926e-11 618572
2731 -206180 3.59167e-10 618541
2732 -206170 8.20964e-10 618510
2733 -206160 2.0951e-11 618479
2734 -206149 -4.19248e-10 618447
2735 -206139 -2.56824e-10 618416
2736 -206128 9.91531e-11 618385
2737 -206118 -1.00363e-09 618354
2738 -206107 5.90558e-10 618322
2739 -206097 -5.68413e-10 618291
2740 -206086 1.83208e-10 618259
2741 -206076 2.80833e-10 618228
2742 -206065 -5.55355e-10 618196
2743 -206055 2.89863e-10 618164
2744 -206044 2.82179e-10 618133
2745 -206034 -1.01811e-10 618101
2746 -206023 3.28699e-10 618069
2747 -206012 -0.00158837 618036
2748 -206001 -0.00118666 618003
2749 -205990 -0.00119987 617969
2750 -205978 -0.00121322 617935
2751 -205967 -0.00122671 617901
2752 -205956 -0.00124033 617867
2753 -205944 -0.0012541 617833
2754 -205933 -0.001268 617799
2755 -205922 -0.00128206 617765
2756 -205910 -0.00129625 617731
2757 -205899 -0.00131059 617697
2758 -205888 -0.00132509 617663
2759 -205876 -0.00133973 617629
2760 -205865 -0.00135452 617595
2761 -205854 -0.00136947 617561
2762 -205842 -0.00138457 617527
2763 -205831 -4.78589e-11 617492
2764 -205819 -8.52183e-11 617458
2765 -205808 -2.67269e-10 617424
2766 -205796 -6.89416e-10 617389
2767 -205785 -2.10876e-10 617355
2768 -205773 1.62665e-10 617320
2769 -205762 -2.96899e-11 617286
2770 -205750 4.7798e-10 617251
2771 -205739 -2.51194e-10 617217
2772 -205727 -4.14462e-10 617182
2773 -205716 1.07769e-09 617148
2774 -205704 -4.08111e-10 617113
2775 -205693 3.47393e-10 617078
2776 -205681 -7.15888e-10 617044
2777 -205670 -3.17957e-10 617009
2778 -205658 -5.26852e-10 616974
2779 -205646 -1.90981e-10 616939
2780 -205635 1.58466e-10 616904
2781 -205623 7.267e-11 616869
2782 -205611 -4.75476e-10 616834
2783 -205600 -7.32917e-10 616799
2784 -205588 9.67322e-11 616764
2785 -205576 -1.56822e-11 616729
2786 -205565 6.43279e-10 616694
2787 -205553 1.41885e-10 616659
2788 -205541 -6.88268e-10 616623
2789 -205529 2.03777e-10 616588
2790 -205518 1.00945e-10 616553
2791 -205506 -2.37415e-10 616517
2792 -205494 -5.24525e-10 616482
2793 -205482 2.27546e-10 616447
2794 -205470 -1.49061e-10 616411
2795 -205458 -1.21877e-10 616375
2796 -205447 2.55007e-10 616340
2797 -205435 3.09832e-11 616304
2798 -205423 3.17479e-10 616269
2799 -205411 2.38828e-10 616233
2800 -205399 -4.57601e-11 616197
2801 -205387 -9.04876e-11 616161
2802 -205375 -9.40788e-11 616126
2803 -205363 -1.03911e-10 616090
2804 -205351 -3.38065e-10 616054
2805 -205339 -2.49427e-10 616018
2806 -205327 7.56348e-10 615982
2807 -205315 4.60078e-10 615946
2808 -205303 2.88623e-10 615910
2809 -205291 -3.40661e-10 615873
2810 -205279 1.47825e-10 615837
2811 -205267 2.18541e-10 615801
2812 -205255 -2.96328e-10 615765
2813 -205243 4.2307e-10 615728
2814 -205231 4.17505e-10 615692
2815 -205219 3.30218e-11 615656
2816 -205206 -5.14246e-10 615619
2817 -205194 4.11219e-10 615583
2818 -205182 -2.85124e-10 615546
2819 -205170 -1.03712e-10 615509
2820 -205158 -5.97021e-10 615473
2821 -205145 -2.03136e-10 615436
2822 -205133 3.35649e-10 615399
2823 -205121 1.00995e-10 615362
2824 -205108 2.98283e-10 615325
2825 -205096 1.10386e-10 615289
2826 -205084 -2.40606e-10 615252
2827 -205072 4.65832e-10 615215
2828 -205059 4.64386e-11 615177
2829 -205047 -1.19444e-10 615140
2830 -205034 5.58434e-10 615103
2831 -205022 6.59462e-11 615066
2832 -205010 -1.9975e-10 615029
2833 -204997 -1.42464e-11 614991
2834 -204985 9.33164e-11 614954
2835 -204972 -2.53472e-10 614916
2836 -204960 4.72763e-10 614879
2837 -204947 -1.78003e-11 614841
2838 -204935 1.57028e-10 614804
2839 -204922 4.73236e-10 614766
2840 -204909 4.21096e-11 614728
2841 -204897 -2.87102e-11 614691
2842 -204884 2.06886e-10 614653
2843 -204872 -5.34742e-11 614615
2844 -204859 7.65483e-11 614577
2845 -204846 2.42492e-10 614539
2846 -204834 -3.71653e-10 614501
2847 -204821 1.80733e-10 614463
2848 -204808 -5.0252e-10 614425
2849 -204795 -3.50126e-10 614386
2850 -204783 1.11812e-10 614348
2851 -204770 1.8863e-10 614310
2852 -204757 1.62443e-10 614271
2853 -204744 4.77794e-11 614233
2854 -204731 -1.93834e-10 614194
2855 -204719 -1.98597e-10 614156
2856 -204706 -1.59481e-10 614117
2857 -204693 -2.99242e-10 614079
2858 -204680 -6.1955e-12 614040
2859 -204667 -4.24339e-11 614001
2860 -204654 1.65483e-10 613962
2861 -204641 -2.44935e-10 613923
2862 -204628 3.06224e-10 613884
2863 -204615 -8.85577e-10 613845
2864 -204602 2.52306e-10 613806
2865 -204589 2.40891e-10 613767
2866 -204576 -5.84479e-10 613727
2867 -204563 2.59588e-10 613688
2868 -204550 -4.5271e-10 613649
2869 -204536 -8.54451e-11 613609
2870 -204523 -2.67831e-10 613570
2871 -204510 8.1076e-11 613530
2872 -204497 -9.66759e-11 613490
2873 -204484 -5.982e-10 613451
2874 -204470 1.30294e-10 613411
2875 -204457 1.11184e-10 613371
2876 -204444 -2.65213e-10 613331
2877 -204430 -2.08242e-10 613291
2878 -204417 2.28493e-10 613251
2879 -204404 -2.84802e-10 613211
2880 -204390 1.80193e-10 613171
2881 -204377 9.73284e-11 613130
2882 -204363 -1.04991e-10 613090
2883 -204350 1.69291e-10 613050
2884 -204336 2.81756e-10 613009
2885 -204323 -5.82515e-11 612968
2886 -204309 -1.52191e-12 612928
2887 -204296 -3.86377e-10 612887
2888 -204282 -2.74143e-10 612846
2889 -204268 -2.09749e-10 612805
2890 -204255 -2.24602e-10 612764
2891 -204241 -7.27973e-10 612723
2892 -204227 -3.20194e-10 612682
2893 -204214 -1.42742e-10 612641
2894 -204200 2.73591e-10 612600
2895 -204186 -4.00506e-10 612558
2896 -204172 -2.93025e-10 612517
2897 -204158 -9.50462e-11 612475
2898 -204145 -7.04041e-11 612434
2899 -204131 -7.95742e-11 612392
2900 -204117 -1.37533e-10 612350
2901 -204103 9.77055e-11 612308
2902 -204089 2.88153e-11 612266
2903 -204075 -5.96227e-10 612224
2904 -204061 -3.53097e-10 612182
2905 -204047 -9.44406e-11 612140
2906 -204033 -6.63252e-10 612098
2907 -204018 -4.00444e-10 612055
2908 -204004 -4.92607e-10 612013
2909 -203990 -1.41146e-10 611970
2910 -203976 -1.12595e-10 611928
2911 -203962 1.86306e-11 611885
2912 -203947 -1.09226e-10 611842
2913 -203933 -3.96086e-10 611799
2914 -203919 2.64568e-12 611756
2915 -203904 -8.60796e-11 611713
2916 -203890 2.03544e-10 611670
2917 -203875 4.03513e-11 611626
2918 -203861 -7.31662e-11 611583
2919 -203847 3.69651e-10 611540
2920 -203832 -2.17809e-10 611496
2921 -203817 -1.84402e-10 611450
2922 -203801 -1.6256e-10 611404
2923 -203786 -9.94173e-11 611358
2924 -203770 -1.24395e-11 611311
2925 -203755 1.0754e-10 611265
2926 -203740 2.1684e-18 611219
2927 -203724 1.10261e-10 611172
2928 -203709 -3.45105e-10 611126
2929 -203693 -4.3339e-10 611079
2930 -203678 4.1837e-10 611033
2931 -203662 -4.37054e-10 610986
2932 -203646 -2.44527e-10 610939
2933 -203631 -3.4525e-10 610892
2934 -203615 3.8206e-10 610846
2935 -203600 3.05223e-10 610799
2936 -203584 -1.78684e-10 610752
2937 -203568 -9.43832e-11 610705
2938 -203553 8.13434e-11 610658
2939 -203537 -1.34772e-10 610610
2940 -203521 -4.31935e-10 610563
2941 -203505 -2.15316e-10 610516
2942 -203490 -2.45982e-11 610469
2943 -203474 2.14189e-10 610421
2944 -203458 2.86803e-10 610374
2945 -203442 1.31977e-10 610326
2946 -203426 -1.21226e-10 610279
2947 -203410 4.88738e-10 610231
2948 -203394 1.64409e-10 610183
2949 -203378 -3.93678e-10 610135
2950 -203362 -1.30987e-10 610087
2951 -203346 6.29594e-10 610039
2952 -203330 3.78327e-10 609991
2953 -203314 -8.82256e-12 609943
2954 -203298 2.52637e-10 609895
2955 -203282 -4.73342e-10 609847
2956 -203266 2.8441e-10 609799
2957 -203250 -4.07413e-10 609750
2958 -203234 -6.73256e-10 609702
2959 -203218 1.06221e-10 609653
2960 -203202 2.42896e-12 609605
2961 -203185 5.9033e-10 609556
2962 -203169 -7.37816e-11 609507
2963 -203153 1.31967e-10 609458
2964 -203136 -1.11673e-10 609409
2965 -203120 1.49587e-10 609360
2966 -203104 3.48629e-10 609311
2967 -203087 -2.43256e-10 609262
2968 -203071 5.51988e-10 609213
2969 -203054 -2.63647e-10 609163
2970 -203038 7.09096e-11 609114
2971 -203022 -7.30049e-11 609065
2972 -203005 -1.03754e-10 609015
2973 -202988 7.07455e-10 608963
2974 -202970 -1.13858e-09 608909
2975 -202952 -6.21801e-10 608855
2976 -202933 -8.7897e-10 608800
2977 -202915 -3.73251e-10 608745
2978 -202897 -1.00522e-09 608691
2979 -202879 -9.61453e-10 608636
2980 -202860 -4.39998e-10 608580
2981 -202842 -6.26796e-10 608525
2982 -202823 -7.8735e-10 608469
2983 -202805 -4.76912e-10 608414
2984 -202786 -7.65501e-10 608358
2985 -202767 -8.03761e-10 608301
2986 -202748 -8.11495e-10 608245
2987 -202729 -1.26319e-09 608188
2988 -202710 -1.08606e-09 608131
2989 -202691 -1.34819e-09 608074
2990 -202672 -1.28153e-09 608017
2991 -202653 -1.08151e-09 607959
2992 -202634 -1.64165e-09 607901
2993 -202614 -1.73157e-09 607843
2994 -202595 -2.15288e-09 607785
2995 -202575 -1.90445e-09 607726
2996 -202556 -1.64134e-09 607667
2997 -202536 -2.25385e-09 607608
2998 -202516 -1.70478e-09 607549
2999 -202496 -2.09057e-09 607489
3000 -202476 -1.927e-09 607429
