0 0 0 0 0 0 0
0.0595293 0 0 0 0 0 0
0.119059 0 0 0 0 0 0
0.178588 0 0 0 0 0 0
0.230984 0 0 0 0 0 0
0.265461 0 0 0 0 0 0
0.288921 0 0 0 0 0 0
0.298072 0 0 0 0 0 0
0.307065 0 0 0 0 0 0
0.309154 0 0 0 0 0 0
0.311243 0 0 0 0 0 0
0.313332 0 0 0 0 0 0
0.315421 0 0 0 0 0 0
0.31751 0 0 0 0 0 0
0.319599 0 0 0 0 0 0
0.321688 0 0 0 0 0 0
0.323777 0 0 0 0 0 0
0.325865 0 0 0 0 0 0
0.327954 0 0 0 0 0 0
0.330043 0 0 0 0 0 0
0.332132 0 0 0 0 0 0
0.334221 0 0 0 0 0 0
0.33631 0 0 0 0 0 0
0.338399 0 0 0 0 0 0
0.340488 0 0 0 0 0 0
0.342577 0 0 0 0 0 0
0.344665 0 0 0 0 0 0
0.346754 0 0 0 0 0 0
0.348843 0 0 0 0 0 0
0.350932 0 0 0 0 0 0
0.353021 0 0 0 0 0 0
0.35511 0 0 0 0 0 0
0.357199 0 0 0 0 0 0
0.359288 0 0 0 0 0 0
0.361377 0 0 0 0 0 0
0.363465 0 0 0 0 0 0
0.365554 0 0 0 0 0 0
0.367643 0 0 0 0 0 0
0.369732 0 0 0 0 0 0
0.371821 0 0 0 0 0 0
0.37391 0 0 0 0 0 0
0.375999 0 0 0 0 0 0
0.378088 0 0 0 0 0 0
0.380176 0 0 0 0 0 0
0.382265 0 0 0 0 0 0
0.384354 0 0 0 0 0 0
0.386443 0 0 0 0 0 0
0.388532 0 0 0 0 0 0
0.390621 0 0 0 0 0 0
0.39271 0 0 0 0 0 0
0.394799 0 0 0 0 0 0
0.396888 0 0 0 0 0 0
0.398976 0 0 0 0 0 0
0.401065 0 0 0 0 0 0
0.403154 0 0 0 0 0 0
0.405243 0 0 0 0 0 0
0.407332 0 0 0 0 0 0
0.409421 0 0 0 0 0 0
0.41151 0 0 0 0 0 0
0.413599 0 0 0 0 0 0
0.415688 0 0 0 0 0 0
0.417776 0 0 0 0 0 0
0.419865 0 0 0 0 0 0
0.421954 0 0 0 0 0 0
0.424043 0 0 0 0 0 0
0.426132 0 0 0 0 0 0
0.428221 0 0 0 0 0 0
0.43031 0 0 0 0 0 0
0.432399 0 0 0 0 0 0
0.434488 0 0 0 0 0 0
0.436576 0 0 0 0 0 0
0.438665 0 0 0 0 0 0
0.440754 0 0 0 0 0 0
0.442843 0 0 0 0 0 0
0.444932 0 0 0 0 0 0
0.447021 0 0 0 0 0 0
0.44911 0 0 0 0 0 0
0.451199 0 0 0 0 0 0
0.453288 0 0 0 0 0 0
0.455298 0 0 0 0 0 0
0.45704 0 0 0 0 0 0
0.458294 0 0 0 0 0 0
0.459401 0 0 0 0 0 0
0.460507 0 0 0 0 0 0
0.461562 0 0 0 0 0 0
0.462205 0 0 0 0 0 0
0.462847 0 0 0 0 0 0
0.46349 0 0 0 0 0 0
0.464132 0 0 0 0 0 0
0.464775 0 0 0 0 0 0
0.465417 0 0 0 0 0 0
0.46606 0 0 0 0 0 0
0.466702 0 0 0 0 0 0
0.467345 0 0 0 0 0 0
0.467987 0 0 0 0 0 0
0.46863 0 0 0 0 0 0
0.469272 0 0 0 0 0 0
0.469915 0 0 0 0 0 0
0.470557 0 0 0 0 0 0
0.4712 0 0 0 0 0 0
0.471842 0 0 0 0 0 0
