0 586386 8.9e+06 4.29342e+06 -586386 8.9e+06 -4.29342e+06
0.0595293 586386 8.45801e+06 1.46432e+06 -586386 9.34199e+06 -7.12253e+06
0.119059 586386 8.01602e+06 -1.36479e+06 -586386 9.78398e+06 -9.95163e+06
0.178588 586386 7.57403e+06 -4.19389e+06 -586386 1.0226e+07 -1.27807e+07
0.230984 531901 7.20465e+06 -6.95716e+06 -531901 1.05954e+07 -1.47461e+07
0.265461 336919 6.98843e+06 -9.58155e+06 -336919 1.08116e+07 -1.48896e+07
0.288921 147639 6.80177e+06 -1.18598e+07 -147639 1.09982e+07 -1.5001e+07
0.298072 85342 6.68143e+06 -1.32928e+07 -85342 1.11186e+07 -1.51085e+07
0.307065 24428.3 6.56341e+06 -1.46962e+07 -24428.3 1.12366e+07 -1.52159e+07
0.309154 24428.3 6.54752e+06 -1.47979e+07 -24428.3 1.12525e+07 -1.53177e+07
0.311243 24428.3 6.53162e+06 -1.48997e+07 -24428.3 1.12684e+07 -1.54194e+07
0.313332 24428.3 6.51573e+06 -1.50014e+07 -24428.3 1.12843e+07 -1.55211e+07
0.315421 24428.3 6.49983e+06 -1.51032e+07 -24428.3 1.13002e+07 -1.56229e+07
0.31751 24428.3 6.48394e+06 -1.52049e+07 -24428.3 1.13161e+07 -1.57246e+07
0.319599 24428.3 6.46804e+06 -1.53066e+07 -24428.3 1.1332e+07 -1.58264e+07
0.321688 24428.3 6.45215e+06 -1.54084e+07 -24428.3 1.13479e+07 -1.59281e+07
0.323777 24428.3 6.43625e+06 -1.55101e+07 -24428.3 1.13637e+07 -1.60299e+07
0.325865 24428.3 6.42036e+06 -1.56119e+07 -24428.3 1.13796e+07 -1.61316e+07
0.327954 24428.3 6.40446e+06 -1.57136e+07 -24428.3 1.13955e+07 -1.62333e+07
0.330043 24428.3 6.38857e+06 -1.58154e+07 -24428.3 1.14114e+07 -1.63351e+07
0.332132 24428.3 6.37267e+06 -1.59171e+07 -24428.3 1.14273e+07 -1.64368e+07
0.334221 24428.3 6.35678e+06 -1.60188e+07 -24428.3 1.14432e+07 -1.65386e+07
0.33631 24428.3 6.34088e+06 -1.61206e+07 -24428.3 1.14591e+07 -1.66403e+07
0.338399 24428.3 6.32499e+06 -1.62223e+07 -24428.3 1.1475e+07 -1.67421e+07
0.340488 24428.3 6.30909e+06 -1.63241e+07 -24428.3 1.14909e+07 -1.68438e+07
0.342577 24428.3 6.2932e+06 -1.64258e+07 -24428.3 1.15068e+07 -1.69455e+07
0.344665 24428.3 6.2773e+06 -1.65275e+07 -24428.3 1.15227e+07 -1.70473e+07
0.346754 24428.3 6.2614e+06 -1.66293e+07 -24428.3 1.15386e+07 -1.7149e+07
0.348843 24428.3 6.24551e+06 -1.6731e+07 -24428.3 1.15545e+07 -1.72508e+07
0.350932 24428.3 6.22961e+06 -1.68328e+07 -24428.3 1.15704e+07 -1.73525e+07
0.353021 24428.3 6.21372e+06 -1.69345e+07 -24428.3 1.15863e+07 -1.74542e+07
0.35511 24428.3 6.19782e+06 -1.70363e+07 -24428.3 1.16022e+07 -1.7556e+07
0.357199 24428.3 6.18193e+06 -1.7138e+07 -24428.3 1.16181e+07 -1.76577e+07
0.359288 24428.3 6.16603e+06 -1.72397e+07 -24428.3 1.1634e+07 -1.77595e+07
0.361377 24428.3 6.15014e+06 -1.73415e+07 -24428.3 1.16499e+07 -1.78612e+07
0.363465 24428.3 6.13424e+06 -1.74432e+07 -24428.3 1.16658e+07 -1.7963e+07
0.365554 24428.3 6.11835e+06 -1.7545e+07 -24428.3 1.16817e+07 -1.80647e+07
0.367643 24428.3 6.10245e+06 -1.76467e+07 -24428.3 1.16975e+07 -1.81664e+07
0.369732 24428.3 6.08656e+06 -1.77485e+07 -24428.3 1.17134e+07 -1.82682e+07
0.371821 24428.3 6.07066e+06 -1.78502e+07 -24428.3 1.17293e+07 -1.83699e+07
0.37391 24428.3 6.05477e+06 -1.79519e+07 -24428.3 1.17452e+07 -1.84717e+07
0.375999 24428.3 6.03887e+06 -1.80537e+07 -24428.3 1.17611e+07 -1.85734e+07
0.378088 24428.3 6.02298e+06 -1.81554e+07 -24428.3 1.1777e+07 -1.86752e+07
0.380176 24428.3 6.00708e+06 -1.82572e+07 -24428.3 1.17929e+07 -1.87769e+07
0.382265 24428.3 5.99119e+06 -1.83589e+07 -24428.3 1.18088e+07 -1.88786e+07
0.384354 24428.3 5.97529e+06 -1.84606e+07 -24428.3 1.18247e+07 -1.89804e+07
0.386443 24428.3 5.9594e+06 -1.85624e+07 -24428.3 1.18406e+07 -1.90821e+07
0.388532 24428.3 5.9435e+06 -1.86641e+07 -24428.3 1.18565e+07 -1.91839e+07
0.390621 24428.3 5.92761e+06 -1.87659e+07 -24428.3 1.18724e+07 -1.92856e+07
0.39271 24428.3 5.91171e+06 -1.88676e+07 -24428.3 1.18883e+07 -1.93873e+07
0.394799 24428.3 5.89582e+06 -1.89694e+07 -24428.3 1.19042e+07 -1.94891e+07
0.396888 24428.3 5.87992e+06 -1.90711e+07 -24428.3 1.19201e+07 -1.95908e+07
0.398976 24428.3 5.86402e+06 -1.91728e+07 -24428.3 1.1936e+07 -1.96926e+07
0.401065 24428.3 5.84813e+06 -1.92746e+07 -24428.3 1.19519e+07 -1.97943e+07
0.403154 24428.3 5.83223e+06 -1.93763e+07 -24428.3 1.19678e+07 -1.98961e+07
0.405243 24428.3 5.81634e+06 -1.94781e+07 -24428.3 1.19837e+07 -1.99978e+07
0.407332 24428.3 5.80044e+06 -1.95798e+07 -24428.3 1.19996e+07 -2.00995e+07
0.409421 24428.3 5.78455e+06 -1.96816e+07 -24428.3 1.20155e+07 -2.02013e+07
0.41151 24428.3 5.76865e+06 -1.97833e+07 -24428.3 1.20313e+07 -2.0303e+07
0.413599 24428.3 5.75276e+06 -1.9885e+07 -24428.3 1.20472e+07 -2.04048e+07
0.415688 24428.3 5.73686e+06 -1.99868e+07 -24428.3 1.20631e+07 -2.05065e+07
0.417776 24428.3 5.72097e+06 -2.00885e+07 -24428.3 1.2079e+07 -2.06083e+07
0.419865 24428.3 5.70507e+06 -2.01903e+07 -24428.3 1.20949e+07 -2.071e+07
0.421954 24428.3 5.68918e+06 -2.0292e+07 -24428.3 1.21108e+07 -2.08117e+07
0.424043 24428.3 5.67328e+06 -2.03937e+07 -24428.3 1.21267e+07 -2.09135e+07
0.426132 24428.3 5.65739e+06 -2.04955e+07 -24428.3 1.21426e+07 -2.10152e+07
0.428221 24428.3 5.64149e+06 -2.05972e+07 -24428.3 1.21585e+07 -2.1117e+07
0.43031 24428.3 5.6256e+06 -2.0699e+07 -24428.3 1.21744e+07 -2.12187e+07
0.432399 24428.3 5.6097e+06 -2.08007e+07 -24428.3 1.21903e+07 -2.13204e+07
0.434488 24428.3 5.59381e+06 -2.09025e+07 -24428.3 1.22062e+07 -2.14222e+07
0.436576 24428.3 5.57791e+06 -2.10042e+07 -24428.3 1.22221e+07 -2.15239e+07
0.438665 24428.3 5.56202e+06 -2.11059e+07 -24428.3 1.2238e+07 -2.16257e+07
0.440754 24428.3 5.54612e+06 -2.12077e+07 -24428.3 1.22539e+07 -2.17274e+07
0.442843 24428.3 5.53023e+06 -2.13094e+07 -24428.3 1.22698e+07 -2.18292e+07
0.444932 24428.3 5.51433e+06 -2.14112e+07 -24428.3 1.22857e+07 -2.19309e+07
0.447021 24428.3 5.49844e+06 -2.15129e+07 -24428.3 1.23016e+07 -2.20326e+07
0.44911 24428.3 5.48254e+06 -2.16147e+07 -24428.3 1.23175e+07 -2.21344e+07
0.451199 24428.3 5.46664e+06 -2.17164e+07 -24428.3 1.23334e+07 -2.22361e+07
0.453288 24428.3 5.45075e+06 -2.18181e+07 -24428.3 1.23493e+07 -2.23379e+07
0.455298 23738.3 5.43631e+06 -2.19198e+07 -23738.3 1.23637e+07 -2.2421e+07
0.45704 22302.5 5.42487e+06 -2.20251e+07 -22302.5 1.23751e+07 -2.24623e+07
0.458294 19485.6 5.4134e+06 -2.21374e+07 -19485.6 1.23866e+07 -2.24968e+07
0.459401 15364.3 5.40218e+06 -2.22496e+07 -15364.3 1.23978e+07 -2.25282e+07
0.460507 11243 5.39095e+06 -2.23619e+07 -11243 1.2409e+07 -2.25597e+07
0.461562 7578.94 5.38043e+06 -2.24651e+07 -7578.94 1.24196e+07 -2.25911e+07
0.462205 7578.94 5.37553e+06 -2.24965e+07 -7578.94 1.24245e+07 -2.26224e+07
0.462847 7578.94 5.37063e+06 -2.25279e+07 -7578.94 1.24294e+07 -2.26538e+07
0.46349 7578.94 5.36573e+06 -2.25592e+07 -7578.94 1.24343e+07 -2.26852e+07
0.464132 7578.94 5.36083e+06 -2.25906e+07 -7578.94 1.24392e+07 -2.27165e+07
0.464775 7578.94 5.35593e+06 -2.26219e+07 -7578.94 1.24441e+07 -2.27479e+07
0.465417 7578.94 5.35103e+06 -2.26533e+07 -7578.94 1.2449e+07 -2.27792e+07
0.46606 7578.94 5.34614e+06 -2.26847e+07 -7578.94 1.24539e+07 -2.28106e+07
0.466702 7578.94 5.34124e+06 -2.2716e+07 -7578.94 1.24588e+07 -2.2842e+07
0.467345 7578.94 5.33634e+06 -2.27474e+07 -7578.94 1.24637e+07 -2.28733e+07
0.467987 7578.94 5.33144e+06 -2.27787e+07 -7578.94 1.24686e+07 -2.29047e+07
0.46863 7578.94 5.32654e+06 -2.28101e+07 -7578.94 1.24735e+07 -2.2936e+07
0.469272 7578.94 5.32164e+06 -2.28414e+07 -7578.94 1.24784e+07 -2.29674e+07
0.469915 7578.94 5.31674e+06 -2.28728e+07 -7578.94 1.24833e+07 -2.29987e+07
0.470557 7578.94 5.31184e+06 -2.29042e+07 -7578.94 1.24882e+07 -2.30301e+07
0.4712 7578.94 5.30694e+06 -2.29355e+07 -7578.94 1.24931e+07 -2.30615e+07
0.471842 7578.94 5.30204e+06 -2.29669e+07 -7578.94 1.2498e+07 -2.30928e+07
