0 586386 8.9e+06 -2.14089e+06 -586386 -8.9e+06 -4.29342e+06 -586386 8.9e+06 2.14089e+06 586386 -8.9e+06 4.29342e+06
0.0595293 56575.6 8.45801e+06 843523 -56575.6 -8.45801e+06 -1.46432e+06 -1.1162e+06 9.34199e+06 5.12531e+06 1.1162e+06 -9.34199e+06 7.12253e+06
0.119059 -473235 8.01602e+06 3.82794e+06 473235 -8.01602e+06 1.36479e+06 -1.64601e+06 9.78398e+06 8.10973e+06 1.64601e+06 -9.78398e+06 9.95163e+06
0.178588 -1.00305e+06 7.57403e+06 6.81236e+06 1.00305e+06 -7.57403e+06 4.19389e+06 -2.17582e+06 1.0226e+07 1.10941e+07 2.17582e+06 -1.0226e+07 1.27807e+07
0.230984 -1.52386e+06 7.20465e+06 9.76385e+06 1.52386e+06 -7.20465e+06 6.95716e+06 -2.58766e+06 1.05954e+07 1.36478e+07 2.58766e+06 -1.05954e+07 1.47461e+07
0.265461 -2.02568e+06 6.98843e+06 1.26459e+07 2.02568e+06 -6.98843e+06 9.58155e+06 -2.69952e+06 1.08116e+07 1.47317e+07 2.69952e+06 -1.08116e+07 1.48896e+07
0.288921 -2.42376e+06 6.80177e+06 1.47356e+07 2.42376e+06 -6.80177e+06 1.18598e+07 -2.71904e+06 1.09982e+07 1.48345e+07 2.71904e+06 -1.09982e+07 1.5001e+07
0.298072 -2.5675e+06 6.68143e+06 1.48799e+07 2.5675e+06 -6.68143e+06 1.32928e+07 -2.73818e+06 1.11186e+07 1.49371e+07 2.73818e+06 -1.11186e+07 1.51085e+07
0.307065 -2.70845e+06 6.56341e+06 1.50232e+07 2.70845e+06 -6.56341e+06 1.46962e+07 -2.75731e+06 1.12366e+07 1.50396e+07 2.75731e+06 -1.12366e+07 1.52159e+07
0.309154 -2.72705e+06 6.54752e+06 1.51255e+07 2.72705e+06 -6.54752e+06 1.47979e+07 -2.7759e+06 1.12525e+07 1.51418e+07 2.7759e+06 -1.12525e+07 1.53177e+07
0.311243 -2.74564e+06 6.53162e+06 1.52277e+07 2.74564e+06 -6.53162e+06 1.48997e+07 -2.79449e+06 1.12684e+07 1.52441e+07 2.79449e+06 -1.12684e+07 1.54194e+07
0.313332 -2.76423e+06 6.51573e+06 1.533e+07 2.76423e+06 -6.51573e+06 1.50014e+07 -2.81308e+06 1.12843e+07 1.53463e+07 2.81308e+06 -1.12843e+07 1.55211e+07
0.315421 -2.78282e+06 6.49983e+06 1.54322e+07 2.78282e+06 -6.49983e+06 1.51032e+07 -2.83168e+06 1.13002e+07 1.54486e+07 2.83168e+06 -1.13002e+07 1.56229e+07
0.31751 -2.80141e+06 6.48394e+06 1.55345e+07 2.80141e+06 -6.48394e+06 1.52049e+07 -2.85027e+06 1.13161e+07 1.55508e+07 2.85027e+06 -1.13161e+07 1.57246e+07
0.319599 -2.82e+06 6.46804e+06 1.56367e+07 2.82e+06 -6.46804e+06 1.53066e+07 -2.86886e+06 1.1332e+07 1.56531e+07 2.86886e+06 -1.1332e+07 1.58264e+07
0.321688 -2.83859e+06 6.45215e+06 1.5739e+07 2.83859e+06 -6.45215e+06 1.54084e+07 -2.88745e+06 1.13479e+07 1.57553e+07 2.88745e+06 -1.13479e+07 1.59281e+07
0.323777 -2.85718e+06 6.43625e+06 1.58412e+07 2.85718e+06 -6.43625e+06 1.55101e+07 -2.90604e+06 1.13637e+07 1.58576e+07 2.90604e+06 -1.13637e+07 1.60299e+07
0.325865 -2.87577e+06 6.42036e+06 1.59435e+07 2.87577e+06 -6.42036e+06 1.56119e+07 -2.92463e+06 1.13796e+07 1.59599e+07 2.92463e+06 -1.13796e+07 1.61316e+07
0.327954 -2.89437e+06 6.40446e+06 1.60457e+07 2.89437e+06 -6.40446e+06 1.57136e+07 -2.94322e+06 1.13955e+07 1.60621e+07 2.94322e+06 -1.13955e+07 1.62333e+07
0.330043 -2.91296e+06 6.38857e+06 1.6148e+07 2.91296e+06 -6.38857e+06 1.58154e+07 -2.96181e+06 1.14114e+07 1.61644e+07 2.96181e+06 -1.14114e+07 1.63351e+07
0.332132 -2.93155e+06 6.37267e+06 1.62503e+07 2.93155e+06 -6.37267e+06 1.59171e+07 -2.9804e+06 1.14273e+07 1.62666e+07 2.9804e+06 -1.14273e+07 1.64368e+07
0.334221 -2.95014e+06 6.35678e+06 1.63525e+07 2.95014e+06 -6.35678e+06 1.60188e+07 -2.99899e+06 1.14432e+07 1.63689e+07 2.99899e+06 -1.14432e+07 1.65386e+07
0.33631 -2.96873e+06 6.34088e+06 1.64548e+07 2.96873e+06 -6.34088e+06 1.61206e+07 -3.01759e+06 1.14591e+07 1.64711e+07 3.01759e+06 -1.14591e+07 1.66403e+07
0.338399 -2.98732e+06 6.32499e+06 1.6557e+07 2.98732e+06 -6.32499e+06 1.62223e+07 -3.03618e+06 1.1475e+07 1.65734e+07 3.03618e+06 -1.1475e+07 1.67421e+07
0.340488 -3.00591e+06 6.30909e+06 1.66593e+07 3.00591e+06 -6.30909e+06 1.63241e+07 -3.05477e+06 1.14909e+07 1.66756e+07 3.05477e+06 -1.14909e+07 1.68438e+07
0.342577 -3.0245e+06 6.2932e+06 1.67615e+07 3.0245e+06 -6.2932e+06 1.64258e+07 -3.07336e+06 1.15068e+07 1.67779e+07 3.07336e+06 -1.15068e+07 1.69455e+07
0.344665 -3.04309e+06 6.2773e+06 1.68638e+07 3.04309e+06 -6.2773e+06 1.65275e+07 -3.09195e+06 1.15227e+07 1.68801e+07 3.09195e+06 -1.15227e+07 1.70473e+07
0.346754 -3.06168e+06 6.2614e+06 1.6966e+07 3.06168e+06 -6.2614e+06 1.66293e+07 -3.11054e+06 1.15386e+07 1.69824e+07 3.11054e+06 -1.15386e+07 1.7149e+07
0.348843 -3.08028e+06 6.24551e+06 1.70683e+07 3.08028e+06 -6.24551e+06 1.6731e+07 -3.12913e+06 1.15545e+07 1.70847e+07 3.12913e+06 -1.15545e+07 1.72508e+07
0.350932 -3.09887e+06 6.22961e+06 1.71705e+07 3.09887e+06 -6.22961e+06 1.68328e+07 -3.14772e+06 1.15704e+07 1.71869e+07 3.14772e+06 -1.15704e+07 1.73525e+07
0.353021 -3.11746e+06 6.21372e+06 1.72728e+07 3.11746e+06 -6.21372e+06 1.69345e+07 -3.16631e+06 1.15863e+07 1.72892e+07 3.16631e+06 -1.15863e+07 1.74542e+07
0.35511 -3.13605e+06 6.19782e+06 1.73751e+07 3.13605e+06 -6.19782e+06 1.70363e+07 -3.18491e+06 1.16022e+07 1.73914e+07 3.18491e+06 -1.16022e+07 1.7556e+07
0.357199 -3.15464e+06 6.18193e+06 1.74773e+07 3.15464e+06 -6.18193e+06 1.7138e+07 -3.2035e+06 1.16181e+07 1.74937e+07 3.2035e+06 -1.16181e+07 1.76577e+07
0.359288 -3.17323e+06 6.16603e+06 1.75796e+07 3.17323e+06 -6.16603e+06 1.72397e+07 -3.22209e+06 1.1634e+07 1.75959e+07 3.22209e+06 -1.1634e+07 1.77595e+07
0.361377 -3.19182e+06 6.15014e+06 1.76818e+07 3.19182e+06 -6.15014e+06 1.73415e+07 -3.24068e+06 1.16499e+07 1.76982e+07 3.24068e+06 -1.16499e+07 1.78612e+07
0.363465 -3.21041e+06 6.13424e+06 1.77841e+07 3.21041e+06 -6.13424e+06 1.74432e+07 -3.25927e+06 1.16658e+07 1.78004e+07 3.25927e+06 -1.16658e+07 1.7963e+07
0.365554 -3.229e+06 6.11835e+06 1.78863e+07 3.229e+06 -6.11835e+06 1.7545e+07 -3.27786e+06 1.16817e+07 1.79027e+07 3.27786e+06 -1.16817e+07 1.80647e+07
0.367643 -3.2476e+06 6.10245e+06 1.79886e+07 3.2476e+06 -6.10245e+06 1.76467e+07 -3.29645e+06 1.16975e+07 1.80049e+07 3.29645e+06 -1.16975e+07 1.81664e+07
0.369732 -3.26619e+06 6.08656e+06 1.80908e+07 3.26619e+06 -6.08656e+06 1.77485e+07 -3.31504e+06 1.17134e+07 1.81072e+07 3.31504e+06 -1.17134e+07 1.82682e+07
0.371821 -3.28478e+06 6.07066e+06 1.81931e+07 3.28478e+06 -6.07066e+06 1.78502e+07 -3.33363e+06 1.17293e+07 1.82095e+07 3.33363e+06 -1.17293e+07 1.83699e+07
0.37391 -3.30337e+06 6.05477e+06 1.82953e+07 3.30337e+06 -6.05477e+06 1.79519e+07 -3.35223e+06 1.17452e+07 1.83117e+07 3.35223e+06 -1.17452e+07 1.84717e+07
0.375999 -3.32196e+06 6.03887e+06 1.83976e+07 3.32196e+06 -6.03887e+06 1.80537e+07 -3.37082e+06 1.17611e+07 1.8414e+07 3.37082e+06 -1.17611e+07 1.85734e+07
0.378088 -3.34055e+06 6.02298e+06 1.84999e+07 3.34055e+06 -6.02298e+06 1.81554e+07 -3.38941e+06 1.1777e+07 1.85162e+07 3.38941e+06 -1.1777e+07 1.86752e+07
0.380176 -3.35914e+06 6.00708e+06 1.86021e+07 3.35914e+06 -6.00708e+06 1.82572e+07 -3.408e+06 1.17929e+07 1.86185e+07 3.408e+06 -1.17929e+07 1.87769e+07
0.382265 -3.37773e+06 5.99119e+06 1.87044e+07 3.37773e+06 -5.99119e+06 1.83589e+07 -3.42659e+06 1.18088e+07 1.87207e+07 3.42659e+06 -1.18088e+07 1.88786e+07
0.384354 -3.39632e+06 5.97529e+06 1.88066e+07 3.39632e+06 -5.97529e+06 1.84606e+07 -3.44518e+06 1.18247e+07 1.8823e+07 3.44518e+06 -1.18247e+07 1.89804e+07
0.386443 -3.41492e+06 5.9594e+06 1.89089e+07 3.41492e+06 -5.9594e+06 1.85624e+07 -3.46377e+06 1.18406e+07 1.89252e+07 3.46377e+06 -1.18406e+07 1.90821e+07
0.388532 -3.43351e+06 5.9435e+06 1.90111e+07 3.43351e+06 -5.9435e+06 1.86641e+07 -3.48236e+06 1.18565e+07 1.90275e+07 3.48236e+06 -1.18565e+07 1.91839e+07
0.390621 -3.4521e+06 5.92761e+06 1.91134e+07 3.4521e+06 -5.92761e+06 1.87659e+07 -3.50095e+06 1.18724e+07 1.91297e+07 3.50095e+06 -1.18724e+07 1.92856e+07
0.39271 -3.47069e+06 5.91171e+06 1.92156e+07 3.47069e+06 -5.91171e+06 1.88676e+07 -3.51955e+06 1.18883e+07 1.9232e+07 3.51955e+06 -1.18883e+07 1.93873e+07
0.394799 -3.48928e+06 5.89582e+06 1.93179e+07 3.48928e+06 -5.89582e+06 1.89694e+07 -3.53814e+06 1.19042e+07 1.93343e+07 3.53814e+06 -1.19042e+07 1.94891e+07
0.396888 -3.50787e+06 5.87992e+06 1.94201e+07 3.50787e+06 -5.87992e+06 1.90711e+07 -3.55673e+06 1.19201e+07 1.94365e+07 3.55673e+06 -1.19201e+07 1.95908e+07
0.398976 -3.52646e+06 5.86402e+06 1.95224e+07 3.52646e+06 -5.86402e+06 1.91728e+07 -3.57532e+06 1.1936e+07 1.95388e+07 3.57532e+06 -1.1936e+07 1.96926e+07
0.401065 -3.54505e+06 5.84813e+06 1.96247e+07 3.54505e+06 -5.84813e+06 1.92746e+07 -3.59391e+06 1.19519e+07 1.9641e+07 3.59391e+06 -1.19519e+07 1.97943e+07
0.403154 -3.56364e+06 5.83223e+06 1.97269e+07 3.56364e+06 -5.83223e+06 1.93763e+07 -3.6125e+06 1.19678e+07 1.97433e+07 3.6125e+06 -1.19678e+07 1.98961e+07
0.405243 -3.58224e+06 5.81634e+06 1.98292e+07 3.58224e+06 -5.81634e+06 1.94781e+07 -3.63109e+06 1.19837e+07 1.98455e+07 3.63109e+06 -1.19837e+07 1.99978e+07
0.407332 -3.60083e+06 5.80044e+06 1.99314e+07 3.60083e+06 -5.80044e+06 1.95798e+07 -3.64968e+06 1.19996e+07 1.99478e+07 3.64968e+06 -1.19996e+07 2.00995e+07
0.409421 -3.61942e+06 5.78455e+06 2.00337e+07 3.61942e+06 -5.78455e+06 1.96816e+07 -3.66827e+06 1.20155e+07 2.005e+07 3.66827e+06 -1.20155e+07 2.02013e+07
0.41151 -3.63801e+06 5.76865e+06 2.01359e+07 3.63801e+06 -5.76865e+06 1.97833e+07 -3.68687e+06 1.20313e+07 2.01523e+07 3.68687e+06 -1.20313e+07 2.0303e+07
0.413599 -3.6566e+06 5.75276e+06 2.02382e+07 3.6566e+06 -5.75276e+06 1.9885e+07 -3.70546e+06 1.20472e+07 2.02545e+07 3.70546e+06 -1.20472e+07 2.04048e+07
0.415688 -3.67519e+06 5.73686e+06 2.03404e+07 3.67519e+06 -5.73686e+06 1.99868e+07 -3.72405e+06 1.20631e+07 2.03568e+07 3.72405e+06 -1.20631e+07 2.05065e+07
0.417776 -3.69378e+06 5.72097e+06 2.04427e+07 3.69378e+06 -5.72097e+06 2.00885e+07 -3.74264e+06 1.2079e+07 2.04591e+07 3.74264e+06 -1.2079e+07 2.06083e+07
0.419865 -3.71237e+06 5.70507e+06 2.05449e+07 3.71237e+06 -5.70507e+06 2.01903e+07 -3.76123e+06 1.20949e+07 2.05613e+07 3.76123e+06 -1.20949e+07 2.071e+07
0.421954 -3.73096e+06 5.68918e+06 2.06472e+07 3.73096e+06 -5.68918e+06 2.0292e+07 -3.77982e+06 1.21108e+07 2.06636e+07 3.77982e+06 -1.21108e+07 2.08117e+07
0.424043 -3.74956e+06 5.67328e+06 2.07495e+07 3.74956e+06 -5.67328e+06 2.03937e+07 -3.79841e+06 1.21267e+07 2.07658e+07 3.79841e+06 -1.21267e+07 2.09135e+07
0.426132 -3.76815e+06 5.65739e+06 2.08517e+07 3.76815e+06 -5.65739e+06 2.04955e+07 -3.817e+06 1.21426e+07 2.08681e+07 3.817e+06 -1.21426e+07 2.10152e+07
0.428221 -3.78674e+06 5.64149e+06 2.0954e+07 3.78674e+06 -5.64149e+06 2.05972e+07 -3.83559e+06 1.21585e+07 2.09703e+07 3.83559e+06 -1.21585e+07 2.1117e+07
0.43031 -3.80533e+06 5.6256e+06 2.10562e+07 3.80533e+06 -5.6256e+06 2.0699e+07 -3.85419e+06 1.21744e+07 2.10726e+07 3.85419e+06 -1.21744e+07 2.12187e+07
0.432399 -3.82392e+06 5.6097e+06 2.11585e+07 3.82392e+06 -5.6097e+06 2.08007e+07 -3.87278e+06 1.21903e+07 2.11748e+07 3.87278e+06 -1.21903e+07 2.13204e+07
0.434488 -3.84251e+06 5.59381e+06 2.12607e+07 3.84251e+06 -5.59381e+06 2.09025e+07 -3.89137e+06 1.22062e+07 2.12771e+07 3.89137e+06 -1.22062e+07 2.14222e+07
0.436576 -3.8611e+06 5.57791e+06 2.1363e+07 3.8611e+06 -5.57791e+06 2.10042e+07 -3.90996e+06 1.22221e+07 2.13793e+07 3.90996e+06 -1.22221e+07 2.15239e+07
0.438665 -3.87969e+06 5.56202e+06 2.14652e+07 3.87969e+06 -5.56202e+06 2.11059e+07 -3.92855e+06 1.2238e+07 2.14816e+07 3.92855e+06 -1.2238e+07 2.16257e+07
0.440754 -3.89828e+06 5.54612e+06 2.15675e+07 3.89828e+06 -5.54612e+06 2.12077e+07 -3.94714e+06 1.22539e+07 2.15839e+07 3.94714e+06 -1.22539e+07 2.17274e+07
0.442843 -3.91688e+06 5.53023e+06 2.16697e+07 3.91688e+06 -5.53023e+06 2.13094e+07 -3.96573e+06 1.22698e+07 2.16861e+07 3.96573e+06 -1.22698e+07 2.18292e+07
0.444932 -3.93547e+06 5.51433e+06 2.1772e+07 3.93547e+06 -5.51433e+06 2.14112e+07 -3.98432e+06 1.22857e+07 2.17884e+07 3.98432e+06 -1.22857e+07 2.19309e+07
0.447021 -3.95406e+06 5.49844e+06 2.18743e+07 3.95406e+06 -5.49844e+06 2.15129e+07 -4.00291e+06 1.23016e+07 2.18906e+07 4.00291e+06 -1.23016e+07 2.20326e+07
0.44911 -3.97265e+06 5.48254e+06 2.19765e+07 3.97265e+06 -5.48254e+06 2.16147e+07 -4.02151e+06 1.23175e+07 2.19929e+07 4.02151e+06 -1.23175e+07 2.21344e+07
0.451199 -3.99124e+06 5.46664e+06 2.20788e+07 3.99124e+06 -5.46664e+06 2.17164e+07 -4.0401e+06 1.23334e+07 2.20951e+07 4.0401e+06 -1.23334e+07 2.22361e+07
0.453288 -4.00983e+06 5.45075e+06 2.2181e+07 4.00983e+06 -5.45075e+06 2.18181e+07 -4.05869e+06 1.23493e+07 2.21974e+07 4.05869e+06 -1.23493e+07 2.23379e+07
0.455298 -4.02841e+06 5.43631e+06 2.22833e+07 4.02841e+06 -5.43631e+06 2.19198e+07 -4.07589e+06 1.23637e+07 2.2303e+07 4.07589e+06 -1.23637e+07 2.2421e+07
0.45704 -4.04536e+06 5.42487e+06 2.23639e+07 4.04536e+06 -5.42487e+06 2.20251e+07 -4.08996e+06 1.23751e+07 2.24162e+07 4.08996e+06 -1.23751e+07 2.24623e+07
0.458294 -4.05933e+06 5.4134e+06 2.24049e+07 4.05933e+06 -5.4134e+06 2.21374e+07 -4.0983e+06 1.23866e+07 2.24732e+07 4.0983e+06 -1.23866e+07 2.24968e+07
0.459401 -4.0733e+06 5.40218e+06 2.2446e+07 4.0733e+06 -5.40218e+06 2.22496e+07 -4.10403e+06 1.23978e+07 2.25046e+07 4.10403e+06 -1.23978e+07 2.25282e+07
0.460507 -4.08727e+06 5.39095e+06 2.2487e+07 4.08727e+06 -5.39095e+06 2.23619e+07 -4.10976e+06 1.2409e+07 2.2536e+07 4.10976e+06 -1.2409e+07 2.25597e+07
0.461562 -4.10033e+06 5.38043e+06 2.2527e+07 4.10033e+06 -5.38043e+06 2.24651e+07 -4.11548e+06 1.24196e+07 2.25674e+07 4.11548e+06 -1.24196e+07 2.25911e+07
0.462205 -4.10604e+06 5.37553e+06 2.25584e+07 4.10604e+06 -5.37553e+06 2.24965e+07 -4.1212e+06 1.24245e+07 2.25988e+07 4.1212e+06 -1.24245e+07 2.26224e+07
0.462847 -4.11176e+06 5.37063e+06 2.25898e+07 4.11176e+06 -5.37063e+06 2.25279e+07 -4.12692e+06 1.24294e+07 2.26302e+07 4.12692e+06 -1.24294e+07 2.26538e+07
0.46349 -4.11748e+06 5.36573e+06 2.26212e+07 4.11748e+06 -5.36573e+06 2.25592e+07 -4.13264e+06 1.24343e+07 2.26615e+07 4.13264e+06 -1.24343e+07 2.26852e+07
0.464132 -4.1232e+06 5.36083e+06 2.26525e+07 4.1232e+06 -5.36083e+06 2.25906e+07 -4.13836e+06 1.24392e+07 2.26929e+07 4.13836e+06 -1.24392e+07 2.27165e+07
0.464775 -4.12892e+06 5.35593e+06 2.26839e+07 4.12892e+06 -5.35593e+06 2.26219e+07 -4.14407e+06 1.24441e+07 2.27243e+07 4.14407e+06 -1.24441e+07 2.27479e+07
0.465417 -4.13463e+06 5.35103e+06 2.27153e+07 4.13463e+06 -5.35103e+06 2.26533e+07 -4.14979e+06 1.2449e+07 2.27557e+07 4.14979e+06 -1.2449e+07 2.27792e+07
0.46606 -4.14035e+06 5.34614e+06 2.27467e+07 4.14035e+06 -5.34614e+06 2.26847e+07 -4.15551e+06 1.24539e+07 2.27871e+07 4.15551e+06 -1.24539e+07 2.28106e+07
0.466702 -4.14607e+06 5.34124e+06 2.27781e+07 4.14607e+06 -5.34124e+06 2.2716e+07 -4.16123e+06 1.24588e+07 2.28185e+07 4.16123e+06 -1.24588e+07 2.2842e+07
0.467345 -4.15179e+06 5.33634e+06 2.28095e+07 4.15179e+06 -5.33634e+06 2.27474e+07 -4.16695e+06 1.24637e+07 2.28499e+07 4.16695e+06 -1.24637e+07 2.28733e+07
0.467987 -4.15751e+06 5.33144e+06 2.28409e+07 4.15751e+06 -5.33144e+06 2.27787e+07 -4.17266e+06 1.24686e+07 2.28812e+07 4.17266e+06 -1.24686e+07 2.29047e+07
0.46863 -4.16323e+06 5.32654e+06 2.28722e+07 4.16323e+06 -5.32654e+06 2.28101e+07 -4.17838e+06 1.24735e+07 2.29126e+07 4.17838e+06 -1.24735e+07 2.2936e+07
0.469272 -4.16894e+06 5.32164e+06 2.29036e+07 4.16894e+06 -5.32164e+06 2.28414e+07 -4.1841e+06 1.24784e+07 2.2944e+07 4.1841e+06 -1.24784e+07 2.29674e+07
0.469915 -4.17466e+06 5.31674e+06 2.2935e+07 4.17466e+06 -5.31674e+06 2.28728e+07 -4.18982e+06 1.24833e+07 2.29754e+07 4.18982e+06 -1.24833e+07 2.29987e+07
0.470557 -4.18038e+06 5.31184e+06 2.29664e+07 4.18038e+06 -5.31184e+06 2.29042e+07 -4.19554e+06 1.24882e+07 2.30068e+07 4.19554e+06 -1.24882e+07 2.30301e+07
0.4712 -4.1861e+06 5.30694e+06 2.29978e+07 4.1861e+06 -5.30694e+06 2.29355e+07 -4.20126e+06 1.24931e+07 2.30382e+07 4.20126e+06 -1.24931e+07 2.30615e+07
0.471842 -4.19182e+06 5.30204e+06 2.30292e+07 4.19182e+06 -5.30204e+06 2.29669e+07 -4.20697e+06 1.2498e+07 2.30695e+07 4.20697e+06 -1.2498e+07 2.30928e+07
