0.1 2.8097e-05
0.2 0.000123184
0.3 0.000279974
0.4 0.000464096
0.5 0.000560092
0.6 0.000500648
0.7 0.000406756
0.8 0.000264131
0.9 -0.000133294
1 -0.00083427
1.1 -0.00169642
1.2 -0.00220825
1.3 -0.0018272
1.4 -0.00105044
1.5 -0.000783181
1.6 -0.00128878
1.7 -0.00171883
1.8 -0.000546348
1.9 0.00217972
2 0.00442731
2.1 0.00389252
2.2 0.000907947
2.3 -0.00180924
2.4 -0.00358023
2.5 -0.00468273
2.6 -0.00388439
2.7 -0.00079746
2.8 0.00313364
2.9 0.00631635
3 0.00771535
3.1 0.00673304
3.2 0.00373403
3.3 -0.000397717
3.4 -0.00445977
3.5 -0.00664281
3.6 -0.00610678
3.7 -0.00360605
3.8 -0.000303354
3.9 0.00253408
4 0.00387837
4.1 0.00359229
4.2 0.0017961
4.3 -0.00156286
4.4 -0.00549087
4.5 -0.00755428
4.6 -0.00649275
4.7 -0.00337597
4.8 -9.36335e-05
4.9 0.0021475
5 0.00377083
5.1 0.00511987
5.2 0.00572337
5.3 0.00571893
5.4 0.0051484
5.5 0.0035427
5.6 0.000828881
5.7 -0.00242559
5.8 -0.00498957
5.9 -0.00582714
6 -0.00488705
6.1 -0.0027748
6.2 -0.000334364
6.3 0.00167232
6.4 0.0027867
6.5 0.002925
6.6 0.00223052
6.7 0.000908495
6.8 -0.000725926
6.9 -0.00216422
7 -0.00280763
7.1 -0.00246221
7.2 -0.00136417
7.3 0.000141594
7.4 0.00154547
7.5 0.00234854
7.6 0.00224417
7.7 0.001161
7.8 -0.000569658
7.9 -0.00214454
8 -0.00278985
8.1 -0.00228611
8.2 -0.000824784
8.3 0.00100597
8.4 0.00233147
8.5 0.00257092
8.6 0.00199986
8.7 0.00132353
8.8 0.000623573
8.9 -0.000432728
9 -0.00166141
9.1 -0.00222397
9.2 -0.00194733
9.3 -0.00144518
9.4 -0.000540379
9.5 0.000744799
9.6 0.00147587
9.7 0.00156156
9.8 0.00131194
9.9 0.000520683
10 -0.000654102
10.1 -0.00166316
10.2 -0.00208332
10.3 -0.00200514
10.4 -0.00173299
10.5 -0.00112416
10.6 -0.000169694
10.7 0.000929711
10.8 0.00195714
10.9 0.00255029
11 0.00235103
11.1 0.0012522
11.2 -0.000207098
11.3 -0.00127966
11.4 -0.00146454
11.5 -0.00059877
11.6 0.0008522
11.7 0.00183473
11.8 0.00132597
11.9 -0.000543509
12 -0.00221986
12.1 -0.00235238
12.2 -0.000851817
12.3 0.00144601
12.4 0.00321517
12.5 0.00351669
12.6 0.00236099
12.7 0.000370055
12.8 -0.00167932
12.9 -0.00320493
13 -0.00395667
13.1 -0.00394823
13.2 -0.00316124
13.3 -0.00155011
13.4 0.000404592
13.5 0.00203776
13.6 0.003038
13.7 0.00320374
13.8 0.00220947
13.9 0.000295057
14 -0.00156701
14.1 -0.00261806
14.2 -0.00271701
14.3 -0.00224172
14.4 -0.00151516
14.5 -0.00065698
14.6 0.000356971
14.7 0.00143197
14.8 0.00207239
14.9 0.00189652
15 0.000955454
15.1 -0.000430388
15.2 -0.00180709
15.3 -0.0025259
15.4 -0.00219012
15.5 -0.00116451
15.6 -0.000200153
15.7 0.000421815
15.8 0.000953869
15.9 0.00134549
16 0.00135113
16.1 0.000868383
16.2 1.22676e-05
16.3 -0.000803545
16.4 -0.00143338
16.5 -0.00171713
16.6 -0.00134838
16.7 -0.000410205
16.8 0.00078251
16.9 0.00160274
17 0.00148199
17.1 0.000604726
17.2 -0.000431055
17.3 -0.00109989
17.4 -0.00115156
17.5 -0.000524299
17.6 0.000596062
17.7 0.00149371
17.8 0.00158583
17.9 0.000985022
18 -1.60267e-05
18.1 -0.00104834
18.2 -0.00160289
18.3 -0.00146621
18.4 -0.000849346
18.5 -0.000153326
18.6 0.000369359
18.7 0.000832742
18.8 0.00122836
18.9 0.00126891
19 0.00090983
19.1 0.000173185
19.2 -0.000759008
19.3 -0.00143713
19.4 -0.00164075
19.5 -0.00136051
19.6 -0.000693311
19.7 0.00024896
19.8 0.0013696
19.9 0.00231611
20 0.00253121
20.1 0.00163754
20.2 -3.63854e-05
20.3 -0.00161182
20.4 -0.00258368
20.5 -0.00278946
20.6 -0.0022296
20.7 -0.00109011
20.8 0.000551471
20.9 0.00216816
21 0.00299815
21.1 0.00276293
21.2 0.00153044
21.3 -0.000100461
21.4 -0.00134035
21.5 -0.00189459
21.6 -0.00168894
21.7 -0.000628778
21.8 0.000973145
21.9 0.00228504
22 0.00266406
22.1 0.00213027
22.2 0.000935977
22.3 -0.000614135
22.4 -0.00198546
22.5 -0.00265032
22.6 -0.00230434
22.7 -0.00115733
22.8 0.000119403
22.9 0.00116377
23 0.00196669
23.1 0.00233574
23.2 0.00199565
23.3 0.00101031
23.4 -0.000186851
23.5 -0.00120765
23.6 -0.0018554
23.7 -0.00189649
23.8 -0.00133614
23.9 -0.000412981
24 0.000704864
24.1 0.00181913
24.2 0.00250064
24.3 0.00229995
24.4 0.00144609
24.5 0.000351042
24.6 -0.000915997
24.7 -0.00220997
24.8 -0.00301927
24.9 -0.00262686
25 -0.00106887
25.1 0.000695905
25.2 0.00190405
25.3 0.00245245
25.4 0.00234934
25.5 0.00140572
25.6 -0.000443805
25.7 -0.0025984
25.8 -0.00401202
25.9 -0.00415504
26 -0.0032468
26.1 -0.00194694
26.2 -0.000599545
26.3 0.00106557
26.4 0.00288641
26.5 0.00402706
26.6 0.00391792
26.7 0.00252531
26.8 0.000212063
26.9 -0.00214639
27 -0.00370079
27.1 -0.00405539
27.2 -0.00308153
27.3 -0.00107258
27.4 0.00135009
27.5 0.00345099
27.6 0.00451211
27.7 0.00433034
27.8 0.00308403
27.9 0.0010316
28 -0.00120354
28.1 -0.00289492
28.2 -0.00359299
28.3 -0.00312273
28.4 -0.00171703
28.5 0.000153129
28.6 0.00194568
28.7 0.00314436
28.8 0.0033452
28.9 0.00235115
29 0.000552665
29.1 -0.00125908
29.2 -0.0024043
29.3 -0.00260945
29.4 -0.00204838
29.5 -0.000986709
29.6 0.000330051
29.7 0.00155562
29.8 0.00231079
29.9 0.00229055
30 0.00144245
30.1 9.27289e-05
30.2 -0.0011275
30.3 -0.00173843
30.4 -0.00179044
30.5 -0.00141619
30.6 -0.000565251
30.7 0.000612211
30.8 0.00166892
30.9 0.00211282
31 0.00168807
31.1 0.000556893
31.2 -0.000765959
31.3 -0.00170883
31.4 -0.00196014
31.5 -0.00156659
31.6 -0.000780292
31.7 0.000188954
31.8 0.00112871
31.9 0.00170596
32 0.00164457
32.1 0.000920697
32.2 -0.000164102
32.3 -0.00120276
32.4 -0.00188805
32.5 -0.00197829
32.6 -0.00141691
32.7 -0.00041662
32.8 0.00064919
32.9 0.00144473
33 0.00175976
33.1 0.00149416
33.2 0.000746826
33.3 -0.000225504
33.4 -0.00112271
33.5 -0.00163325
33.6 -0.00155947
33.7 -0.000967027
33.8 -9.91425e-05
33.9 0.000806263
34 0.00151662
34.1 0.00182109
34.2 0.00163028
34.3 0.000935522
34.4 -0.000126207
34.5 -0.00114237
34.6 -0.00165702
34.7 -0.00152852
34.8 -0.000969824
34.9 -0.000234192
35 0.000589849
35.1 0.00134523
35.2 0.00170212
35.3 0.00145124
35.4 0.000728534
35.5 -0.000132847
35.6 -0.000865934
35.7 -0.00128118
35.8 -0.00127346
35.9 -0.000848837
36 -0.00011141
36.1 0.000688995
36.2 0.0012395
36.3 0.00132513
36.4 0.000916216
36.5 0.000144813
36.6 -0.000731956
36.7 -0.00134494
36.8 -0.00136978
36.9 -0.000722067
37 0.000366315
37.1 0.0014521
37.2 0.00210291
37.3 0.00206599
37.4 0.00133033
37.5 9.28469e-05
37.6 -0.00124378
37.7 -0.00220123
37.8 -0.00249163
37.9 -0.00208769
38 -0.00112789
38.1 0.000116793
38.2 0.0012492
38.3 0.00191659
38.4 0.00194517
38.5 0.00131062
38.6 0.000164335
38.7 -0.00110302
38.8 -0.00196689
38.9 -0.00206525
39 -0.00138355
39.1 -0.000200445
39.2 0.00103749
39.3 0.00189735
39.4 0.00211309
39.5 0.00162352
39.6 0.000549146
39.7 -0.000780992
39.8 -0.00186301
39.9 -0.00230397
40 -0.00200902
40.1 -0.00110733
40.2 0.000109224
40.3 0.00124144
40.4 0.00195352
40.5 0.00207745
40.6 0.00158802
40.7 0.000615315
40.8 -0.000525541
40.9 -0.00140432
41 -0.00166902
41.1 -0.00126058
41.2 -0.000431931
41.3 0.000488174
41.4 0.00122566
41.5 0.00153779
41.6 0.00129832
41.7 0.000585122
41.8 -0.000376632
41.9 -0.00130047
42 -0.00187966
42.1 -0.00189307
42.2 -0.00134201
42.3 -0.00044155
42.4 0.000522719
42.5 0.0013062
42.6 0.0017129
42.7 0.00160755
42.8 0.00098899
42.9 4.01006e-05
43 -0.000904965
43.1 -0.00151272
43.2 -0.001616
43.3 -0.00123176
43.4 -0.000480666
43.5 0.000421221
43.6 0.00118004
43.7 0.00154801
43.8 0.00142079
43.9 0.000862316
44 7.89225e-05
44.1 -0.000680167
44.2 -0.00121538
44.3 -0.00138996
44.4 -0.00117156
44.5 -0.000657294
44.6 -2.12668e-05
44.7 0.000547611
44.8 0.000892715
44.9 0.000925851
45 0.000657389
45.1 0.000208261
45.2 -0.000233274
45.3 -0.000511992
45.4 -0.000562907
45.5 -0.000398747
45.6 -0.000106775
45.7 0.000172529
45.8 0.000332576
45.9 0.000349185
46 0.000261999
46.1 0.000142813
46.2 5.11673e-05
46.3 -9.39598e-06
46.4 -7.62789e-05
46.5 -0.000146564
46.6 -0.000158647
46.7 -8.65216e-05
46.8 2.19622e-05
46.9 8.84668e-05
47 4.6121e-05
47.1 -0.000107393
47.2 -0.000302267
47.3 -0.000442589
47.4 -0.000463056
47.5 -0.000342586
47.6 -9.69749e-05
47.7 0.00019501
47.8 0.000392545
47.9 0.000401784
48 0.000265604
48.1 9.28073e-05
48.2 -3.04668e-05
48.3 -5.94793e-05
48.4 8.98254e-06
48.5 0.000140446
48.6 0.000279747
48.7 0.000357191
48.8 0.000323389
48.9 0.000182047
49 -2.67842e-05
49.1 -0.000237929
49.2 -0.000374453
49.3 -0.000380032
49.4 -0.000238951
49.5 1.15154e-05
49.6 0.000274842
49.7 0.000426777
49.8 0.000382275
49.9 0.000155812
50 -0.000152496
