0.1 -421.458
0.2 -161.949
0.3 -180.22
0.4 112.409
0.5 1277.28
0.6 -335.384
0.7 -89.7813
0.8 1245.99
0.9 1419.84
1 467.637
1.1 62.4164
1.2 -5847.22
1.3 -1761.11
1.4 3433.73
1.5 2536.19
1.6 3086.73
1.7 -9842.83
1.8 -7439.19
1.9 1417.45
2 11781.6
2.1 16754.9
2.2 -8544.51
2.3 -3676.79
2.4 1705.2
2.5 -9761.09
2.6 -10695.5
2.7 -3176.58
2.8 4386.21
2.9 5629.99
3 11109.5
3.1 7870.56
3.2 3399.97
3.3 2320.37
3.4 -9086.12
3.5 -12333.3
3.6 -7033.33
3.7 -3070.58
3.8 1144.95
3.9 7759.65
4 5733.02
4.1 5229.9
4.2 6458.69
4.3 5294.45
4.4 -8512.02
4.5 -16239.4
4.6 -5883.38
4.7 -2822.52
4.8 9045.04
4.9 350.581
5 -479.124
5.1 4721.91
5.2 2218.62
5.3 -40.2172
5.4 6353.23
5.5 2861.23
5.6 4546.06
5.7 -3843.58
5.8 -7216.21
5.9 -7620.26
6 -4208.16
6.1 -1545.69
6.2 2376.65
6.3 3298.83
6.4 4410.19
6.5 2522
6.6 3037.51
6.7 816.195
6.8 15.9724
6.9 -3790.04
7 -4359.23
7.1 -2323.86
7.2 -2282.47
7.3 773.092
7.4 2264.6
7.5 3709.81
7.6 3927.4
7.7 3117.33
7.8 -449.638
7.9 -4554.81
8 -4384.33
8.1 -3912.18
8.2 -2155.17
8.3 2681.14
8.4 4371.69
8.5 4866.27
8.6 -1946.57
8.7 605.858
8.8 1089.22
8.9 2560.89
9 -3625.36
9.1 -5301.82
9.2 1640.85
9.3 -1362.57
9.4 -4955.37
9.5 5567.65
9.6 2131.66
9.7 -150.221
9.8 3198.4
9.9 1878.01
10 -1201.56
10.1 -1960.83
10.2 -3710.28
10.3 1906.29
10.4 -3011.78
10.5 -933
10.6 -306.836
10.7 -627.335
10.8 2641.11
10.9 1859.47
11 5525.92
11.1 582.285
11.2 -1283.45
11.3 -3816.5
11.4 -4398.74
11.5 -3145.82
11.6 1912.4
11.7 6347.64
11.8 7761.75
11.9 -1460.42
12 -7737.86
12.1 -6221.27
12.2 -4315.9
12.3 2894.16
12.4 6457.64
12.5 6205.13
12.6 2990.54
12.7 342.139
12.8 -2798.18
12.9 -2602.32
13 -3605.25
13.1 -1589.81
13.2 -4893.5
13.3 -985.2
13.4 1710.37
13.5 2387.43
13.6 3008.76
13.7 4112.55
13.8 6166.31
13.9 -2643.04
14 -1665.5
14.1 -6191.28
14.2 -233.439
14.3 -1955.35
14.4 375.089
14.5 -769.167
14.6 -1173.27
14.7 2199.99
14.8 3292.02
14.9 3460.2
15 1265.73
15.1 679.895
15.2 -2762.59
15.3 -5023.11
15.4 -3010.13
15.5 695.996
15.6 2536.9
15.7 -633.899
15.8 79.623
15.9 2581.16
16 547.855
16.1 3648.84
16.2 -2244.93
16.3 236.445
16.4 -1017.59
16.5 -3392.58
16.6 -1984.81
16.7 -1179.19
16.8 525.162
16.9 5716.14
17 2157.27
17.1 1317.13
17.2 -2413.81
17.3 -1993.76
17.4 -2856.15
17.5 -2477.83
17.6 415.277
17.7 4987.93
17.8 1691.98
17.9 2021.8
18 268.095
18.1 -2089.05
18.2 -3256.44
18.3 -1766.56
18.4 -413.219
18.5 1405.66
18.6 201.945
18.7 -920.015
18.8 2654.48
18.9 937.2
19 1465.53
19.1 1795.19
19.2 -2122.68
19.3 -1360.98
19.4 -2272.78
19.5 -1351.42
19.6 -828.797
19.7 -1117.04
19.8 387.389
19.9 2954.18
20 4675.42
20.1 4326.51
20.2 -1624.66
20.3 -2554.56
20.4 -2319.88
20.5 -4296.78
20.6 -571.248
20.7 -3255.18
20.8 -449.706
20.9 4528.03
21 3194.06
21.1 5062.06
21.2 1640.94
21.3 -2367.85
21.4 -2770.49
21.5 -2375.82
21.6 -3876.2
21.7 -2689.61
21.8 1129.11
21.9 4781.86
22 3300.28
22.1 2309.76
22.2 1987.73
22.3 -947.922
22.4 -2773.76
22.5 -4101.49
22.6 -4185.89
22.7 457.86
22.8 1324.33
22.9 379.04
23 1539.3
23.1 3050.29
23.2 2997.35
23.3 633.769
23.4 -1087.65
23.5 -1103.82
23.6 -2300.61
23.7 -3394.7
23.8 68.2211
23.9 -2183.72
24 1378.92
24.1 -520.483
24.2 6153.52
24.3 1446.38
24.4 751.366
24.5 668.623
24.6 491.244
24.7 -1247.06
24.8 -5267.33
24.9 -6243.92
25 271.588
25.1 2598.91
25.2 2880.11
25.3 1537
25.4 3818.65
25.5 3433.37
25.6 2903.13
25.7 -4663.59
25.8 -4690.64
25.9 -5014.14
26 -1049.87
26.1 1239.52
26.2 -2142.24
26.3 -1720.72
26.4 3247.73
26.5 5428.22
26.6 4642.62
26.7 4538.57
26.8 89.8674
26.9 -4040.24
27 -4070.4
27.1 -5815.8
27.2 -4224.99
27.3 -1260.46
27.4 540.05
27.5 5007.13
27.6 5042.27
27.7 3551.68
27.8 3822.45
27.9 895.26
28 -2872.23
28.1 -3307.35
28.2 -5412.76
28.3 -3392.01
28.4 -1834.93
28.5 95.0468
28.6 2809.02
28.7 3195
28.8 5768.53
28.9 3191.25
29 -84.5322
29.1 -2823.29
29.2 -4266.83
29.3 -2744.16
29.4 -1738.03
29.5 -1288.84
29.6 489.39
29.7 1677.96
29.8 3210.66
29.9 3531.88
30 2143.56
30.1 -294.683
30.2 -3496.69
30.3 -1851.31
30.4 -1184.64
30.5 -2173.2
30.6 -1619.38
30.7 514.152
30.8 2402.38
30.9 3873.25
31 2880.96
31.1 961.084
31.2 -1927.95
31.3 -2804.9
31.4 -2835.74
31.5 -1196.44
31.6 -662.543
31.7 -222.749
31.8 1550.48
31.9 2559.25
32 2910.69
32.1 1556.64
32.2 -610.085
32.3 -1028.59
32.4 -2633.28
32.5 -2630.57
32.6 -1879.9
32.7 -193.346
32.8 1283.89
32.9 1679.63
33 2564.44
33.1 1901.08
33.2 859.354
33.3 -244.872
33.4 -1496.46
33.5 -2562.28
33.6 -2143.62
33.7 -930.548
33.8 -126.861
33.9 621.462
34 1809.69
34.1 1847.46
34.2 1924.61
34.3 1862.47
34.4 -144.933
34.5 -2256.19
34.6 -2865.29
34.7 -1660.44
34.8 -266.924
34.9 -459.691
35 -139.819
35.1 1769.17
35.2 2579.02
35.3 2189.2
35.4 120.044
35.5 -349.203
35.6 -1346.07
35.7 -1726.23
35.8 -1546.03
35.9 -1435.31
36 -275.326
36.1 1041.28
36.2 1941.34
36.3 2049.1
36.4 1378.58
36.5 631.067
36.6 -1060.23
36.7 -2467.39
36.8 -2827.21
36.9 -1966.43
37 150.033
37.1 1705.37
37.2 2963.75
37.3 2683.27
37.4 2150.63
37.5 542.946
37.6 -1749.46
37.7 -2731.51
37.8 -2793.52
37.9 -2096.42
38 -1351.49
38.1 526.046
38.2 1983.64
38.3 2481.94
38.4 2634.53
38.5 2196.01
38.6 649.508
38.7 -1679.07
38.8 -3343.66
38.9 -3116.12
39 -2125.22
39.1 -154.297
39.2 1611.31
39.3 2602.8
39.4 2844.95
39.5 2286.99
39.6 1353.03
39.7 -1156.56
39.8 -2761.74
39.9 -2935.86
40 -2405.13
40.1 -1354.95
40.2 391.961
40.3 1836.17
40.4 2237.78
40.5 2510.57
40.6 1941.28
40.7 856.117
40.8 -1131.3
40.9 -2524.73
41 -3030.39
41.1 -1511.56
41.2 -249.629
41.3 638.977
41.4 1710.95
41.5 2319.53
41.6 1924
41.7 938.362
41.8 -72.3854
41.9 -1362.37
42 -2372.61
42.1 -2379.07
42.2 -1336.39
42.3 -189.036
42.4 757.292
42.5 1386.23
42.6 2122.11
42.7 2050.26
42.8 1475.5
42.9 -46.2704
43 -1440.33
43.1 -2132.73
43.2 -1861.42
43.3 -1457.07
43.4 -727.313
43.5 649.842
43.6 1573.61
43.7 2065.77
43.8 1722.63
43.9 957.936
44 -264.781
44.1 -792.944
44.2 -1507.52
44.3 -1601.4
44.4 -1184.6
44.5 -467.2
44.6 292.548
44.7 889.35
44.8 1285.37
44.9 1219.41
45 799.771
45.1 -108.973
45.2 -695.745
45.3 -941.779
45.4 -837.76
45.5 -608.802
45.6 138.186
45.7 522.456
45.8 605.756
45.9 417.611
46 115.952
46.1 -169.491
46.2 -190.017
46.3 83.3216
46.4 118.199
46.5 -268.663
46.6 -453.88
46.7 -86.6937
46.8 81.858
46.9 552.628
47 445.619
47.1 223.665
47.2 -272.562
47.3 -496.788
47.4 -531.67
47.5 -553.911
47.6 -237.654
47.7 333.602
47.8 987.209
47.9 516.421
48 161.242
48.1 -289.625
48.2 -324.801
48.3 -474.669
48.4 -187.962
48.5 -94.4543
48.6 259.254
48.7 503.735
48.8 401.952
48.9 305.473
49 -0.529275
49.1 -269.705
49.2 -579.347
49.3 -535.765
49.4 -549.065
49.5 -6.9209
49.6 369.995
49.7 937.797
49.8 700.992
49.9 389.629
50 -252.562
