0.005 2.34105e-07
0.01 1.31646e-06
0.015 3.91832e-06
0.02 8.62077e-06
0.025 1.58443e-05
0.03 2.56912e-05
0.035 3.81044e-05
0.04 5.30248e-05
0.045 7.03826e-05
0.05 9.00879e-05
0.055 0.00011204
0.06 0.000136136
0.065 0.000162305
0.07 0.000190536
0.075 0.000220847
0.08 0.000253256
0.085 0.000287808
0.09 0.000324601
0.095 0.00036376
0.1 0.000405408
0.105 0.000449662
0.11 0.000496626
0.115 0.000546399
0.12 0.000599076
0.125 0.000654696
0.13 0.00071318
0.135 0.000774395
0.14 0.000838203
0.145 0.000904461
0.15 0.000973011
0.155 0.00104369
0.16 0.00111632
0.165 0.00119074
0.17 0.00126674
0.175 0.00134411
0.18 0.00142264
0.185 0.00150215
0.19 0.00158254
0.195 0.00166377
0.2 0.00174576
0.205 0.00182854
0.21 0.00191227
0.215 0.00199716
0.22 0.00208345
0.225 0.00217136
0.23 0.0022611
0.235 0.00235289
0.24 0.00244695
0.245 0.00254344
0.25 0.00264245
0.255 0.00274401
0.26 0.00284815
0.265 0.00295485
0.27 0.00306388
0.275 0.00317498
0.28 0.00328786
0.285 0.00340226
0.29 0.00351797
0.295 0.00363479
0.3 0.00375253
0.305 0.00387095
0.31 0.00398979
0.315 0.00410874
0.32 0.00422748
0.325 0.00434573
0.33 0.00446324
0.335 0.00457975
0.34 0.00469504
0.345 0.00480884
0.35 0.00492084
0.355 0.00503074
0.36 0.0051382
0.365 0.00524302
0.37 0.00534517
0.375 0.00544475
0.38 0.00554184
0.385 0.00563659
0.39 0.00572929
0.395 0.00582029
0.4 0.00590994
0.405 0.00599856
0.41 0.00608649
0.415 0.00617404
0.42 0.0062615
0.425 0.00634912
0.43 0.00643694
0.435 0.00652495
0.44 0.00661311
0.445 0.00670121
0.45 0.00678857
0.455 0.00687433
0.46 0.00695762
0.465 0.00703763
0.47 0.00711367
0.475 0.00718508
0.48 0.00725125
0.485 0.00731151
0.49 0.00736516
0.495 0.0074115
0.5 0.00744982
0.505 0.00747989
0.51 0.00750242
0.515 0.00751862
0.52 0.00752966
0.525 0.00753658
0.53 0.00754003
0.535 0.00754053
0.54 0.00753857
0.545 0.00753455
0.55 0.00752868
0.555 0.00752107
0.56 0.00751183
0.565 0.00750114
0.57 0.00748931
0.575 0.00747671
0.58 0.00746373
0.585 0.00745075
0.59 0.00743812
0.595 0.00742622
0.6 0.00741541
0.605 0.00740605
0.61 0.00739855
0.615 0.00739331
0.62 0.00739073
0.625 0.00739109
0.63 0.00739438
0.635 0.00740049
0.64 0.00740927
0.645 0.00742042
0.65 0.00743327
0.655 0.00744697
0.66 0.00746067
0.665 0.00747376
0.67 0.00748617
0.675 0.00749802
0.68 0.00750947
0.685 0.00752059
0.69 0.00753123
0.695 0.00754119
0.7 0.00755024
0.705 0.00755823
0.71 0.0075651
0.715 0.00757086
0.72 0.00757552
0.725 0.00757891
0.73 0.00758061
0.735 0.00757999
0.74 0.00757647
0.745 0.00756945
0.75 0.00755837
0.755 0.00754268
0.76 0.00752181
0.765 0.00749517
0.77 0.00746207
0.775 0.00742176
0.78 0.00737352
0.785 0.00731667
0.79 0.00725068
0.795 0.00717508
0.8 0.00708941
0.805 0.00699333
0.81 0.00688672
0.815 0.00676959
0.82 0.00664194
0.825 0.00650367
0.83 0.0063545
0.835 0.00619403
0.84 0.00602188
0.845 0.00583759
0.85 0.00564062
0.855 0.00543031
0.86 0.00520608
0.865 0.00496746
0.87 0.00471432
0.875 0.00444669
0.88 0.00416462
0.885 0.0038683
0.89 0.00355828
0.895 0.00323527
0.9 0.00289996
0.905 0.00255307
0.91 0.00219524
0.915 0.00182714
0.92 0.00144941
0.925 0.00106275
0.93 0.00066796
0.935 0.00026588
0.94 -0.000142647
0.945 -0.000556858
0.95 -0.000976147
0.955 -0.00139999
0.96 -0.00182786
0.965 -0.00225945
0.97 -0.00269488
0.975 -0.00313449
0.98 -0.00357863
0.985 -0.00402757
0.99 -0.0044815
0.995 -0.00494056
1 -0.00540487
1.005 -0.00587463
1.01 -0.00635016
1.015 -0.00683186
1.02 -0.00732013
1.025 -0.00781533
1.03 -0.00831781
1.035 -0.00882787
1.04 -0.00934584
1.045 -0.00987199
1.05 -0.0104065
1.055 -0.0109497
1.06 -0.0115016
1.065 -0.0120623
1.07 -0.012631
1.075 -0.0132068
1.08 -0.0137889
1.085 -0.0143763
1.09 -0.0149684
1.095 -0.0155642
1.1 -0.0161631
1.105 -0.0167642
1.11 -0.0173659
1.115 -0.0179666
1.12 -0.0185647
1.125 -0.0191588
1.13 -0.0197483
1.135 -0.0203327
1.14 -0.0209116
1.145 -0.0214841
1.15 -0.0220484
1.155 -0.0226019
1.16 -0.0231421
1.165 -0.0236663
1.17 -0.0241709
1.175 -0.0246519
1.18 -0.0251056
1.185 -0.0255286
1.19 -0.0259184
1.195 -0.0262732
1.2 -0.0265911
1.205 -0.0268711
1.21 -0.0271135
1.215 -0.0273193
1.22 -0.0274896
1.225 -0.0276256
1.23 -0.027728
1.235 -0.0277975
1.24 -0.0278351
1.245 -0.0278415
1.25 -0.0278183
1.255 -0.0277669
1.26 -0.027689
1.265 -0.027586
1.27 -0.0274594
1.275 -0.0273104
1.28 -0.0271405
1.285 -0.026951
1.29 -0.0267432
1.295 -0.0265187
1.3 -0.0262787
1.305 -0.0260247
1.31 -0.0257579
1.315 -0.0254798
1.32 -0.0251915
1.325 -0.0248945
1.33 -0.0245901
1.335 -0.0242798
1.34 -0.0239649
1.345 -0.0236469
1.35 -0.0233274
1.355 -0.0230078
1.36 -0.0226897
1.365 -0.0223748
1.37 -0.0220649
1.375 -0.021762
1.38 -0.0214681
1.385 -0.021185
1.39 -0.0209144
1.395 -0.0206578
1.4 -0.0204168
1.405 -0.0201931
1.41 -0.0199886
1.415 -0.0198052
1.42 -0.0196451
1.425 -0.0195095
1.43 -0.0193986
1.435 -0.0193119
1.44 -0.019249
1.445 -0.0192089
1.45 -0.0191902
1.455 -0.019191
1.46 -0.0192095
1.465 -0.0192438
1.47 -0.0192924
1.475 -0.0193539
1.48 -0.0194267
1.485 -0.0195096
1.49 -0.0196021
1.495 -0.0197037
1.5 -0.0198141
1.505 -0.019933
1.51 -0.0200605
1.515 -0.0201966
1.52 -0.0203415
1.525 -0.020495
1.53 -0.0206566
1.535 -0.0208258
1.54 -0.0210017
1.545 -0.021184
1.55 -0.0213726
1.555 -0.0215678
1.56 -0.0217699
1.565 -0.0219791
1.57 -0.0221958
1.575 -0.0224204
1.58 -0.0226533
1.585 -0.0228951
1.59 -0.0231467
1.595 -0.0234093
1.6 -0.0236841
1.605 -0.0239704
1.61 -0.0242643
1.615 -0.0245601
1.62 -0.0248519
1.625 -0.0251328
1.63 -0.0253926
1.635 -0.0256199
1.64 -0.0258035
1.645 -0.0259339
1.65 -0.0260055
1.655 -0.0260148
1.66 -0.0259583
1.665 -0.0258336
1.67 -0.0256403
1.675 -0.0253792
1.68 -0.0250513
1.685 -0.0246572
1.69 -0.0241974
1.695 -0.023672
1.7 -0.0230813
1.705 -0.022426
1.71 -0.0217078
1.715 -0.0209285
1.72 -0.0204896
1.725 -0.0205556
1.73 -0.0206198
1.735 -0.0206142
1.74 -0.0205923
1.745 -0.020517
1.75 -0.0204177
1.755 -0.0202735
1.76 -0.0201004
1.765 -0.0198867
1.77 -0.0196409
1.775 -0.0193565
1.78 -0.0190379
1.785 -0.0186809
1.79 -0.0182873
1.795 -0.0178542
1.8 -0.0173821
1.805 -0.0168694
1.81 -0.0163694
1.815 -0.0160602
1.82 -0.0159546
1.825 -0.0158949
1.83 -0.0158223
1.835 -0.015716
1.84 -0.015569
1.845 -0.01538
1.85 -0.0151497
1.855 -0.0148794
1.86 -0.0145709
1.865 -0.0142262
1.87 -0.0138473
1.875 -0.0134366
1.88 -0.0129964
1.885 -0.0125289
1.89 -0.0120367
1.895 -0.0115225
1.9 -0.0109888
1.905 -0.0104384
1.91 -0.00987414
1.915 -0.00929902
1.92 -0.00871605
1.925 -0.00812815
1.93 -0.00753816
1.935 -0.00694884
1.94 -0.00636293
1.945 -0.00578327
1.95 -0.00521281
1.955 -0.00465457
1.96 -0.00411155
1.965 -0.00358666
1.97 -0.00308264
1.975 -0.0026021
1.98 -0.00214767
1.985 -0.00172202
1.99 -0.00132802
1.995 -0.000968605
2 -0.000646671
2.005 -0.000364965
2.01 -0.000125947
2.015 6.80832e-05
2.02 0.000214864
2.025 0.00031203
2.03 0.000356976
2.035 0.000346998
2.04 0.000279437
2.045 0.000151884
2.05 -3.76177e-05
2.055 -0.000290774
2.06 -0.000609243
2.065 -0.000994619
2.07 -0.00144841
2.075 -0.00197207
2.08 -0.00256699
2.085 -0.00323427
2.09 -0.00397451
2.095 -0.004788
2.1 -0.005675
2.105 -0.0066358
2.11 -0.00767082
2.115 -0.00878055
2.12 -0.00996539
2.125 -0.0112244
2.13 -0.0125542
2.135 -0.0139497
2.14 -0.0154063
2.145 -0.0169191
2.15 -0.0184836
2.155 -0.0200956
2.16 -0.0217506
2.165 -0.0234397
2.17 -0.0251443
2.175 -0.0268412
2.18 -0.0285073
2.185 -0.0301232
2.19 -0.031677
2.195 -0.0331605
2.2 -0.0345656
2.205 -0.0358871
2.21 -0.037126
2.215 -0.0382862
2.22 -0.0393716
2.225 -0.0403848
2.23 -0.0413254
2.235 -0.0421913
2.24 -0.0429809
2.245 -0.0436939
2.25 -0.0443332
2.255 -0.0449034
2.26 -0.0454091
2.265 -0.0458543
2.27 -0.0462416
2.275 -0.0465732
2.28 -0.046851
2.285 -0.0470777
2.29 -0.0472563
2.295 -0.0473905
2.3 -0.0474841
2.305 -0.0475401
2.31 -0.0475609
2.315 -0.0475484
2.32 -0.0475044
2.325 -0.047431
2.33 -0.0473308
2.335 -0.0472065
2.34 -0.047061
2.345 -0.0468968
2.35 -0.0467166
2.355 -0.0465227
2.36 -0.0463175
2.365 -0.0461035
2.37 -0.0458826
2.375 -0.0456569
2.38 -0.0454285
2.385 -0.0451997
2.39 -0.0449739
2.395 -0.0447547
2.4 -0.0445458
2.405 -0.0443482
2.41 -0.0441574
2.415 -0.0439659
2.42 -0.0437667
2.425 -0.0435493
2.43 -0.043297
2.435 -0.0429901
2.44 -0.0426089
2.445 -0.0421406
2.45 -0.0422915
2.455 -0.0427464
2.46 -0.0430689
2.465 -0.0434156
2.47 -0.0436768
2.475 -0.0439353
2.48 -0.0441291
2.485 -0.0443048
2.49 -0.044432
2.495 -0.0445402
2.5 -0.0446153
2.505 -0.0446747
2.51 -0.0447107
2.515 -0.0447331
2.52 -0.044738
2.525 -0.0447321
2.53 -0.0447158
2.535 -0.0446957
2.54 -0.044674
2.545 -0.0447631
2.55 -0.0450904
2.555 -0.0455834
2.56 -0.0461098
2.565 -0.0466152
2.57 -0.0470736
2.575 -0.0474697
2.58 -0.0477926
2.585 -0.0480357
2.59 -0.0481982
2.595 -0.0482822
2.6 -0.0482898
2.605 -0.0482229
2.61 -0.0480819
2.615 -0.0478667
2.62 -0.0475775
2.625 -0.0472147
2.63 -0.0467796
2.635 -0.0462741
2.64 -0.0457
2.645 -0.0450592
2.65 -0.0443538
2.655 -0.0435861
2.66 -0.0427583
2.665 -0.0418727
2.67 -0.0409315
2.675 -0.0399368
2.68 -0.038891
2.685 -0.0377964
2.69 -0.0366554
2.695 -0.0354704
2.7 -0.0342439
2.705 -0.0329784
2.71 -0.0316764
2.715 -0.0303401
2.72 -0.0289721
2.725 -0.0275748
2.73 -0.0261508
2.735 -0.0247028
2.74 -0.0232332
2.745 -0.0217448
2.75 -0.0202401
2.755 -0.0187215
2.76 -0.0176698
2.765 -0.0167813
2.77 -0.0158236
2.775 -0.0149402
2.78 -0.0140278
2.785 -0.0131654
2.79 -0.012294
2.795 -0.011455
2.8 -0.0106145
2.805 -0.00979398
2.81 -0.00897364
2.815 -0.00816396
2.82 -0.00735265
2.825 -0.00654417
2.83 -0.00573019
2.835 -0.0049116
2.84 -0.00408238
2.845 -0.00324214
2.85 -0.00242265
2.855 -0.00174064
2.86 -0.00119971
2.865 -0.000698278
2.87 -0.00019898
2.875 0.000311007
2.88 0.000835392
2.885 0.00137461
2.89 0.00192813
2.895 0.00249512
2.9 0.00307453
2.905 0.00366503
2.91 0.00426477
2.915 0.00487167
2.92 0.00548364
2.925 0.00609866
2.93 0.00671483
2.935 0.00733031
2.94 0.00794327
2.945 0.00855178
2.95 0.00915373
2.955 0.00974687
2.96 0.010329
2.965 0.010898
2.97 0.011452
2.975 0.0119891
2.98 0.0125076
2.985 0.0130057
2.99 0.0134815
2.995 0.0139332
3 0.014359
3.005 0.0147586
3.01 0.0151351
3.015 0.015493
3.02 0.015837
3.025 0.0161709
3.03 0.016497
3.035 0.0168169
3.04 0.0171319
3.045 0.0174428
3.05 0.0177481
3.055 0.0180456
3.06 0.0183331
3.065 0.0186087
3.07 0.0188716
3.075 0.0191211
3.08 0.0193571
3.085 0.0195784
3.09 0.0197834
3.095 0.0199699
3.1 0.0201357
3.105 0.0202789
3.11 0.0203979
3.115 0.0204912
3.12 0.0205576
3.125 0.0205954
3.13 0.020603
3.135 0.0205784
3.14 0.0205197
3.145 0.0204251
3.15 0.0202933
3.155 0.0201227
3.16 0.0199122
3.165 0.0196604
3.17 0.0193662
3.175 0.0190283
3.18 0.0186458
3.185 0.0182198
3.19 0.0177555
3.195 0.0172606
3.2 0.0167426
3.205 0.0162072
3.21 0.0156565
3.215 0.0150908
3.22 0.0145103
3.225 0.0139148
3.23 0.0133025
3.235 0.0126712
3.24 0.0120185
3.245 0.011343
3.25 0.0106444
3.255 0.00992318
3.26 0.0091799
3.265 0.0084141
3.27 0.00762341
3.275 0.00680447
3.28 0.005954
3.285 0.00506966
3.29 0.00415101
3.295 0.00319858
3.3 0.00221293
3.305 0.0011936
3.31 0.000138096
3.315 -0.000957067
3.32 -0.00209534
3.325 -0.00327444
3.33 -0.00448061
3.335 -0.0056944
3.34 -0.00689642
3.345 -0.00807138
3.35 -0.00921213
3.355 -0.0103156
3.36 -0.0113788
3.365 -0.0124003
3.37 -0.0133817
3.375 -0.0143265
3.38 -0.0152378
3.385 -0.0161183
3.39 -0.0169691
3.395 -0.0177906
3.4 -0.0185833
3.405 -0.0193482
3.41 -0.0200882
3.415 -0.0208065
3.42 -0.0215067
3.425 -0.0221921
3.43 -0.022866
3.435 -0.0235319
3.44 -0.0241931
3.445 -0.0248491
3.45 -0.0254924
3.455 -0.0261116
3.46 -0.0266955
3.465 -0.027235
3.47 -0.0277251
3.475 -0.028163
3.48 -0.0285458
3.485 -0.0288722
3.49 -0.0291435
3.495 -0.0293621
3.5 -0.0295307
3.505 -0.0296512
3.51 -0.0297237
3.515 -0.0297479
3.52 -0.0297233
3.525 -0.0296502
3.53 -0.0295305
3.535 -0.0293669
3.54 -0.0291621
3.545 -0.0289186
3.55 -0.0286381
3.555 -0.0283223
3.56 -0.0279728
3.565 -0.0275912
3.57 -0.02718
3.575 -0.0267415
3.58 -0.0262784
3.585 -0.0257928
3.59 -0.025286
3.595 -0.0247589
3.6 -0.0242126
3.605 -0.0236469
3.61 -0.0230601
3.615 -0.0224489
3.62 -0.0218106
3.625 -0.0211436
3.63 -0.0204493
3.635 -0.0197303
3.64 -0.0189894
3.645 -0.0182288
3.65 -0.0174495
3.655 -0.0166521
3.66 -0.015837
3.665 -0.0150052
3.67 -0.0141583
3.675 -0.0132984
3.68 -0.0124274
3.685 -0.0115474
3.69 -0.0106598
3.695 -0.00976609
3.7 -0.00886768
3.705 -0.00796621
3.71 -0.00706383
3.715 -0.00616292
3.72 -0.00526585
3.725 -0.00437485
3.73 -0.00349183
3.735 -0.00261855
3.74 -0.00175677
3.745 -0.000908121
3.75 -7.40022e-05
3.755 0.000744302
3.76 0.00154552
3.765 0.0023292
3.77 0.00309646
3.775 0.00384924
3.78 0.00458946
3.785 0.00531885
3.79 0.00603874
3.795 0.00675025
3.8 0.00745448
3.805 0.00815251
3.81 0.00884527
3.815 0.00953362
3.82 0.0102184
3.825 0.0108997
3.83 0.0115759
3.835 0.0122445
3.84 0.0129031
3.845 0.0135494
3.85 0.0141821
3.855 0.0147998
3.86 0.0154013
3.865 0.0159851
3.87 0.0165489
3.875 0.0170902
3.88 0.0176065
3.885 0.0180953
3.89 0.0185546
3.895 0.0189827
3.9 0.0193776
3.905 0.0197374
3.91 0.0200598
3.915 0.0203421
3.92 0.020582
3.925 0.0207771
3.93 0.0209256
3.935 0.0210258
3.94 0.0210761
3.945 0.0210749
3.95 0.0210207
3.955 0.020912
3.96 0.0207475
3.965 0.0205282
3.97 0.0202603
3.975 0.0199522
3.98 0.0196125
3.985 0.0192483
3.99 0.0188638
3.995 0.0184618
4 0.018045
4.005 0.0176153
4.01 0.0171725
4.015 0.0167155
4.02 0.0162433
4.025 0.015755
4.03 0.0152505
4.035 0.01473
4.04 0.0141936
4.045 0.0136423
4.05 0.0130779
4.055 0.012503
4.06 0.0119203
4.065 0.011332
4.07 0.0107394
4.075 0.0101435
4.08 0.00954528
4.085 0.0089452
4.09 0.00834243
4.095 0.00773557
4.1 0.00712325
4.105 0.00650443
4.11 0.00587882
4.115 0.00524646
4.12 0.00460741
4.125 0.00396138
4.13 0.00330736
4.135 0.00264397
4.14 0.00196989
4.145 0.00128398
4.15 0.000585615
4.155 -0.000125608
4.16 -0.00085008
4.165 -0.00158844
4.17 -0.00234184
4.175 -0.00311167
4.18 -0.00389931
4.185 -0.0047059
4.19 -0.00553214
4.195 -0.00637849
4.2 -0.0072454
4.205 -0.00813353
4.21 -0.00904399
4.215 -0.00997809
4.22 -0.0109371
4.225 -0.0119222
4.23 -0.0129338
4.235 -0.0139724
4.24 -0.0150383
4.245 -0.0161321
4.25 -0.0172546
4.255 -0.0184071
4.26 -0.0195907
4.265 -0.0208059
4.27 -0.0220517
4.275 -0.0233268
4.28 -0.0246296
4.285 -0.0259589
4.29 -0.0273142
4.295 -0.0286952
4.3 -0.0301016
4.305 -0.0315327
4.31 -0.0329866
4.315 -0.0344609
4.32 -0.0359533
4.325 -0.0374609
4.33 -0.0389799
4.335 -0.040506
4.34 -0.0420348
4.345 -0.043559
4.35 -0.0450653
4.355 -0.0465374
4.36 -0.0479588
4.365 -0.0493184
4.37 -0.0506147
4.375 -0.051851
4.38 -0.053031
4.385 -0.0541572
4.39 -0.0552309
4.395 -0.0562524
4.4 -0.0572222
4.405 -0.0581405
4.41 -0.0590075
4.415 -0.0598233
4.42 -0.0605877
4.425 -0.0612995
4.43 -0.0619547
4.435 -0.0625479
4.44 -0.0630738
4.445 -0.0635277
4.45 -0.0639056
4.455 -0.064204
4.46 -0.0644196
4.465 -0.0645487
4.47 -0.0645869
4.475 -0.0645293
4.48 -0.0643713
4.485 -0.0641102
4.49 -0.0637471
4.495 -0.0632853
4.5 -0.062728
4.505 -0.0620781
4.51 -0.061338
4.515 -0.0605095
4.52 -0.0595947
4.525 -0.058596
4.53 -0.0575171
4.535 -0.0563622
4.54 -0.0551356
4.545 -0.0538413
4.55 -0.0524827
4.555 -0.0510634
4.56 -0.0495865
4.565 -0.0480561
4.57 -0.0464768
4.575 -0.0448537
4.58 -0.0431921
4.585 -0.041497
4.59 -0.0397727
4.595 -0.0380237
4.6 -0.036254
4.605 -0.0344682
4.61 -0.0326716
4.615 -0.0308693
4.62 -0.029067
4.625 -0.0272695
4.63 -0.0254816
4.635 -0.0237077
4.64 -0.0219519
4.645 -0.0202187
4.65 -0.0185122
4.655 -0.0168368
4.66 -0.0151965
4.665 -0.0135919
4.67 -0.0128856
4.675 -0.0129719
4.68 -0.0130493
4.685 -0.0131548
4.69 -0.0132528
4.695 -0.013368
4.7 -0.0134819
4.705 -0.0136081
4.71 -0.0137383
4.715 -0.0138821
4.72 -0.0140358
4.725 -0.0142047
4.73 -0.0143856
4.735 -0.0145802
4.74 -0.0147861
4.745 -0.0150042
4.75 -0.0152346
4.755 -0.015545
4.76 -0.0162648
4.765 -0.0174539
4.77 -0.0188291
4.775 -0.0202839
4.78 -0.0217788
4.785 -0.0232998
4.79 -0.0248427
4.795 -0.0264067
4.8 -0.0279926
4.805 -0.0296019
4.81 -0.0312368
4.815 -0.0328999
4.82 -0.0345938
4.825 -0.0363189
4.83 -0.0380712
4.835 -0.0398447
4.84 -0.0416332
4.845 -0.0434273
4.85 -0.04521
4.855 -0.0469609
4.86 -0.0486598
4.865 -0.050292
4.87 -0.0518533
4.875 -0.0533454
4.88 -0.0547698
4.885 -0.0561272
4.89 -0.0574172
4.895 -0.0586385
4.9 -0.0597897
4.905 -0.0608703
4.91 -0.0618803
4.915 -0.0628204
4.92 -0.0636913
4.925 -0.064494
4.93 -0.0652306
4.935 -0.0659034
4.94 -0.066515
4.945 -0.0670658
4.95 -0.0675527
4.955 -0.0679706
4.96 -0.0683146
4.965 -0.0685796
4.97 -0.0687604
4.975 -0.0688517
4.98 -0.0688483
4.985 -0.0687473
4.99 -0.0685498
4.995 -0.0682594
5 -0.0678795
5.005 -0.0674128
5.01 -0.0668603
5.015 -0.0662222
5.02 -0.0654987
5.025 -0.0646907
5.03 -0.0638008
5.035 -0.0628321
5.04 -0.0617878
5.045 -0.0606709
5.05 -0.0594841
5.055 -0.0582293
5.06 -0.0569091
5.065 -0.0555259
5.07 -0.0540826
5.075 -0.0525826
5.08 -0.0510292
5.085 -0.0494254
5.09 -0.0477744
5.095 -0.046079
5.1 -0.0443421
5.105 -0.0425662
5.11 -0.0407529
5.115 -0.0389032
5.12 -0.0370184
5.125 -0.0350987
5.13 -0.0331422
5.135 -0.0311464
5.14 -0.0291087
5.145 -0.0270274
5.15 -0.024903
5.155 -0.0227371
5.16 -0.020531
5.165 -0.0182866
5.17 -0.0170179
5.175 -0.0161538
5.18 -0.015126
5.185 -0.0141979
5.19 -0.0131763
5.195 -0.0122063
5.2 -0.0111816
5.205 -0.0101824
5.21 -0.00915172
5.215 -0.0081357
5.22 -0.00710389
5.225 -0.00608179
5.23 -0.00505191
5.235 -0.00402734
5.24 -0.00299797
5.245 -0.00197147
5.25 -0.000944107
5.255 5.63665e-05
5.26 0.000731602
5.265 0.000984426
5.27 0.00107991
5.275 0.00112295
5.28 0.00115672
5.285 0.00120086
5.29 0.00126598
5.295 0.00135918
5.3 0.00148628
5.305 0.00165006
5.31 0.0018481
5.315 0.00207541
5.32 0.00232696
5.325 0.00259907
5.33 0.00289077
5.335 0.00320246
5.34 0.0035345
5.345 0.00388621
5.35 0.00425481
5.355 0.00463648
5.36 0.00502739
5.365 0.00542423
5.37 0.00582465
5.375 0.00622681
5.38 0.00662889
5.385 0.00702871
5.39 0.00742344
5.395 0.00780991
5.4 0.00818497
5.405 0.00854569
5.41 0.00888961
5.415 0.00921447
5.42 0.00951804
5.425 0.00979829
5.43 0.0100535
5.435 0.0102821
5.44 0.0104827
5.445 0.0106546
5.45 0.0107995
5.455 0.0109197
5.46 0.0110179
5.465 0.0110963
5.47 0.0111568
5.475 0.0112012
5.48 0.0112311
5.485 0.0112482
5.49 0.011254
5.495 0.01125
5.5 0.0112376
5.505 0.0112174
5.51 0.0111882
5.515 0.0111481
5.52 0.0110952
5.525 0.0110278
5.53 0.0109448
5.535 0.0108453
5.54 0.0107285
5.545 0.0105932
5.55 0.0104378
5.555 0.0102604
5.56 0.0100589
5.565 0.00983155
5.57 0.00957697
5.575 0.00929383
5.58 0.00898089
5.585 0.00863678
5.59 0.00825994
5.595 0.00784872
5.6 0.00740149
5.605 0.00691675
5.61 0.0063932
5.615 0.00582969
5.62 0.00522509
5.625 0.0045783
5.63 0.00388831
5.635 0.00315413
5.64 0.00237483
5.645 0.00155079
5.65 0.000685016
5.655 -0.000218167
5.66 -0.00115442
5.665 -0.00211931
5.67 -0.0031082
5.675 -0.00411634
5.68 -0.00513901
5.685 -0.00617179
5.69 -0.0072109
5.695 -0.00825291
5.7 -0.00929435
5.705 -0.0103327
5.71 -0.011367
5.715 -0.0123973
5.72 -0.0134235
5.725 -0.0144457
5.73 -0.0154635
5.735 -0.0164766
5.74 -0.0174848
5.745 -0.0184878
5.75 -0.0194856
5.755 -0.0204783
5.76 -0.021466
5.765 -0.0224482
5.77 -0.0234233
5.775 -0.0243889
5.78 -0.0253427
5.785 -0.0262826
5.79 -0.0272058
5.795 -0.0281099
5.8 -0.0289923
5.805 -0.0298509
5.81 -0.0306841
5.815 -0.031491
5.82 -0.0322706
5.825 -0.0330221
5.83 -0.0337452
5.835 -0.0344397
5.84 -0.0351058
5.845 -0.0357429
5.85 -0.0363504
5.855 -0.0369272
5.86 -0.0374722
5.865 -0.0379846
5.87 -0.0384638
5.875 -0.0389094
5.88 -0.0393212
5.885 -0.039699
5.89 -0.040043
5.895 -0.0403537
5.9 -0.0406314
5.905 -0.0408767
5.91 -0.04109
5.915 -0.0412718
5.92 -0.0414226
5.925 -0.0415432
5.93 -0.0416346
5.935 -0.0416983
5.94 -0.0417356
5.945 -0.0417479
5.95 -0.0417367
5.955 -0.0417036
5.96 -0.0416501
5.965 -0.0415776
5.97 -0.0414875
5.975 -0.0413813
5.98 -0.0412602
5.985 -0.0411248
5.99 -0.0409741
5.995 -0.0408062
6 -0.0406192
6.005 -0.0404112
6.01 -0.0401807
6.015 -0.039926
6.02 -0.0396454
6.025 -0.0393372
6.03 -0.0389995
6.035 -0.0386302
6.04 -0.0382271
6.045 -0.0377893
6.05 -0.0373179
6.055 -0.0368152
6.06 -0.0362835
6.065 -0.0357249
6.07 -0.0351414
6.075 -0.0345349
6.08 -0.0339073
6.085 -0.0332604
6.09 -0.0325956
6.095 -0.0319143
6.1 -0.0312179
6.105 -0.0305069
6.11 -0.0297803
6.115 -0.0290366
6.12 -0.0282739
6.125 -0.0274914
6.13 -0.0266894
6.135 -0.0258689
6.14 -0.0250312
6.145 -0.0241773
6.15 -0.0233087
6.155 -0.0224268
6.16 -0.0215331
6.165 -0.0206289
6.17 -0.0197158
6.175 -0.0187952
6.18 -0.0178686
6.185 -0.0169375
6.19 -0.0160035
6.195 -0.0150684
6.2 -0.0141338
6.205 -0.0132015
6.21 -0.0122728
6.215 -0.0113493
6.22 -0.0104324
6.225 -0.00952272
6.23 -0.00861941
6.235 -0.0077209
6.24 -0.00682558
6.245 -0.00593211
6.25 -0.00503965
6.255 -0.00414764
6.26 -0.0032555
6.265 -0.00236284
6.27 -0.0014696
6.275 -0.000575905
6.28 0.000318125
6.285 0.00121207
6.29 0.00210489
6.295 0.00299526
6.3 0.00388186
6.305 0.00476343
6.31 0.00563886
6.315 0.00650714
6.32 0.00736723
6.325 0.00821832
6.33 0.00905991
6.335 0.00989172
6.34 0.0107135
6.345 0.011525
6.35 0.0123264
6.355 0.0131181
6.36 0.0139003
6.365 0.014673
6.37 0.0154356
6.375 0.0161874
6.38 0.0169273
6.385 0.0176547
6.39 0.0183689
6.395 0.0190693
6.4 0.0197553
6.405 0.0204264
6.41 0.0210818
6.415 0.0217208
6.42 0.0223426
6.425 0.0229466
6.43 0.0235321
6.435 0.0240984
6.44 0.0246449
6.445 0.0251712
6.45 0.0256778
6.455 0.026165
6.46 0.0266336
6.465 0.027044
6.47 0.0269821
6.475 0.0268133
6.48 0.0267287
6.485 0.0265883
6.49 0.0264974
6.495 0.0263788
6.5 0.0262912
6.505 0.0261918
6.51 0.0261123
6.515 0.026028
6.52 0.025956
6.525 0.0258828
6.53 0.0258183
6.535 0.0257559
6.54 0.0256633
6.545 0.0254131
6.55 0.025
6.555 0.0245183
6.56 0.024004
6.565 0.0234708
6.57 0.0229239
6.575 0.0223653
6.58 0.021796
6.585 0.0212162
6.59 0.0206258
6.595 0.0200247
6.6 0.0194125
6.605 0.018789
6.61 0.0181533
6.615 0.0175046
6.62 0.0168418
6.625 0.0161651
6.63 0.0154759
6.635 0.0147767
6.64 0.01407
6.645 0.0133577
6.65 0.0126407
6.655 0.0119195
6.66 0.0111943
6.665 0.0104656
6.67 0.00973355
6.675 0.00899831
6.68 0.00826003
6.685 0.00751909
6.69 0.00677623
6.695 0.00603243
6.7 0.00528864
6.705 0.00454572
6.71 0.00380431
6.715 0.00306494
6.72 0.00232815
6.725 0.00159444
6.73 0.000864248
6.735 0.000137998
6.74 -0.000583901
6.745 -0.00130117
6.75 -0.00201381
6.755 -0.00272195
6.76 -0.00342572
6.765 -0.00412522
6.77 -0.00482049
6.775 -0.00551153
6.78 -0.00619834
6.785 -0.00688108
6.79 -0.00756015
6.795 -0.00823613
6.8 -0.00890955
6.805 -0.00958093
6.81 -0.0102506
6.815 -0.0109189
6.82 -0.0115861
6.825 -0.0122528
6.83 -0.0129204
6.835 -0.0135907
6.84 -0.0142654
6.845 -0.0149457
6.85 -0.0156321
6.855 -0.0163245
6.86 -0.0170229
6.865 -0.0177263
6.87 -0.0184314
6.875 -0.0191341
6.88 -0.0198301
6.885 -0.0205156
6.89 -0.0211871
6.895 -0.0218414
6.9 -0.0224752
6.905 -0.0230863
6.91 -0.0236743
6.915 -0.0242397
6.92 -0.0247831
6.925 -0.025305
6.93 -0.0258056
6.935 -0.0262851
6.94 -0.0267439
6.945 -0.0271823
6.95 -0.0276011
6.955 -0.0280014
6.96 -0.0283842
6.965 -0.0287501
6.97 -0.0290986
6.975 -0.0294289
6.98 -0.0297401
6.985 -0.0300311
6.99 -0.0303003
6.995 -0.0305459
7 -0.0307661
7.005 -0.0309593
7.01 -0.0311238
7.015 -0.031258
7.02 -0.0313604
7.025 -0.0314298
7.03 -0.0314661
7.035 -0.0314696
7.04 -0.0314406
7.045 -0.0313797
7.05 -0.0312882
7.055 -0.0311675
7.06 -0.031019
7.065 -0.0308443
7.07 -0.0306445
7.075 -0.0304211
7.08 -0.0301754
7.085 -0.0299085
7.09 -0.0296221
7.095 -0.0293176
7.1 -0.0289966
7.105 -0.0286605
7.11 -0.0283106
7.115 -0.0279482
7.12 -0.0275746
7.125 -0.0271911
7.13 -0.0267985
7.135 -0.0263978
7.14 -0.02599
7.145 -0.0255753
7.15 -0.0251528
7.155 -0.024721
7.16 -0.0242783
7.165 -0.0238232
7.17 -0.0233543
7.175 -0.0228702
7.18 -0.0223695
7.185 -0.0218512
7.19 -0.021315
7.195 -0.0207611
7.2 -0.0201896
7.205 -0.0196009
7.21 -0.018996
7.215 -0.0183762
7.22 -0.0177425
7.225 -0.017096
7.23 -0.0164366
7.235 -0.0157641
7.24 -0.0150782
7.245 -0.014379
7.25 -0.013667
7.255 -0.0129432
7.26 -0.0122087
7.265 -0.0114642
7.27 -0.010711
7.275 -0.00995004
7.28 -0.00918236
7.285 -0.00840906
7.29 -0.00763134
7.295 -0.0068504
7.3 -0.00606746
7.305 -0.0052837
7.31 -0.0045002
7.315 -0.00371801
7.32 -0.00293815
7.325 -0.00216175
7.33 -0.00139007
7.335 -0.000624452
7.34 0.000133776
7.345 0.000883547
7.35 0.00162432
7.355 0.00235583
7.36 0.00307781
7.365 0.00379019
7.37 0.00449328
7.375 0.00518757
7.38 0.00587356
7.385 0.00655167
7.39 0.00722209
7.395 0.00788493
7.4 0.0085403
7.405 0.00918785
7.41 0.00982633
7.415 0.010454
7.42 0.0110692
7.425 0.0116702
7.43 0.0122551
7.435 0.0128222
7.44 0.0133697
7.445 0.013896
7.45 0.0144002
7.455 0.0148816
7.46 0.0153397
7.465 0.0157743
7.47 0.0161866
7.475 0.0165783
7.48 0.0169509
7.485 0.0173058
7.49 0.0176439
7.495 0.0179654
7.5 0.0182709
7.505 0.0183455
7.51 0.0182018
7.515 0.0180574
7.52 0.0179101
7.525 0.0177622
7.53 0.0176124
7.535 0.0174616
7.54 0.0173092
7.545 0.0171558
7.55 0.017001
7.555 0.0168449
7.56 0.0166872
7.565 0.0165281
7.57 0.0163677
7.575 0.0162063
7.58 0.015979
7.585 0.015617
7.59 0.0151551
7.595 0.0146466
7.6 0.0141115
7.605 0.0135571
7.61 0.012986
7.615 0.012399
7.62 0.0117964
7.625 0.0111779
7.63 0.0105431
7.635 0.00989166
7.64 0.009223
7.645 0.00853687
7.65 0.00783349
7.655 0.00711328
7.66 0.00637667
7.665 0.00562433
7.67 0.00485731
7.675 0.00407691
7.68 0.00328443
7.685 0.00248102
7.69 0.00166757
7.695 0.000844826
7.7 1.35493e-05
7.705 -0.000825796
7.71 -0.00167333
7.715 -0.00252944
7.72 -0.00339454
7.725 -0.00426908
7.73 -0.00515359
7.735 -0.00604869
7.74 -0.00695495
7.745 -0.00787204
7.75 -0.00879779
7.755 -0.00972909
7.76 -0.0106629
7.765 -0.0115967
7.77 -0.0125295
7.775 -0.0134611
7.78 -0.0143909
7.785 -0.0153182
7.79 -0.0162409
7.795 -0.0171564
7.8 -0.0180622
7.805 -0.0189557
7.81 -0.0198345
7.815 -0.020696
7.82 -0.021538
7.825 -0.0223583
7.83 -0.0231558
7.835 -0.0239297
7.84 -0.0246793
7.845 -0.0254036
7.85 -0.0261015
7.855 -0.0267715
7.86 -0.0274123
7.865 -0.0280228
7.87 -0.0286024
7.875 -0.0291506
7.88 -0.0296672
7.885 -0.0301518
7.89 -0.0306038
7.895 -0.0310226
7.9 -0.0314077
7.905 -0.0317587
7.91 -0.0320755
7.915 -0.0323583
7.92 -0.0326071
7.925 -0.032822
7.93 -0.033003
7.935 -0.0331497
7.94 -0.0332622
7.945 -0.0333408
7.95 -0.0333874
7.955 -0.0334046
7.96 -0.033395
7.965 -0.0333609
7.97 -0.0333041
7.975 -0.0332262
7.98 -0.0331287
7.985 -0.0330123
7.99 -0.0328756
7.995 -0.0327164
8 -0.0325325
8.005 -0.0323217
8.01 -0.0320824
8.015 -0.031813
8.02 -0.0315121
8.025 -0.0311785
8.03 -0.0308119
8.035 -0.0304124
8.04 -0.0299801
8.045 -0.0295155
8.05 -0.0290198
8.055 -0.0284944
8.06 -0.0279407
8.065 -0.02736
8.07 -0.0267528
8.075 -0.0261193
8.08 -0.0254597
8.085 -0.0247746
8.09 -0.0240648
8.095 -0.0233314
8.1 -0.0225757
8.105 -0.0217987
8.11 -0.0210011
8.115 -0.0201833
8.12 -0.0193461
8.125 -0.01849
8.13 -0.0176159
8.135 -0.0167249
8.14 -0.0158177
8.145 -0.0148954
8.15 -0.0139587
8.155 -0.0130083
8.16 -0.0120448
8.165 -0.011069
8.17 -0.0100816
8.175 -0.00908311
8.18 -0.00807436
8.185 -0.00705589
8.19 -0.00602807
8.195 -0.00499114
8.2 -0.00427444
8.205 -0.00399187
8.21 -0.00373564
8.215 -0.00345698
8.22 -0.00319365
8.225 -0.00291897
8.23 -0.00265403
8.235 -0.00238437
8.24 -0.00212167
8.245 -0.001858
8.25 -0.0015999
8.255 -0.00134311
8.26 -0.00109124
8.265 -0.0008419
8.27 -0.000597146
8.275 -0.000355753
8.28 -0.000118909
8.285 9.45818e-05
8.29 0.000112392
8.295 -0.000110241
8.3 -0.00042754
8.305 -0.000784474
8.31 -0.00116005
8.315 -0.00154612
8.32 -0.00193956
8.325 -0.00233911
8.33 -0.00274433
8.335 -0.00315506
8.34 -0.00357123
8.345 -0.00399272
8.35 -0.00441922
8.355 -0.00485031
8.36 -0.00528557
8.365 -0.00572465
8.37 -0.00616728
8.375 -0.00661326
8.38 -0.00706239
8.385 -0.00751431
8.39 -0.0079684
8.395 -0.00842391
8.4 -0.00888007
8.405 -0.00933627
8.41 -0.00979216
8.415 -0.0102476
8.42 -0.0107023
8.425 -0.0111557
8.43 -0.0116068
8.435 -0.0120539
8.44 -0.0124957
8.445 -0.0129309
8.45 -0.0133597
8.455 -0.0137822
8.46 -0.0141989
8.465 -0.0146099
8.47 -0.0150146
8.475 -0.0154124
8.48 -0.0158025
8.485 -0.0161846
8.49 -0.0165597
8.495 -0.0169289
8.5 -0.0172936
8.505 -0.0176527
8.51 -0.0180007
8.515 -0.0183295
8.52 -0.0186311
8.525 -0.0188989
8.53 -0.0191285
8.535 -0.0193168
8.54 -0.0194607
8.545 -0.0195581
8.55 -0.0196081
8.555 -0.019611
8.56 -0.0195669
8.565 -0.0194761
8.57 -0.0193386
8.575 -0.0191547
8.58 -0.0189245
8.585 -0.0186486
8.59 -0.0183278
8.595 -0.0179637
8.6 -0.0175575
8.605 -0.0171106
8.61 -0.0166244
8.615 -0.0161003
8.62 -0.0155396
8.625 -0.0149438
8.63 -0.0143147
8.635 -0.0136542
8.64 -0.012964
8.645 -0.012246
8.65 -0.0115019
8.655 -0.0107334
8.66 -0.00994214
8.665 -0.00912998
8.67 -0.00829873
8.675 -0.0074503
8.68 -0.00658661
8.685 -0.00570955
8.69 -0.00482096
8.695 -0.00392262
8.7 -0.00301634
8.705 -0.00210394
8.71 -0.00118729
8.715 -0.000268241
8.72 0.000651319
8.725 0.00156988
8.73 0.00248667
8.735 0.00340124
8.74 0.00431317
8.745 0.00522213
8.75 0.00612798
8.755 0.00703068
8.76 0.00793018
8.765 0.00882625
8.77 0.00971827
8.775 0.0106054
8.78 0.0114869
8.785 0.0123615
8.79 0.0132277
8.795 0.0140832
8.8 0.0149263
8.805 0.015755
8.81 0.0165682
8.815 0.0173648
8.82 0.0181439
8.825 0.0189048
8.83 0.0196473
8.835 0.0203718
8.84 0.0210785
8.845 0.0217672
8.85 0.0224367
8.855 0.023085
8.86 0.0237107
8.865 0.0243117
8.87 0.0248859
8.875 0.0254311
8.88 0.0259448
8.885 0.026425
8.89 0.0268696
8.895 0.0272765
8.9 0.0276438
8.905 0.0279695
8.91 0.0282514
8.915 0.0284875
8.92 0.0286756
8.925 0.0288134
8.93 0.028898
8.935 0.0289264
8.94 0.0288955
8.945 0.0288043
8.95 0.0286548
8.955 0.028451
8.96 0.0281969
8.965 0.0278989
8.97 0.0275687
8.975 0.0272204
8.98 0.026868
8.985 0.0265211
8.99 0.0261798
8.995 0.0258397
9 0.0254966
9.005 0.0251474
9.01 0.0247915
9.015 0.0244296
9.02 0.0240627
9.025 0.0236909
9.03 0.0233136
9.035 0.0229299
9.04 0.0225387
9.045 0.0221404
9.05 0.0217385
9.055 0.0213376
9.06 0.0209427
9.065 0.0205568
9.07 0.0201799
9.075 0.0198104
9.08 0.0194466
9.085 0.0190872
9.09 0.0187317
9.095 0.0183799
9.1 0.0180318
9.105 0.0176873
9.11 0.017347
9.115 0.0170115
9.12 0.0166816
9.125 0.0163575
9.13 0.016039
9.135 0.0157257
9.14 0.015417
9.145 0.0151117
9.15 0.0148073
9.155 0.0145008
9.16 0.0141892
9.165 0.0138695
9.17 0.0135393
9.175 0.0131963
9.18 0.0128383
9.185 0.0124625
9.19 0.0120655
9.195 0.0116431
9.2 0.0111915
9.205 0.0107068
9.21 0.0101856
9.215 0.0096246
9.22 0.0090205
9.225 0.00837218
9.23 0.00768263
9.235 0.00695695
9.24 0.00620025
9.245 0.00541735
9.25 0.0046125
9.255 0.00378968
9.26 0.00295287
9.265 0.00210479
9.27 0.00124569
9.275 0.00037455
9.28 -0.000509604
9.285 -0.00140651
9.29 -0.00231343
9.295 -0.00322638
9.3 -0.00414136
9.305 -0.00505489
9.31 -0.00596446
9.315 -0.00686803
9.32 -0.00776358
9.325 -0.00864879
9.33 -0.00952075
9.335 -0.0103762
9.34 -0.0112121
9.345 -0.0120252
9.35 -0.0128131
9.355 -0.0135734
9.36 -0.0143036
9.365 -0.0150015
9.37 -0.0156646
9.375 -0.0162906
9.38 -0.0168771
9.385 -0.0174223
9.39 -0.0179254
9.395 -0.0183862
9.4 -0.0188046
9.405 -0.0191807
9.41 -0.0195163
9.415 -0.0198132
9.42 -0.0200736
9.425 -0.0202996
9.43 -0.0204938
9.435 -0.0206588
9.44 -0.0207974
9.445 -0.0209121
9.45 -0.0210054
9.455 -0.0210799
9.46 -0.021138
9.465 -0.0211824
9.47 -0.0212161
9.475 -0.0212424
9.48 -0.0212644
9.485 -0.0212857
9.49 -0.0213099
9.495 -0.021341
9.5 -0.0213829
9.505 -0.0214392
9.51 -0.0215129
9.515 -0.0216064
9.52 -0.0217225
9.525 -0.02186
9.53 -0.0220106
9.535 -0.0221625
9.54 -0.0223039
9.545 -0.0224262
9.55 -0.0225281
9.555 -0.0226113
9.56 -0.0226778
9.565 -0.0227289
9.57 -0.0227645
9.575 -0.0227842
9.58 -0.0227874
9.585 -0.0227739
9.59 -0.0227439
9.595 -0.0226979
9.6 -0.0226366
9.605 -0.0225605
9.61 -0.0224705
9.615 -0.0223674
9.62 -0.0222521
9.625 -0.0221259
9.63 -0.0219911
9.635 -0.02185
9.64 -0.0217054
9.645 -0.0215594
9.65 -0.0214142
9.655 -0.0212713
9.66 -0.0211326
9.665 -0.0209977
9.67 -0.0208624
9.675 -0.0207207
9.68 -0.0205662
9.685 -0.020394
9.69 -0.0202007
9.695 -0.0199842
9.7 -0.0197422
9.705 -0.0194739
9.71 -0.0191808
9.715 -0.0188659
9.72 -0.0185321
9.725 -0.0181816
9.73 -0.0178153
9.735 -0.0174335
9.74 -0.0170364
9.745 -0.0166245
9.75 -0.0161989
9.755 -0.0157608
9.76 -0.0153115
9.765 -0.014852
9.77 -0.0143836
9.775 -0.0139071
9.78 -0.0134235
9.785 -0.0129342
9.79 -0.0124411
9.795 -0.0119464
9.8 -0.0114525
9.805 -0.0109614
9.81 -0.0104748
9.815 -0.00999407
9.82 -0.00952081
9.825 -0.00905643
9.83 -0.00860238
9.835 -0.00816012
9.84 -0.00773107
9.845 -0.00731644
9.85 -0.00691699
9.855 -0.00653325
9.86 -0.00616575
9.865 -0.00581459
9.87 -0.00547906
9.875 -0.00515806
9.88 -0.00485045
9.885 -0.00455499
9.89 -0.00427017
9.895 -0.00399435
9.9 -0.00372592
9.905 -0.00346324
9.91 -0.00320471
9.915 -0.00294874
9.92 -0.00269376
9.925 -0.00243868
9.93 -0.00218342
9.935 -0.00192843
9.94 -0.00167412
9.945 -0.00142014
9.95 -0.00116451
9.955 -0.000904478
9.96 -0.000637306
9.965 -0.000360921
9.97 -7.4592e-05
9.975 0.000221739
9.98 0.000528125
9.985 0.00084396
9.99 0.00116733
9.995 0.00149568
10 0.00182643
