0.005 9.36419e-05
0.01 0.000339299
0.015 0.000701447
0.02 0.00117953
0.025 0.00170987
0.03 0.00222892
0.035 0.00273634
0.04 0.00323182
0.045 0.00371131
0.05 0.00417078
0.055 0.00460996
0.06 0.0050286
0.065 0.00543897
0.07 0.00585328
0.075 0.00627124
0.08 0.00669256
0.085 0.00712817
0.09 0.00758898
0.095 0.0080746
0.1 0.00858465
0.105 0.00911683
0.11 0.00966884
0.115 0.0102403
0.12 0.0108307
0.125 0.0114171
0.13 0.0119767
0.135 0.0125092
0.14 0.0130142
0.145 0.013489
0.15 0.0139309
0.155 0.0143396
0.16 0.014715
0.165 0.0150525
0.17 0.0153476
0.175 0.0156001
0.18 0.0158102
0.185 0.0159932
0.19 0.0161649
0.195 0.016325
0.2 0.0164735
0.205 0.0166391
0.21 0.0168503
0.215 0.0171069
0.22 0.0174085
0.225 0.0177542
0.23 0.0181431
0.235 0.0185747
0.24 0.0190487
0.245 0.0195477
0.25 0.0200545
0.255 0.0205687
0.26 0.02109
0.265 0.0215867
0.27 0.0220275
0.275 0.022412
0.28 0.0227402
0.285 0.0230209
0.29 0.0232625
0.295 0.0234651
0.3 0.0236287
0.305 0.023742
0.31 0.0237937
0.315 0.0237841
0.32 0.0237133
0.325 0.0235878
0.33 0.0234139
0.335 0.0231921
0.34 0.0229225
0.345 0.0225967
0.35 0.0222063
0.355 0.0217519
0.36 0.0212338
0.365 0.0206925
0.37 0.0201685
0.375 0.019662
0.38 0.0191733
0.385 0.0187283
0.39 0.0183529
0.395 0.018047
0.4 0.0178107
0.405 0.0176403
0.41 0.0175319
0.415 0.0174854
0.42 0.0175008
0.425 0.0175447
0.43 0.017584
0.435 0.0176187
0.44 0.0176487
0.445 0.0175892
0.45 0.0173554
0.455 0.0169481
0.46 0.0163679
0.465 0.015637
0.47 0.0147774
0.475 0.01379
0.48 0.012676
0.485 0.011427
0.49 0.0100348
0.495 0.00850078
0.5 0.00682639
0.505 0.00520103
0.51 0.00381357
0.515 0.00266437
0.52 0.00175357
0.525 0.00101188
0.53 0.00037007
0.535 -0.000171675
0.54 -0.000613251
0.545 -0.000993946
0.55 -0.00135299
0.555 -0.00169019
0.56 -0.00200538
0.565 -0.00227155
0.57 -0.0024618
0.575 -0.00257621
0.58 -0.00261489
0.585 -0.00257926
0.59 -0.00247079
0.595 -0.00228975
0.6 -0.00203645
0.605 -0.00170625
0.61 -0.00129459
0.615 -0.000801969
0.62 -0.000228928
0.625 0.000371488
0.63 0.000946359
0.635 0.00149536
0.64 0.00201817
0.645 0.00244273
0.65 0.00269719
0.655 0.00278184
0.66 0.00269705
0.665 0.0025426
0.67 0.00241802
0.675 0.00232333
0.68 0.00225851
0.685 0.00218669
0.69 0.00207112
0.695 0.00191198
0.7 0.00170949
0.705 0.00148577
0.71 0.00126286
0.715 0.00104092
0.72 0.00082009
0.725 0.000539349
0.73 0.000137863
0.735 -0.000383778
0.74 -0.0010249
0.745 -0.00178164
0.75 -0.00265005
0.755 -0.00362924
0.76 -0.00471825
0.765 -0.00593666
0.77 -0.00730389
0.775 -0.00881862
0.78 -0.0104794
0.785 -0.0122604
0.79 -0.0141358
0.795 -0.0161039
0.8 -0.0181633
0.805 -0.0202685
0.81 -0.0223743
0.815 -0.0244793
0.82 -0.026582
0.825 -0.0287234
0.83 -0.0309445
0.835 -0.0332435
0.84 -0.0356186
0.845 -0.0380948
0.85 -0.040697
0.855 -0.0434232
0.86 -0.0462711
0.865 -0.0491773
0.87 -0.0520784
0.875 -0.0549725
0.88 -0.0578576
0.885 -0.0606682
0.89 -0.0633387
0.895 -0.0658678
0.9 -0.068254
0.905 -0.0705042
0.91 -0.0726254
0.915 -0.0746165
0.92 -0.0764764
0.925 -0.0781866
0.93 -0.0797291
0.935 -0.081103
0.94 -0.082308
0.945 -0.0833761
0.95 -0.0843395
0.955 -0.0851976
0.96 -0.0859502
0.965 -0.0866846
0.97 -0.0874875
0.975 -0.0883583
0.98 -0.0892962
0.985 -0.090281
0.99 -0.0912927
0.995 -0.0923303
1 -0.0933932
1.005 -0.0945087
1.01 -0.0957039
1.015 -0.0969778
1.02 -0.0983294
1.025 -0.0997518
1.03 -0.101238
1.035 -0.102788
1.04 -0.104399
1.045 -0.106061
1.05 -0.107761
1.055 -0.1095
1.06 -0.111276
1.065 -0.112978
1.07 -0.114499
1.075 -0.115838
1.08 -0.116994
1.085 -0.117985
1.09 -0.118825
1.095 -0.119516
1.1 -0.120057
1.105 -0.120357
1.11 -0.120326
1.115 -0.119964
1.12 -0.119272
1.125 -0.118376
1.13 -0.117402
1.135 -0.11635
1.14 -0.115221
1.145 -0.113805
1.15 -0.111895
1.155 -0.109492
1.16 -0.1066
1.165 -0.103072
1.17 -0.0987601
1.175 -0.0936704
1.18 -0.0878084
1.185 -0.0813709
1.19 -0.0745549
1.195 -0.0673662
1.2 -0.0598105
1.205 -0.0521787
1.21 -0.0447609
1.215 -0.0375616
1.22 -0.0305852
1.225 -0.0237952
1.23 -0.0171552
1.235 -0.0106695
1.24 -0.00434193
1.245 0.00175165
1.25 0.00753595
1.255 0.0130078
1.26 0.0181643
1.265 0.0230295
1.27 0.0276278
1.275 0.0319567
1.28 0.036014
1.285 0.0397962
1.29 0.0433004
1.295 0.0465248
1.3 0.049468
1.305 0.0521405
1.31 0.0545531
1.315 0.0567048
1.32 0.0585948
1.325 0.060212
1.33 0.0615452
1.335 0.0625944
1.34 0.0633594
1.345 0.0638282
1.35 0.0639887
1.355 0.0638414
1.36 0.0633875
1.365 0.0625816
1.37 0.0613793
1.375 0.0597822
1.38 0.0577926
1.385 0.0554502
1.39 0.0527951
1.395 0.0498298
1.4 0.0465573
1.405 0.0429275
1.41 0.0388908
1.415 0.0344509
1.42 0.0296121
1.425 0.024622
1.43 0.019728
1.435 0.0149332
1.44 0.0102405
1.445 0.00578417
1.45 0.00169756
1.455 -0.00201744
1.46 -0.00535926
1.465 -0.00836718
1.47 -0.0110806
1.475 -0.0134984
1.48 -0.0156197
1.485 -0.0175575
1.49 -0.0194245
1.495 -0.0212196
1.5 -0.0229419
1.505 -0.0246383
1.51 -0.0263559
1.515 -0.0280934
1.52 -0.0298496
1.525 -0.0315477
1.53 -0.0331111
1.535 -0.0345392
1.54 -0.0358313
1.545 -0.0370798
1.55 -0.0383772
1.555 -0.0397223
1.56 -0.0411141
1.565 -0.0425702
1.57 -0.0441083
1.575 -0.0457271
1.58 -0.0474252
1.585 -0.0492793
1.59 -0.0513658
1.595 -0.0536826
1.6 -0.0562276
1.605 -0.0583123
1.61 -0.0592504
1.615 -0.0590442
1.62 -0.057697
1.625 -0.0546345
1.63 -0.0492853
1.635 -0.0416589
1.64 -0.0317665
1.645 -0.0203812
1.65 -0.0082751
1.655 0.00454167
1.66 0.0180585
1.665 0.031846
1.67 0.0454758
1.675 0.0589389
1.68 0.0722266
1.685 0.0854052
1.69 0.0985409
1.695 0.111625
1.7 0.124648
1.705 0.137446
1.71 0.149854
1.715 0.161864
1.72 0.0136976
1.725 -0.0401015
1.73 0.0144096
1.735 -0.0121408
1.74 0.0208861
1.745 0.00923616
1.75 0.0304916
1.755 0.0271886
1.76 0.0420546
1.765 0.0434291
1.77 0.0548548
1.775 0.0589022
1.78 0.068556
1.785 0.0742523
1.79 0.0831815
1.795 0.0900484
1.8 0.0987868
1.805 0.10632
1.81 0.0936757
1.815 0.0300105
1.82 0.0122296
1.825 0.011655
1.83 0.0173533
1.835 0.0251926
1.84 0.0336007
1.845 0.0419898
1.85 0.0501415
1.855 0.0579653
1.86 0.0654243
1.865 0.0724719
1.87 0.0790698
1.875 0.0852129
1.88 0.0908975
1.885 0.0960926
1.89 0.100768
1.895 0.104921
1.9 0.10855
1.905 0.111619
1.91 0.114088
1.915 0.115959
1.92 0.117231
1.925 0.117927
1.93 0.11807
1.935 0.11766
1.94 0.116701
1.945 0.115164
1.95 0.113021
1.955 0.110276
1.96 0.106932
1.965 0.103024
1.97 0.0985871
1.975 0.0936266
1.98 0.0881467
1.985 0.082112
1.99 0.0754876
1.995 0.0682795
2 0.0604941
2.005 0.0521883
2.01 0.0434189
2.015 0.0341933
2.02 0.024519
2.025 0.0143474
2.03 0.00363085
2.035 -0.00762207
2.04 -0.0194022
2.045 -0.031619
2.05 -0.0441817
2.055 -0.0570809
2.06 -0.0703068
2.065 -0.0838434
2.07 -0.0976742
2.075 -0.111789
2.08 -0.126178
2.085 -0.140736
2.09 -0.155359
2.095 -0.170038
2.1 -0.184761
2.105 -0.199557
2.11 -0.214453
2.115 -0.229437
2.12 -0.2445
2.125 -0.259119
2.13 -0.272774
2.135 -0.285456
2.14 -0.297162
2.145 -0.307946
2.15 -0.317867
2.155 -0.326921
2.16 -0.335103
2.165 -0.340525
2.17 -0.341304
2.175 -0.337453
2.18 -0.328986
2.185 -0.317389
2.19 -0.304143
2.195 -0.289263
2.2 -0.272764
2.205 -0.255846
2.21 -0.239709
2.215 -0.224361
2.22 -0.209812
2.225 -0.195469
2.23 -0.180742
2.235 -0.165644
2.24 -0.150184
2.245 -0.134999
2.25 -0.120723
2.255 -0.107362
2.26 -0.0949249
2.265 -0.0831523
2.27 -0.0717869
2.275 -0.0608353
2.28 -0.050304
2.285 -0.0403445
2.29 -0.0311076
2.295 -0.0225977
2.3 -0.0148187
2.305 -0.0075906
2.31 -0.000733256
2.315 0.00574958
2.32 0.0118544
2.325 0.0174945
2.33 0.0225834
2.335 0.0271192
2.34 0.0311002
2.345 0.0345613
2.35 0.0375377
2.355 0.0400287
2.36 0.0420338
2.365 0.0435947
2.37 0.0447534
2.375 0.0455101
2.38 0.0458654
2.385 0.0456484
2.39 0.044689
2.395 0.0429898
2.4 0.040554
2.405 0.0384802
2.41 0.0378637
2.415 0.0387012
2.42 0.0409883
2.425 0.045982
2.43 0.054934
2.435 0.0678279
2.44 0.0846446
2.445 0.102687
2.45 -0.163044
2.455 -0.018932
2.46 -0.110057
2.465 -0.0286139
2.47 -0.0758653
2.475 -0.0275268
2.48 -0.0500128
2.485 -0.0202817
2.49 -0.0305668
2.495 -0.012737
2.5 -0.0172852
2.505 -0.00647775
2.51 -0.00794852
2.515 -0.00100234
2.52 -0.000964398
2.525 0.00332711
2.53 0.00318587
2.535 0.00489151
2.54 0.00378359
2.545 -0.0394474
2.55 -0.0914765
2.555 -0.105713
2.56 -0.10486
2.565 -0.0972953
2.57 -0.0860509
2.575 -0.0723831
2.58 -0.0567778
2.585 -0.0404595
2.59 -0.0245391
2.595 -0.00905231
2.6 0.00598167
2.605 0.0207935
2.61 0.0356157
2.615 0.0504375
2.62 0.0652486
2.625 0.0798765
2.63 0.0941493
2.635 0.108058
2.64 0.121595
2.645 0.134725
2.65 0.147417
2.655 0.159663
2.66 0.171455
2.665 0.1828
2.67 0.193702
2.675 0.204157
2.68 0.214157
2.685 0.223685
2.69 0.232725
2.695 0.241271
2.7 0.249318
2.705 0.256876
2.71 0.263954
2.715 0.270548
2.72 0.276655
2.725 0.282257
2.73 0.287337
2.735 0.291892
2.74 0.295921
2.745 0.299437
2.75 0.302456
2.755 0.304977
2.76 0.115726
2.765 0.239672
2.77 0.14341
2.775 0.209939
2.78 0.155004
2.785 0.189976
2.79 0.15856
2.795 0.177053
2.8 0.159166
2.805 0.169022
2.81 0.159114
2.815 0.164759
2.82 0.159764
2.825 0.163629
2.83 0.161961
2.835 0.165475
2.84 0.166213
2.845 0.169887
2.85 0.157905
2.855 0.114899
2.86 0.101472
2.865 0.0991021
2.87 0.100617
2.875 0.103377
2.88 0.106377
2.885 0.109309
2.89 0.1121
2.895 0.114695
2.9 0.117071
2.905 0.119128
2.91 0.120768
2.915 0.121991
2.92 0.122797
2.925 0.123211
2.93 0.123256
2.935 0.122936
2.94 0.122249
2.945 0.121157
2.95 0.119619
2.955 0.117638
2.96 0.115215
2.965 0.11239
2.97 0.109202
2.975 0.105654
2.98 0.10175
2.985 0.0974822
2.99 0.0928426
2.995 0.0878357
3 0.0824659
3.005 0.0773764
3.01 0.0732087
3.015 0.0699632
3.02 0.0676397
3.025 0.0659283
3.03 0.0645197
3.035 0.0634139
3.04 0.062611
3.045 0.0617318
3.05 0.060398
3.055 0.058612
3.06 0.0563759
3.065 0.053868
3.07 0.0512662
3.075 0.0485724
3.08 0.0457887
3.085 0.0427412
3.09 0.0392567
3.095 0.0353386
3.1 0.0309909
3.105 0.0262874
3.11 0.0213023
3.115 0.0160398
3.12 0.0105041
3.125 0.00463917
3.13 -0.00161062
3.135 -0.00824002
3.14 -0.0152435
3.145 -0.0225709
3.15 -0.0301722
3.155 -0.0380413
3.16 -0.0461722
3.165 -0.054548
3.17 -0.0631518
3.175 -0.0719771
3.18 -0.0810171
3.185 -0.0894094
3.19 -0.096294
3.195 -0.10167
3.2 -0.105538
3.205 -0.108625
3.21 -0.111657
3.215 -0.114632
3.22 -0.117548
3.225 -0.120666
3.23 -0.124245
3.235 -0.128282
3.24 -0.132772
3.245 -0.137439
3.25 -0.142008
3.255 -0.146475
3.26 -0.150837
3.265 -0.155482
3.27 -0.160797
3.275 -0.166776
3.28 -0.173412
3.285 -0.180326
3.29 -0.187135
3.295 -0.193836
3.3 -0.200424
3.305 -0.207308
3.31 -0.214893
3.315 -0.223172
3.32 -0.232139
3.325 -0.239499
3.33 -0.242967
3.335 -0.24255
3.34 -0.238259
3.345 -0.231725
3.35 -0.224575
3.355 -0.216818
3.36 -0.208459
3.365 -0.200129
3.37 -0.192455
3.375 -0.185441
3.38 -0.179091
3.385 -0.173111
3.39 -0.16721
3.395 -0.161393
3.4 -0.155663
3.405 -0.150319
3.41 -0.145657
3.415 -0.141679
3.42 -0.138386
3.425 -0.13577
3.43 -0.13382
3.435 -0.132537
3.44 -0.131919
3.445 -0.130499
3.45 -0.126816
3.455 -0.120876
3.46 -0.11269
3.465 -0.103098
3.47 -0.0929349
3.475 -0.0822108
3.48 -0.070934
3.485 -0.0596382
3.49 -0.0488555
3.495 -0.038592
3.5 -0.0288532
3.505 -0.0193262
3.51 -0.00969853
3.515 2.30122e-05
3.52 0.00983149
3.525 0.0194153
3.53 0.0284639
3.535 0.0369724
3.54 0.0449364
3.545 0.0524737
3.55 0.0597019
3.555 0.0666169
3.56 0.0732148
3.565 0.0794038
3.57 0.0850929
3.575 0.0902793
3.58 0.0949609
3.585 0.0992949
3.59 0.103439
3.595 0.107389
3.6 0.111145
3.605 0.115102
3.61 0.119654
3.615 0.124796
3.62 0.130523
3.625 0.13627
3.63 0.141472
3.635 0.146126
3.64 0.150231
3.645 0.154012
3.65 0.157694
3.655 0.161275
3.66 0.164752
3.665 0.167973
3.67 0.170786
3.675 0.173191
3.68 0.175186
3.685 0.176834
3.69 0.1782
3.695 0.179283
3.7 0.180084
3.705 0.180504
3.71 0.180448
3.715 0.179916
3.72 0.17891
3.725 0.177491
3.73 0.175718
3.735 0.173593
3.74 0.171119
3.745 0.168341
3.75 0.165306
3.755 0.162016
3.76 0.158473
3.765 0.154998
3.77 0.151907
3.775 0.149203
3.78 0.146885
3.785 0.144873
3.79 0.143083
3.795 0.141518
3.8 0.140177
3.805 0.139035
3.81 0.138067
3.815 0.137273
3.82 0.136653
3.825 0.135873
3.83 0.1346
3.835 0.132836
3.84 0.130584
3.845 0.127964
3.85 0.125096
3.855 0.121982
3.86 0.118626
3.865 0.114891
3.87 0.110641
3.875 0.105881
3.88 0.100615
3.885 0.0949097
3.89 0.0888326
3.895 0.0823885
3.9 0.0755827
3.905 0.0683422
3.91 0.0605944
3.915 0.0523459
3.92 0.0436038
3.925 0.0344464
3.93 0.0249522
3.935 0.0151287
3.94 0.00498336
3.945 -0.00546972
3.95 -0.0162163
3.955 -0.0272484
3.96 -0.0385576
3.965 -0.0491498
3.97 -0.0580337
3.975 -0.0652079
3.98 -0.0706719
3.985 -0.075005
3.99 -0.0787861
3.995 -0.082014
4 -0.0846878
4.005 -0.0871956
4.01 -0.0899243
4.015 -0.0928715
4.02 -0.0960346
4.025 -0.0992886
4.03 -0.102509
4.035 -0.105692
4.04 -0.108838
4.045 -0.111705
4.05 -0.114053
4.055 -0.115883
4.06 -0.117194
4.065 -0.118147
4.07 -0.118902
4.075 -0.119458
4.08 -0.119817
4.085 -0.120216
4.09 -0.120894
4.095 -0.121849
4.1 -0.123081
4.105 -0.124445
4.11 -0.1258
4.115 -0.127143
4.12 -0.128475
4.125 -0.129938
4.13 -0.131673
4.135 -0.13368
4.14 -0.135956
4.145 -0.138407
4.15 -0.140939
4.155 -0.14355
4.16 -0.146239
4.165 -0.149106
4.17 -0.152254
4.175 -0.155678
4.18 -0.159377
4.185 -0.163259
4.19 -0.167236
4.195 -0.171304
4.2 -0.17546
4.205 -0.179793
4.21 -0.184391
4.215 -0.189251
4.22 -0.194367
4.225 -0.19965
4.23 -0.205007
4.235 -0.210434
4.24 -0.215928
4.245 -0.221571
4.25 -0.227448
4.255 -0.233554
4.26 -0.239883
4.265 -0.246175
4.27 -0.25217
4.275 -0.257864
4.28 -0.263255
4.285 -0.26847
4.29 -0.273638
4.295 -0.278754
4.3 -0.283816
4.305 -0.288615
4.31 -0.292941
4.315 -0.296794
4.32 -0.300171
4.325 -0.302878
4.33 -0.304721
4.335 -0.305702
4.34 -0.305822
4.345 -0.303872
4.35 -0.298648
4.355 -0.290161
4.36 -0.278427
4.365 -0.265414
4.37 -0.253087
4.375 -0.241454
4.38 -0.230519
4.385 -0.219972
4.39 -0.209498
4.395 -0.199106
4.4 -0.188802
4.405 -0.17854
4.41 -0.168274
4.415 -0.15801
4.42 -0.147757
4.425 -0.13697
4.43 -0.125107
4.435 -0.112179
4.44 -0.0981982
4.445 -0.0833447
4.45 -0.0677988
4.455 -0.0515729
4.46 -0.0346799
4.465 -0.0169708
4.47 0.00170247
4.475 0.0213246
4.48 0.0418797
4.485 0.0625834
4.49 0.0826533
4.495 0.102077
4.5 0.120844
4.505 0.139091
4.51 0.156959
4.515 0.174435
4.52 0.191509
4.525 0.207964
4.53 0.223584
4.535 0.238362
4.54 0.252288
4.545 0.265456
4.55 0.277958
4.555 0.289788
4.56 0.300939
4.565 0.311234
4.57 0.320497
4.575 0.328723
4.58 0.335909
4.585 0.342152
4.59 0.347546
4.595 0.35209
4.6 0.355783
4.605 0.35851
4.61 0.360159
4.615 0.36073
4.62 0.360227
4.625 0.35875
4.63 0.356403
4.635 0.353188
4.64 0.349111
4.645 0.344179
4.65 0.3384
4.655 0.33178
4.66 0.324326
4.665 0.31753
4.67 -0.0350135
4.675 0.000487303
4.68 -0.0314305
4.685 -0.0107704
4.69 -0.0284373
4.695 -0.0176581
4.7 -0.0278764
4.705 -0.0226208
4.71 -0.0294566
4.715 -0.028065
4.72 -0.0334186
4.725 -0.0341251
4.73 -0.0382457
4.735 -0.0396036
4.74 -0.0427452
4.745 -0.0445089
4.75 -0.0476438
4.755 -0.0764995
4.76 -0.211451
4.765 -0.264189
4.77 -0.28589
4.775 -0.296011
4.78 -0.301939
4.785 -0.306475
4.79 -0.310675
4.795 -0.314942
4.8 -0.319425
4.805 -0.324292
4.81 -0.329671
4.815 -0.335568
4.82 -0.34198
4.825 -0.348039
4.83 -0.352884
4.835 -0.356512
4.84 -0.358926
4.845 -0.358691
4.85 -0.354377
4.855 -0.346
4.86 -0.333574
4.865 -0.319274
4.87 -0.305268
4.875 -0.291566
4.88 -0.278176
4.885 -0.264812
4.89 -0.251187
4.895 -0.237313
4.9 -0.223199
4.905 -0.209027
4.91 -0.194977
4.915 -0.181059
4.92 -0.167282
4.925 -0.153814
4.93 -0.140823
4.935 -0.128316
4.94 -0.116301
4.945 -0.104024
4.95 -0.0907324
4.955 -0.0764386
4.96 -0.0611546
4.965 -0.0448443
4.97 -0.0274723
4.975 -0.00905302
4.98 0.010398
4.985 0.0300221
4.99 0.0489625
4.995 0.0672081
5 0.0847482
5.005 0.101922
5.01 0.119069
5.015 0.136177
5.02 0.153235
5.025 0.169949
5.03 0.186029
5.035 0.201465
5.04 0.216249
5.045 0.230484
5.05 0.244274
5.055 0.257611
5.06 0.270487
5.065 0.28281
5.07 0.294486
5.075 0.305509
5.08 0.315873
5.085 0.32562
5.09 0.33479
5.095 0.343378
5.1 0.351381
5.105 0.358979
5.11 0.366354
5.115 0.373502
5.12 0.380418
5.125 0.387486
5.13 0.39509
5.135 0.403222
5.14 0.411877
5.145 0.420642
5.15 0.42911
5.155 0.437274
5.16 0.44513
5.165 0.452636
5.17 0.0548744
5.175 0.290763
5.18 0.120326
5.185 0.250948
5.19 0.157678
5.195 0.230306
5.2 0.179595
5.205 0.220087
5.21 0.192173
5.215 0.214234
5.22 0.198491
5.225 0.210348
5.23 0.201607
5.235 0.208218
5.24 0.20353
5.245 0.207071
5.25 0.203875
5.255 0.196314
5.26 0.0737798
5.265 0.0273499
5.27 0.0108442
5.275 0.00637165
5.28 0.00713483
5.285 0.0105227
5.29 0.0155235
5.295 0.021759
5.3 0.0290808
5.305 0.0364307
5.31 0.0427862
5.315 0.0481379
5.32 0.0524818
5.325 0.0563615
5.33 0.06032
5.335 0.0643544
5.34 0.0684616
5.345 0.0722222
5.35 0.0752182
5.355 0.0774493
5.36 0.0789162
5.365 0.0798171
5.37 0.0803502
5.375 0.0805159
5.38 0.0803153
5.385 0.0796138
5.39 0.0782779
5.395 0.0763101
5.4 0.0737133
5.405 0.0705766
5.41 0.0669891
5.415 0.0629543
5.42 0.0584761
5.425 0.053622
5.43 0.0484592
5.435 0.042992
5.44 0.037225
5.445 0.0315575
5.45 0.0263877
5.455 0.0217177
5.46 0.0175495
5.465 0.0138034
5.47 0.0103998
5.475 0.0073401
5.48 0.00462545
5.485 0.00222625
5.49 0.000112727
5.495 -0.00171442
5.5 -0.0032547
5.505 -0.00484741
5.51 -0.00683092
5.515 -0.00920286
5.52 -0.0119606
5.525 -0.0149976
5.53 -0.0182074
5.535 -0.0215874
5.54 -0.0251349
5.545 -0.0289636
5.55 -0.033187
5.555 -0.0378012
5.56 -0.0428019
5.565 -0.0481255
5.57 -0.0537081
5.575 -0.0595453
5.58 -0.0656324
5.585 -0.0720114
5.59 -0.0787239
5.595 -0.0857646
5.6 -0.0931277
5.605 -0.10077
5.61 -0.108648
5.615 -0.116755
5.62 -0.125087
5.625 -0.133629
5.63 -0.142369
5.635 -0.151301
5.64 -0.160419
5.645 -0.169197
5.65 -0.177112
5.655 -0.184161
5.66 -0.190342
5.665 -0.195614
5.67 -0.19994
5.675 -0.203318
5.68 -0.205749
5.685 -0.207362
5.69 -0.208284
5.695 -0.208517
5.7 -0.208062
5.705 -0.207262
5.71 -0.20646
5.715 -0.205656
5.72 -0.204851
5.725 -0.204013
5.73 -0.203112
5.735 -0.202147
5.74 -0.201121
5.745 -0.200073
5.75 -0.199044
5.755 -0.198035
5.76 -0.197048
5.765 -0.195841
5.77 -0.194178
5.775 -0.192061
5.78 -0.189492
5.785 -0.186438
5.79 -0.182865
5.795 -0.178779
5.8 -0.174183
5.805 -0.169228
5.81 -0.164066
5.815 -0.158699
5.82 -0.153134
5.825 -0.14746
5.83 -0.141768
5.835 -0.136063
5.84 -0.130349
5.845 -0.124522
5.85 -0.11848
5.855 -0.112228
5.86 -0.105771
5.865 -0.0991745
5.87 -0.0925033
5.875 -0.0857625
5.88 -0.078957
5.885 -0.0721601
5.89 -0.0654453
5.895 -0.0588168
5.9 -0.0522791
5.905 -0.0458344
5.91 -0.039485
5.915 -0.0332352
5.92 -0.0270887
5.925 -0.0211296
5.93 -0.0154413
5.935 -0.010027
5.94 -0.00488969
5.945 -4.21172e-05
5.95 0.00450314
5.955 0.00874377
5.96 0.0126777
5.965 0.0163229
5.97 0.0196978
5.975 0.0228006
5.98 0.02563
5.985 0.0285118
5.99 0.0317712
5.995 0.0354048
6 0.0394093
6.005 0.0437633
6.01 0.0484456
6.015 0.0534521
6.02 0.0587785
6.025 0.0644771
6.03 0.0705999
6.035 0.0771416
6.04 0.0840965
6.045 0.0910332
6.05 0.0975211
6.055 0.103557
6.06 0.109138
6.065 0.114303
6.07 0.119092
6.075 0.123502
6.08 0.127531
6.085 0.131236
6.09 0.134673
6.095 0.13784
6.1 0.140736
6.105 0.143668
6.11 0.146943
6.115 0.150556
6.12 0.154505
6.125 0.158513
6.13 0.162303
6.135 0.165874
6.14 0.169223
6.145 0.172317
6.15 0.175123
6.155 0.177639
6.16 0.179865
6.165 0.1818
6.17 0.183443
6.175 0.184794
6.18 0.185852
6.185 0.186593
6.19 0.186993
6.195 0.187051
6.2 0.186768
6.205 0.186172
6.21 0.185287
6.215 0.184115
6.22 0.182658
6.225 0.181219
6.23 0.180101
6.235 0.179303
6.24 0.178825
6.245 0.178565
6.25 0.178419
6.255 0.178387
6.26 0.178469
6.265 0.178596
6.27 0.178699
6.275 0.178778
6.28 0.178834
6.285 0.178743
6.29 0.178386
6.295 0.177763
6.3 0.176875
6.305 0.175752
6.31 0.174422
6.315 0.172888
6.32 0.171151
6.325 0.169283
6.33 0.167355
6.335 0.165369
6.34 0.163325
6.345 0.161283
6.35 0.159297
6.355 0.15737
6.36 0.155503
6.365 0.153578
6.37 0.15148
6.375 0.14921
6.38 0.14677
6.385 0.144187
6.39 0.141487
6.395 0.138672
6.4 0.135744
6.405 0.132685
6.41 0.129476
6.415 0.126119
6.42 0.122618
6.425 0.118978
6.43 0.115208
6.435 0.11131
6.44 0.107288
6.445 0.103261
6.45 0.0993504
6.455 0.0955579
6.46 0.091886
6.465 0.0722447
6.47 -0.0969805
6.475 0.0294289
6.48 -0.0632376
6.485 0.00704616
6.49 -0.043398
6.495 -0.00401386
6.5 -0.0310547
6.505 -0.00867711
6.51 -0.0231524
6.515 -0.010541
6.52 -0.0182729
6.525 -0.0110098
6.53 -0.0147817
6.535 -0.0101789
6.54 -0.0268858
6.545 -0.0731761
6.55 -0.0920793
6.555 -0.10058
6.56 -0.105127
6.565 -0.108163
6.57 -0.110609
6.575 -0.112817
6.58 -0.114921
6.585 -0.117008
6.59 -0.119137
6.595 -0.121313
6.6 -0.123536
6.605 -0.125877
6.61 -0.1284
6.615 -0.131105
6.62 -0.133989
6.625 -0.136718
6.63 -0.138957
6.635 -0.140708
6.64 -0.141969
6.645 -0.142946
6.65 -0.143844
6.655 -0.144663
6.66 -0.145401
6.665 -0.146085
6.67 -0.146737
6.675 -0.147359
6.68 -0.14795
6.685 -0.148428
6.69 -0.148714
6.695 -0.148807
6.7 -0.148708
6.705 -0.14846
6.71 -0.148105
6.715 -0.147642
6.72 -0.147074
6.725 -0.146411
6.73 -0.145665
6.735 -0.144835
6.74 -0.143924
6.745 -0.142985
6.75 -0.142071
6.755 -0.141184
6.76 -0.140324
6.765 -0.139477
6.77 -0.13863
6.775 -0.137785
6.78 -0.136941
6.785 -0.136153
6.79 -0.135477
6.795 -0.134912
6.8 -0.134459
6.805 -0.13409
6.81 -0.133781
6.815 -0.133531
6.82 -0.13334
6.825 -0.133351
6.83 -0.133708
6.835 -0.13441
6.84 -0.135455
6.845 -0.13667
6.85 -0.137879
6.855 -0.139084
6.86 -0.140283
6.865 -0.141058
6.87 -0.140991
6.875 -0.140085
6.88 -0.138342
6.885 -0.135859
6.89 -0.132731
6.895 -0.128963
6.9 -0.124558
6.905 -0.119887
6.91 -0.11532
6.915 -0.110859
6.92 -0.106508
6.925 -0.102233
6.93 -0.0980014
6.935 -0.0938165
6.94 -0.0896808
6.945 -0.0856711
6.95 -0.0818642
6.955 -0.0782623
6.96 -0.0748671
6.965 -0.0714858
6.97 -0.0679258
6.975 -0.06419
6.98 -0.0602815
6.985 -0.056106
6.99 -0.0515696
6.995 -0.0466765
7 -0.0414308
7.005 -0.035849
7.01 -0.0299476
7.015 -0.0237315
7.02 -0.0172057
7.025 -0.0105548
7.03 -0.0039627
7.035 0.00256616
7.04 0.00902751
7.045 0.0153091
7.05 0.0212991
7.055 0.0269941
7.06 0.0323912
7.065 0.0375115
7.07 0.0423769
7.075 0.0469845
7.08 0.0513319
7.085 0.0553987
7.09 0.0591648
7.095 0.0626283
7.1 0.0657877
7.105 0.0686672
7.11 0.0712912
7.115 0.0736585
7.12 0.0757682
7.125 0.0776582
7.13 0.0793666
7.135 0.0808925
7.14 0.0822355
7.145 0.0836417
7.15 0.0853565
7.155 0.0873781
7.16 0.0897041
7.165 0.0923241
7.17 0.0952274
7.175 0.0984114
7.18 0.101873
7.185 0.10546
7.19 0.10902
7.195 0.112552
7.2 0.116052
7.205 0.119415
7.21 0.122534
7.215 0.12541
7.22 0.12804
7.225 0.130577
7.23 0.133172
7.235 0.135825
7.24 0.138532
7.245 0.141172
7.25 0.143622
7.255 0.145882
7.26 0.147949
7.265 0.149816
7.27 0.151473
7.275 0.152919
7.28 0.154155
7.285 0.155163
7.29 0.155927
7.295 0.156449
7.3 0.156726
7.305 0.156778
7.31 0.156621
7.315 0.156257
7.32 0.155685
7.325 0.154875
7.33 0.153797
7.335 0.152451
7.34 0.15084
7.345 0.149068
7.35 0.147242
7.355 0.145362
7.36 0.14343
7.365 0.141522
7.37 0.139712
7.375 0.138003
7.38 0.136395
7.385 0.134848
7.39 0.133321
7.395 0.131815
7.4 0.130332
7.405 0.128688
7.41 0.126701
7.415 0.124372
7.42 0.121704
7.425 0.118684
7.43 0.115297
7.435 0.111547
7.44 0.107436
7.445 0.103081
7.45 0.0985947
7.455 0.093982
7.46 0.0892458
7.465 0.0846133
7.47 0.0803107
7.475 0.0763403
7.48 0.0727039
7.485 0.0692769
7.49 0.065935
7.495 0.0626804
7.5 0.059515
7.505 -0.0296831
7.51 -0.0277971
7.515 -0.0299539
7.52 -0.0289587
7.525 -0.0301923
7.53 -0.0297524
7.535 -0.030555
7.54 -0.0304026
7.545 -0.0309407
7.55 -0.0309979
7.555 -0.031452
7.56 -0.0316306
7.565 -0.0319971
7.57 -0.032162
7.575 -0.0323946
7.58 -0.0585134
7.585 -0.0862875
7.59 -0.0985058
7.595 -0.104893
7.6 -0.109139
7.605 -0.112616
7.61 -0.115823
7.615 -0.11896
7.62 -0.122101
7.625 -0.125301
7.63 -0.128597
7.635 -0.131989
7.64 -0.135477
7.645 -0.138971
7.65 -0.142381
7.655 -0.145704
7.66 -0.148939
7.665 -0.152001
7.67 -0.154806
7.675 -0.157353
7.68 -0.15964
7.685 -0.161724
7.69 -0.163657
7.695 -0.16544
7.7 -0.167071
7.705 -0.168667
7.71 -0.170345
7.715 -0.172102
7.72 -0.173939
7.725 -0.175875
7.73 -0.177931
7.735 -0.180106
7.74 -0.182399
7.745 -0.184439
7.75 -0.18586
7.755 -0.186662
7.76 -0.186845
7.765 -0.186685
7.77 -0.186455
7.775 -0.186155
7.78 -0.185787
7.785 -0.185125
7.79 -0.183948
7.795 -0.182257
7.8 -0.180055
7.805 -0.177351
7.81 -0.174156
7.815 -0.170474
7.82 -0.166307
7.825 -0.161821
7.83 -0.157179
7.835 -0.152386
7.84 -0.147445
7.845 -0.14229
7.85 -0.136857
7.855 -0.13115
7.86 -0.125173
7.865 -0.119023
7.87 -0.112798
7.875 -0.106502
7.88 -0.10014
7.885 -0.0936851
7.89 -0.0871102
7.895 -0.0804204
7.9 -0.0736207
7.905 -0.066776
7.91 -0.0599508
7.915 -0.0531499
7.92 -0.0463779
7.925 -0.0395999
7.93 -0.0327814
7.935 -0.025927
7.94 -0.0190416
7.945 -0.0123959
7.95 -0.00625974
7.955 -0.000636018
7.96 0.00447276
7.965 0.00916809
7.97 0.0135515
7.975 0.0176207
7.98 0.0213738
7.985 0.0251967
7.99 0.0294744
7.995 0.0342026
8 0.039377
8.005 0.0449293
8.01 0.0507908
8.015 0.0569569
8.02 0.0634224
8.025 0.0700287
8.03 0.0766172
8.035 0.0831835
8.04 0.0897232
8.045 0.0961032
8.05 0.102191
8.055 0.107983
8.06 0.113477
8.065 0.1188
8.07 0.124082
8.075 0.129319
8.08 0.134507
8.085 0.139556
8.09 0.144375
8.095 0.148962
8.1 0.153313
8.105 0.157493
8.11 0.161564
8.115 0.165524
8.12 0.16937
8.125 0.173064
8.13 0.176565
8.135 0.179873
8.14 0.182986
8.145 0.185933
8.15 0.188746
8.155 0.191422
8.16 0.19396
8.165 0.196361
8.17 0.198626
8.175 0.200755
8.18 0.202745
8.185 0.204642
8.19 0.206489
8.195 0.208284
8.2 0.0783937
8.205 0.0346336
8.21 0.0678603
8.215 0.0436016
8.22 0.0617319
8.225 0.0481392
8.23 0.0578376
8.235 0.0500265
8.24 0.0550525
8.245 0.050417
8.25 0.0528219
8.255 0.0498939
8.26 0.0508567
8.265 0.0488781
8.27 0.0490234
8.275 0.0475338
8.28 0.0472037
8.285 0.0381927
8.29 -0.0310687
8.295 -0.0579842
8.3 -0.0689357
8.305 -0.0738377
8.31 -0.0763912
8.315 -0.0780403
8.32 -0.0793331
8.325 -0.0804891
8.33 -0.0815987
8.335 -0.0826912
8.34 -0.0837771
8.345 -0.0848196
8.35 -0.0857791
8.355 -0.0866558
8.36 -0.0874495
8.365 -0.0881813
8.37 -0.088872
8.375 -0.0895213
8.38 -0.0901288
8.385 -0.0906394
8.39 -0.090998
8.395 -0.0912047
8.4 -0.0912598
8.405 -0.0912192
8.41 -0.0911388
8.415 -0.0910187
8.42 -0.0908591
8.425 -0.0905285
8.43 -0.0898959
8.435 -0.0889624
8.44 -0.0877295
8.445 -0.0863829
8.45 -0.0851082
8.455 -0.0839058
8.46 -0.0827766
8.465 -0.0816086
8.47 -0.0802905
8.475 -0.0788235
8.48 -0.0772089
8.485 -0.0756519
8.49 -0.0743569
8.495 -0.073324
8.5 -0.0725532
8.505 -0.0711124
8.51 -0.0680723
8.515 -0.063439
8.52 -0.05722
8.525 -0.0498956
8.53 -0.0419457
8.535 -0.0333773
8.54 -0.0241979
8.545 -0.0147269
8.55 -0.00528307
8.555 0.00412719
8.56 0.0134975
8.565 0.0228342
8.57 0.0321432
8.575 0.0414185
8.58 0.0506536
8.585 0.0597363
8.59 0.0685546
8.595 0.0771031
8.6 0.0853768
8.605 0.0933769
8.61 0.101105
8.615 0.108556
8.62 0.115726
8.625 0.122573
8.63 0.129055
8.635 0.135168
8.64 0.140909
8.645 0.146296
8.65 0.151347
8.655 0.156058
8.66 0.160428
8.665 0.164436
8.67 0.168063
8.675 0.171308
8.68 0.174167
8.685 0.176655
8.69 0.178784
8.695 0.180552
8.7 0.181959
8.705 0.182999
8.71 0.183664
8.715 0.183954
8.72 0.18387
8.725 0.183556
8.73 0.183157
8.735 0.182671
8.74 0.182101
8.745 0.181483
8.75 0.180857
8.755 0.180222
8.76 0.179579
8.765 0.17885
8.77 0.177957
8.775 0.1769
8.78 0.175682
8.785 0.17418
8.79 0.172273
8.795 0.169963
8.8 0.167253
8.805 0.164243
8.81 0.16103
8.815 0.157619
8.82 0.154011
8.825 0.150329
8.83 0.146694
8.835 0.14311
8.84 0.139579
8.845 0.135898
8.85 0.131867
8.855 0.127488
8.86 0.122767
8.865 0.117642
8.87 0.112053
8.875 0.106004
8.88 0.0995024
8.885 0.0925727
8.89 0.085242
8.895 0.0775163
8.9 0.0694019
8.905 0.0608754
8.91 0.0519138
8.915 0.0425243
8.92 0.0327144
8.925 0.0223878
8.93 0.0114486
8.935 -9.40985e-05
8.94 -0.0122309
8.945 -0.0242713
8.95 -0.0355271
8.955 -0.0459924
8.96 -0.0556623
8.965 -0.0635208
8.97 -0.068556
8.975 -0.0707718
8.98 -0.0701741
8.985 -0.0686085
8.99 -0.0679165
8.995 -0.0680962
9 -0.0691453
9.005 -0.0705532
9.01 -0.0718106
9.015 -0.0729169
9.02 -0.0738717
9.025 -0.0748547
9.03 -0.0760448
9.035 -0.0774407
9.04 -0.079041
9.045 -0.0802614
9.05 -0.0805198
9.055 -0.0798185
9.06 -0.0781604
9.065 -0.0761909
9.07 -0.074554
9.075 -0.07325
9.08 -0.0722788
9.085 -0.0714872
9.09 -0.0707225
9.095 -0.0699851
9.1 -0.0692754
9.105 -0.0685113
9.11 -0.0676113
9.115 -0.0665761
9.12 -0.065407
9.125 -0.0642243
9.13 -0.063148
9.135 -0.0621787
9.14 -0.0613167
9.145 -0.0608164
9.15 -0.0609313
9.155 -0.0616596
9.16 -0.0629994
9.165 -0.0648731
9.17 -0.0672032
9.175 -0.0699869
9.18 -0.0732211
9.185 -0.0770816
9.19 -0.0817432
9.195 -0.0872007
9.2 -0.0934483
9.205 -0.100422
9.21 -0.108058
9.215 -0.116349
9.22 -0.125289
9.225 -0.134042
9.23 -0.141778
9.235 -0.148494
9.24 -0.154188
9.245 -0.158973
9.25 -0.162965
9.255 -0.166162
9.26 -0.168563
9.265 -0.170668
9.27 -0.172975
9.275 -0.17548
9.28 -0.178182
9.285 -0.180582
9.29 -0.182185
9.295 -0.182991
9.3 -0.183002
9.305 -0.182412
9.31 -0.181415
9.315 -0.180013
9.32 -0.178208
9.325 -0.175879
9.33 -0.172905
9.335 -0.169289
9.34 -0.165037
9.345 -0.160226
9.35 -0.154935
9.355 -0.149168
9.36 -0.14293
9.365 -0.136218
9.37 -0.129027
9.375 -0.121363
9.38 -0.113233
9.385 -0.104845
9.39 -0.0964075
9.395 -0.0879258
9.4 -0.0794061
9.405 -0.0710709
9.41 -0.0631421
9.415 -0.0556241
9.42 -0.048521
9.425 -0.0418908
9.43 -0.0357911
9.435 -0.0302247
9.44 -0.0251941
9.445 -0.0206788
9.45 -0.0166581
9.455 -0.0131334
9.46 -0.0101059
9.465 -0.00764991
9.47 -0.00583941
9.475 -0.0046739
9.48 -0.0041525
9.485 -0.00434816
9.49 -0.00533317
9.495 -0.00710479
9.5 -0.00965975
9.505 -0.0128663
9.51 -0.0165925
9.515 -0.0208345
9.52 -0.025588
9.525 -0.0294064
9.53 -0.0308475
9.535 -0.0299163
9.54 -0.0266198
9.545 -0.0223298
9.55 -0.0184154
9.555 -0.0148781
9.56 -0.0117195
9.565 -0.00869467
9.57 -0.00555945
9.575 -0.00231625
9.58 0.00103243
9.585 0.00438038
9.59 0.0076217
9.595 0.0107544
9.6 0.0137767
9.605 0.0166556
9.61 0.0193582
9.615 0.0218832
9.62 0.0242293
9.625 0.0262299
9.63 0.0277192
9.635 0.0286974
9.64 0.0291652
9.645 0.0292049
9.65 0.0288985
9.655 0.0282473
9.66 0.0272527
9.665 0.0267051
9.67 0.0273931
9.675 0.0293128
9.68 0.0324597
9.685 0.0364427
9.69 0.040871
9.695 0.0457405
9.7 0.0510466
9.705 0.0562815
9.71 0.0609385
9.715 0.065016
9.72 0.0685127
9.725 0.0716943
9.73 0.0748261
9.735 0.0779059
9.74 0.0809318
9.745 0.0838065
9.75 0.0864327
9.755 0.0888094
9.76 0.0909355
9.765 0.0928384
9.77 0.0945455
9.775 0.096056
9.78 0.0973696
9.785 0.098357
9.79 0.0988901
9.795 0.0989695
9.8 0.0985965
9.805 0.0978491
9.81 0.0968058
9.815 0.095468
9.82 0.0938373
9.825 0.0919151
9.83 0.0897028
9.835 0.0872027
9.84 0.0844172
9.845 0.0814351
9.85 0.0783451
9.855 0.0751497
9.86 0.0718513
9.865 0.0686129
9.87 0.0655969
9.875 0.0628048
9.88 0.060238
9.885 0.057947
9.89 0.0559819
9.895 0.0543432
9.9 0.0530312
9.905 0.0520416
9.91 0.0513697
9.915 0.0510153
9.92 0.0509778
9.925 0.0510553
9.93 0.0510465
9.935 0.0509516
9.94 0.0507708
9.945 0.0508237
9.95 0.0514284
9.955 0.0525831
9.96 0.0542857
9.965 0.0562682
9.97 0.0582632
9.975 0.0602693
9.98 0.0622851
9.985 0.0640488
9.99 0.0652997
9.995 0.0660381
10 0.066265
