0.01 0.000538397
0.02 0.00157602
0.03 0.00250421
0.04 0.0033908
0.05 0.00442303
0.06 0.00567209
0.07 0.00693902
0.08 0.00802085
0.09 0.00886075
0.1 0.00954744
0.11 0.0104338
0.12 0.0117406
0.13 0.0133226
0.14 0.0147902
0.15 0.0159604
0.16 0.0168117
0.17 0.0173036
0.18 0.0174166
0.19 0.0174016
0.2 0.0177829
0.21 0.0187318
0.22 0.0199485
0.23 0.0204862
0.24 0.0198386
0.25 0.0181081
0.26 0.016731
0.27 0.0166565
0.28 0.0170104
0.29 0.0176898
0.3 0.0188956
0.31 0.0206518
0.32 0.0225716
0.33 0.023657
0.34 0.0241288
0.35 0.0244872
0.36 0.0246124
0.37 0.0241911
0.38 0.0227638
0.39 0.0201998
0.4 0.0165423
0.41 0.0123501
0.42 0.0076475
0.43 0.00189671
0.44 -0.00460694
0.45 -0.0108447
0.46 -0.0163573
0.47 -0.0210586
0.48 -0.0250596
0.49 -0.0293103
0.5 -0.0343411
0.51 -0.040204
0.52 -0.0470581
0.53 -0.0547548
0.54 -0.0623266
0.55 -0.0690255
0.56 -0.0742446
0.57 -0.0782416
0.58 -0.0803239
0.59 -0.0776145
0.6 -0.0704697
0.61 -0.062731
0.62 -0.0563718
0.63 -0.0516515
0.64 -0.0489334
0.65 -0.0480101
0.66 -0.04879
0.67 -0.0512521
0.68 -0.0555653
0.69 -0.0621769
0.7 -0.0711265
0.71 -0.0825021
0.72 -0.0947395
0.73 -0.10481
0.74 -0.111974
0.75 -0.117458
0.76 -0.122548
0.77 -0.127013
0.78 -0.130982
0.79 -0.135341
0.8 -0.140847
0.81 -0.142625
0.82 -0.130594
0.83 -0.106314
0.84 -0.0793284
0.85 -0.052466
0.86 -0.0264479
0.87 -0.0019889
0.88 0.021999
0.89 0.0459012
0.9 0.0698524
0.91 0.0928896
0.92 0.11326
0.93 0.130522
0.94 0.144506
0.95 0.154727
0.96 0.160658
0.97 0.162186
0.98 0.159264
0.99 0.151935
1 0.140166
1.01 0.124087
1.02 0.103715
1.03 0.0793277
1.04 0.05171
1.05 0.0217522
1.06 -0.0100031
1.07 -0.039671
1.08 -0.063592
1.09 -0.0671741
1.1 -0.0471735
1.11 -0.0249549
1.12 -0.00527669
1.13 0.0116213
1.14 0.0228309
1.15 0.0292983
1.16 0.0313348
1.17 0.0297556
1.18 0.0242049
1.19 0.0153418
1.2 0.00217081
1.21 -0.00787645
1.22 0.0040351
1.23 0.0264719
1.24 0.0442327
1.25 0.0590879
1.26 0.0679662
1.27 0.070396
1.28 0.0730744
1.29 0.0865913
1.3 0.104637
1.31 0.120856
1.32 0.135863
1.33 0.148128
1.34 0.157738
1.35 0.0973954
1.36 0.0151363
1.37 -0.00186171
1.38 -0.00160351
1.39 -0.00364146
1.4 -0.0057875
1.41 -0.00523655
1.42 -0.00105862
1.43 0.00585507
1.44 0.0125906
1.45 0.0176757
1.46 0.0208047
1.47 0.0214938
1.48 0.0195525
1.49 0.0149396
1.5 0.00784345
1.51 0.00258596
1.52 0.00216427
1.53 0.00228026
1.54 0.000723245
1.55 -0.00274324
1.56 -0.00882206
1.57 -0.0175478
1.58 -0.0289829
1.59 -0.0427295
1.6 -0.0527886
1.61 -0.0572283
1.62 -0.0626185
1.63 -0.0700583
1.64 -0.0803071
1.65 -0.0935668
1.66 -0.110055
1.67 -0.117032
1.68 -0.107744
1.69 -0.0967082
1.7 -0.0888787
1.71 -0.0846553
1.72 -0.0859698
1.73 -0.0831167
1.74 -0.0700159
1.75 -0.0551641
1.76 -0.0416315
1.77 -0.0296032
1.78 -0.0203307
1.79 -0.0138166
1.8 -0.00954178
1.81 -0.00364015
1.82 0.00342633
1.83 0.0091692
1.84 0.0136954
1.85 0.0165004
1.86 0.0172517
1.87 0.0156496
1.88 0.0123495
1.89 0.00992741
1.9 0.0104024
1.91 0.0133062
1.92 0.0160476
1.93 0.0167171
1.94 0.0149144
1.95 0.0101043
1.96 0.00210692
1.97 -0.00911156
1.98 -0.0229883
1.99 -0.0326431
2 -0.034115
2.01 -0.0335172
2.02 -0.0338282
2.03 -0.0329118
2.04 -0.0298091
2.05 -0.0271495
2.06 -0.0260733
2.07 -0.0267048
2.08 -0.0293882
2.09 -0.0342491
2.1 -0.0413924
2.11 -0.0508417
2.12 -0.0625959
2.13 -0.0766168
2.14 -0.0917107
2.15 -0.106781
2.16 -0.121127
2.17 -0.131911
2.18 -0.129102
2.19 -0.116123
2.2 -0.105047
2.21 -0.0953349
2.22 -0.082462
2.23 -0.0631549
2.24 -0.0370761
2.25 -0.00844831
2.26 0.0177139
2.27 0.0402272
2.28 0.0582593
2.29 0.0711673
2.3 0.0783501
2.31 0.0796118
2.32 0.0748512
2.33 0.0647784
2.34 0.0596663
2.35 0.0638804
2.36 0.0679362
2.37 0.0689186
2.38 0.066287
2.39 0.0588385
2.4 0.0468601
2.41 0.0297522
2.42 0.0125441
2.43 0.0117837
2.44 0.0252724
2.45 0.0394135
2.46 0.052772
2.47 0.0632202
2.48 0.0744341
2.49 0.0926043
2.5 0.113232
2.51 0.131948
2.52 0.148585
2.53 0.162043
2.54 0.172283
2.55 0.179056
2.56 0.183886
2.57 0.190944
2.58 0.200786
2.59 0.210361
2.6 0.186355
2.61 0.0797059
2.62 -0.00347702
2.63 -0.00969001
2.64 -0.00872587
2.65 -0.000365738
2.66 0.00945783
2.67 0.0164136
2.68 0.0208269
2.69 0.0213639
2.7 0.0181986
2.71 0.0110925
2.72 0.00103283
2.73 -0.00865265
2.74 -0.0152617
2.75 -0.0191736
2.76 -0.0230387
2.77 -0.0288936
2.78 -0.0370851
2.79 -0.0479854
2.8 -0.0615358
2.81 -0.0777352
2.82 -0.0962409
2.83 -0.113378
2.84 -0.124703
2.85 -0.130156
2.86 -0.133039
2.87 -0.136016
2.88 -0.139505
2.89 -0.142147
2.9 -0.141825
2.91 -0.138974
2.92 -0.135332
2.93 -0.131056
2.94 -0.125825
2.95 -0.120479
2.96 -0.115642
2.97 -0.111935
2.98 -0.110066
2.99 -0.110074
3 -0.109578
3.01 -0.106064
3.02 -0.0989159
3.03 -0.0906302
3.04 -0.0842846
3.05 -0.07967
3.06 -0.0741822
3.07 -0.0671632
3.08 -0.0606704
3.09 -0.0553019
3.1 -0.0512746
3.11 -0.0486232
3.12 -0.0451312
3.13 -0.0390676
3.14 -0.031384
3.15 -0.0236075
3.16 -0.0166243
3.17 -0.00989659
3.18 -0.00247175
3.19 0.00535327
3.2 0.0128443
3.21 0.0198913
3.22 0.0263663
3.23 0.0330609
3.24 0.0413524
3.25 0.0513299
3.26 0.0611383
3.27 0.0699031
3.28 0.0780118
3.29 0.0853644
3.3 0.0916939
3.31 0.0962155
3.32 0.100585
3.33 0.105972
3.34 0.11095
3.35 0.115609
3.36 0.120267
3.37 0.124602
3.38 0.128108
3.39 0.130436
3.4 0.131262
3.41 0.130353
3.42 0.126887
3.43 0.120941
3.44 0.116584
3.45 0.116737
3.46 0.118657
3.47 0.119537
3.48 0.118721
3.49 0.11699
3.5 0.116483
3.51 0.118127
3.52 0.120711
3.53 0.122046
3.54 0.12122
3.55 0.118188
3.56 0.113028
3.57 0.106209
3.58 0.0997729
3.59 0.095697
3.6 0.0931993
3.61 0.0903733
3.62 0.0872639
3.63 0.0841654
3.64 0.0802528
3.65 0.0752209
3.66 0.0690638
3.67 0.0504109
3.68 -0.0115336
3.69 -0.0621019
3.7 -0.0684314
3.71 -0.0739117
3.72 -0.081132
3.73 -0.0896656
3.74 -0.0970975
3.75 -0.102349
3.76 -0.106094
3.77 -0.108891
3.78 -0.111606
3.79 -0.114541
3.8 -0.118095
3.81 -0.122627
3.82 -0.128153
3.83 -0.134238
3.84 -0.139632
3.85 -0.143937
3.86 -0.148288
3.87 -0.153832
3.88 -0.158374
3.89 -0.160853
3.9 -0.161489
3.91 -0.158874
3.92 -0.153905
3.93 -0.147427
3.94 -0.13973
3.95 -0.131286
3.96 -0.122389
3.97 -0.113241
3.98 -0.10543
3.99 -0.100347
4 -0.0948507
4.01 -0.0861679
4.02 -0.075424
4.03 -0.0648353
4.04 -0.0547474
4.05 -0.0448811
4.06 -0.0353573
4.07 -0.0260317
4.08 -0.0169282
4.09 -0.00784347
4.1 0.00156111
4.11 0.0111457
4.12 0.020141
4.13 0.0279628
4.14 0.0342085
4.15 0.0385808
4.16 0.041612
4.17 0.0440212
4.18 0.0461093
4.19 0.0480381
4.2 0.0500551
4.21 0.0521907
4.22 0.0549549
4.23 0.0580725
4.24 0.0609828
4.25 0.0629737
4.26 0.0688821
4.27 0.0826721
4.28 0.0995001
4.29 0.116334
4.3 0.132134
4.31 0.146069
4.32 0.157775
4.33 0.167073
4.34 0.173947
4.35 0.178356
4.36 0.180334
4.37 0.180814
4.38 0.181189
4.39 0.181396
4.4 0.180015
4.41 0.176635
4.42 0.172704
4.43 0.167918
4.44 0.160364
4.45 0.149453
4.46 0.135114
4.47 0.11648
4.48 0.097374
4.49 0.0900316
4.5 0.0908341
4.51 0.0897142
4.52 0.0873127
4.53 0.0867697
4.54 0.0768859
4.55 0.0320706
4.56 -0.00156639
4.57 -0.00167286
4.58 -0.00452421
4.59 -0.011774
4.6 -0.0243045
4.61 -0.043008
4.62 -0.0619508
4.63 -0.0751909
4.64 -0.086029
4.65 -0.0951994
4.66 -0.100628
4.67 -0.10242
4.68 -0.100332
4.69 -0.094759
4.7 -0.0871126
4.71 -0.0804937
4.72 -0.0772575
4.73 -0.0779383
4.74 -0.0829011
4.75 -0.0931782
4.76 -0.108529
4.77 -0.11816
4.78 -0.119654
4.79 -0.120539
4.8 -0.121191
4.81 -0.122355
4.82 -0.125521
4.83 -0.131481
4.84 -0.134396
4.85 -0.130488
4.86 -0.125355
4.87 -0.12169
4.88 -0.118619
4.89 -0.116399
4.9 -0.115797
4.91 -0.117278
4.92 -0.120374
4.93 -0.124396
4.94 -0.127551
4.95 -0.128115
4.96 -0.125541
4.97 -0.121192
4.98 -0.114534
4.99 -0.10509
5 -0.0964042
5.01 -0.0903658
5.02 -0.0873119
5.03 -0.0842004
5.04 -0.0781805
5.05 -0.0713019
5.06 -0.0639363
5.07 -0.0549984
5.08 -0.0443775
5.09 -0.0331542
5.1 -0.0226133
5.11 -0.0132195
5.12 -0.00596543
5.13 -0.00174563
5.14 -0.000764987
5.15 -0.00290617
5.16 -0.00498164
5.17 -0.0031147
5.18 0.00409615
5.19 0.01424
5.2 0.0240369
5.21 0.03616
5.22 0.0517821
5.23 0.06655
5.24 0.0781517
5.25 0.0861829
5.26 0.0909182
5.27 0.0931088
5.28 0.0942787
5.29 0.0969189
5.3 0.101369
5.31 0.107063
5.32 0.11376
5.33 0.120433
5.34 0.127017
5.35 0.134588
5.36 0.143455
5.37 0.15322
5.38 0.161864
5.39 0.167912
5.4 0.170955
5.41 0.171415
5.42 0.17121
5.43 0.170854
5.44 0.170641
5.45 0.171777
5.46 0.172368
5.47 0.170347
5.48 0.165578
5.49 0.157766
5.5 0.147926
5.51 0.13904
5.52 0.133148
5.53 0.130548
5.54 0.129417
5.55 0.127183
5.56 0.123132
5.57 0.116969
5.58 0.108429
5.59 0.0988265
5.6 0.0914823
5.61 0.0872137
5.62 0.0851449
5.63 0.0841798
5.64 0.0827866
5.65 0.0548836
5.66 0.0133616
5.67 -0.00340601
5.68 -0.00811792
5.69 -0.0119042
5.7 -0.0139311
5.71 -0.014083
5.72 -0.0118771
5.73 -0.00940258
5.74 -0.00837578
5.75 -0.00885341
5.76 -0.0107878
5.77 -0.0139616
5.78 -0.0184303
5.79 -0.024529
5.8 -0.032534
5.81 -0.0424656
5.82 -0.0542463
5.83 -0.0675436
5.84 -0.0822
5.85 -0.0980855
5.86 -0.114689
5.87 -0.131555
5.88 -0.148579
5.89 -0.165798
5.9 -0.184027
5.91 -0.203913
5.92 -0.225405
5.93 -0.244141
5.94 -0.254925
5.95 -0.257912
5.96 -0.254448
5.97 -0.247714
5.98 -0.23991
5.99 -0.229648
6 -0.216125
6.01 -0.200827
6.02 -0.185755
6.03 -0.171499
6.04 -0.15834
6.05 -0.145511
6.06 -0.131976
6.07 -0.117849
6.08 -0.103374
6.09 -0.0886214
6.1 -0.0736664
6.11 -0.0585274
6.12 -0.0446954
6.13 -0.0350281
6.14 -0.029202
6.15 -0.024706
6.16 -0.0218562
6.17 -0.0195265
6.18 -0.015748
6.19 -0.0124119
6.2 -0.0106824
6.21 -0.0093662
6.22 -0.00706873
6.23 -0.00319709
6.24 0.00157186
6.25 0.0051799
6.26 0.00792489
6.27 0.0113919
6.28 0.0145866
6.29 0.0178671
6.3 0.022578
6.31 0.0281492
6.32 0.0347385
6.33 0.042031
6.34 0.0487419
6.35 0.0545463
6.36 0.0597925
6.37 0.0657354
6.38 0.0731611
6.39 0.0810278
6.4 0.0874861
6.41 0.091665
6.42 0.0933314
6.43 0.0933047
6.44 0.0924656
6.45 0.0911989
6.46 0.0898085
6.47 0.0893613
6.48 0.089966
6.49 0.0901711
6.5 0.089343
6.51 0.0871714
6.52 0.0838193
6.53 0.0797602
6.54 0.0744008
6.55 0.0677941
6.56 0.0603388
6.57 0.0545753
6.58 0.0528616
6.59 0.0536731
6.6 0.0563467
6.61 0.0604318
6.62 0.0648517
6.63 0.0684846
6.64 0.0711807
6.65 0.0720801
6.66 0.0695573
6.67 0.0676264
6.68 0.0692035
6.69 0.0705671
6.7 0.0693905
6.71 0.0653971
6.72 0.0613232
6.73 0.0620265
6.74 0.0669017
6.75 0.0702966
6.76 0.0703467
6.77 0.0683097
6.78 0.0657635
6.79 0.0644337
6.8 0.0641056
6.81 0.0638436
6.82 0.063286
6.83 0.0622417
6.84 0.0599884
6.85 0.0567197
6.86 0.052461
6.87 0.0465345
6.88 0.0392456
6.89 0.0289031
6.9 0.0156872
6.91 0.00537503
6.92 0.00102243
6.93 0.00260527
6.94 0.00693923
6.95 0.0105072
6.96 0.0127059
6.97 0.0129032
6.98 0.0110115
6.99 0.00726032
7 0.00206661
7.01 -0.0053369
7.02 -0.012327
7.03 -0.0148957
7.04 -0.0152397
7.05 -0.0144319
7.06 -0.0127673
7.07 -0.012314
7.08 -0.0146296
7.09 -0.021599
7.1 -0.0324198
7.11 -0.0464116
7.12 -0.0630225
7.13 -0.079411
7.14 -0.0927272
7.15 -0.101156
7.16 -0.104987
7.17 -0.105967
7.18 -0.107001
7.19 -0.109589
7.2 -0.114162
7.21 -0.119678
7.22 -0.122888
7.23 -0.123334
7.24 -0.122104
7.25 -0.120637
7.26 -0.119703
7.27 -0.118179
7.28 -0.11535
7.29 -0.111269
7.3 -0.105483
7.31 -0.0974133
7.32 -0.0885139
7.33 -0.0813194
7.34 -0.0759827
7.35 -0.0720617
7.36 -0.0693621
7.37 -0.0671039
7.38 -0.0652673
7.39 -0.064625
7.4 -0.0634829
7.41 -0.0578995
7.42 -0.0487077
7.43 -0.0402356
7.44 -0.0339323
7.45 -0.0300118
7.46 -0.0284793
7.47 -0.026956
7.48 -0.0234629
7.49 -0.0177931
7.5 -0.0118343
7.51 -0.00795797
7.52 -0.00655279
7.53 -0.00778136
7.54 -0.00997804
7.55 -0.0103256
7.56 -0.00760835
7.57 -0.00217666
7.58 0.00461696
7.59 0.0116121
7.6 0.0179737
7.61 0.0230422
7.62 0.0263389
7.63 0.0296407
7.64 0.0348459
7.65 0.0421259
7.66 0.0502064
7.67 0.057051
7.68 0.0620372
7.69 0.0650237
7.7 0.0678074
7.71 0.0711381
7.72 0.0730677
7.73 0.0729915
7.74 0.0708667
7.75 0.0676783
7.76 0.0649301
7.77 0.0628733
7.78 0.060474
7.79 0.0565562
7.8 0.0515165
7.81 0.0482658
7.82 0.0488755
7.83 0.0529513
7.84 0.059481
7.85 0.0655935
7.86 0.0695185
7.87 0.0714025
7.88 0.0713712
7.89 0.071292
7.9 0.0730819
7.91 0.076652
7.92 0.0802169
7.93 0.0822784
7.94 0.0825139
7.95 0.0807543
7.96 0.0781649
7.97 0.0761818
7.98 0.074959
7.99 0.0747775
8 0.0755447
8.01 0.0752918
8.02 0.0728847
8.03 0.0682802
8.04 0.0615197
8.05 0.0530779
8.06 0.0438704
8.07 0.0356666
8.08 0.0303607
8.09 0.0301768
8.1 0.0330092
8.11 0.0347016
8.12 0.0343455
8.13 0.0316098
8.14 0.0260794
8.15 0.0189746
8.16 0.0126264
8.17 0.00625508
8.18 -0.000967323
8.19 -0.0079431
8.2 -0.0143301
8.21 -0.0203266
8.22 -0.026061
8.23 -0.0309221
8.24 -0.0341945
8.25 -0.0355762
8.26 -0.0357543
8.27 -0.0365271
8.28 -0.0386631
8.29 -0.0422516
8.3 -0.0456551
8.31 -0.0470647
8.32 -0.0472446
8.33 -0.0465933
8.34 -0.0458749
8.35 -0.0457956
8.36 -0.0459755
8.37 -0.0462477
8.38 -0.0470333
8.39 -0.0484176
8.4 -0.0491499
8.41 -0.0492271
8.42 -0.0502505
8.43 -0.053311
8.44 -0.0591378
8.45 -0.0676344
8.46 -0.0770001
8.47 -0.0855927
8.48 -0.0923562
8.49 -0.0961462
8.5 -0.0971137
8.51 -0.0958436
8.52 -0.0933318
8.53 -0.0909485
8.54 -0.0891449
8.55 -0.0880914
8.56 -0.0877759
8.57 -0.0869223
8.58 -0.0843192
8.59 -0.0797476
8.6 -0.0730406
8.61 -0.0642633
8.62 -0.0548141
8.63 -0.0462584
8.64 -0.0389548
8.65 -0.0331276
8.66 -0.0287388
8.67 -0.0243676
8.68 -0.0186146
8.69 -0.0113986
8.7 -0.003663
8.71 0.00359141
8.72 0.0103932
8.73 0.0174592
8.74 0.0252528
8.75 0.0332405
8.76 0.040828
8.77 0.0477308
8.78 0.0537782
8.79 0.0591055
8.8 0.0635834
8.81 0.0669569
8.82 0.0672499
8.83 0.0635243
8.84 0.057478
8.85 0.050771
8.86 0.0443915
8.87 0.0394601
8.88 0.0376056
8.89 0.0379767
8.9 0.0394348
8.91 0.0410512
8.92 0.0419073
8.93 0.0420233
8.94 0.0416209
8.95 0.0406738
8.96 0.0391251
8.97 0.0379057
8.98 0.0377842
8.99 0.0383745
9 0.0384324
9.01 0.0375358
9.02 0.0360811
9.03 0.0349645
9.04 0.0351411
9.05 0.0362047
9.06 0.0366533
9.07 0.0354357
9.08 0.033396
9.09 0.0323354
9.1 0.0331192
9.11 0.0349362
9.12 0.0359169
9.13 0.0355754
9.14 0.0345304
9.15 0.0329912
9.16 0.0311156
9.17 0.0289726
9.18 0.0265338
9.19 0.0236724
9.2 0.0203632
9.21 0.0165981
9.22 0.0123867
9.23 0.00774266
9.24 0.00267643
9.25 -0.00279257
9.26 -0.00883323
9.27 -0.0149463
9.28 -0.0199938
9.29 -0.023607
9.3 -0.0255859
9.31 -0.0262345
9.32 -0.0271929
9.33 -0.0288121
9.34 -0.0291691
9.35 -0.0267029
9.36 -0.02212
9.37 -0.0171078
9.38 -0.0129742
9.39 -0.0112048
9.4 -0.0127092
9.41 -0.0161478
9.42 -0.0185422
9.43 -0.0192261
9.44 -0.0192243
9.45 -0.0184205
9.46 -0.0161524
9.47 -0.0123582
9.48 -0.00914765
9.49 -0.00840028
9.5 -0.00932107
9.51 -0.0108997
9.52 -0.0129128
9.53 -0.0154331
9.54 -0.0186289
9.55 -0.0224574
9.56 -0.0256354
9.57 -0.0263747
9.58 -0.0245788
9.59 -0.0217021
9.6 -0.0188162
9.61 -0.0158646
9.62 -0.0126537
9.63 -0.00963478
9.64 -0.00776322
9.65 -0.00764514
9.66 -0.00970029
9.67 -0.0132322
9.68 -0.0163632
9.69 -0.0182933
9.7 -0.0187716
9.71 -0.0176725
9.72 -0.0152432
9.73 -0.0119062
9.74 -0.00918516
9.75 -0.00832361
9.76 -0.00964153
9.77 -0.0133045
9.78 -0.017652
9.79 -0.0201615
9.8 -0.0204521
9.81 -0.0191837
9.82 -0.0165456
9.83 -0.0128044
9.84 -0.00852297
9.85 -0.00394041
9.86 0.000862878
9.87 0.00606446
9.88 0.0116241
9.89 0.016836
9.9 0.0216058
9.91 0.0260058
9.92 0.0293395
9.93 0.0311657
9.94 0.0316982
9.95 0.0318072
9.96 0.032292
9.97 0.0334089
9.98 0.0347239
9.99 0.0347192
10 0.0323932
