0.01 1.55064e-07
0.02 8.93662e-07
0.03 2.59615e-06
0.04 5.34587e-06
0.05 9.08643e-06
0.06 1.37432e-05
0.07 1.92566e-05
0.08 2.56153e-05
0.09 3.28537e-05
0.1 4.10488e-05
0.11 5.02931e-05
0.12 6.0668e-05
0.13 7.2201e-05
0.14 8.48243e-05
0.15 9.8416e-05
0.16 0.000112841
0.17 0.000127949
0.18 0.000143569
0.19 0.000159553
0.2 0.000175814
0.21 0.000192358
0.22 0.000209304
0.23 0.000226828
0.24 0.000245099
0.25 0.00026425
0.26 0.00028434
0.27 0.000305328
0.28 0.000327042
0.29 0.000349262
0.3 0.000371806
0.31 0.000394483
0.32 0.000417059
0.33 0.00043929
0.34 0.000460959
0.35 0.000481848
0.36 0.000501707
0.37 0.000520351
0.38 0.000537766
0.39 0.000554075
0.4 0.000569506
0.41 0.000584335
0.42 0.000598824
0.43 0.00061316
0.44 0.000627394
0.45 0.000641339
0.46 0.000654462
0.47 0.000666105
0.48 0.000675706
0.49 0.000682736
0.5 0.000686635
0.51 0.000687223
0.52 0.000685094
0.53 0.000681093
0.54 0.000675782
0.55 0.000669505
0.56 0.00066245
0.57 0.000654779
0.58 0.000646765
0.59 0.000638733
0.6 0.000631002
0.61 0.000623898
0.62 0.000617761
0.63 0.000612832
0.64 0.000609133
0.65 0.000606428
0.66 0.000604188
0.67 0.00060194
0.68 0.000599616
0.69 0.000597278
0.7 0.000594834
0.71 0.000592165
0.72 0.000589243
0.73 0.000585958
0.74 0.000581955
0.75 0.000576763
0.76 0.00056993
0.77 0.000560975
0.78 0.000549344
0.79 0.000534499
0.8 0.000516014
0.81 0.000493618
0.82 0.000467229
0.83 0.000436782
0.84 0.000402051
0.85 0.000362687
0.86 0.000318245
0.87 0.000268371
0.88 0.000212977
0.89 0.00015225
0.9 8.66495e-05
0.91 1.67662e-05
0.92 -5.6833e-05
0.93 -0.000133551
0.94 -0.000212714
0.95 -0.000293669
0.96 -0.000375896
0.97 -0.000459115
0.98 -0.000543401
0.99 -0.000628962
1 -0.000715924
1.01 -0.000804425
1.02 -0.000894711
1.03 -0.00098707
1.04 -0.00108176
1.05 -0.00117899
1.06 -0.00127893
1.07 -0.0013815
1.08 -0.00148617
1.09 -0.00159221
1.1 -0.00169898
1.11 -0.00180568
1.12 -0.00191114
1.13 -0.00201426
1.14 -0.00211448
1.15 -0.00221106
1.16 -0.00230243
1.17 -0.0023863
1.18 -0.00245981
1.19 -0.00252024
1.2 -0.00256568
1.21 -0.00259526
1.22 -0.00260932
1.23 -0.00260875
1.24 -0.00259432
1.25 -0.0025669
1.26 -0.00252769
1.27 -0.00247803
1.28 -0.00241915
1.29 -0.00235228
1.3 -0.00227865
1.31 -0.00219952
1.32 -0.00211607
1.33 -0.00202951
1.34 -0.0019411
1.35 -0.00185215
1.36 -0.00176398
1.37 -0.00167807
1.38 -0.00159605
1.39 -0.00151954
1.4 -0.00145001
1.41 -0.00138889
1.42 -0.00133783
1.43 -0.00129805
1.44 -0.00126971
1.45 -0.0012522
1.46 -0.00124431
1.47 -0.00124466
1.48 -0.00125197
1.49 -0.0012653
1.5 -0.00128411
1.51 -0.00130822
1.52 -0.0013376
1.53 -0.00137214
1.54 -0.00141144
1.55 -0.00145509
1.56 -0.00150305
1.57 -0.00155552
1.58 -0.00161274
1.59 -0.00167512
1.6 -0.00174339
1.61 -0.00181702
1.62 -0.00189266
1.63 -0.00196439
1.64 -0.00202399
1.65 -0.00206368
1.66 -0.00207886
1.67 -0.00206745
1.68 -0.00202914
1.69 -0.00196443
1.7 -0.00187359
1.71 -0.00175715
1.72 -0.00161633
1.73 -0.00145262
1.74 -0.00126725
1.75 -0.00106124
1.76 -0.000835388
1.77 -0.000590426
1.78 -0.000327213
1.79 -4.66064e-05
1.8 0.000250633
1.81 0.000563467
1.82 0.000890197
1.83 0.00122866
1.84 0.00157641
1.85 0.00193087
1.86 0.00228953
1.87 0.00264984
1.88 0.00300912
1.89 0.00336463
1.9 0.00371353
1.91 0.00405291
1.92 0.00437975
1.93 0.00469109
1.94 0.00498413
1.95 0.00525613
1.96 0.00550433
1.97 0.00572608
1.98 0.00591897
1.99 0.00608065
2 0.00620877
2.01 0.00630107
2.02 0.00635564
2.03 0.0063707
2.04 0.00634433
2.05 0.00627483
2.06 0.00616094
2.07 0.00600172
2.08 0.0057964
2.09 0.00554454
2.1 0.00524622
2.11 0.00490177
2.12 0.00451151
2.13 0.00407686
2.14 0.00360143
2.15 0.00308989
2.16 0.00254673
2.17 0.00198023
2.18 0.0014064
2.19 0.000842068
2.2 0.000297968
2.21 -0.000220666
2.22 -0.000713543
2.23 -0.00118166
2.24 -0.00162366
2.25 -0.00203835
2.26 -0.00242718
2.27 -0.00279244
2.28 -0.00313543
2.29 -0.00345729
2.3 -0.00375985
2.31 -0.00404491
2.32 -0.00431362
2.33 -0.00456696
2.34 -0.00480633
2.35 -0.00503327
2.36 -0.00524922
2.37 -0.00545549
2.38 -0.00565325
2.39 -0.00584398
2.4 -0.00602986
2.41 -0.0062112
2.42 -0.00638388
2.43 -0.00653902
2.44 -0.00666267
2.45 -0.00674395
2.46 -0.00678303
2.47 -0.00678404
2.48 -0.00674802
2.49 -0.00667565
2.5 -0.00656999
2.51 -0.00643496
2.52 -0.0062738
2.53 -0.00608995
2.54 -0.00588783
2.55 -0.00567024
2.56 -0.00543559
2.57 -0.00517964
2.58 -0.00489721
2.59 -0.00458481
2.6 -0.00424322
2.61 -0.00387493
2.62 -0.00348152
2.63 -0.00306444
2.64 -0.00262589
2.65 -0.00216853
2.66 -0.00169514
2.67 -0.00120858
2.68 -0.000711701
2.69 -0.000207354
2.7 0.000301544
2.71 0.000812086
2.72 0.00132144
2.73 0.00182678
2.74 0.00232531
2.75 0.00281425
2.76 0.00329098
2.77 0.00375297
2.78 0.00419778
2.79 0.00462371
2.8 0.00503046
2.81 0.00541857
2.82 0.00578878
2.83 0.00614206
2.84 0.00647965
2.85 0.00680253
2.86 0.007111
2.87 0.00740461
2.88 0.00768208
2.89 0.00794189
2.9 0.0081829
2.91 0.00840396
2.92 0.00860363
2.93 0.00878042
2.94 0.00893296
2.95 0.00905997
2.96 0.00916003
2.97 0.00923181
2.98 0.00927421
2.99 0.00928625
3 0.009267
3.01 0.00921687
3.02 0.00913898
3.03 0.00903717
3.04 0.00891404
3.05 0.00877086
3.06 0.00860739
3.07 0.00842302
3.08 0.0082179
3.09 0.00799226
3.1 0.00774564
3.11 0.00747743
3.12 0.00718737
3.13 0.00687529
3.14 0.00654081
3.15 0.0061836
3.16 0.00580361
3.17 0.00540092
3.18 0.00497576
3.19 0.00453019
3.2 0.0040698
3.21 0.0036005
3.22 0.00312521
3.23 0.00264487
3.24 0.00215935
3.25 0.00166855
3.26 0.0011735
3.27 0.000674956
3.28 0.0001721
3.29 -0.000335937
3.3 -0.000848501
3.31 -0.00136503
3.32 -0.00188668
3.33 -0.00241079
3.34 -0.00292544
3.35 -0.00341748
3.36 -0.00388051
3.37 -0.00431283
3.38 -0.00471544
3.39 -0.00509007
3.4 -0.0054374
3.41 -0.00575816
3.42 -0.0060544
3.43 -0.00632879
3.44 -0.00658405
3.45 -0.00681991
3.46 -0.0070302
3.47 -0.00720755
3.48 -0.00734808
3.49 -0.00745076
3.5 -0.00751683
3.51 -0.00754801
3.52 -0.00754485
3.53 -0.0075079
3.54 -0.00743909
3.55 -0.00734075
3.56 -0.00721479
3.57 -0.00706314
3.58 -0.00688809
3.59 -0.00669186
3.6 -0.00647607
3.61 -0.00624124
3.62 -0.0059863
3.63 -0.00571058
3.64 -0.00541576
3.65 -0.00510421
3.66 -0.00477747
3.67 -0.0044369
3.68 -0.00408454
3.69 -0.00372264
3.7 -0.00335319
3.71 -0.00297828
3.72 -0.00260038
3.73 -0.00222206
3.74 -0.00184565
3.75 -0.00147325
3.76 -0.00110675
3.77 -0.000747295
3.78 -0.000394712
3.79 -4.83172e-05
3.8 0.000292257
3.81 0.000627185
3.82 0.000956567
3.83 0.0012798
3.84 0.00159496
3.85 0.00189971
3.86 0.00219229
3.87 0.00247092
3.88 0.00273334
3.89 0.0029772
3.9 0.00320048
3.91 0.00340122
3.92 0.00357723
3.93 0.0037264
3.94 0.003847
3.95 0.00393757
3.96 0.00399677
3.97 0.00402539
3.98 0.00402832
3.99 0.00401132
4 0.00397784
4.01 0.00392941
4.02 0.00386597
4.03 0.003787
4.04 0.00369248
4.05 0.00358319
4.06 0.00346093
4.07 0.00332764
4.08 0.00318469
4.09 0.00303259
4.1 0.00287096
4.11 0.0026992
4.12 0.00251736
4.13 0.00232547
4.14 0.00212303
4.15 0.00190946
4.16 0.00168459
4.17 0.00144826
4.18 0.00119992
4.19 0.000939016
4.2 0.000665413
4.21 0.000378988
4.22 7.92912e-05
4.23 -0.000234091
4.24 -0.000561169
4.25 -0.00090191
4.26 -0.00125659
4.27 -0.00162511
4.28 -0.00200626
4.29 -0.00239856
4.3 -0.00280105
4.31 -0.00321258
4.32 -0.00363114
4.33 -0.00405393
4.34 -0.00447737
4.35 -0.00489503
4.36 -0.00529564
4.37 -0.00566956
4.38 -0.00601525
4.39 -0.0063346
4.4 -0.00662834
4.41 -0.00689649
4.42 -0.007139
4.43 -0.00735464
4.44 -0.00754008
4.45 -0.00769129
4.46 -0.00780508
4.47 -0.00787837
4.48 -0.00790759
4.49 -0.00789052
4.5 -0.00782822
4.51 -0.00772314
4.52 -0.00757722
4.53 -0.00739264
4.54 -0.0071725
4.55 -0.00692019
4.56 -0.0066388
4.57 -0.00633159
4.58 -0.00600261
4.59 -0.00565609
4.6 -0.0052959
4.61 -0.00492595
4.62 -0.00455063
4.63 -0.00417438
4.64 -0.00380118
4.65 -0.00343482
4.66 -0.00307901
4.67 -0.0027344
4.68 -0.00239555
4.69 -0.00205624
4.7 -0.00171478
4.71 -0.00137245
4.72 -0.00103195
4.73 -0.000696324
4.74 -0.000367823
4.75 -4.87712e-05
4.76 0.000257609
4.77 0.000547809
4.78 0.000818652
4.79 0.00106718
4.8 0.00129055
4.81 0.00148581
4.82 0.00164964
4.83 0.0017804
4.84 0.00188006
4.85 0.00195536
4.86 0.00201895
4.87 0.002082
4.88 0.00214686
4.89 0.00221208
4.9 0.00227742
4.91 0.00234288
4.92 0.00240778
4.93 0.00247075
4.94 0.0025298
4.95 0.00258418
4.96 0.00263624
4.97 0.00269001
4.98 0.00274966
4.99 0.00281775
5 0.00289332
5.01 0.00297442
5.02 0.00306051
5.03 0.00315117
5.04 0.00324483
5.05 0.00333956
5.06 0.0034339
5.07 0.00352647
5.08 0.00361553
5.09 0.00369929
5.1 0.00377617
5.11 0.0038451
5.12 0.00390579
5.13 0.00395912
5.14 0.00400762
5.15 0.00405375
5.16 0.00409835
5.17 0.00414134
5.18 0.00418252
5.19 0.00422164
5.2 0.00425858
5.21 0.00429273
5.22 0.00432241
5.23 0.00434576
5.24 0.00436162
5.25 0.00436861
5.26 0.00436429
5.27 0.00434757
5.28 0.00432116
5.29 0.00428962
5.3 0.00425738
5.31 0.00422678
5.32 0.00419609
5.33 0.00416265
5.34 0.00412604
5.35 0.00408611
5.36 0.00404103
5.37 0.00398854
5.38 0.00392721
5.39 0.00385577
5.4 0.00377244
5.41 0.00367538
5.42 0.00356312
5.43 0.0034346
5.44 0.00328901
5.45 0.00312657
5.46 0.00294914
5.47 0.00275926
5.48 0.00255917
5.49 0.00235091
5.5 0.00213638
5.51 0.00191679
5.52 0.00169194
5.53 0.00146118
5.54 0.00122429
5.55 0.000981072
5.56 0.000730848
5.57 0.000472863
5.58 0.000206624
5.59 -6.83028e-05
5.6 -0.000352516
5.61 -0.000646601
5.62 -0.000950959
5.63 -0.00126587
5.64 -0.00159156
5.65 -0.00192716
5.66 -0.00226965
5.67 -0.00261492
5.68 -0.0029587
5.69 -0.00329692
5.7 -0.00362613
5.71 -0.00394385
5.72 -0.00424907
5.73 -0.00454147
5.74 -0.00482065
5.75 -0.0050863
5.76 -0.00533832
5.77 -0.00557628
5.78 -0.0057988
5.79 -0.00600402
5.8 -0.00619002
5.81 -0.00635515
5.82 -0.00649845
5.83 -0.00661951
5.84 -0.00671834
5.85 -0.00679497
5.86 -0.00684908
5.87 -0.00688031
5.88 -0.0068886
5.89 -0.00687425
5.9 -0.00683788
5.91 -0.00678029
5.92 -0.00670236
5.93 -0.00660515
5.94 -0.00649011
5.95 -0.0063589
5.96 -0.00621326
5.97 -0.00605495
5.98 -0.00588564
5.99 -0.00570636
6 -0.00551678
6.01 -0.005316
6.02 -0.00510322
6.03 -0.00487757
6.04 -0.00463802
6.05 -0.00438432
6.06 -0.00411801
6.07 -0.00384142
6.08 -0.00355675
6.09 -0.00326602
6.1 -0.00297099
6.11 -0.00267272
6.12 -0.00237101
6.13 -0.00206557
6.14 -0.00175728
6.15 -0.00144762
6.16 -0.00113821
6.17 -0.000830722
6.18 -0.000526803
6.19 -0.000228139
6.2 6.35137e-05
6.21 0.000346437
6.22 0.000619055
6.23 0.000880507
6.24 0.00113121
6.25 0.00137202
6.26 0.00160343
6.27 0.00182561
6.28 0.0020385
6.29 0.00224168
6.3 0.00243429
6.31 0.00261533
6.32 0.00278393
6.33 0.00293951
6.34 0.00308181
6.35 0.00321086
6.36 0.00332699
6.37 0.00343042
6.38 0.00352094
6.39 0.00359821
6.4 0.003662
6.41 0.00371215
6.42 0.00374846
6.43 0.00377071
6.44 0.00377877
6.45 0.00377279
6.46 0.00375343
6.47 0.00372177
6.48 0.00367917
6.49 0.00362702
6.5 0.00356636
6.51 0.00349773
6.52 0.00342093
6.53 0.00333562
6.54 0.00324193
6.55 0.00314013
6.56 0.0030304
6.57 0.00291291
6.58 0.00278782
6.59 0.00265531
6.6 0.00251537
6.61 0.00236781
6.62 0.00221218
6.63 0.00204859
6.64 0.00187853
6.65 0.00170375
6.66 0.00152519
6.67 0.00134331
6.68 0.00115848
6.69 0.000971207
6.7 0.000782312
6.71 0.000592702
6.72 0.000403115
6.73 0.000214175
6.74 2.64595e-05
6.75 -0.000159589
6.76 -0.000343752
6.77 -0.000525898
6.78 -0.000705848
6.79 -0.000883512
6.8 -0.00105903
6.81 -0.00123261
6.82 -0.00140435
6.83 -0.00157461
6.84 -0.00174433
6.85 -0.00191438
6.86 -0.00208495
6.87 -0.002255
6.88 -0.00242184
6.89 -0.00258209
6.9 -0.00273284
6.91 -0.00287211
6.92 -0.00299949
6.93 -0.00311527
6.94 -0.00321965
6.95 -0.00331293
6.96 -0.00339576
6.97 -0.00346859
6.98 -0.00353109
6.99 -0.00358237
7 -0.00362121
7.01 -0.00364624
7.02 -0.00365619
7.03 -0.00365024
7.04 -0.00362836
7.05 -0.00359114
7.06 -0.00353966
7.07 -0.00347521
7.08 -0.00339902
7.09 -0.00331234
7.1 -0.00321651
7.11 -0.00311289
7.12 -0.00300272
7.13 -0.00288717
7.14 -0.00276724
7.15 -0.00264334
7.16 -0.00251491
7.17 -0.00238091
7.18 -0.00224035
7.19 -0.0020926
7.2 -0.00193764
7.21 -0.001776
7.22 -0.00160865
7.23 -0.00143647
7.24 -0.00125973
7.25 -0.00107864
7.26 -0.000893919
7.27 -0.000706549
7.28 -0.000517558
7.29 -0.000328023
7.3 -0.000139084
7.31 4.81294e-05
7.32 0.000232563
7.33 0.000413148
7.34 0.000588702
7.35 0.000758213
7.36 0.000921113
7.37 0.00107723
7.38 0.0012267
7.39 0.00136977
7.4 0.00150653
7.41 0.00163664
7.42 0.00175902
7.43 0.00187225
7.44 0.00197483
7.45 0.00206553
7.46 0.0021436
7.47 0.00220903
7.48 0.00226277
7.49 0.00230597
7.5 0.00233933
7.51 0.00236332
7.52 0.00237851
7.53 0.00238533
7.54 0.00238397
7.55 0.0023744
7.56 0.00235642
7.57 0.00232983
7.58 0.00229452
7.59 0.00225031
7.6 0.00219674
7.61 0.00213326
7.62 0.00205952
7.63 0.00197518
7.64 0.00187984
7.65 0.00177324
7.66 0.00165554
7.67 0.00152725
7.68 0.00138928
7.69 0.00124259
7.7 0.00108795
7.71 0.000925813
7.72 0.000756155
7.73 0.000578701
7.74 0.000393109
7.75 0.000199766
7.76 5.77144e-07
7.77 -0.000202349
7.78 -0.00040801
7.79 -0.000615499
7.8 -0.000822993
7.81 -0.00102824
7.82 -0.00122901
7.83 -0.00142348
7.84 -0.00161047
7.85 -0.00178903
7.86 -0.00195796
7.87 -0.00211616
7.88 -0.00226291
7.89 -0.0023977
7.9 -0.00251991
7.91 -0.00262904
7.92 -0.00272486
7.93 -0.00280724
7.94 -0.00287594
7.95 -0.00293124
7.96 -0.00297451
7.97 -0.00300753
7.98 -0.00303164
7.99 -0.00304724
8 -0.00305316
8.01 -0.00304762
8.02 -0.00302912
8.03 -0.00299668
8.04 -0.00294997
8.05 -0.00288929
8.06 -0.00281551
8.07 -0.00272952
8.08 -0.00263172
8.09 -0.00252245
8.1 -0.00240244
8.11 -0.00227251
8.12 -0.0021332
8.13 -0.00198506
8.14 -0.0018288
8.15 -0.00166516
8.16 -0.00149478
8.17 -0.00131823
8.18 -0.0011361
8.19 -0.000948908
8.2 -0.000756986
8.21 -0.000560739
8.22 -0.000360869
8.23 -0.0001583
8.24 4.58971e-05
8.25 0.000250519
8.26 0.000454247
8.27 0.000655678
8.28 0.000853357
8.29 0.00104578
8.3 0.00123139
8.31 0.00140884
8.32 0.00157722
8.33 0.00173587
8.34 0.0018841
8.35 0.00202132
8.36 0.00214714
8.37 0.00226126
8.38 0.00236335
8.39 0.00245316
8.4 0.00253072
8.41 0.00259612
8.42 0.00264924
8.43 0.00269017
8.44 0.00271957
8.45 0.00273803
8.46 0.00274543
8.47 0.00274153
8.48 0.00272659
8.49 0.00270072
8.5 0.00266323
8.51 0.00261496
8.52 0.00256057
8.53 0.00250566
8.54 0.00245387
8.55 0.00240725
8.56 0.00236653
8.57 0.00233181
8.58 0.00230323
8.59 0.00228071
8.6 0.00226371
8.61 0.0022515
8.62 0.00224332
8.63 0.00223837
8.64 0.00223566
8.65 0.00223419
8.66 0.00223302
8.67 0.00223122
8.68 0.00222781
8.69 0.00222178
8.7 0.00221222
8.71 0.00219821
8.72 0.00217884
8.73 0.0021535
8.74 0.00212216
8.75 0.0020852
8.76 0.00204317
8.77 0.00199652
8.78 0.00194542
8.79 0.00188965
8.8 0.00182847
8.81 0.00176113
8.82 0.00168729
8.83 0.00160707
8.84 0.00152109
8.85 0.00142983
8.86 0.00133293
8.87 0.00122951
8.88 0.00111846
8.89 0.000998602
8.9 0.000868866
8.91 0.000728211
8.92 0.00057551
8.93 0.000409407
8.94 0.000228169
8.95 3.12943e-05
8.96 -0.000178896
8.97 -0.000396601
8.98 -0.000611902
8.99 -0.00081661
9 -0.00101009
9.01 -0.00119445
9.02 -0.00136975
9.03 -0.00153544
9.04 -0.0016917
9.05 -0.00183795
9.06 -0.00197126
9.07 -0.00208888
9.08 -0.00219074
9.09 -0.00227783
9.1 -0.00235055
9.11 -0.00240886
9.12 -0.00245245
9.13 -0.00248113
9.14 -0.00249525
9.15 -0.00249594
9.16 -0.00248545
9.17 -0.00246638
9.18 -0.00244106
9.19 -0.00241205
9.2 -0.00238263
9.21 -0.00235631
9.22 -0.00233635
9.23 -0.00232418
9.24 -0.00231784
9.25 -0.00231388
9.26 -0.00230936
9.27 -0.00230258
9.28 -0.0022939
9.29 -0.00228367
9.3 -0.00227023
9.31 -0.00225132
9.32 -0.0022255
9.33 -0.00219149
9.34 -0.00214754
9.35 -0.00209182
9.36 -0.00202286
9.37 -0.00193938
9.38 -0.00184009
9.39 -0.00172416
9.4 -0.00159162
9.41 -0.00144342
9.42 -0.00128143
9.43 -0.00110812
9.44 -0.000926206
9.45 -0.000738466
9.46 -0.000547613
9.47 -0.000356459
9.48 -0.000168104
9.49 1.407e-05
9.5 0.000186414
9.51 0.000345435
9.52 0.000488217
9.53 0.000615107
9.54 0.000732374
9.55 0.000846455
9.56 0.000958219
9.57 0.00106626
9.58 0.00117021
9.59 0.00126999
9.6 0.00136511
9.61 0.00145484
9.62 0.00153833
9.63 0.00161436
9.64 0.00168107
9.65 0.00173647
9.66 0.00177893
9.67 0.00180866
9.68 0.00182912
9.69 0.00184459
9.7 0.00185779
9.71 0.00186965
9.72 0.00187902
9.73 0.00188428
9.74 0.00188495
9.75 0.00188088
9.76 0.00187156
9.77 0.00185637
9.78 0.00183481
9.79 0.00180621
9.8 0.00176939
9.81 0.00172311
9.82 0.00166647
9.83 0.00159876
9.84 0.00151931
9.85 0.00142766
9.86 0.00132375
9.87 0.00120805
9.88 0.00108173
9.89 0.000946405
9.9 0.000803925
9.91 0.000656239
9.92 0.00050529
9.93 0.000352607
9.94 0.000198897
9.95 4.5109e-05
9.96 -0.000106512
9.97 -0.000253629
9.98 -0.000395007
9.99 -0.000530508
10 -0.000661072
