0.01 -133.824
0.02 -747.871
0.03 -2071.45
0.04 -3983.65
0.05 -6185.25
0.06 -8349.43
0.07 -10190.4
0.08 -11522.6
0.09 -12273.8
0.1 -12483.9
0.11 -12269.8
0.12 -11784.1
0.13 -11158.3
0.14 -10452.6
0.15 -9689.18
0.16 -8886.34
0.17 -8053.93
0.18 -7189.23
0.19 -6313.2
0.2 -5501.63
0.21 -4895.71
0.22 -4704.31
0.23 -5123.58
0.24 -6263.31
0.25 -8111.14
0.26 -10513.5
0.27 -13177.4
0.28 -15688.7
0.29 -17638.6
0.3 -18741.1
0.31 -18823.7
0.32 -17804.9
0.33 -15728.5
0.34 -12781.2
0.35 -9234.78
0.36 -5382.99
0.37 -1590.9
0.38 1666.72
0.39 3893.33
0.4 4655.35
0.41 3680.28
0.42 929.738
0.43 -3359.81
0.44 -8670.97
0.45 -14193.2
0.46 -18845.7
0.47 -21607.6
0.48 -21820.5
0.49 -19187.6
0.5 -13731.3
0.51 -6116.74
0.52 2121.62
0.53 9267.68
0.54 14088.3
0.55 15893.3
0.56 14528.4
0.57 10242.2
0.58 3514.32
0.59 -4966.18
0.6 -14345.6
0.61 -23727.3
0.62 -32290.3
0.63 -39279.1
0.64 -43987.6
0.65 -45803.9
0.66 -44241.8
0.67 -39290.2
0.68 -31684.2
0.69 -22531
0.7 -12917.4
0.71 -3887.09
0.72 3575.72
0.73 8803.17
0.74 11647.4
0.75 12350.7
0.76 11379.5
0.77 9395.93
0.78 7210.26
0.79 5596.94
0.8 5127.56
0.81 6083.14
0.82 8406.23
0.83 11880.9
0.84 16319.9
0.85 21556.9
0.86 27437.5
0.87 33681.8
0.88 39770.5
0.89 45016.9
0.9 48653.7
0.91 50054.2
0.92 48922.6
0.93 45261.9
0.94 39309.4
0.95 31581.4
0.96 22882.4
0.97 14288.5
0.98 7100.91
0.99 2491.14
1 1184.99
1.01 3490.01
1.02 9370.06
1.03 18412.7
1.04 29842.6
1.05 42628.3
1.06 55611.7
1.07 67479.6
1.08 76755.1
1.09 82200.7
1.1 83166.2
1.11 79437.6
1.12 71043.3
1.13 58613.8
1.14 43647.1
1.15 27689.3
1.16 11562.2
1.17 -4579.59
1.18 -21119
1.19 -38295.8
1.2 -55588.8
1.21 -71660.8
1.22 -84404.2
1.23 -91809.1
1.24 -92763.1
1.25 -86925.9
1.26 -74521.7
1.27 -56448.8
1.28 -34304.7
1.29 -10104.2
1.3 14033
1.31 36113.7
1.32 54473.3
1.33 67988.5
1.34 76213
1.35 79389
1.36 78377.2
1.37 74575.4
1.38 69779
1.39 65798.6
1.4 64099.5
1.41 65812.6
1.42 71782.5
1.43 81966.4
1.44 94975.7
1.45 108524
1.46 119949
1.47 126851
1.48 127659
1.49 121888
1.5 110251
1.51 94387.8
1.52 76493.1
1.53 58808.5
1.54 43139.9
1.55 30970.6
1.56 23605
1.57 21897
1.58 26049.1
1.59 35735.3
1.6 50277.6
1.61 67405.8
1.62 82283.7
1.63 88432
1.64 78782.2
1.65 48893.8
1.66 -345.514
1.67 -63771.4
1.68 -133426
1.69 -200538
1.7 -257466
1.71 -298116
1.72 -318145
1.73 -315761
1.74 -292175
1.75 -251251
1.76 -198870
1.77 -141970
1.78 -87522.8
1.79 -41802.8
1.8 -9787.52
1.81 5669.85
1.82 4364.96
1.83 -11559.7
1.84 -38171.6
1.85 -70456.3
1.86 -103106
1.87 -131084
1.88 -150123
1.89 -157178
1.9 -150702
1.91 -130721
1.92 -98706.1
1.93 -57416.3
1.94 -10591.7
1.95 37637.5
1.96 83351
1.97 123175
1.98 154536
1.99 176031
2 187649
2.01 190515
2.02 186530
2.03 178286
2.04 168899
2.05 161372
2.06 158013
2.07 160336
2.08 169070
2.09 183974
2.1 203768
2.11 226587
2.12 250466
2.13 272607
2.14 288801
2.15 295018
2.16 288875
2.17 266390
2.18 219123
2.19 141348
2.2 36435.4
2.21 -84627.6
2.22 -205511
2.23 -309938
2.24 -386720
2.25 -428587
2.26 -430632
2.27 -392291
2.28 -318690
2.29 -218952
2.3 -104156
2.31 13514.9
2.32 121687
2.33 209728
2.34 270345
2.35 300011
2.36 298922
2.37 270720
2.38 221836
2.39 160929
2.4 98104.1
2.41 41411.8
2.42 -6186.86
2.43 -47128.9
2.44 -88907.3
2.45 -135947
2.46 -182365
2.47 -219418
2.48 -242787
2.49 -250432
2.5 -240310
2.51 -211918
2.52 -167558
2.53 -111144
2.54 -46899.4
2.55 18841
2.56 76201.4
2.57 114596
2.58 125462
2.59 105380
2.6 58396.2
2.61 -7181.34
2.62 -82264
2.63 -157385
2.64 -223120
2.65 -271425
2.66 -296731
2.67 -296498
2.68 -271385
2.69 -224917
2.7 -162847
2.71 -92380
2.72 -21281.8
2.73 43117.5
2.74 94800.5
2.75 129627
2.76 145645
2.77 143204
2.78 124804
2.79 94087.3
2.8 54772.1
2.81 10713.9
2.82 -34048.1
2.83 -75789
2.84 -111527
2.85 -138928
2.86 -156147
2.87 -161945
2.88 -155738
2.89 -138131
2.9 -111283
2.91 -78259.1
2.92 -42323.3
2.93 -6748.54
2.94 25362.1
2.95 51543.1
2.96 70330.1
2.97 81228.6
2.98 84571.6
2.99 81510.5
3 73910.2
3.01 62943
3.02 47854.4
3.03 27841.6
3.04 3816.37
3.05 -21691
3.06 -44809.7
3.07 -61842.5
3.08 -70661.1
3.09 -70235.2
3.1 -60064.2
3.11 -40633.5
3.12 -13725.6
3.13 18101.8
3.14 52094.8
3.15 85454
3.16 115480
3.17 139943
3.18 157372
3.19 165690
3.2 161015
3.21 141008
3.22 107828
3.23 66769.6
3.24 24626.4
3.25 -12140.5
3.26 -39075.8
3.27 -52956.5
3.28 -50925.4
3.29 -32145.6
3.3 887.551
3.31 44238.7
3.32 94469.6
3.33 144269
3.34 178820
3.35 184881
3.36 159090
3.37 105967
3.38 35120.6
3.39 -41815.4
3.4 -114288
3.41 -172951
3.42 -209649
3.43 -218822
3.44 -198526
3.45 -152982
3.46 -94239.8
3.47 -36232.1
3.48 11007.7
3.49 41733.1
3.5 54346
3.51 49832.8
3.52 29999.8
3.53 -1696.02
3.54 -39564.7
3.55 -77243
3.56 -109232
3.57 -131114
3.58 -139632
3.59 -133431
3.6 -113522
3.61 -83434.9
3.62 -49055.8
3.63 -16104.6
3.64 12207.8
3.65 34009.2
3.66 47514.2
3.67 51890.2
3.68 47955.2
3.69 37598.7
3.7 23114.4
3.71 7189.03
3.72 -7154.77
3.73 -17206.8
3.74 -21139.2
3.75 -18136.6
3.76 -8399.04
3.77 6467.85
3.78 23252.9
3.79 38319.2
3.8 48757
3.81 52577
3.82 48783.4
3.83 37967.5
3.84 22677.1
3.85 6198.39
3.86 -8669.73
3.87 -19460.4
3.88 -23854.9
3.89 -20297.5
3.9 -8481.04
3.91 10945.4
3.92 36761.2
3.93 67091
3.94 99403.2
3.95 130963
3.96 159280
3.97 180662
3.98 189003
3.99 179406
4 151423
4.01 108485
4.02 56915.9
4.03 4101.56
4.04 -43334.9
4.05 -80464.8
4.06 -104723
4.07 -115357
4.08 -112692
4.09 -97889.8
4.1 -72618.6
4.11 -39491.5
4.12 -2368.89
4.13 34676
4.14 68348.4
4.15 96053.6
4.16 115741
4.17 126452
4.18 128705
4.19 124002
4.2 114259
4.21 101862
4.22 89677.4
4.23 80366.8
4.24 75775.6
4.25 77077.3
4.26 84986.8
4.27 99103.2
4.28 117427
4.29 137376
4.3 156807
4.31 173647
4.32 185534
4.33 190139
4.34 185455
4.35 168225
4.36 132615
4.37 76622.5
4.38 7623.1
4.39 -63095.1
4.4 -125896
4.41 -173349
4.42 -200489
4.43 -206109
4.44 -193535
4.45 -168674
4.46 -137900
4.47 -107850
4.48 -85217.2
4.49 -74327.2
4.5 -75152.5
4.51 -85210.9
4.52 -101629
4.53 -120876
4.54 -138597
4.55 -150714
4.56 -154418
4.57 -147942
4.58 -130221
4.59 -101444
4.6 -63424.5
4.61 -18907.2
4.62 29181.8
4.63 77716.6
4.64 123376
4.65 163213
4.66 195146
4.67 215539
4.68 217125
4.69 194641
4.7 149857
4.71 89595.3
4.72 23282.6
4.73 -39259
4.74 -89928.5
4.75 -122450
4.76 -132260
4.77 -117444
4.78 -79310.7
4.79 -21928.4
4.8 48633.7
4.81 125349
4.82 201323
4.83 268881
4.84 318802
4.85 340495
4.86 322310
4.87 259284
4.88 159592
4.89 38434.2
4.9 -88503.7
4.91 -206097
4.92 -300696
4.93 -361650
4.94 -382375
4.95 -362480
4.96 -309023
4.97 -233955
4.98 -151147
4.99 -73082
5 -7913.06
5.01 39111.8
5.02 63979.7
5.03 65409.7
5.04 45933
5.05 10657.5
5.06 -34188
5.07 -81707.8
5.08 -124841
5.09 -157431
5.1 -175116
5.11 -175969
5.12 -160809
5.13 -133282
5.14 -99608
5.15 -66295.5
5.16 -37970
5.17 -17598.2
5.18 -6891.93
5.19 -6299.3
5.2 -15143.9
5.21 -31269.5
5.22 -50880.4
5.23 -69843.6
5.24 -84945.5
5.25 -93439
5.26 -92565.7
5.27 -81981.7
5.28 -65744
5.29 -49882
5.3 -39896.9
5.31 -38446.8
5.32 -43514.9
5.33 -51659.2
5.34 -61216.9
5.35 -70693.9
5.36 -77239.8
5.37 -78147
5.38 -72237.1
5.39 -59314.3
5.4 -39539.7
5.41 -13777.6
5.42 16163.1
5.43 47841.2
5.44 78549.6
5.45 105067
5.46 123484
5.47 130545
5.48 124816
5.49 106652
5.5 77945.6
5.51 42349.1
5.52 5277.44
5.53 -27619.6
5.54 -51912.4
5.55 -64442.8
5.56 -63223.6
5.57 -47904.2
5.58 -20014.6
5.59 17522.7
5.6 61011.2
5.61 106315
5.62 149225
5.63 186006
5.64 213863
5.65 230305
5.66 232517
5.67 218555
5.68 188361
5.69 143940
5.7 89276.1
5.71 30114.5
5.72 -26448.2
5.73 -73538.4
5.74 -105949
5.75 -120516
5.76 -116226
5.77 -94689.3
5.78 -60270.6
5.79 -19042.6
5.8 22393.4
5.81 58035.2
5.82 83464.7
5.83 96155.6
5.84 95541.1
5.85 82612.2
5.86 59361
5.87 28775.9
5.88 -5278.41
5.89 -38555.6
5.9 -66935.5
5.91 -87021
5.92 -96613
5.93 -94745.6
5.94 -81575.5
5.95 -58413
5.96 -27616.9
5.97 7696.86
5.98 44016.5
5.99 77331.3
6 103093
6.01 117389
6.02 117963
6.03 104243
6.04 77164.4
6.05 39813.9
6.06 -2225.24
6.07 -42510.1
6.08 -75368.8
6.09 -96542.8
6.1 -103621
6.11 -96642.4
6.12 -78370.6
6.13 -52772.2
6.14 -23451.8
6.15 6321.49
6.16 33550.2
6.17 55785.5
6.18 71321.8
6.19 79391.8
6.2 80239.5
6.21 74937.4
6.22 65120.1
6.23 52270.2
6.24 37068.9
6.25 20078.2
6.26 2392.83
6.27 -14582.2
6.28 -29374.7
6.29 -40529.3
6.3 -46682.8
6.31 -46981.2
6.32 -41409.6
6.33 -30812.7
6.34 -16814.2
6.35 -1550.04
6.36 12639.2
6.37 23800.7
6.38 30877.5
6.39 33523.6
6.4 31848.3
6.41 26453.7
6.42 18412.3
6.43 9066.21
6.44 -192.679
6.45 -8287.05
6.46 -14758.3
6.47 -19691.2
6.48 -23579.6
6.49 -26980.9
6.5 -30186.3
6.51 -33024.2
6.52 -34732.6
6.53 -34593.9
6.54 -32524
6.55 -28799.6
6.56 -23760.9
6.57 -17836.1
6.58 -11553.1
6.59 -5390.41
6.6 356.904
6.61 5651.31
6.62 10752
6.63 15461.1
6.64 18472.3
6.65 18539
6.66 15559.8
6.67 10199.7
6.68 3446.85
6.69 -3709.77
6.7 -10581.2
6.71 -16624.7
6.72 -21282.6
6.73 -24103.6
6.74 -24843.2
6.75 -23404.4
6.76 -19764.8
6.77 -14091.8
6.78 -6828.09
6.79 1497.83
6.8 10458.3
6.81 19628.8
6.82 28495.6
6.83 36820
6.84 44947.2
6.85 53172.3
6.86 61154.2
6.87 67566.1
6.88 69883.2
6.89 65652.6
6.9 53671.5
6.91 34526.8
6.92 10891
6.93 -13631.8
6.94 -35693.2
6.95 -52382.7
6.96 -61346.1
6.97 -61498
6.98 -53538.6
6.99 -39584.6
7 -22658.5
7.01 -6084.23
7.02 7113.63
7.03 14837.6
7.04 16396.7
7.05 12370.4
7.06 4333.49
7.07 -5625.77
7.08 -15415.6
7.09 -23110.9
7.1 -27093.5
7.11 -26297.8
7.12 -20376.1
7.13 -9716.2
7.14 4629.2
7.15 20743.5
7.16 35761.5
7.17 46713.2
7.18 51326.3
7.19 48493.9
7.2 38576.6
7.21 23184.1
7.22 4826.29
7.23 -13891.3
7.24 -31030.1
7.25 -45020.5
7.26 -54339.9
7.27 -57885.2
7.28 -55271.6
7.29 -46817.2
7.3 -33445.5
7.31 -16596.2
7.32 1918.7
7.33 20236.6
7.34 36751.1
7.35 50044.7
7.36 58805.1
7.37 62022.7
7.38 59141.1
7.39 50295
7.4 36453
7.41 19501.1
7.42 2213.43
7.43 -12423.9
7.44 -21869.7
7.45 -24521.1
7.46 -20064.4
7.47 -9626.03
7.48 4256.02
7.49 18634.9
7.5 31140.5
7.51 39981
7.52 43877.2
7.53 42320.8
7.54 35727
7.55 25277.9
7.56 12687.8
7.57 -146.038
7.58 -11491.8
7.59 -19806.4
7.6 -23736.7
7.61 -22450.9
7.62 -15889.2
7.63 -4618.27
7.64 10377.8
7.65 27637
7.66 45218
7.67 60969.1
7.68 72802.7
7.69 79178.2
7.7 79488.8
7.71 74180.5
7.72 64739.9
7.73 53285.9
7.74 42114.1
7.75 32732.3
7.76 25050.8
7.77 18621.2
7.78 13836.6
7.79 10957.8
7.8 9217.8
7.81 7384.89
7.82 4342.33
7.83 -518.469
7.84 -6990.04
7.85 -14529.8
7.86 -22749.2
7.87 -31164.7
7.88 -38976.6
7.89 -45400.5
7.9 -49974.8
7.91 -52434.1
7.92 -52566.8
7.93 -50411.2
7.94 -46408.8
7.95 -40790.3
7.96 -33025.9
7.97 -22585.8
7.98 -9652.28
7.99 4449.77
8 16982.4
8.01 24999.9
8.02 26500.5
8.03 20756.1
8.04 8473.42
8.05 -8426.31
8.06 -27154.9
8.07 -44897.1
8.08 -59599
8.09 -69774
8.1 -74254.2
8.11 -72575.7
8.12 -65255.4
8.13 -53486.9
8.14 -38777
8.15 -22869.8
8.16 -7647.84
8.17 5148.61
8.18 14167.4
8.19 18502.9
8.2 17698.1
8.21 11970.9
8.22 2346.58
8.23 -9576.31
8.24 -21911.4
8.25 -32733.9
8.26 -40318
8.27 -43348.8
8.28 -41072.6
8.29 -33345.2
8.3 -20605.4
8.31 -3999.41
8.32 14587.3
8.33 32999.9
8.34 49285.8
8.35 61817.8
8.36 69370.9
8.37 71348.4
8.38 67918.8
8.39 59813.1
8.4 48068.7
8.41 34081.9
8.42 19616.1
8.43 6241.88
8.44 -5162.77
8.45 -13915.2
8.46 -19040.4
8.47 -19924.5
8.48 -16885
8.49 -10517.2
8.5 -1051.83
8.51 9652.84
8.52 16439.2
8.53 14134.9
8.54 626.149
8.55 -23376.5
8.56 -54886.3
8.57 -89707.4
8.58 -123573
8.59 -152443
8.6 -172748
8.61 -181980
8.62 -179111
8.63 -164538
8.64 -139868
8.65 -107754
8.66 -71618.9
8.67 -35138.5
8.68 -1725.7
8.69 25796.2
8.7 45430.3
8.71 56222.5
8.72 58341.2
8.73 52720.4
8.74 40636.3
8.75 23720.7
8.76 3933.2
8.77 -16486.1
8.78 -35092.3
8.79 -49457.4
8.8 -57375.3
8.81 -57490.1
8.82 -49784.9
8.83 -35536.9
8.84 -17124.6
8.85 2890.5
8.86 22643.2
8.87 40893.3
8.88 56885
8.89 70253.8
8.9 80893.4
8.91 89039.9
8.92 95311.2
8.93 100740
8.94 106756
8.95 113617
8.96 119072
8.97 118207
8.98 103617
8.99 71432.5
9 26554.1
9.01 -22614.4
9.02 -69497.8
9.03 -108792
9.04 -135792
9.05 -148248
9.06 -147801
9.07 -137392
9.08 -118680
9.09 -93329.5
9.1 -64209.3
9.11 -34856.7
9.12 -8895.64
9.13 10747.2
9.14 22493.4
9.15 26447
9.16 24509.6
9.17 19462.8
9.18 14007.9
9.19 10901.3
9.2 13075
9.21 22866.7
9.22 41369
9.23 67032.5
9.24 94668.6
9.25 117946
9.26 131859
9.27 133899
9.28 124862
9.29 106790
9.3 80908.4
9.31 48743.3
9.32 13131.6
9.33 -22750.4
9.34 -56335.5
9.35 -85580.4
9.36 -108823
9.37 -125100
9.38 -134360
9.39 -137039
9.4 -133607
9.41 -124481
9.42 -109958
9.43 -90469.9
9.44 -66809.6
9.45 -40151.6
9.46 -12023.1
9.47 16065.8
9.48 42966.9
9.49 68005.4
9.5 91029.6
9.51 112039
9.52 130818
9.53 144669
9.54 146576
9.55 131242
9.56 100519
9.57 59902.8
9.58 14825.9
9.59 -29362.2
9.6 -67399.4
9.61 -94848.4
9.62 -108689
9.63 -107345
9.64 -90535.8
9.65 -59660.5
9.66 -17957.9
9.67 28748.7
9.68 71656.1
9.69 102270
9.7 115442
9.71 109961
9.72 88644.8
9.73 56395.2
9.74 18137.7
9.75 -21120.4
9.76 -56245.1
9.77 -82801.2
9.78 -97743
9.79 -99404.8
9.8 -87330.8
9.81 -62610.1
9.82 -28010.4
9.83 12591.6
9.84 54871.3
9.85 94439.1
9.86 127205
9.87 149708
9.88 159349
9.89 154832
9.9 136430
9.91 105943
9.92 66482.1
9.93 22367.1
9.94 -21112.6
9.95 -59293.4
9.96 -89555.8
9.97 -110471
9.98 -120865
9.99 -119945
10 -107382
