0.01 -282.676
0.02 -1282.02
0.03 -3009.51
0.04 -5172.54
0.05 -7445.19
0.06 -9496.7
0.07 -11090.8
0.08 -12104
0.09 -12528
0.1 -12463.4
0.11 -12052.2
0.12 -11461.4
0.13 -10784.8
0.14 -10041.2
0.15 -9251.38
0.16 -8431.14
0.17 -7583.24
0.18 -6698.1
0.19 -5829.92
0.2 -5082.2
0.21 -4641.17
0.22 -4745.95
0.23 -5548.3
0.24 -7106.31
0.25 -9323.49
0.26 -11973.3
0.27 -14680.7
0.28 -16978.8
0.29 -18517.4
0.3 -19088.7
0.31 -18568.1
0.32 -16927.4
0.33 -14296.5
0.34 -10934.8
0.35 -7136.48
0.36 -3196.95
0.37 440.992
0.38 3258.27
0.39 4778.44
0.4 4617.82
0.41 2633.24
0.42 -1082.65
0.43 -6118.68
0.44 -11819.7
0.45 -17186.9
0.46 -21026.9
0.47 -22498.5
0.48 -21166.5
0.49 -16913
0.5 -9936.88
0.51 -1441.49
0.52 6609.9
0.53 12728
0.54 15989.9
0.55 15999.3
0.56 12904.3
0.57 7098.84
0.58 -825.742
0.59 -10059
0.6 -19685.6
0.61 -28822.7
0.62 -36719.5
0.63 -42623.6
0.64 -45880.4
0.65 -45931.3
0.66 -42376.8
0.67 -35647.6
0.68 -26866.7
0.69 -17167.5
0.7 -7587.8
0.71 827.722
0.72 7161.79
0.73 11031.6
0.74 12582.5
0.75 12198
0.76 10451.9
0.77 8117.22
0.78 6057.86
0.79 4954.85
0.8 5247.55
0.81 7026.06
0.82 10047.3
0.83 14104.8
0.84 19033.5
0.85 24668.4
0.86 30867
0.87 37197.8
0.88 43026.9
0.89 47596
0.9 50119.8
0.91 50145.9
0.92 47572.1
0.93 42540.5
0.94 35409.9
0.95 26885.2
0.96 17902.7
0.97 9709.23
0.98 3685.42
0.99 779.179
1 1444.13
1.01 5794.75
1.02 13605.7
1.03 24235.1
1.04 36733.6
1.05 49958.8
1.06 62722.6
1.07 73569.3
1.08 80982.6
1.09 84030.3
1.1 82410.6
1.11 76045.9
1.12 65098
1.13 50733.7
1.14 34879.8
1.15 18706.7
1.16 2606.76
1.17 -13578.7
1.18 -30516.6
1.19 -48004
1.2 -65115.5
1.21 -80010.9
1.22 -90228.6
1.23 -94221.1
1.24 -91412.2
1.25 -81784.2
1.26 -65866.1
1.27 -45001.8
1.28 -21120.8
1.29 3630.14
1.3 27146.4
1.31 47560.6
1.32 63447.8
1.33 74047
1.34 79302.6
1.35 79831.9
1.36 76808.8
1.37 71915
1.38 67104.4
1.39 64045.7
1.4 63962.5
1.41 67855.1
1.42 76380.3
1.43 88696.1
1.44 102716
1.45 115853
1.46 125328
1.47 129150
1.48 126260
1.49 116867
1.5 102328
1.51 84666.3
1.52 66310.2
1.53 49320.8
1.54 35199.5
1.55 25375.2
1.56 21007.7
1.57 22594.5
1.58 29970
1.59 42588.3
1.6 59600
1.61 77135
1.62 89103.2
1.63 88451.3
1.64 68029.5
1.65 26401.7
1.66 -32622.2
1.67 -102043
1.68 -172631
1.69 -235981
1.7 -285344
1.71 -315453
1.72 -323086
1.73 -308169
1.74 -273533
1.75 -224373
1.76 -167484
1.77 -110066
1.78 -58865.3
1.79 -19606
1.8 3626.23
1.81 9449.33
1.82 -865.961
1.83 -24041.8
1.84 -55290
1.85 -89248.1
1.86 -120630
1.87 -144680
1.88 -157705
1.89 -157443
1.9 -143234
1.91 -115963
1.92 -77853.8
1.93 -32342.1
1.94 16417
1.95 64274.2
1.96 107561
1.97 143261
1.98 169332
1.99 185145
2 191457
2.01 189894
2.02 182720
2.03 172927
2.04 163816
2.05 158083
2.06 157566
2.07 163367
2.08 175755
2.09 193866
2.1 215893
2.11 239845
2.12 263768
2.13 283932
2.14 295488
2.15 295245
2.16 281816
2.17 248439
2.18 184499
2.19 89463.1
2.2 -28373.8
2.21 -154477
2.22 -270121
2.23 -361482
2.24 -420581
2.25 -441296
2.26 -420198
2.27 -360078
2.28 -269036
2.29 -157669
2.3 -37751.8
2.31 77996
2.32 177526
2.33 251817
2.34 295680
2.35 307674
2.36 290048
2.37 248225
2.38 189957
2.39 125061
2.4 64092.3
2.41 12364.7
2.42 -30083.8
2.43 -68771.8
2.44 -113735
2.45 -163441
2.46 -206502
2.47 -236494
2.48 -251704
2.49 -250019
2.5 -229464
2.51 -191183
2.52 -138951
2.53 -77000.8
2.54 -9583.42
2.55 54648.1
2.56 104196
2.57 129307
2.58 122836
2.59 85669.6
2.6 25846.6
2.61 -47573.6
2.62 -125386
2.63 -197821
2.64 -255802
2.65 -292473
2.66 -303830
2.67 -289140
2.68 -250809
2.69 -193806
2.7 -124917
2.71 -51929.6
2.72 17350.3
2.73 76116.7
2.74 119288
2.75 143878
2.76 149210
2.77 136923
2.78 110618
2.79 74107.5
2.8 31021.7
2.81 -14541.5
2.82 -58581.4
2.83 -97684.1
2.84 -129382
2.85 -151551
2.86 -162676
2.87 -161865
2.88 -148914
2.89 -125371
2.9 -94179.9
2.91 -58629.7
2.92 -21981.4
2.93 12479.3
2.94 41850.8
2.95 64175.5
2.96 78594.5
2.97 85086.5
2.98 84432
2.99 78245.2
3 68721.8
3.01 55932.7
3.02 38081.6
3.03 15354.2
3.04 -10419.5
3.05 -35827
3.06 -56388.6
3.07 -69209.2
3.08 -73103.3
3.09 -67319.2
3.1 -51667
3.11 -27417.9
3.12 2988.41
3.13 36789.3
3.14 71217.7
3.15 103436
3.16 130896
3.17 151738
3.18 164963
3.19 167351
3.2 154154
3.21 125616
3.22 86313.9
3.23 42614.3
3.24 1905.77
3.25 -30315.7
3.26 -50860.7
3.27 -56611.2
3.28 -45011.5
3.29 -17170.8
3.3 22655.5
3.31 70690.3
3.32 123890
3.33 170241
3.34 191280
3.35 179163
3.36 136121
3.37 69847
3.38 -7561.87
3.39 -84708.9
3.4 -152005
3.41 -200485
3.42 -222934
3.43 -215741
3.44 -179033
3.45 -121817
3.46 -60066
3.47 -5883.98
3.48 33204.4
3.49 53712.3
3.5 56396.1
3.51 42762.5
3.52 15009.9
3.53 -21961.4
3.54 -61420.8
3.55 -97296.6
3.56 -124759
3.57 -139926
3.58 -140296
3.59 -125870
3.6 -98939.1
3.61 -64552
3.62 -29698.8
3.63 1189.88
3.64 26405.2
3.65 44061.5
3.66 52483.5
3.67 51788.3
3.68 43680.3
3.69 30354.1
3.7 14248.2
3.71 -1658.52
3.72 -14261.8
3.73 -21280.6
3.74 -21439.5
3.75 -14496.6
3.76 -1208
3.77 15813.2
3.78 32577.5
3.79 45752.8
3.8 52933.3
3.81 52649.7
3.82 44491.1
3.83 30229.2
3.84 13407.9
3.85 -2861.65
3.86 -16147.5
3.87 -23985.1
3.88 -24218.2
3.89 -15977.3
3.9 342.256
3.91 23730.2
3.92 52691.4
3.93 84896.6
3.94 117538
3.95 147932
3.96 173808
3.97 189916
3.98 189026
3.99 168707
4 130995
4.01 81153.7
4.02 26886.9
4.03 -24614.8
4.04 -67382.2
4.05 -97717
4.06 -114454
4.07 -117453
4.08 -107631
4.09 -86486.8
4.1 -55912.4
4.11 -19350.4
4.12 18781.5
4.13 54730.5
4.14 85747.7
4.15 109471
4.16 124222
4.17 129885
4.18 127778
4.19 119699
4.2 107724
4.21 94607.5
4.22 83378.9
4.23 76309
4.24 74726.7
4.25 79574.2
4.26 91287.5
4.27 108504
4.28 128407
4.29 148585
4.3 167212
4.31 181973
4.32 190430
4.33 190365
4.34 180019
4.35 154496
4.36 106735
4.37 40222.4
4.38 -32724.8
4.39 -101407
4.4 -157438
4.41 -194590
4.42 -209436
4.43 -203414
4.44 -182244
4.45 -152314
4.46 -120030
4.47 -92295
4.48 -75597.7
4.49 -71833.7
4.5 -78563.8
4.51 -92987.5
4.52 -112113
4.53 -131800
4.54 -147385
4.55 -155403
4.56 -153848
4.57 -141308
4.58 -117144
4.59 -82513.4
4.6 -40066
4.61 7250.87
4.62 56513.1
4.63 104371
4.64 147509
4.65 183392
4.66 210487
4.67 222881
4.68 211548
4.69 175210
4.7 119476
4.71 52947.5
4.72 -13829.2
4.73 -71712.2
4.74 -113835
4.75 -134718
4.76 -130903
4.77 -102320
4.78 -52018.9
4.79 14606
4.8 90585.5
4.81 168728
4.82 242451
4.83 302897
4.84 340313
4.85 343112
4.86 299465
4.87 212025
4.88 95964.2
4.89 -32701.7
4.9 -158561
4.91 -266838
4.92 -345177
4.93 -384968
4.94 -382110
4.95 -340615
4.96 -271428
4.97 -188051
4.98 -104943
4.99 -32453.8
5 23946.1
5.01 59558.3
5.02 71193.7
5.03 59786.4
5.04 29892.4
5.05 -12538.8
5.06 -60873.3
5.07 -107879
5.08 -146648
5.09 -171874
5.1 -180344
5.11 -171691
5.12 -148225
5.13 -115247
5.14 -80187.1
5.15 -48662.9
5.16 -24096.1
5.17 -8812.48
5.18 -3769.08
5.19 -8762.96
5.2 -22518.1
5.21 -41831.8
5.22 -62131.3
5.23 -79685.5
5.24 -91901.5
5.25 -95930.4
5.26 -89102.9
5.27 -73671.9
5.28 -55992.5
5.29 -41990.1
5.3 -36682.4
5.31 -40048.4
5.32 -47550.6
5.33 -56682.4
5.34 -66824.7
5.35 -75627.5
5.36 -79587.1
5.37 -76808.7
5.38 -67001.9
5.39 -50175.6
5.4 -26683.2
5.41 2021.1
5.42 33667.4
5.43 65572.4
5.44 94975.3
5.45 118136
5.46 130901
5.47 130981
5.48 118008
5.49 93257.2
5.5 59410.2
5.51 21290.4
5.52 -14898.7
5.53 -44034.9
5.54 -62518
5.55 -67774.7
5.56 -58535.5
5.57 -35552.5
5.58 -1344.66
5.59 40605.5
5.6 86300.7
5.61 131418
5.62 171850
5.63 204292
5.64 226563
5.65 235894
5.66 229388
5.67 206153
5.68 167179
5.69 115713
5.7 56700.1
5.71 -3114.97
5.72 -56133.4
5.73 -96231.5
5.74 -119307
5.75 -123361
5.76 -108609
5.77 -78350.6
5.78 -38325.3
5.79 4870.01
5.8 44569.9
5.81 75503.1
5.82 94282
5.83 99454.4
5.84 91558.8
5.85 72213.8
5.86 43897.1
5.87 10220
5.88 -24601.1
5.89 -56247.2
5.9 -80810.7
5.91 -95486.8
5.92 -98816.3
5.93 -90465.3
5.94 -71206.7
5.95 -43018
5.96 -8757.35
5.97 28116.8
5.98 63995
5.99 94408.8
6 114670
6.01 121713
6.02 114278
6.03 92667.1
6.04 58620.8
6.05 16812.6
6.06 -25984.1
6.07 -63560
6.08 -90867.6
6.09 -104596
6.1 -103441
6.11 -89059.7
6.12 -65629.5
6.13 -37040.2
6.14 -6570.78
6.15 22557.3
6.16 47601
6.17 66467.1
6.18 77921.2
6.19 81768.7
6.2 78805.4
6.21 70474
6.22 58663.7
6.23 44433.6
6.24 27997.1
6.25 10251.4
6.26 -7451.77
6.27 -23618.8
6.28 -36791.8
6.29 -45519.5
6.3 -48537.2
6.31 -45458.7
6.32 -36734.7
6.33 -23700.8
6.34 -8355.56
6.35 6969.64
6.36 19902.2
6.37 28952.7
6.38 33597.1
6.39 33747.3
6.4 29761.2
6.41 22540.4
6.42 13381.2
6.43 3701.67
6.44 -5126.8
6.45 -12356.3
6.46 -17887.1
6.47 -22049.3
6.48 -25546.5
6.49 -28797.4
6.5 -31935.1
6.51 -34432.1
6.52 -35225.1
6.53 -33947.2
6.54 -30868.4
6.55 -26312.5
6.56 -20643.5
6.57 -14363.4
6.58 -8037.26
6.59 -2051.49
6.6 3410.72
6.61 8486.46
6.62 13590.4
6.63 17860.7
6.64 19422.1
6.65 17663.5
6.66 13121.6
6.67 6675.95
6.68 -540.595
6.69 -7682.63
6.7 -14251.4
6.71 -19676.6
6.72 -23411.7
6.73 -25112.4
6.74 -24657.2
6.75 -21990.1
6.76 -17130.8
6.77 -10415.8
6.78 -2424.7
6.79 6355.35
6.8 15567.6
6.81 24719.9
6.82 33267
6.83 41307.9
6.84 49499.2
6.85 57769
6.86 65435.7
6.87 70416.4
6.88 69610.2
6.89 61220
6.9 44777.5
6.91 22126.2
6.92 -2998.41
6.93 -27019
6.94 -46844.9
6.95 -59794.7
6.96 -63904.2
6.97 -59108.9
6.98 -47074.4
6.99 -30527.7
7 -12888.6
7.01 2581.39
7.02 13128
7.03 17414.7
7.04 15553.8
7.05 8734.91
7.06 -970.464
7.07 -11399.5
7.08 -20531
7.09 -26555.1
7.1 -28079.3
7.11 -24426.8
7.12 -15660.3
7.13 -2574.99
7.14 13444.4
7.15 29852.3
7.16 43357.1
7.17 51299.2
7.18 51871.4
7.19 44798.4
7.2 31241.1
7.21 13398.6
7.22 -5807.57
7.23 -24076.9
7.24 -39907.9
7.25 -51704.3
7.26 -58022.2
7.27 -58146.2
7.28 -52103.4
7.29 -40581.6
7.3 -24807.9
7.31 -6492.45
7.32 12409.1
7.33 30121.3
7.34 45235.4
7.35 56346.9
7.36 62247.1
7.37 62159.8
7.38 55798.8
7.39 43797.8
7.4 27553.9
7.41 9544.74
7.42 -7059.28
7.43 -19432.3
7.44 -25367.9
7.45 -23971.9
7.46 -15656.4
7.47 -2423.44
7.48 12494.4
7.49 26390.1
7.5 37295.2
7.51 43659.6
7.52 44532.3
7.53 39934.6
7.54 30778.8
7.55 18603.5
7.56 5358.33
7.57 -7091.64
7.58 -17166
7.59 -23380.6
7.6 -24534
7.61 -20223.3
7.62 -10818.2
7.63 2847.41
7.64 19592.3
7.65 37619.8
7.66 54790.6
7.67 68916.4
7.68 78017.9
7.69 81054.5
7.7 77958.1
7.71 69806.9
7.72 58612.8
7.73 46672.8
7.74 36300.9
7.75 28110.2
7.76 21128.8
7.77 15391.6
7.78 11744.4
7.79 9847.85
7.8 8392.35
7.81 6171.59
7.82 2171.4
7.83 -3754.2
7.84 -10952.6
7.85 -18953.8
7.86 -27467.7
7.87 -35806.7
7.88 -43023.8
7.89 -48498.6
7.9 -51964.8
7.91 -53179.6
7.92 -51969
7.93 -48611.4
7.94 -43756.8
7.95 -37192.9
7.96 -27986.9
7.97 -16012.4
7.98 -1839.69
7.99 12322.9
8 23049.2
8.01 27851
8.02 25318.4
8.03 15548.7
8.04 18.8432
8.05 -18769.3
8.06 -37643.7
8.07 -54142.9
8.08 -66706.2
8.09 -73984.4
8.1 -75027.2
8.11 -69935.8
8.12 -59753
8.13 -45899.3
8.14 -30002.9
8.15 -13950.4
8.16 364.124
8.17 11370.1
8.18 17977.5
8.19 19515.1
8.2 15790.7
8.21 7508.03
8.22 -3895.67
8.23 -16595.9
8.24 -28612.2
8.25 -38071
8.26 -43416.6
8.27 -43621.3
8.28 -38268.3
8.29 -27554.2
8.3 -12226
8.31 6092.04
8.32 25169.8
8.33 42897.7
8.34 57502.8
8.35 67540.1
8.36 72050
8.37 70868.8
8.38 64583.6
8.39 54132.4
8.4 40686.1
8.41 25907.1
8.42 11700.6
8.43 -718.772
8.44 -10887.5
8.45 -17925.9
8.46 -20730.4
8.47 -19217.9
8.48 -14210.7
8.49 -6108.53
8.5 5067.82
8.51 15440
8.52 18200.5
8.53 9810.63
8.54 -10075.4
8.55 -39373
8.56 -73938
8.57 -109387
8.58 -141563
8.59 -166565
8.6 -181212
8.61 -183786
8.62 -174114
8.63 -153325
8.64 -123640
8.65 -88260.9
8.66 -50918.9
8.67 -15261.4
8.68 15562.2
8.69 39120.7
8.7 53944.7
8.71 59712.2
8.72 57208.1
8.73 47601.6
8.74 32313.9
8.75 13227.9
8.76 -7583.65
8.77 -27681.6
8.78 -44592.5
8.79 -55935.6
8.8 -59704.2
8.81 -55289
8.82 -43415.6
8.83 -26058.2
8.84 -6123.22
8.85 14151.9
8.86 33352.7
8.87 50483.3
8.88 65082.5
8.89 76926.4
8.9 86055.2
8.91 92939.5
8.92 98387.1
8.93 103702
8.94 110486
8.95 117518
8.96 121237
8.97 115081
8.98 90514.9
8.99 48735.7
9 -667.364
9.01 -50083.1
9.02 -94177.4
9.03 -127818
9.04 -146798
9.05 -151096
9.06 -144455
9.07 -129159
9.08 -106100
9.09 -77712.5
9.1 -47435.9
9.11 -18981.2
9.12 4105.35
9.13 19594.9
9.14 26711
9.15 26627
9.16 22174.6
9.17 16184.3
9.18 11219
9.19 10234.8
9.2 16159.4
9.21 30673.6
9.22 54142.2
9.23 82804.8
9.24 109636
9.25 128870
9.26 136410
9.27 131617
9.28 117091
9.29 94459.1
9.3 64451.3
9.31 29423.3
9.32 -7159.24
9.33 -42371
9.34 -74071.7
9.35 -100373
9.36 -119883
9.37 -132144
9.38 -137615
9.39 -136764
9.4 -130064
9.41 -117874
9.42 -100412
9.43 -78339.3
9.44 -52622.9
9.45 -24686.6
9.46 3799.22
9.47 31486.8
9.48 57468
9.49 81354.7
9.5 103290
9.51 123146
9.52 140598
9.53 150294
9.54 143073
9.55 117689
9.56 79897.8
9.57 35346.7
9.58 -10757
9.59 -52929.7
9.6 -86140.6
9.61 -106639
9.62 -112294
9.63 -102245
9.64 -76939
9.65 -38914.7
9.66 7682.17
9.67 55060.3
9.68 93070.5
9.69 114908
9.7 117456
9.71 101851
9.72 73044.9
9.73 36123.9
9.74 -4144.72
9.75 -42504.8
9.76 -73929.9
9.77 -94654.7
9.78 -102509
9.79 -96487.1
9.8 -76818.6
9.81 -45625.5
9.82 -6509.67
9.83 36252.5
9.84 78238.2
9.85 115083
9.86 143006
9.87 158937
9.88 160843
9.89 148313
9.9 122480
9.91 85982.2
9.92 42550.6
9.93 -2770.47
9.94 -44337.6
9.95 -78537
9.96 -103973
9.97 -119318
9.98 -123579
9.99 -116209
10 -97143.7
