0.01 -148.852
0.02 -534.152
0.03 -938.059
0.04 -1188.89
0.05 -1259.94
0.06 -1147.28
0.07 -900.427
0.08 -581.398
0.09 -254.161
0.1 20.5121
0.11 217.574
0.12 322.683
0.13 373.451
0.14 411.398
0.15 437.8
0.16 455.2
0.17 470.69
0.18 491.122
0.19 483.283
0.2 419.426
0.21 254.539
0.22 -41.6432
0.23 -424.717
0.24 -843.003
0.25 -1212.34
0.26 -1459.78
0.27 -1503.29
0.28 -1290.05
0.29 -878.784
0.3 -347.56
0.31 255.645
0.32 877.557
0.33 1432.01
0.34 1846.35
0.35 2098.3
0.36 2186.04
0.37 2031.9
0.38 1591.55
0.39 885.109
0.4 -37.5225
0.41 -1047.04
0.42 -2012.39
0.43 -2758.87
0.44 -3148.73
0.45 -2993.65
0.46 -2181.27
0.47 -890.862
0.48 654.066
0.49 2274.55
0.5 3794.44
0.51 4675.25
0.52 4488.28
0.53 3460.28
0.54 1901.64
0.55 106.061
0.56 -1624.17
0.57 -3143.38
0.58 -4340.06
0.59 -5092.79
0.6 -5339.96
0.61 -5095.31
0.62 -4429.21
0.63 -3344.49
0.64 -1892.78
0.65 -127.434
0.66 1864.97
0.67 3642.61
0.68 4817.55
0.69 5363.55
0.7 5329.64
0.71 4714.81
0.72 3586.07
0.73 2228.43
0.74 935.15
0.75 -152.78
0.76 -927.571
0.77 -1278.7
0.78 -1152.41
0.79 -642.09
0.8 119.99
0.81 942.912
0.82 1641.06
0.83 2223.85
0.84 2713.59
0.85 3111.51
0.86 3429.52
0.87 3516.03
0.88 3256.43
0.89 2579.13
0.9 1466.09
0.91 91.6956
0.92 -1350.43
0.93 -2721.37
0.94 -3899.55
0.95 -4696.27
0.96 -4979.7
0.97 -4579.27
0.98 -3415.49
0.99 -1711.96
1 259.136
1.01 2304.74
1.02 4235.63
1.03 5822.46
1.04 6891.02
1.05 7330.5
1.06 7110.92
1.07 6089.74
1.08 4227.47
1.09 1829.61
1.1 -755.606
1.11 -3391.74
1.12 -5945.26
1.13 -7880.09
1.14 -8767.34
1.15 -8982.57
1.16 -8955.49
1.17 -8999.07
1.18 -9397.66
1.19 -9708.2
1.2 -9526.73
1.21 -8350.14
1.22 -5824.4
1.23 -2412.01
1.24 1350.9
1.25 5141.73
1.26 8655.55
1.27 11446.9
1.28 13183.9
1.29 13734.3
1.3 13113.4
1.31 11446.9
1.32 8974.46
1.33 6058.48
1.34 3089.63
1.35 442.997
1.36 -1568.4
1.37 -2660.34
1.38 -2674.61
1.39 -1752.87
1.4 -137.017
1.41 2042.51
1.42 4597.8
1.43 6729.71
1.44 7740.58
1.45 7328.85
1.46 5379.03
1.47 2298.52
1.48 -1399.49
1.49 -5020.23
1.5 -7923.18
1.51 -9721.52
1.52 -10182.8
1.53 -9487.73
1.54 -7940.4
1.55 -5595.48
1.56 -2597.32
1.57 697.504
1.58 3920.91
1.59 6853.03
1.6 9322.36
1.61 9729.29
1.62 6819.49
1.63 19.2545
1.64 -10752.8
1.65 -22492.1
1.66 -32276.7
1.67 -38271.8
1.68 -39205.2
1.69 -35443.3
1.7 -27878.1
1.71 -17336.8
1.72 -4940.96
1.73 7592.48
1.74 18642.2
1.75 26878
1.76 31385.4
1.77 31904.2
1.78 28657.5
1.79 22196.8
1.8 13413.8
1.81 3779.48
1.82 -5230.92
1.83 -12482.1
1.84 -17118.3
1.85 -18791.8
1.86 -17524
1.87 -13596
1.88 -7581.56
1.89 -265.126
1.9 7467.77
1.91 14757.5
1.92 20852.3
1.93 25074.3
1.94 27008.7
1.95 26636.7
1.96 24210.4
1.97 20086.2
1.98 14795.9
1.99 9113.56
2 3808.55
2.01 -620.759
2.02 -3810.86
2.03 -5359.41
2.04 -5082.27
2.05 -3289.23
2.06 -447.228
2.07 3030.87
2.08 6684.67
2.09 9892.35
2.1 12124.7
2.11 13257.3
2.12 13302.5
2.13 11325.1
2.14 6687.52
2.15 227.336
2.16 -7059.3
2.17 -17951
2.18 -34624.1
2.19 -51885
2.2 -64809.2
2.21 -69849.1
2.22 -64609.8
2.23 -51544.1
2.24 -33860.6
2.25 -12708.1
2.26 10433.8
2.27 32212.8
2.28 49654
2.29 61283.8
2.3 66404.2
2.31 64481.1
2.32 55838.9
2.33 42089
2.34 25335.4
2.35 7662.34
2.36 -8873.92
2.37 -22494.9
2.38 -31878.9
2.39 -35868.2
2.4 -34011.8
2.41 -29047
2.42 -23896.9
2.43 -21642.9
2.44 -24827.3
2.45 -27494.5
2.46 -24136.9
2.47 -17076.4
2.48 -8917.06
2.49 413.359
2.5 10845.4
2.51 20734.7
2.52 28607.1
2.53 34142.7
2.54 37316
2.55 35807.1
2.56 27994.8
2.57 14711.3
2.58 -2625.43
2.59 -19710.8
2.6 -32549.6
2.61 -40392.2
2.62 -43122.1
2.63 -40435.4
2.64 -32681.4
2.65 -21048
2.66 -7099.32
2.67 7357.98
2.68 20575.4
2.69 31110.9
2.7 37929.7
2.71 40450.4
2.72 38632.1
2.73 32999.2
2.74 24487.8
2.75 14250.2
2.76 3565.76
2.77 -6280.71
2.78 -14185.9
2.79 -19979.8
2.8 -23750.4
2.81 -25255.4
2.82 -24533.3
2.83 -21895.1
2.84 -17855.8
2.85 -12622.8
2.86 -6529.43
2.87 80.1004
2.88 6823.76
2.89 12760.1
2.9 17103.2
2.91 19629.4
2.92 20341.9
2.93 19227.9
2.94 16488.8
2.95 12632.4
2.96 8264.34
2.97 3857.98
2.98 -139.55
2.99 -3265.31
3 -5188.43
3.01 -7010.37
3.02 -9772.77
3.03 -12487.4
3.04 -14235.9
3.05 -14136
3.06 -11579
3.07 -7366.64
3.08 -2442.25
3.09 2915.99
3.1 8397.19
3.11 13215.6
3.12 16714
3.13 18687.6
3.14 19122.9
3.15 17982.5
3.16 15415.7
3.17 11794.7
3.18 7590.96
3.19 1661.26
3.2 -6861.29
3.21 -15392.2
3.22 -21514.1
3.23 -24155.2
3.24 -22720.6
3.25 -18175.2
3.26 -11784.9
3.27 -3654.67
3.28 5913.91
3.29 14974.8
3.3 21768
3.31 26451.5
3.32 29420.3
3.33 25971.6
3.34 12459.7
3.35 -5717.98
3.36 -22969.2
3.37 -36120
3.38 -42682.5
3.39 -42893.4
3.4 -37717.3
3.41 -27534.1
3.42 -13284.8
3.43 3081.31
3.44 19493.8
3.45 31165.1
3.46 34173.8
3.47 30348.1
3.48 22196.7
3.49 11979.2
3.5 2050.13
3.51 -7070.23
3.52 -14989.9
3.53 -20265.3
3.54 -21856
3.55 -20053.5
3.56 -15527.3
3.57 -8812
3.58 -663.375
3.59 7561.07
3.6 14583.3
3.61 18882.9
3.62 19357
3.63 17294.5
3.64 14197.4
3.65 10052.3
3.66 4969.33
3.67 -101.901
3.68 -4274.96
3.69 -7244.61
3.7 -8866.25
3.71 -8847.54
3.72 -7107.05
3.73 -4073.83
3.74 -300.217
3.75 3640.04
3.76 7191.05
3.77 9345.4
3.78 9324.59
3.79 7433.61
3.8 4176.35
3.81 72.6918
3.82 -4292.28
3.83 -7738.27
3.84 -9269.23
3.85 -9060.04
3.86 -7477.76
3.87 -4524.69
3.88 -363.329
3.89 4320.19
3.9 8823.29
3.91 12784.7
3.92 15930.2
3.93 17805.6
3.94 18135.2
3.95 16968.9
3.96 14528.1
3.97 9254.64
3.98 23.1464
3.99 -10698.1
4 -20427.2
4.01 -27331.8
4.02 -30029
4.03 -28716.3
4.04 -24047.2
4.05 -17252.3
4.06 -9730.54
4.07 -2096.82
4.08 5061.08
4.09 11403
4.1 16706.2
4.11 20141.1
4.12 21150.4
4.13 20054.6
4.14 17399.3
4.15 13417.2
4.16 8481.08
4.17 3432.86
4.18 -927.155
4.19 -4303.35
4.2 -6534.43
4.21 -7254.55
4.22 -6298.42
4.23 -4057.74
4.24 -1048.96
4.25 2496.84
4.26 6300.8
4.27 9400.95
4.28 10980.2
4.29 11209
4.3 10404.7
4.31 8325.92
4.32 4896.04
4.33 225.939
4.34 -5435.7
4.35 -13729.2
4.36 -25880.2
4.37 -36400
4.38 -40347.9
4.39 -38311.9
4.4 -31541.5
4.41 -21240.4
4.42 -8946.9
4.43 2695.43
4.44 11291
4.45 16360.9
4.46 17869.6
4.47 15555
4.48 9619.47
4.49 2493.45
4.5 -3411.39
4.51 -7776.63
4.52 -10484.7
4.53 -10923.9
4.54 -8787.96
4.55 -4689.37
4.56 569.58
4.57 6633.81
4.58 13077.1
4.59 18930.9
4.6 23358.5
4.61 26158.1
4.62 27331.3
4.63 26654
4.64 24133
4.65 20178.2
4.66 15340.6
4.67 7342.08
4.68 -5577.61
4.69 -19431.2
4.7 -30381.8
4.71 -36647.8
4.72 -37111.8
4.73 -32453.2
4.74 -23906.4
4.75 -12267.7
4.76 1356.72
4.77 15123.3
4.78 27291.9
4.79 36534.5
4.8 41951.8
4.81 43378.6
4.82 41127.4
4.83 34016.8
4.84 21511
4.85 2617.49
4.86 -22844.6
4.87 -47259.1
4.88 -63628
4.89 -71135.9
4.9 -70057
4.91 -60741.7
4.92 -44481.1
4.93 -23317.7
4.94 265.097
4.95 21864.4
4.96 37595.4
4.97 45903.5
4.98 46203.4
4.99 40628.2
5 31859.2
5.01 20446.6
5.02 7213.99
5.03 -5623.35
5.04 -16040.6
5.05 -23196.3
5.06 -26685.3
5.07 -26170.9
5.08 -21806.5
5.09 -14443.3
5.1 -5227.89
5.11 4278.91
5.12 12583.8
5.13 18034.7
5.14 19420.8
5.15 17632.6
5.16 13873.9
5.17 8785.68
5.18 3122.85
5.19 -2463.67
5.2 -7374.21
5.21 -10562.3
5.22 -11250.9
5.23 -9841.84
5.24 -6955.99
5.25 -2491.35
5.26 3462.78
5.27 8309.79
5.28 9751.43
5.29 7891.85
5.3 3214.55
5.31 -1601.58
5.32 -4035.7
5.33 -5023.19
5.34 -5607.79
5.35 -4933.54
5.36 -2347.38
5.37 1338.28
5.38 5235.26
5.39 9138.76
5.4 12856.5
5.41 15798.7
5.42 17504.3
5.43 17731.2
5.44 16425.7
5.45 13069.2
5.46 7416.5
5.47 436.81
5.48 -6808.55
5.49 -13395.1
5.5 -18535.4
5.51 -21058.6
5.52 -20176.1
5.53 -16415.2
5.54 -10605.6
5.55 -3331.91
5.56 4688.03
5.57 12351.7
5.58 18669.9
5.59 23082.8
5.6 25289.5
5.61 25102.3
5.62 22625.6
5.63 18285.9
5.64 12699.7
5.65 5588.74
5.66 -3128.61
5.67 -12401.5
5.68 -21182.3
5.69 -28227.1
5.7 -32576
5.71 -33229.4
5.72 -29685.2
5.73 -22693.2
5.74 -13357.6
5.75 -2844.96
5.76 7616.77
5.77 16338.7
5.78 21945.3
5.79 23912.6
5.8 22176.6
5.81 17467.9
5.82 10817.3
5.83 3298.77
5.84 -3982.33
5.85 -10398.4
5.86 -15463.9
5.87 -18555.9
5.88 -19322.7
5.89 -17691.6
5.9 -13875.3
5.91 -8465.84
5.92 -2203.35
5.93 4280.39
5.94 10368.8
5.95 15394.9
5.96 18859.5
5.97 20419.9
5.98 19978.4
5.99 17077.5
6 11577.2
6.01 4324.12
6.02 -3685.25
6.03 -11575.9
6.04 -18543.6
6.05 -23001.3
6.06 -23758.8
6.07 -21050
6.08 -15498.8
6.09 -8053.02
6.1 179.769
6.11 7582.68
6.12 12741.1
6.13 15732
6.14 16881
6.15 16235.8
6.16 14050.7
6.17 10681.6
6.18 6599.4
6.19 2376.91
6.2 -1434.09
6.21 -4463.4
6.22 -6456.37
6.23 -7836.59
6.24 -9071.81
6.25 -9826.87
6.26 -9844.59
6.27 -9036.67
6.28 -7417.09
6.29 -4990.17
6.3 -1854.38
6.31 1522.49
6.32 4674.86
6.33 7111.96
6.34 8458.63
6.35 8519.68
6.36 7263.01
6.37 5151.94
6.38 2719.56
6.39 223.705
6.4 -2087.16
6.41 -3913.28
6.42 -5031.12
6.43 -5364.54
6.44 -4934.12
6.45 -4069.25
6.46 -3128.75
6.47 -2358.09
6.48 -1966.91
6.49 -1816.46
6.5 -1748.83
6.51 -1407.84
6.52 -492.442
6.53 646.722
6.54 1655.66
6.55 2487.05
6.56 3117.44
6.57 3472.73
6.58 3515.84
6.59 3338.92
6.6 3053.82
6.61 2835.15
6.62 2838.37
6.63 2399.57
6.64 949.754
6.65 -875.553
6.66 -2438.23
6.67 -3523.77
6.68 -3987.45
6.69 -3972.86
6.7 -3670.23
6.71 -3051.94
6.72 -2129.09
6.73 -1008.71
6.74 186.062
6.75 1414.34
6.76 2633.99
6.77 3676.06
6.78 4403.39
6.79 4857.52
6.8 5109.26
6.81 5091.07
6.82 4771.41
6.83 4487.89
6.84 4551.96
6.85 4596.75
6.86 4281.54
6.87 2850.37
6.88 -273.024
6.89 -4432.65
6.9 -8893.98
6.91 -12400.6
6.92 -13889.5
6.93 -13387.2
6.94 -11151.7
6.95 -7411.97
6.96 -2558.06
6.97 2389.12
6.98 6464.17
6.99 9056.84
7 9769.98
7.01 8665.62
7.02 6014.35
7.03 2577.06
7.04 -842.89
7.05 -3635.53
7.06 -5303.96
7.07 -5773.73
7.08 -5115.45
7.09 -3444.12
7.1 -985.744
7.11 1870.91
7.12 4715.77
7.13 7141.21
7.14 8815.17
7.15 9108.8
7.16 7595.61
7.17 4585.98
7.18 545.152
7.19 -3695.56
7.2 -7335.52
7.21 -9785.52
7.22 -10633.9
7.23 -10185.7
7.24 -8877.82
7.25 -6683.75
7.26 -3682.26
7.27 -261.084
7.28 3168.18
7.29 6235.61
7.3 8637.69
7.31 10103.8
7.32 10490.4
7.33 9884.67
7.34 8484.3
7.35 6302.22
7.36 3441.97
7.37 137.024
7.38 -3342.31
7.39 -6497.19
7.4 -8899.19
7.41 -9956.4
7.42 -9272.71
7.43 -7008.4
7.44 -3498.19
7.45 549.123
7.46 4408.01
7.47 7202.59
7.48 8238.41
7.49 7755.2
7.5 6154.74
7.51 3678.61
7.52 655.102
7.53 -2386.22
7.54 -4948.16
7.55 -6674.38
7.56 -7329.5
7.57 -6945.6
7.58 -5674.23
7.59 -3574.19
7.6 -797.385
7.61 2227.58
7.62 5070.96
7.63 7465.67
7.64 9214.49
7.65 9982.83
7.66 9572.58
7.67 7947.33
7.68 5215.18
7.69 1876.28
7.7 -1530.77
7.71 -4373.65
7.72 -6127.15
7.73 -6613.12
7.74 -5813.24
7.75 -4622.15
7.76 -3922.01
7.77 -3229.62
7.78 -2092.25
7.79 -1109.92
7.8 -825.45
7.81 -1213.29
7.82 -2170.94
7.83 -3235.73
7.84 -3962.6
7.85 -4423.93
7.86 -4718.47
7.87 -4642.05
7.88 -4047.15
7.89 -3098.1
7.9 -1989.95
7.91 -745.523
7.92 597.879
7.93 1799.82
7.94 2652.05
7.95 3597.4
7.96 5039
7.97 6573.41
7.98 7812.59
7.99 7873.11
8 6066.89
8.01 2851.07
8.02 -1182.05
8.03 -5207.42
8.04 -8454.58
8.05 -10343
8.06 -10488.8
8.07 -9245.81
8.08 -7107.15
8.09 -4210.42
8.1 -772.947
8.11 2639.91
8.12 5502.46
8.13 7587.66
8.14 8774.16
8.15 8919.42
8.16 8011.96
8.17 6221.53
8.18 3810.09
8.19 1012.25
8.2 -1907.43
8.21 -4462.89
8.22 -6242.26
8.23 -7019.57
8.24 -6700.76
8.25 -5337.09
8.26 -3098.67
8.27 -272.52
8.28 2804.3
8.29 5790.98
8.3 8379.42
8.31 10091.4
8.32 10582.5
8.33 9897.79
8.34 8217.03
8.35 5722.31
8.36 2679.07
8.37 -479.567
8.38 -3335.15
8.39 -5680.77
8.4 -7382.59
8.41 -8174.86
8.42 -7915.48
8.43 -6960.65
8.44 -5724.73
8.45 -4010.63
8.46 -1690.03
8.47 706.573
8.48 2674.3
8.49 4408.63
8.5 6119.65
8.51 5787.14
8.52 1761.31
8.53 -4324.31
8.54 -10701.5
8.55 -15996.6
8.56 -19051.7
8.57 -19679.7
8.58 -17989.4
8.59 -14121.9
8.6 -8463.73
8.61 -1805.43
8.62 4996.94
8.63 11212.8
8.64 16227.7
8.65 19492.9
8.66 20700
8.67 19877.1
8.68 17287.9
8.69 13324.6
8.7 8514.41
8.71 3489.75
8.72 -1133.07
8.73 -5118.89
8.74 -8322.33
8.75 -10492.8
8.76 -11516.8
8.77 -11195.5
8.78 -9500.18
8.79 -6478.15
8.8 -2328.86
8.81 2201.14
8.82 6369.34
8.83 9478.7
8.84 11001.4
8.85 11261.4
8.86 10709.5
8.87 9590
8.88 8197.57
8.89 6672.6
8.9 5161.81
8.91 3899.57
8.92 3075.91
8.93 2962.39
8.94 3729.86
8.95 3901.32
8.96 2165.59
8.97 -3126.81
8.98 -13102
8.99 -22696.8
9 -27221.5
9.01 -27468.7
9.02 -24679.7
9.03 -19026.8
9.04 -11006.1
9.05 -2848.21
9.06 3345.45
9.07 8232.46
9.08 12580.5
9.09 15617
9.1 16773.4
9.11 15875.5
9.12 13001
9.13 8847.7
9.14 4217.64
9.15 179.975
9.16 -2334.98
9.17 -3278.53
9.18 -2788.94
9.19 -666.542
9.2 3084.38
9.21 7806.9
9.22 12773.2
9.23 15772.3
9.24 14967.2
9.25 10924.1
9.26 4550.98
9.27 -2281.52
9.28 -7770.69
9.29 -12330.6
9.3 -16457.2
9.31 -19320.1
9.32 -20290.8
9.33 -19620.6
9.34 -17736.2
9.35 -14792.8
9.36 -11059.9
9.37 -7044.76
9.38 -3255.02
9.39 274.825
9.4 3542.91
9.41 6607.37
9.42 9546.4
9.43 12130.5
9.44 14186.7
9.45 15465
9.46 15822.3
9.47 15421
9.48 14501.1
9.49 13349.3
9.5 12260.5
9.51 11107.9
9.52 9780.26
9.53 5625.91
9.54 -3503.81
9.55 -13552.7
9.56 -20620.8
9.57 -24556.2
9.58 -25582.9
9.59 -23567.5
9.6 -18741.2
9.61 -11790.3
9.62 -3605.04
9.63 5100.24
9.64 13596.8
9.65 20745.8
9.66 25640
9.67 26311.6
9.68 21414.4
9.69 12637.5
9.7 2013.86
9.71 -8110.3
9.72 -15599.9
9.73 -20271.3
9.74 -22282.4
9.75 -21384.4
9.76 -17684.8
9.77 -11853.5
9.78 -4766.23
9.79 2917.77
9.8 10512.2
9.81 16984.6
9.82 21500.7
9.83 23660.9
9.84 23366.8
9.85 20644.3
9.86 15801.3
9.87 9228.75
9.88 1494.24
9.89 -6518.29
9.9 -13950
9.91 -19960.8
9.92 -23931.5
9.93 -25137.6
9.94 -23224.9
9.95 -19243.6
9.96 -14417.2
9.97 -8846.88
9.98 -2713.91
9.99 3736.51
10 10238
