0.01 8.46733e-13
0.02 0
0.03 0
0.04 0
0.05 0
0.06 0
0.07 4.63016e-12
0.08 -4.63016e-12
0.09 8.5231e-11
0.1 3.89294e-11
0.11 4.63016e-12
0.12 -4.63016e-12
0.13 4.63016e-12
0.14 -4.63016e-12
0.15 0
0.16 0
0.17 1.85206e-11
0.18 0
0.19 0
0.2 0
0.21 0
0.22 0
0.23 0
0.24 0
0.25 0
0.26 0
0.27 1.85206e-11
0.28 0
0.29 0
0.3 1.85206e-11
0.31 -1.85206e-11
0.32 1.85206e-11
0.33 0
0.34 0
0.35 1.85206e-11
0.36 -1.85206e-11
0.37 1.85206e-11
0.38 0
0.39 0
0.4 0
0.41 0
0.42 0
0.43 0
0.44 0
0.45 0
0.46 0
0.47 0
0.48 0
0.49 0
0.5 0
0.51 0
0.52 -3.70413e-11
0.53 3.70413e-11
0.54 -3.70413e-11
0.55 3.70413e-11
0.56 -3.70413e-11
0.57 3.70413e-11
0.58 -3.70413e-11
0.59 3.70413e-11
0.6 -3.70413e-11
0.61 3.70413e-11
0.62 -3.70413e-11
0.63 -3.70413e-11
0.64 3.70413e-11
0.65 -3.70413e-11
0.66 3.70413e-11
0.67 -3.70413e-11
0.68 3.70413e-11
0.69 -1.11124e-10
0.7 1.11124e-10
0.71 -1.11124e-10
0.72 1.11124e-10
0.73 -1.11124e-10
0.74 1.11124e-10
0.75 -1.11124e-10
0.76 1.11124e-10
0.77 -7.40825e-11
0.78 -7.40825e-11
0.79 7.40825e-11
0.8 -7.40825e-11
0.81 7.40825e-11
0.82 -7.40825e-11
0.83 7.40825e-11
0.84 -7.40825e-11
0.85 7.40825e-11
0.86 -7.40825e-11
0.87 4.63016e-11
0.88 -3.70413e-11
0.89 3.70413e-11
0.9 -7.40825e-11
0.91 0
0.92 7.40825e-11
0.93 -7.40825e-11
0.94 2.22248e-10
0.95 -2.22248e-10
0.96 2.22248e-10
0.97 -7.40825e-11
0.98 2.22248e-10
0.99 -2.22248e-10
1 7.40825e-11
1.01 -7.40825e-11
1.02 7.40825e-11
1.03 0
1.04 0
1.05 3.70413e-11
1.06 -2.31508e-11
1.07 1.85206e-11
1.08 0
1.09 0
1.1 0
1.11 0
1.12 0
1.13 0
1.14 0
1.15 0
1.16 0
1.17 0
1.18 0
1.19 0
1.2 9.26031e-12
1.21 -4.63016e-12
1.22 2.31508e-12
1.23 -9.26031e-12
1.24 0
1.25 0
1.26 7.40825e-11
1.27 0
1.28 7.40825e-11
1.29 -7.40825e-11
1.3 7.40825e-11
1.31 -7.40825e-11
1.32 0
1.33 0
1.34 0
1.35 1.19107e+06
1.36 135608
1.37 -23930.9
1.38 4223.1
1.39 -745.252
1.4 131.515
1.41 -23.2085
1.42 4.09563
1.43 -0.722757
1.44 0.127545
1.45 -0.022508
1.46 0.003972
1.47 -0.000700941
1.48 0.000123695
1.49 -2.18289e-05
1.5 3.85114e-06
1.51 -6.78934e-07
1.52 1.19758e-07
1.53 -2.19337e-08
1.54 3.38639e-09
1.55 -4.25308e-10
1.56 -5.70466e-10
1.57 -1.74383e-10
1.58 -4.86423e-10
1.59 1.02355e-09
1.6 -3.41235e-10
1.61 5.01778e-10
1.62 -4.13349e-11
1.63 1.42103e-10
1.64 -6.94236e-11
1.65 -7.34108e-10
1.66 -2.57773e-11
1.67 -2.9133e-10
1.68 8.94776e-11
1.69 -5.13383e-10
1.7 -2.48417e-10
1.71 1.86648e-11
1.72 -5.46478e-11
1.73 5.02029e-10
1.74 4.30833e-10
1.75 -4.74705e-10
1.76 1.03032e-09
1.77 -3.33371e-10
1.78 2.40768e-10
1.79 -1.85206e-10
1.8 1.38905e-10
1.81 -1.11124e-10
1.82 8.56579e-11
1.83 -6.94524e-11
1.84 5.09317e-11
1.85 -4.63016e-11
1.86 2.77809e-11
1.87 -9.26031e-12
1.88 9.26031e-12
1.89 -9.26031e-12
1.9 9.26031e-12
1.91 -9.26031e-12
1.92 9.26031e-12
1.93 9.26031e-12
1.94 -9.26031e-12
1.95 9.26031e-12
1.96 -9.26031e-12
1.97 9.26031e-12
1.98 -9.26031e-12
1.99 1.85206e-11
2 -1.19701e-09
2.01 4.25974e-10
2.02 -3.51892e-10
2.03 2.77809e-10
2.04 -2.03727e-10
2.05 1.85206e-10
2.06 -1.66686e-10
2.07 1.11124e-10
2.08 -1.11124e-10
2.09 3.70413e-11
2.1 -3.70413e-11
2.11 0
2.12 -7.40825e-11
2.13 7.40825e-11
2.14 -1.48165e-10
2.15 7.40825e-11
2.16 -7.40825e-11
2.17 -7.40825e-11
2.18 7.40825e-11
2.19 -7.40825e-11
2.2 7.40825e-11
2.21 -7.40825e-11
2.22 -4.49171e-09
2.23 1.48165e-09
2.24 3.41751e-09
2.25 -7.03784e-10
2.26 5.37098e-10
2.27 -3.88933e-10
2.28 2.77809e-10
2.29 -1.85206e-10
2.3 2.59289e-10
2.31 -1.11124e-10
2.32 1.11124e-10
2.33 -1.11124e-10
2.34 1.11124e-10
2.35 -7.40825e-11
2.36 7.40825e-11
2.37 -7.40825e-11
2.38 0
2.39 0
2.4 -7.40825e-11
2.41 7.40825e-11
2.42 -7.40825e-11
2.43 5.55619e-11
2.44 -5.55619e-11
2.45 5.55619e-11
2.46 -5.55619e-11
2.47 7.40825e-11
2.48 0
2.49 0
2.5 0
2.51 1.48165e-10
2.52 1.14145e-09
2.53 -2.9633e-10
2.54 2.9633e-10
2.55 1.37197e-10
2.56 0
2.57 4.33527e-10
2.58 -1.48165e-10
2.59 2.9633e-10
2.6 578251
2.61 1.31928e+06
2.62 -116212
2.63 20507.9
2.64 -3619.05
2.65 638.655
2.66 -112.704
2.67 19.8889
2.68 -3.50981
2.69 0.619378
2.7 -0.109302
2.71 0.0192886
2.72 -0.00340387
2.73 0.000600682
2.74 -0.000106004
2.75 1.87083e-05
2.76 -3.30221e-06
2.77 5.83952e-07
2.78 -1.03862e-07
2.79 1.8979e-08
2.8 -2.05648e-09
2.81 2.04206e-10
2.82 4.78932e-10
2.83 4.15963e-11
2.84 -1.31315e-10
2.85 -4.16377e-10
2.86 -5.17588e-11
2.87 -3.69214e-10
2.88 -1.28949e-10
2.89 5.53173e-10
2.9 -6.60679e-10
2.91 -1.10685e-09
2.92 -1.09409e-09
2.93 -1.15493e-09
2.94 -5.09531e-10
2.95 -1.6454e-09
2.96 3.07931e-12
2.97 -2.78435e-10
2.98 8.26453e-10
2.99 -9.35172e-11
3 6.39419e-10
3.01 1.55573e-09
3.02 -1.2594e-09
3.03 8.8899e-10
3.04 -7.40825e-10
3.05 5.9266e-10
3.06 -5.18578e-10
3.07 3.70413e-10
3.08 -2.22248e-10
3.09 1.48165e-10
3.1 -1.48165e-10
3.11 7.40825e-11
3.12 -1.11124e-10
3.13 3.70413e-11
3.14 -3.70413e-11
3.15 7.40825e-11
3.16 -5.55619e-11
3.17 2.77809e-11
3.18 -1.85206e-11
3.19 1.38905e-11
3.2 -4.63016e-12
3.21 0
3.22 0
3.23 0
3.24 0
3.25 0
3.26 3.70413e-11
3.27 -3.70413e-11
3.28 3.70413e-11
3.29 -3.70413e-11
3.3 3.70413e-11
3.31 3.70413e-11
3.32 -3.70413e-11
3.33 3.70413e-11
3.34 -3.70413e-11
3.35 3.70413e-11
3.36 3.70413e-11
3.37 -3.70413e-11
3.38 7.40825e-11
3.39 -7.40825e-11
3.4 7.40825e-11
3.41 7.40825e-11
3.42 -7.40825e-11
3.43 7.40825e-11
3.44 -7.40825e-11
3.45 1.48165e-10
3.46 4.96642e-10
3.47 2.11279e-10
3.48 -7.40825e-11
3.49 7.40825e-11
3.5 6.44807e-10
3.51 -1.48165e-10
3.52 1.48165e-10
3.53 -1.48165e-10
3.54 1.48165e-10
3.55 -1.48165e-10
3.56 1.48165e-10
3.57 2.2829e-09
3.58 -8.14908e-10
3.59 7.40825e-10
3.6 -5.18578e-10
3.61 3.70413e-10
3.62 2.06065e-09
3.63 -5.9266e-10
3.64 5.18578e-10
3.65 -4.44495e-10
3.66 2.9633e-10
3.67 199830
3.68 719763
3.69 -110164
3.7 19440.7
3.71 -3430.71
3.72 605.42
3.73 -106.839
3.74 18.8539
3.75 -3.32716
3.76 0.587146
3.77 -0.103614
3.78 0.0182848
3.79 -0.00322674
3.8 0.000569424
3.81 -0.000100486
3.82 1.77325e-05
3.83 -3.12985e-06
3.84 5.51886e-07
3.85 -9.80765e-08
3.86 1.71952e-08
3.87 -3.31772e-09
3.88 5.04099e-10
3.89 1.66183e-10
3.9 3.46886e-10
3.91 9.15337e-11
3.92 5.28182e-11
3.93 -4.96794e-10
3.94 -6.60727e-10
3.95 5.57063e-10
3.96 1.93606e-10
3.97 -1.53373e-09
3.98 1.24744e-09
3.99 5.86323e-10
4 2.6496e-10
4.01 -8.96108e-10
4.02 -2.52074e-10
4.03 7.35056e-11
4.04 7.04263e-11
4.05 -1.82291e-09
4.06 -1.94558e-09
4.07 -2.37064e-09
4.08 1.7965e-09
4.09 -1.37979e-09
4.1 1.05336e-09
4.11 -8.01017e-10
4.12 6.20441e-10
4.13 -4.90797e-10
4.14 3.70413e-10
4.15 -2.9633e-10
4.16 2.22248e-10
4.17 -1.48165e-10
4.18 1.48165e-10
4.19 -7.40825e-11
4.2 7.40825e-11
4.21 3.70413e-11
4.22 -3.70413e-11
4.23 3.70413e-11
4.24 -3.70413e-11
4.25 1.11124e-10
4.26 -3.70413e-11
4.27 3.70413e-11
4.28 3.70413e-11
4.29 3.70413e-11
4.3 7.40825e-11
4.31 -7.40825e-11
4.32 7.40825e-11
4.33 -7.40825e-11
4.34 2.22248e-10
4.35 -7.40825e-11
4.36 7.40825e-11
4.37 3.59445e-10
4.38 2.11279e-10
4.39 -7.40825e-11
4.4 2.22248e-10
4.41 -7.40825e-11
4.42 2.22248e-10
4.43 -7.40825e-11
4.44 7.40825e-11
4.45 -7.40825e-11
4.46 2.22248e-10
4.47 -7.40825e-11
4.48 4.78804e-09
4.49 2.86189e-09
4.5 -2.22248e-10
4.51 2.22248e-10
4.52 -1.48165e-10
4.53 7.40825e-11
4.54 199489
4.55 558366
4.56 -98535.1
4.57 17388.6
4.58 -3068.57
4.59 541.512
4.6 -95.5609
4.61 16.8637
4.62 -2.97595
4.63 0.525167
4.64 -0.0926765
4.65 0.0163547
4.66 -0.00288612
4.67 0.000509316
4.68 -8.98773e-05
4.69 1.58612e-05
4.7 -2.80035e-06
4.71 4.94661e-07
4.72 -8.83887e-08
4.73 1.4054e-08
4.74 -1.60337e-09
4.75 1.48135e-09
4.76 -8.4298e-10
4.77 1.66739e-09
4.78 -7.23196e-10
4.79 -7.11077e-10
4.8 -1.82791e-10
4.81 -2.03549e-10
4.82 -5.83497e-10
4.83 -2.0737e-10
4.84 1.79586e-10
4.85 -1.73203e-10
4.86 -6.86167e-10
4.87 2.07774e-11
4.88 -1.07679e-09
4.89 3.60791e-10
4.9 4.65469e-10
4.91 -1.18725e-10
4.92 -9.573e-10
4.93 9.90397e-10
4.94 -4.58157e-10
4.95 -8.75328e-10
4.96 -3.70413e-10
4.97 2.9633e-10
4.98 -2.9633e-10
4.99 7.40825e-11
5 -2.22248e-10
5.01 1.48165e-10
5.02 -1.48165e-10
5.03 7.40825e-11
5.04 -7.40825e-11
5.05 0
5.06 -7.40825e-11
5.07 7.40825e-11
5.08 -7.40825e-11
5.09 3.70413e-11
5.1 0
5.11 -1.85206e-11
5.12 0
5.13 0
5.14 -1.15754e-12
5.15 1.15754e-12
5.16 0
5.17 0
5.18 0
5.19 9.26031e-12
5.2 9.26031e-12
5.21 0
5.22 0
5.23 7.40825e-11
5.24 0
5.25 0
5.26 0
5.27 0
5.28 0
5.29 0
5.3 0
5.31 0
5.32 0
5.33 0
5.34 0
5.35 0
5.36 0
5.37 0
5.38 0
5.39 0
5.4 0
5.41 0
5.42 0
5.43 0
5.44 4.33527e-10
5.45 4.22559e-10
5.46 -1.48165e-10
5.47 2.9633e-10
5.48 -2.9633e-10
5.49 2.9633e-10
5.5 -1.48165e-10
5.51 1.48165e-10
5.52 -1.48165e-10
5.53 2.9633e-10
5.54 -1.48165e-10
5.55 1.48165e-10
5.56 -1.48165e-10
5.57 2.9633e-10
5.58 -1.48165e-10
5.59 2.9633e-10
5.6 -1.48165e-10
5.61 7.40825e-11
5.62 0
5.63 7.40825e-11
5.64 7.40825e-11
5.65 452963
5.66 145046
5.67 -25596.4
5.68 4517.01
5.69 -797.12
5.7 140.668
5.71 -24.8238
5.72 4.38067
5.73 -0.773059
5.74 0.136422
5.75 -0.0240745
5.76 0.00424844
5.77 -0.000749726
5.78 0.000132302
5.79 -2.33498e-05
5.8 4.11746e-06
5.81 -7.27003e-07
5.82 1.29536e-07
5.83 -2.11182e-08
5.84 4.78111e-09
5.85 -1.38948e-09
5.86 4.22656e-09
5.87 2.33516e-09
5.88 -6.92116e-10
5.89 1.41552e-09
5.9 -8.39742e-11
5.91 -4.49961e-10
5.92 1.12543e-09
5.93 -9.11098e-10
5.94 -6.51165e-10
5.95 4.81059e-10
5.96 -2.60926e-10
5.97 -4.68355e-10
5.98 -3.19806e-10
5.99 -6.68859e-10
6 9.8751e-10
6.01 -6.19984e-10
6.02 -6.04206e-11
6.03 -8.8899e-10
6.04 4.44495e-10
6.05 -2.9633e-10
6.06 1.48165e-10
6.07 -1.48165e-10
6.08 0
6.09 0
6.1 0
6.11 0
6.12 -7.40825e-11
6.13 3.70413e-11
6.14 -3.70413e-11
6.15 3.70413e-11
6.16 -3.70413e-11
6.17 0
6.18 0
6.19 0
6.2 0
6.21 -9.26031e-12
6.22 0
6.23 0
6.24 0
6.25 2.31508e-12
6.26 0
6.27 0
6.28 0
6.29 0
6.3 0
6.31 0
6.32 0
6.33 3.70413e-11
6.34 -3.70413e-11
6.35 3.70413e-11
6.36 -3.70413e-11
6.37 3.70413e-11
6.38 3.70413e-11
6.39 -3.70413e-11
6.4 3.70413e-11
6.41 -3.70413e-11
6.42 3.70413e-11
6.43 -3.70413e-11
6.44 3.70413e-11
6.45 3.70413e-11
6.46 -3.70413e-11
6.47 1.11124e-10
6.48 -1.85206e-10
6.49 1.85206e-10
6.5 -1.11124e-10
6.51 1.11124e-10
6.52 -1.11124e-10
6.53 1.85206e-10
6.54 -1.11124e-10
6.55 1.11124e-10
6.56 1.10441e-09
6.57 -3.70413e-10
6.58 2.9633e-10
6.59 3.48476e-10
6.6 -3.70413e-11
6.61 3.70413e-11
6.62 -3.70413e-11
6.63 3.70413e-11
6.64 1.79722e-10
6.65 -3.70413e-11
6.66 3.70413e-11
6.67 -3.70413e-11
6.68 1.11124e-10
6.69 -1.11124e-10
6.7 3.70413e-11
6.71 3.70413e-11
6.72 -3.70413e-11
6.73 3.70413e-11
6.74 -3.70413e-11
6.75 1.25257e-09
6.76 -4.81536e-10
6.77 3.33371e-10
6.78 -2.59289e-10
6.79 2.59289e-10
6.8 -1.11124e-10
6.81 3.70413e-11
6.82 -3.70413e-11
6.83 3.70413e-11
6.84 -3.70413e-11
6.85 3.70413e-11
6.86 -3.70413e-11
6.87 3.70413e-11
6.88 3.70413e-11
6.89 0
6.9 1.85206e-11
6.91 -1.85206e-11
6.92 1.62056e-11
6.93 -1.27329e-11
6.94 1.38905e-11
6.95 -1.38905e-11
6.96 1.38905e-11
6.97 -1.38905e-11
6.98 1.38905e-11
6.99 -4.63016e-12
7 4.63016e-12
7.01 -4.63016e-12
7.02 4.63016e-12
7.03 -4.63016e-12
7.04 -1.38905e-11
7.05 1.38905e-11
7.06 -3.24111e-11
7.07 2.31508e-11
7.08 -4.16714e-11
7.09 -2.27364e-09
7.1 7.40825e-10
7.11 1.69024e-09
7.12 -3.33371e-10
7.13 2.59289e-10
7.14 -2.59289e-10
7.15 1.85206e-10
7.16 -1.85206e-10
7.17 -2.24585e-09
7.18 6.29701e-10
7.19 5.85829e-10
7.2 -3.70413e-11
7.21 3.70413e-11
7.22 -3.70413e-11
7.23 -6.81848e-10
7.24 -1.00156e-10
7.25 -1.11124e-10
7.26 1.11124e-10
7.27 -1.11124e-10
7.28 1.11124e-10
7.29 -1.11124e-10
7.3 -1.10441e-09
7.31 3.33371e-10
7.32 -2.59289e-10
7.33 -2.24585e-09
7.34 -1.57911e-09
7.35 2.59289e-10
7.36 -1.85206e-10
7.37 1.11124e-10
7.38 -3.70413e-11
7.39 -3.70413e-11
7.4 3.70413e-11
7.41 -1.11124e-10
7.42 7.40825e-11
7.43 -3.70413e-11
7.44 3.70413e-11
7.45 -3.70413e-11
7.46 1.85206e-11
7.47 -1.85206e-11
7.48 1.85206e-11
7.49 -1.85206e-11
7.5 1.85206e-11
7.51 -1.85206e-11
7.52 9.26031e-12
7.53 -9.26031e-12
7.54 0
7.55 -9.26031e-12
7.56 9.26031e-12
7.57 -9.26031e-12
7.58 6.94524e-12
7.59 -9.26031e-12
7.6 1.85206e-11
7.61 -1.85206e-11
7.62 1.85206e-11
7.63 -1.85206e-11
7.64 5.55619e-11
7.65 -1.85206e-11
7.66 1.85206e-11
7.67 1.85206e-11
7.68 5.55619e-11
7.69 -7.40825e-11
7.7 7.40825e-11
7.71 -7.40825e-11
7.72 0
7.73 0
7.74 0
7.75 0
7.76 0
7.77 0
7.78 0
7.79 0
7.8 3.70413e-11
7.81 -3.70413e-11
7.82 0
7.83 0
7.84 3.70413e-11
7.85 -3.70413e-11
7.86 3.70413e-11
7.87 3.70413e-11
7.88 2.48321e-10
7.89 -3.70413e-11
7.9 3.70413e-11
7.91 -3.70413e-11
7.92 3.70413e-11
7.93 -6.81848e-10
7.94 2.59289e-10
7.95 -3.70413e-11
7.96 3.70413e-11
7.97 3.70413e-11
7.98 -3.70413e-11
7.99 3.70413e-11
8 -3.70413e-11
8.01 3.70413e-11
8.02 -3.70413e-11
8.03 3.70413e-11
8.04 -3.70413e-11
8.05 3.70413e-11
8.06 3.70413e-11
8.07 -7.40825e-11
8.08 3.70413e-11
8.09 -3.70413e-11
8.1 3.70413e-11
8.11 -3.70413e-11
8.12 3.70413e-11
8.13 0
8.14 0
8.15 0
8.16 2.30142e-09
8.17 -7.77866e-10
8.18 5.9266e-10
8.19 -4.58386e-10
8.2 3.47262e-10
8.21 -2.77809e-10
8.22 2.03727e-10
8.23 -1.85206e-10
8.24 1.48165e-10
8.25 -1.11124e-10
8.26 7.40825e-11
8.27 -7.40825e-11
8.28 3.70413e-11
8.29 -7.40825e-11
8.3 7.40825e-11
8.31 -7.40825e-11
8.32 3.70413e-11
8.33 -7.40825e-11
8.34 3.70413e-11
8.35 0
8.36 0
8.37 0
8.38 -3.70413e-11
8.39 0
8.4 -3.70413e-11
8.41 3.70413e-11
8.42 -3.70413e-11
8.43 3.70413e-11
8.44 -3.70413e-11
8.45 -3.70413e-11
8.46 -3.70413e-11
8.47 3.70413e-11
8.48 -3.22403e-10
8.49 -3.15572e-11
8.5 1.79722e-10
8.51 -1.11124e-10
8.52 1.11124e-10
8.53 -1.11124e-10
8.54 3.70413e-11
8.55 -3.70413e-11
8.56 3.70413e-11
8.57 -1.11124e-10
8.58 -1.17849e-09
8.59 -1.87544e-09
8.6 4.07454e-10
8.61 -2.59289e-10
8.62 -2.13473e-09
8.63 6.66743e-10
8.64 -5.18578e-10
8.65 -1.91248e-09
8.66 5.00057e-10
8.67 -3.88933e-10
8.68 -2.00509e-09
8.69 -1.73654e-09
8.7 3.56522e-10
8.71 -2.72022e-10
8.72 -2.06991e-09
8.73 6.29701e-10
8.74 -4.81536e-10
8.75 -1.91248e-09
8.76 5.18578e-10
8.77 1.87544e-09
8.78 -4.81536e-10
8.79 3.70413e-10
8.8 -2.59289e-10
8.81 1.85206e-10
8.82 -1.11124e-10
8.83 3.70413e-11
8.84 -3.70413e-11
8.85 3.70413e-11
8.86 0
8.87 3.70413e-11
8.88 -3.70413e-11
8.89 3.70413e-11
8.9 0
8.91 5.70724e-10
8.92 -1.85206e-10
8.93 1.85206e-10
8.94 4.596e-10
8.95 -3.70413e-11
8.96 0
8.97 0
8.98 0
8.99 0
9 1.08382e-10
9.01 3.42992e-11
9.02 0
9.03 1.79722e-10
9.04 2.11279e-10
9.05 -3.70413e-11
9.06 3.70413e-11
9.07 -3.70413e-11
9.08 3.70413e-11
9.09 5.33683e-10
9.1 3.85518e-10
9.11 -7.40825e-11
9.12 7.40825e-11
9.13 0
9.14 3.70413e-11
9.15 -3.70413e-11
9.16 3.70413e-11
9.17 0
9.18 1.15997e-09
9.19 -3.88933e-10
9.2 2.9633e-10
9.21 -2.22248e-10
9.22 1.75946e-10
9.23 -1.38905e-10
9.24 1.06494e-10
9.25 -8.10278e-11
9.26 6.0192e-11
9.27 -4.16714e-11
9.28 3.70413e-11
9.29 -3.70413e-11
9.3 0
9.31 0
9.32 0
9.33 -1.17849e-09
9.34 4.07454e-10
9.35 -3.14851e-10
9.36 2.22248e-10
9.37 -1.85206e-10
9.38 1.38905e-10
9.39 -1.20384e-10
9.4 8.33428e-11
9.41 -6.48222e-11
9.42 4.63016e-11
9.43 -2.77809e-11
9.44 2.77809e-11
9.45 -9.26031e-12
9.46 9.26031e-12
9.47 -1.85206e-11
9.48 1.85206e-11
9.49 -9.26031e-12
9.5 9.26031e-12
9.51 -1.85206e-11
9.52 1.85206e-11
9.53 -1.85206e-11
9.54 0
9.55 0
9.56 0
9.57 0
9.58 0
9.59 0
9.6 0
9.61 0
9.62 0
9.63 -2.70954e-11
9.64 -2.64099e-11
9.65 4.63016e-12
9.66 -4.63016e-12
9.67 4.63016e-12
9.68 0
9.69 0
9.7 -1.61202e-10
9.71 7.40825e-11
9.72 -5.55619e-11
9.73 3.70413e-11
9.74 -3.70413e-11
9.75 2.77809e-11
9.76 -1.85206e-11
9.77 1.85206e-11
9.78 -1.85206e-11
9.79 -5.70724e-10
9.8 2.03727e-10
9.81 4.04038e-10
9.82 -5.55619e-11
9.83 2.77809e-11
9.84 -2.77809e-11
9.85 1.38905e-11
9.86 -1.15754e-11
9.87 4.63016e-12
9.88 -4.63016e-12
9.89 9.26031e-12
9.9 5.79984e-10
9.91 -1.94467e-10
9.92 1.75946e-10
9.93 1.64978e-10
9.94 0
9.95 0
9.96 0
9.97 0
9.98 0
9.99 0
10 0
