0.005 0
0.01 0
0.015 0
0.02 0
0.025 0
0.03 0
0.035 0
0.04 0
0.045 0
0.05 0
0.055 0
0.06 0
0.065 0
0.07 0
0.075 0
0.08 0
0.085 0
0.09 0
0.095 0
0.1 0
0.105 0
0.11 0
0.115 0
0.12 0
0.125 0
0.13 0
0.135 0
0.14 0
0.145 0
0.15 0
0.155 0
0.16 0
0.165 0
0.17 0
0.175 0
0.18 0
0.185 0
0.19 0
0.195 0
0.2 0
0.205 0
0.21 0
0.215 0
0.22 0
0.225 0
0.23 0
0.235 0
0.24 0
0.245 0
0.25 0
0.255 0
0.26 0
0.265 0
0.27 0
0.275 0
0.28 0
0.285 0
0.29 0
0.295 0
0.3 0
0.305 0
0.31 0
0.315 0
0.32 0
0.325 0
0.33 0
0.335 0
0.34 0
0.345 0
0.35 0
0.355 0
0.36 0
0.365 0
0.37 0
0.375 0
0.38 0
0.385 0
0.39 0
0.395 0
0.4 0
0.405 0
0.41 0
0.415 0
0.42 0
0.425 0
0.43 0
0.435 0
0.44 0
0.445 0
0.45 0
0.455 0
0.46 0
0.465 0
0.47 0
0.475 0
0.48 0
0.485 0
0.49 0
0.495 0
0.5 0
0.505 0
0.51 0
0.515 0
0.52 0
0.525 0
0.53 0
0.535 0
0.54 0
0.545 0
0.55 0
0.555 0
0.56 0
0.565 0
0.57 0
0.575 0
0.58 0
0.585 0
0.59 0
0.595 0
0.6 0
0.605 0
0.61 0
0.615 0
0.62 0
0.625 0
0.63 0
0.635 0
0.64 0
0.645 0
0.65 0
0.655 0
0.66 0
0.665 0
0.67 0
0.675 0
0.68 0
0.685 0
0.69 0
0.695 0
0.7 0
0.705 0
0.71 0
0.715 0
0.72 0
0.725 0
0.73 0
0.735 0
0.74 0
0.745 0
0.75 0
0.755 0
0.76 0
0.765 0
0.77 0
0.775 0
0.78 0
0.785 0
0.79 0
0.795 0
0.8 0
0.805 0
0.81 0
0.815 0
0.82 0
0.825 0
0.83 0
0.835 0
0.84 0
0.845 0
0.85 0
0.855 0
0.86 0
0.865 0
0.87 0
0.875 0
0.88 0
0.885 0
0.89 0
0.895 0
0.9 0
0.905 0
0.91 0
0.915 0
0.92 0
0.925 0
0.93 0
0.935 0
0.94 0
0.945 0
0.95 0
0.955 0
0.96 0
0.965 0
0.97 0
0.975 0
0.98 0
0.985 0
0.99 0
0.995 0
1 0
1.005 0
1.01 0
1.015 0
1.02 0
1.025 0
1.03 0
1.035 0
1.04 0
1.045 0
1.05 0
1.055 0
1.06 0
1.065 0
1.07 0
1.075 0
1.08 0
1.085 0
1.09 0
1.095 0
1.1 0
1.105 0
1.11 0
1.115 0
1.12 0
1.125 0
1.13 0
1.135 0
1.14 0
1.145 0
1.15 0
1.155 0
1.16 0
1.165 0
1.17 0
1.175 0
1.18 0
1.185 0
1.19 0
1.195 0
1.2 0
1.205 0
1.21 0
1.215 0
1.22 0
1.225 0
1.23 0
1.235 0
1.24 0
1.245 0
1.25 0
1.255 0
1.26 0
1.265 0
1.27 0
1.275 0
1.28 0
1.285 0
1.29 0
1.295 0
1.3 0
1.305 0
1.31 0
1.315 0
1.32 0
1.325 0
1.33 0
1.335 0
1.34 0
1.345 0
1.35 0
1.355 0
1.36 0
1.365 0
1.37 0
1.375 0
1.38 0
1.385 0
1.39 0
1.395 0
1.4 0
1.405 0
1.41 0
1.415 0
1.42 0
1.425 0
1.43 0
1.435 0
1.44 0
1.445 0
1.45 0
1.455 0
1.46 0
1.465 0
1.47 0
1.475 0
1.48 0
1.485 0
1.49 0
1.495 0
1.5 0
1.505 0
1.51 0
1.515 0
1.52 0
1.525 0
1.53 0
1.535 0
1.54 0
1.545 0
1.55 0
1.555 0
1.56 0
1.565 0
1.57 0
1.575 0
1.58 0
1.585 0
1.59 0
1.595 0
1.6 0
1.605 0
1.61 0
1.615 0
1.62 0
1.625 0
1.63 0
1.635 0
1.64 0
1.645 0
1.65 0
1.655 0
1.66 0
1.665 0
1.67 0
1.675 0
1.68 0
1.685 0
1.69 0
1.695 0
1.7 0
1.705 0
1.71 0
1.715 0
1.72 117482
1.725 230669
1.73 282904
1.735 364421
1.74 405230
1.745 454936
1.75 475079
1.755 493302
1.76 488918
1.765 477833
1.77 449466
1.775 413518
1.78 365178
1.785 310859
1.79 248999
1.795 184204
1.8 116636
1.805 49780.8
1.81 0
1.815 0
1.82 0
1.825 0
1.83 0
1.835 0
1.84 0
1.845 0
1.85 0
1.855 0
1.86 0
1.865 0
1.87 0
1.875 0
1.88 0
1.885 0
1.89 0
1.895 0
1.9 0
1.905 0
1.91 0
1.915 0
1.92 0
1.925 0
1.93 0
1.935 0
1.94 0
1.945 0
1.95 0
1.955 0
1.96 0
1.965 0
1.97 0
1.975 0
1.98 0
1.985 0
1.99 0
1.995 0
2 0
2.005 0
2.01 0
2.015 0
2.02 0
2.025 0
2.03 0
2.035 0
2.04 0
2.045 0
2.05 0
2.055 0
2.06 0
2.065 0
2.07 0
2.075 0
2.08 0
2.085 0
2.09 0
2.095 0
2.1 0
2.105 0
2.11 0
2.115 0
2.12 0
2.125 0
2.13 0
2.135 0
2.14 0
2.145 0
2.15 0
2.155 0
2.16 0
2.165 0
2.17 0
2.175 0
2.18 0
2.185 0
2.19 0
2.195 0
2.2 0
2.205 0
2.21 0
2.215 0
2.22 0
2.225 0
2.23 0
2.235 0
2.24 0
2.245 0
2.25 0
2.255 0
2.26 0
2.265 0
2.27 0
2.275 0
2.28 0
2.285 0
2.29 0
2.295 0
2.3 0
2.305 0
2.31 0
2.315 0
2.32 0
2.325 0
2.33 0
2.335 0
2.34 0
2.345 0
2.35 0
2.355 0
2.36 0
2.365 0
2.37 0
2.375 0
2.38 0
2.385 0
2.39 0
2.395 0
2.4 0
2.405 0
2.41 0
2.415 0
2.42 0
2.425 0
2.43 0
2.435 0
2.44 0
2.445 0
2.45 207581
2.455 228173
2.46 354239
2.465 385753
2.47 468082
2.475 490886
2.48 534366
2.485 538035
2.49 546592
2.495 527389
2.5 505885
2.505 465041
2.51 419924
2.515 362239
2.52 301402
2.525 233940
2.53 166094
2.535 96924.1
2.54 30738.9
2.545 0
2.55 0
2.555 0
2.56 0
2.565 0
2.57 0
2.575 0
2.58 0
2.585 0
2.59 0
2.595 0
2.6 0
2.605 0
2.61 0
2.615 0
2.62 0
2.625 0
2.63 0
2.635 0
2.64 0
2.645 0
2.65 0
2.655 0
2.66 0
2.665 0
2.67 0
2.675 0
2.68 0
2.685 0
2.69 0
2.695 0
2.7 0
2.705 0
2.71 0
2.715 0
2.72 0
2.725 0
2.73 0
2.735 0
2.74 0
2.745 0
2.75 0
2.755 0
2.76 140644
2.765 128848
2.77 219285
2.775 224360
2.78 281380
2.785 286881
2.79 316564
2.795 313595
2.8 319985
2.805 304824
2.81 291760
2.815 264339
2.82 236221
2.825 199006
2.83 160902
2.835 117952
2.84 75325.9
2.845 31444.2
2.85 0
2.855 0
2.86 0
2.865 0
2.87 0
2.875 0
2.88 0
2.885 0
2.89 0
2.895 0
2.9 0
2.905 0
2.91 0
2.915 0
2.92 0
2.925 0
2.93 0
2.935 0
2.94 0
2.945 0
2.95 0
2.955 0
2.96 0
2.965 0
2.97 0
2.975 0
2.98 0
2.985 0
2.99 0
2.995 0
3 0
3.005 0
3.01 0
3.015 0
3.02 0
3.025 0
3.03 0
3.035 0
3.04 0
3.045 0
3.05 0
3.055 0
3.06 0
3.065 0
3.07 0
3.075 0
3.08 0
3.085 0
3.09 0
3.095 0
3.1 0
3.105 0
3.11 0
3.115 0
3.12 0
3.125 0
3.13 0
3.135 0
3.14 0
3.145 0
3.15 0
3.155 0
3.16 0
3.165 0
3.17 0
3.175 0
3.18 0
3.185 0
3.19 0
3.195 0
3.2 0
3.205 0
3.21 0
3.215 0
3.22 0
3.225 0
3.23 0
3.235 0
3.24 0
3.245 0
3.25 0
3.255 0
3.26 0
3.265 0
3.27 0
3.275 0
3.28 0
3.285 0
3.29 0
3.295 0
3.3 0
3.305 0
3.31 0
3.315 0
3.32 0
3.325 0
3.33 0
3.335 0
3.34 0
3.345 0
3.35 0
3.355 0
3.36 0
3.365 0
3.37 0
3.375 0
3.38 0
3.385 0
3.39 0
3.395 0
3.4 0
3.405 0
3.41 0
3.415 0
3.42 0
3.425 0
3.43 0
3.435 0
3.44 0
3.445 0
3.45 0
3.455 0
3.46 0
3.465 0
3.47 0
3.475 0
3.48 0
3.485 0
3.49 0
3.495 0
3.5 0
3.505 0
3.51 0
3.515 0
3.52 0
3.525 0
3.53 0
3.535 0
3.54 0
3.545 0
3.55 0
3.555 0
3.56 0
3.565 0
3.57 0
3.575 0
3.58 0
3.585 0
3.59 0
3.595 0
3.6 0
3.605 0
3.61 0
3.615 0
3.62 0
3.625 0
3.63 0
3.635 0
3.64 0
3.645 0
3.65 0
3.655 0
3.66 0
3.665 0
3.67 0
3.675 0
3.68 0
3.685 0
3.69 0
3.695 0
3.7 0
3.705 0
3.71 0
3.715 0
3.72 0
3.725 0
3.73 0
3.735 0
3.74 0
3.745 0
3.75 0
3.755 0
3.76 0
3.765 0
3.77 0
3.775 0
3.78 0
3.785 0
3.79 0
3.795 0
3.8 0
3.805 0
3.81 0
3.815 0
3.82 0
3.825 0
3.83 0
3.835 0
3.84 0
3.845 0
3.85 0
3.855 0
3.86 0
3.865 0
3.87 0
3.875 0
3.88 0
3.885 0
3.89 0
3.895 0
3.9 0
3.905 0
3.91 0
3.915 0
3.92 0
3.925 0
3.93 0
3.935 0
3.94 0
3.945 0
3.95 0
3.955 0
3.96 0
3.965 0
3.97 0
3.975 0
3.98 0
3.985 0
3.99 0
3.995 0
4 0
4.005 0
4.01 0
4.015 0
4.02 0
4.025 0
4.03 0
4.035 0
4.04 0
4.045 0
4.05 0
4.055 0
4.06 0
4.065 0
4.07 0
4.075 0
4.08 0
4.085 0
4.09 0
4.095 0
4.1 0
4.105 0
4.11 0
4.115 0
4.12 0
4.125 0
4.13 0
4.135 0
4.14 0
4.145 0
4.15 0
4.155 0
4.16 0
4.165 0
4.17 0
4.175 0
4.18 0
4.185 0
4.19 0
4.195 0
4.2 0
4.205 0
4.21 0
4.215 0
4.22 0
4.225 0
4.23 0
4.235 0
4.24 0
4.245 0
4.25 0
4.255 0
4.26 0
4.265 0
4.27 0
4.275 0
4.28 0
4.285 0
4.29 0
4.295 0
4.3 0
4.305 0
4.31 0
4.315 0
4.32 0
4.325 0
4.33 0
4.335 0
4.34 0
4.345 0
4.35 0
4.355 0
4.36 0
4.365 0
4.37 0
4.375 0
4.38 0
4.385 0
4.39 0
4.395 0
4.4 0
4.405 0
4.41 0
4.415 0
4.42 0
4.425 0
4.43 0
4.435 0
4.44 0
4.445 0
4.45 0
4.455 0
4.46 0
4.465 0
4.47 0
4.475 0
4.48 0
4.485 0
4.49 0
4.495 0
4.5 0
4.505 0
4.51 0
4.515 0
4.52 0
4.525 0
4.53 0
4.535 0
4.54 0
4.545 0
4.55 0
4.555 0
4.56 0
4.565 0
4.57 0
4.575 0
4.58 0
4.585 0
4.59 0
4.595 0
4.6 0
4.605 0
4.61 0
4.615 0
4.62 0
4.625 0
4.63 0
4.635 0
4.64 0
4.645 0
4.65 0
4.655 0
4.66 0
4.665 0
4.67 255806
4.675 370134
4.68 503244
4.685 593198
4.69 681327
4.695 733471
4.7 772732
4.705 780963
4.71 771877
4.715 736729
4.72 684554
4.725 612189
4.73 526386
4.735 427238
4.74 320310
4.745 207446
4.75 93400.6
4.755 0
4.76 0
4.765 0
4.77 0
4.775 0
4.78 0
4.785 0
4.79 0
4.795 0
4.8 0
4.805 0
4.81 0
4.815 0
4.82 0
4.825 0
4.83 0
4.835 0
4.84 0
4.845 0
4.85 0
4.855 0
4.86 0
4.865 0
4.87 0
4.875 0
4.88 0
4.885 0
4.89 0
4.895 0
4.9 0
4.905 0
4.91 0
4.915 0
4.92 0
4.925 0
4.93 0
4.935 0
4.94 0
4.945 0
4.95 0
4.955 0
4.96 0
4.965 0
4.97 0
4.975 0
4.98 0
4.985 0
4.99 0
4.995 0
5 0
5.005 0
5.01 0
5.015 0
5.02 0
5.025 0
5.03 0
5.035 0
5.04 0
5.045 0
5.05 0
5.055 0
5.06 0
5.065 0
5.07 0
5.075 0
5.08 0
5.085 0
5.09 0
5.095 0
5.1 0
5.105 0
5.11 0
5.115 0
5.12 0
5.125 0
5.13 0
5.135 0
5.14 0
5.145 0
5.15 0
5.155 0
5.16 0
5.165 0
5.17 297706
5.175 294776
5.18 477027
5.185 497731
5.19 610332
5.195 623731
5.2 677832
5.205 667880
5.21 671766
5.215 632800
5.22 595119
5.225 528856
5.23 459803
5.235 373032
5.24 284291
5.245 186849
5.25 90800.4
5.255 0
5.26 0
5.265 0
5.27 0
5.275 0
5.28 0
5.285 0
5.29 0
5.295 0
5.3 0
5.305 0
5.31 0
5.315 0
5.32 0
5.325 0
5.33 0
5.335 0
5.34 0
5.345 0
5.35 0
5.355 0
5.36 0
5.365 0
5.37 0
5.375 0
5.38 0
5.385 0
5.39 0
5.395 0
5.4 0
5.405 0
5.41 0
5.415 0
5.42 0
5.425 0
5.43 0
5.435 0
5.44 0
5.445 0
5.45 0
5.455 0
5.46 0
5.465 0
5.47 0
5.475 0
5.48 0
5.485 0
5.49 0
5.495 0
5.5 0
5.505 0
5.51 0
5.515 0
5.52 0
5.525 0
5.53 0
5.535 0
5.54 0
5.545 0
5.55 0
5.555 0
5.56 0
5.565 0
5.57 0
5.575 0
5.58 0
5.585 0
5.59 0
5.595 0
5.6 0
5.605 0
5.61 0
5.615 0
5.62 0
5.625 0
5.63 0
5.635 0
5.64 0
5.645 0
5.65 0
5.655 0
5.66 0
5.665 0
5.67 0
5.675 0
5.68 0
5.685 0
5.69 0
5.695 0
5.7 0
5.705 0
5.71 0
5.715 0
5.72 0
5.725 0
5.73 0
5.735 0
5.74 0
5.745 0
5.75 0
5.755 0
5.76 0
5.765 0
5.77 0
5.775 0
5.78 0
5.785 0
5.79 0
5.795 0
5.8 0
5.805 0
5.81 0
5.815 0
5.82 0
5.825 0
5.83 0
5.835 0
5.84 0
5.845 0
5.85 0
5.855 0
5.86 0
5.865 0
5.87 0
5.875 0
5.88 0
5.885 0
5.89 0
5.895 0
5.9 0
5.905 0
5.91 0
5.915 0
5.92 0
5.925 0
5.93 0
5.935 0
5.94 0
5.945 0
5.95 0
5.955 0
5.96 0
5.965 0
5.97 0
5.975 0
5.98 0
5.985 0
5.99 0
5.995 0
6 0
6.005 0
6.01 0
6.015 0
6.02 0
6.025 0
6.03 0
6.035 0
6.04 0
6.045 0
6.05 0
6.055 0
6.06 0
6.065 0
6.07 0
6.075 0
6.08 0
6.085 0
6.09 0
6.095 0
6.1 0
6.105 0
6.11 0
6.115 0
6.12 0
6.125 0
6.13 0
6.135 0
6.14 0
6.145 0
6.15 0
6.155 0
6.16 0
6.165 0
6.17 0
6.175 0
6.18 0
6.185 0
6.19 0
6.195 0
6.2 0
6.205 0
6.21 0
6.215 0
6.22 0
6.225 0
6.23 0
6.235 0
6.24 0
6.245 0
6.25 0
6.255 0
6.26 0
6.265 0
6.27 0
6.275 0
6.28 0
6.285 0
6.29 0
6.295 0
6.3 0
6.305 0
6.31 0
6.315 0
6.32 0
6.325 0
6.33 0
6.335 0
6.34 0
6.345 0
6.35 0
6.355 0
6.36 0
6.365 0
6.37 0
6.375 0
6.38 0
6.385 0
6.39 0
6.395 0
6.4 0
6.405 0
6.41 0
6.415 0
6.42 0
6.425 0
6.43 0
6.435 0
6.44 0
6.445 0
6.45 0
6.455 0
6.46 0
6.465 11881.7
6.47 140551
6.475 119138
6.48 197141
6.485 187923
6.49 229039
6.495 217859
6.5 230505
6.505 210858
6.51 201384
6.515 171751
6.52 146000
6.525 108090
6.53 71946
6.535 29400.7
6.54 0
6.545 0
6.55 0
6.555 0
6.56 0
6.565 0
6.57 0
6.575 0
6.58 0
6.585 0
6.59 0
6.595 0
6.6 0
6.605 0
6.61 0
6.615 0
6.62 0
6.625 0
6.63 0
6.635 0
6.64 0
6.645 0
6.65 0
6.655 0
6.66 0
6.665 0
6.67 0
6.675 0
6.68 0
6.685 0
6.69 0
6.695 0
6.7 0
6.705 0
6.71 0
6.715 0
6.72 0
6.725 0
6.73 0
6.735 0
6.74 0
6.745 0
6.75 0
6.755 0
6.76 0
6.765 0
6.77 0
6.775 0
6.78 0
6.785 0
6.79 0
6.795 0
6.8 0
6.805 0
6.81 0
6.815 0
6.82 0
6.825 0
6.83 0
6.835 0
6.84 0
6.845 0
6.85 0
6.855 0
6.86 0
6.865 0
6.87 0
6.875 0
6.88 0
6.885 0
6.89 0
6.895 0
6.9 0
6.905 0
6.91 0
6.915 0
6.92 0
6.925 0
6.93 0
6.935 0
6.94 0
6.945 0
6.95 0
6.955 0
6.96 0
6.965 0
6.97 0
6.975 0
6.98 0
6.985 0
6.99 0
6.995 0
7 0
7.005 0
7.01 0
7.015 0
7.02 0
7.025 0
7.03 0
7.035 0
7.04 0
7.045 0
7.05 0
7.055 0
7.06 0
7.065 0
7.07 0
7.075 0
7.08 0
7.085 0
7.09 0
7.095 0
7.1 0
7.105 0
7.11 0
7.115 0
7.12 0
7.125 0
7.13 0
7.135 0
7.14 0
7.145 0
7.15 0
7.155 0
7.16 0
7.165 0
7.17 0
7.175 0
7.18 0
7.185 0
7.19 0
7.195 0
7.2 0
7.205 0
7.21 0
7.215 0
7.22 0
7.225 0
7.23 0
7.235 0
7.24 0
7.245 0
7.25 0
7.255 0
7.26 0
7.265 0
7.27 0
7.275 0
7.28 0
7.285 0
7.29 0
7.295 0
7.3 0
7.305 0
7.31 0
7.315 0
7.32 0
7.325 0
7.33 0
7.335 0
7.34 0
7.345 0
7.35 0
7.355 0
7.36 0
7.365 0
7.37 0
7.375 0
7.38 0
7.385 0
7.39 0
7.395 0
7.4 0
7.405 0
7.41 0
7.415 0
7.42 0
7.425 0
7.43 0
7.435 0
7.44 0
7.445 0
7.45 0
7.455 0
7.46 0
7.465 0
7.47 0
7.475 0
7.48 0
7.485 0
7.49 0
7.495 0
7.5 0
7.505 63334
7.51 95001.3
7.515 123581
7.52 144933
7.525 161193
7.53 170180
7.535 173269
7.54 169539
7.545 160102
7.55 144870
7.555 124920
7.56 100697
7.565 73305.9
7.57 43504.6
7.575 12397.6
7.58 0
7.585 0
7.59 0
7.595 0
7.6 0
7.605 0
7.61 0
7.615 0
7.62 0
7.625 0
7.63 0
7.635 0
7.64 0
7.645 0
7.65 0
7.655 0
7.66 0
7.665 0
7.67 0
7.675 0
7.68 0
7.685 0
7.69 0
7.695 0
7.7 0
7.705 0
7.71 0
7.715 0
7.72 0
7.725 0
7.73 0
7.735 0
7.74 0
7.745 0
7.75 0
7.755 0
7.76 0
7.765 0
7.77 0
7.775 0
7.78 0
7.785 0
7.79 0
7.795 0
7.8 0
7.805 0
7.81 0
7.815 0
7.82 0
7.825 0
7.83 0
7.835 0
7.84 0
7.845 0
7.85 0
7.855 0
7.86 0
7.865 0
7.87 0
7.875 0
7.88 0
7.885 0
7.89 0
7.895 0
7.9 0
7.905 0
7.91 0
7.915 0
7.92 0
7.925 0
7.93 0
7.935 0
7.94 0
7.945 0
7.95 0
7.955 0
7.96 0
7.965 0
7.97 0
7.975 0
7.98 0
7.985 0
7.99 0
7.995 0
8 0
8.005 0
8.01 0
8.015 0
8.02 0
8.025 0
8.03 0
8.035 0
8.04 0
8.045 0
8.05 0
8.055 0
8.06 0
8.065 0
8.07 0
8.075 0
8.08 0
8.085 0
8.09 0
8.095 0
8.1 0
8.105 0
8.11 0
8.115 0
8.12 0
8.125 0
8.13 0
8.135 0
8.14 0
8.145 0
8.15 0
8.155 0
8.16 0
8.165 0
8.17 0
8.175 0
8.18 0
8.185 0
8.19 0
8.195 0
8.2 96790.1
8.205 183991
8.21 226636
8.215 288642
8.22 320203
8.225 356487
8.23 370177
8.235 380946
8.24 374194
8.245 361348
8.25 335063
8.255 302426
8.26 260243
8.265 213308
8.27 160759
8.275 106113
8.28 49727.4
8.285 0
8.29 0
8.295 0
8.3 0
8.305 0
8.31 0
8.315 0
8.32 0
8.325 0
8.33 0
8.335 0
8.34 0
8.345 0
8.35 0
8.355 0
8.36 0
8.365 0
8.37 0
8.375 0
8.38 0
8.385 0
8.39 0
8.395 0
8.4 0
8.405 0
8.41 0
8.415 0
8.42 0
8.425 0
8.43 0
8.435 0
8.44 0
8.445 0
8.45 0
8.455 0
8.46 0
8.465 0
8.47 0
8.475 0
8.48 0
8.485 0
8.49 0
8.495 0
8.5 0
8.505 0
8.51 0
8.515 0
8.52 0
8.525 0
8.53 0
8.535 0
8.54 0
8.545 0
8.55 0
8.555 0
8.56 0
8.565 0
8.57 0
8.575 0
8.58 0
8.585 0
8.59 0
8.595 0
8.6 0
8.605 0
8.61 0
8.615 0
8.62 0
8.625 0
8.63 0
8.635 0
8.64 0
8.645 0
8.65 0
8.655 0
8.66 0
8.665 0
8.67 0
8.675 0
8.68 0
8.685 0
8.69 0
8.695 0
8.7 0
8.705 0
8.71 0
8.715 0
8.72 0
8.725 0
8.73 0
8.735 0
8.74 0
8.745 0
8.75 0
8.755 0
8.76 0
8.765 0
8.77 0
8.775 0
8.78 0
8.785 0
8.79 0
8.795 0
8.8 0
8.805 0
8.81 0
8.815 0
8.82 0
8.825 0
8.83 0
8.835 0
8.84 0
8.845 0
8.85 0
8.855 0
8.86 0
8.865 0
8.87 0
8.875 0
8.88 0
8.885 0
8.89 0
8.895 0
8.9 0
8.905 0
8.91 0
8.915 0
8.92 0
8.925 0
8.93 0
8.935 0
8.94 0
8.945 0
8.95 0
8.955 0
8.96 0
8.965 0
8.97 0
8.975 0
8.98 0
8.985 0
8.99 0
8.995 0
9 0
9.005 0
9.01 0
9.015 0
9.02 0
9.025 0
9.03 0
9.035 0
9.04 0
9.045 0
9.05 0
9.055 0
9.06 0
9.065 0
9.07 0
9.075 0
9.08 0
9.085 0
9.09 0
9.095 0
9.1 0
9.105 0
9.11 0
9.115 0
9.12 0
9.125 0
9.13 0
9.135 0
9.14 0
9.145 0
9.15 0
9.155 0
9.16 0
9.165 0
9.17 0
9.175 0
9.18 0
9.185 0
9.19 0
9.195 0
9.2 0
9.205 0
9.21 0
9.215 0
9.22 0
9.225 0
9.23 0
9.235 0
9.24 0
9.245 0
9.25 0
9.255 0
9.26 0
9.265 0
9.27 0
9.275 0
9.28 0
9.285 0
9.29 0
9.295 0
9.3 0
9.305 0
9.31 0
9.315 0
9.32 0
9.325 0
9.33 0
9.335 0
9.34 0
9.345 0
9.35 0
9.355 0
9.36 0
9.365 0
9.37 0
9.375 0
9.38 0
9.385 0
9.39 0
9.395 0
9.4 0
9.405 0
9.41 0
9.415 0
9.42 0
9.425 0
9.43 0
9.435 0
9.44 0
9.445 0
9.45 0
9.455 0
9.46 0
9.465 0
9.47 0
9.475 0
9.48 0
9.485 0
9.49 0
9.495 0
9.5 0
9.505 0
9.51 0
9.515 0
9.52 0
9.525 0
9.53 0
9.535 0
9.54 0
9.545 0
9.55 0
9.555 0
9.56 0
9.565 0
9.57 0
9.575 0
9.58 0
9.585 0
9.59 0
9.595 0
9.6 0
9.605 0
9.61 0
9.615 0
9.62 0
9.625 0
9.63 0
9.635 0
9.64 0
9.645 0
9.65 0
9.655 0
9.66 0
9.665 0
9.67 0
9.675 0
9.68 0
9.685 0
9.69 0
9.695 0
9.7 0
9.705 0
9.71 0
9.715 0
9.72 0
9.725 0
9.73 0
9.735 0
9.74 0
9.745 0
9.75 0
9.755 0
9.76 0
9.765 0
9.77 0
9.775 0
9.78 0
9.785 0
9.79 0
9.795 0
9.8 0
9.805 0
9.81 0
9.815 0
9.82 0
9.825 0
9.83 0
9.835 0
9.84 0
9.845 0
9.85 0
9.855 0
9.86 0
9.865 0
9.87 0
9.875 0
9.88 0
9.885 0
9.89 0
9.895 0
9.9 0
9.905 0
9.91 0
9.915 0
9.92 0
9.925 0
9.93 0
9.935 0
9.94 0
9.945 0
9.95 0
9.955 0
9.96 0
9.965 0
9.97 0
9.975 0
9.98 0
9.985 0
9.99 0
9.995 0
10 0
