0.005 2.33223e-07
0.01 1.30982e-06
0.015 3.89264e-06
0.02 8.55049e-06
0.025 1.56892e-05
0.03 2.53963e-05
0.035 3.76013e-05
0.04 5.22345e-05
0.045 6.92175e-05
0.05 8.84543e-05
0.055 0.00010984
0.06 0.000133272
0.065 0.000158679
0.07 0.000186052
0.075 0.000215414
0.08 0.000246788
0.085 0.000280225
0.09 0.00031583
0.095 0.000353736
0.1 0.000394075
0.105 0.000436971
0.11 0.00048254
0.115 0.00053089
0.12 0.000582129
0.125 0.000636307
0.13 0.000693363
0.135 0.00075318
0.14 0.000815641
0.145 0.000880625
0.15 0.000948
0.155 0.00101763
0.16 0.00108938
0.165 0.0011631
0.17 0.00123863
0.175 0.00131579
0.18 0.00139442
0.185 0.00147437
0.19 0.0015556
0.195 0.0016381
0.2 0.00172184
0.205 0.00180689
0.21 0.00189345
0.215 0.00198179
0.22 0.00207218
0.225 0.00216488
0.23 0.00226014
0.235 0.00235822
0.24 0.00245938
0.245 0.00256381
0.25 0.00267164
0.255 0.00278293
0.26 0.00289778
0.265 0.00301617
0.27 0.00313795
0.275 0.00326288
0.28 0.00339073
0.285 0.00352129
0.29 0.00365439
0.295 0.00378992
0.3 0.00392771
0.305 0.00406761
0.31 0.00420941
0.315 0.00435285
0.32 0.00449771
0.325 0.00464374
0.33 0.00479077
0.335 0.00493862
0.34 0.00508713
0.345 0.00523609
0.35 0.00538529
0.355 0.00553446
0.36 0.00568336
0.365 0.00583185
0.37 0.00597997
0.375 0.00612789
0.38 0.00627575
0.385 0.00642376
0.39 0.00657227
0.395 0.00672167
0.4 0.00687236
0.405 0.00702472
0.41 0.00717911
0.415 0.00733588
0.42 0.00749536
0.425 0.00765781
0.43 0.00782332
0.435 0.0079919
0.44 0.00816356
0.445 0.00833807
0.45 0.00851483
0.455 0.00869299
0.46 0.00887173
0.465 0.0090503
0.47 0.00922804
0.475 0.00940436
0.48 0.00957869
0.485 0.00975042
0.49 0.00991891
0.495 0.0100835
0.5 0.0102436
0.505 0.0103989
0.51 0.0105503
0.515 0.0106989
0.52 0.0108461
0.525 0.0109927
0.53 0.0111395
0.535 0.011287
0.54 0.0114356
0.545 0.0115858
0.55 0.0117376
0.555 0.0118913
0.56 0.0120468
0.565 0.0122043
0.57 0.0123642
0.575 0.0125267
0.58 0.0126921
0.585 0.0128609
0.59 0.0130333
0.595 0.0132097
0.6 0.0133903
0.605 0.0135755
0.61 0.0137656
0.615 0.0139611
0.62 0.0141621
0.625 0.014369
0.63 0.0145817
0.635 0.0148001
0.64 0.0150238
0.645 0.0152527
0.65 0.0154859
0.655 0.0157226
0.66 0.015962
0.665 0.0162034
0.67 0.0164467
0.675 0.016692
0.68 0.0169395
0.685 0.0171892
0.69 0.017441
0.695 0.0176946
0.7 0.0179499
0.705 0.0182065
0.71 0.0184646
0.715 0.018724
0.72 0.0189847
0.725 0.0192467
0.73 0.0195094
0.735 0.0197722
0.74 0.0200345
0.745 0.0202957
0.75 0.0205553
0.755 0.0208127
0.76 0.0210674
0.765 0.0213187
0.77 0.021566
0.775 0.0218085
0.78 0.0220455
0.785 0.0222763
0.79 0.0225005
0.795 0.0227175
0.8 0.0229269
0.805 0.0231284
0.81 0.0233217
0.815 0.023507
0.82 0.0236842
0.825 0.0238531
0.83 0.0240135
0.835 0.0241648
0.84 0.0243068
0.845 0.0244388
0.85 0.0245603
0.855 0.0246706
0.86 0.024769
0.865 0.024855
0.87 0.0249284
0.875 0.0249892
0.88 0.0250372
0.885 0.0250727
0.89 0.025096
0.895 0.0251078
0.9 0.0251085
0.905 0.0250988
0.91 0.0250792
0.915 0.0250501
0.92 0.0250119
0.925 0.0249653
0.93 0.0249108
0.935 0.024849
0.94 0.0247806
0.945 0.0247061
0.95 0.0246258
0.955 0.0245401
0.96 0.0244493
0.965 0.0243533
0.97 0.0242518
0.975 0.0241442
0.98 0.02403
0.985 0.0239086
0.99 0.0237796
0.995 0.0236426
1 0.0234972
1.005 0.0233431
1.01 0.0231795
1.015 0.023006
1.02 0.0228219
1.025 0.0226264
1.03 0.0224192
1.035 0.0221996
1.04 0.0219671
1.045 0.0217212
1.05 0.0214614
1.055 0.0211872
1.06 0.0208983
1.065 0.0205944
1.07 0.0202761
1.075 0.0199438
1.08 0.0195984
1.085 0.0192403
1.09 0.01887
1.095 0.0184881
1.1 0.0180949
1.105 0.0176912
1.11 0.0172781
1.115 0.0168568
1.12 0.0164288
1.125 0.015995
1.13 0.0155558
1.135 0.0151113
1.14 0.0146615
1.145 0.0142069
1.15 0.0137493
1.155 0.0132907
1.16 0.0128332
1.165 0.0123794
1.17 0.0119323
1.175 0.0114956
1.18 0.0110726
1.185 0.0106664
1.19 0.010279
1.195 0.00991181
1.2 0.00956637
1.205 0.00924343
1.21 0.0089423
1.215 0.00866161
1.22 0.00840002
1.225 0.00815626
1.23 0.00792933
1.235 0.00771829
1.24 0.00752225
1.245 0.00734012
1.25 0.00717049
1.255 0.00701176
1.26 0.00686237
1.265 0.00672084
1.27 0.00658582
1.275 0.00645606
1.28 0.00633031
1.285 0.00620735
1.29 0.00608594
1.295 0.00596487
1.3 0.00584294
1.305 0.00571899
1.31 0.00559191
1.315 0.00546067
1.32 0.00532423
1.325 0.00518153
1.33 0.00503147
1.335 0.00487295
1.34 0.00470486
1.345 0.0045261
1.35 0.00433548
1.355 0.00413181
1.36 0.00391394
1.365 0.00368057
1.37 0.00343021
1.375 0.00316127
1.38 0.00287216
1.385 0.00256143
1.39 0.0022278
1.395 0.00187012
1.4 0.00148723
1.405 0.00107788
1.41 0.000640542
1.415 0.00017358
1.42 -0.000324621
1.425 -0.000855055
1.43 -0.00141749
1.435 -0.0020111
1.44 -0.00263506
1.445 -0.00328822
1.45 -0.00396881
1.455 -0.00467472
1.46 -0.0054039
1.465 -0.00615439
1.47 -0.00692448
1.475 -0.00771255
1.48 -0.00851702
1.485 -0.0093366
1.49 -0.0101706
1.495 -0.0110185
1.5 -0.0118801
1.505 -0.0127549
1.51 -0.0136429
1.515 -0.0145443
1.52 -0.015459
1.525 -0.016387
1.53 -0.0173278
1.535 -0.0182806
1.54 -0.0192449
1.545 -0.0202202
1.55 -0.0212065
1.555 -0.0222041
1.56 -0.0232133
1.565 -0.0242343
1.57 -0.0252677
1.575 -0.0263137
1.58 -0.027373
1.585 -0.028446
1.59 -0.0295339
1.595 -0.0306377
1.6 -0.0317587
1.605 -0.0328964
1.61 -0.0340467
1.615 -0.0352042
1.62 -0.0363631
1.625 -0.0375166
1.63 -0.038655
1.635 -0.039767
1.64 -0.0408419
1.645 -0.0418705
1.65 -0.0428479
1.655 -0.0437709
1.66 -0.0446364
1.665 -0.0454423
1.67 -0.0461889
1.675 -0.046877
1.68 -0.047508
1.685 -0.0480827
1.69 -0.0486016
1.695 -0.049065
1.7 -0.0494733
1.705 -0.0498273
1.71 -0.0501283
1.715 -0.0503783
1.72 -0.0505789
1.725 -0.0507309
1.73 -0.0508348
1.735 -0.0508911
1.74 -0.0509002
1.745 -0.0508627
1.75 -0.0507787
1.755 -0.0506483
1.76 -0.0504719
1.765 -0.0502497
1.77 -0.0499825
1.775 -0.0496708
1.78 -0.0493154
1.785 -0.0489171
1.79 -0.0484765
1.795 -0.0479942
1.8 -0.0474708
1.805 -0.0469072
1.81 -0.0463052
1.815 -0.0456666
1.82 -0.044993
1.825 -0.0442861
1.83 -0.0435478
1.835 -0.0427802
1.84 -0.0419852
1.845 -0.0411651
1.85 -0.0403215
1.855 -0.0394564
1.86 -0.0385717
1.865 -0.0376692
1.87 -0.0367509
1.875 -0.035819
1.88 -0.0348755
1.885 -0.0339225
1.89 -0.0329622
1.895 -0.031997
1.9 -0.0310289
1.905 -0.0300605
1.91 -0.0290941
1.915 -0.0281322
1.92 -0.0271775
1.925 -0.0262323
1.93 -0.0252989
1.935 -0.0243796
1.94 -0.0234765
1.945 -0.022592
1.95 -0.0217282
1.955 -0.0208878
1.96 -0.0200731
1.965 -0.0192864
1.97 -0.0185298
1.975 -0.0178053
1.98 -0.0171149
1.985 -0.0164607
1.99 -0.015845
1.995 -0.01527
2 -0.0147382
2.005 -0.0142516
2.01 -0.0138121
2.015 -0.0134215
2.02 -0.0130816
2.025 -0.0127941
2.03 -0.0125612
2.035 -0.012385
2.04 -0.0122679
2.045 -0.0122118
2.05 -0.0122182
2.055 -0.0122884
2.06 -0.0124239
2.065 -0.0126258
2.07 -0.0128954
2.075 -0.013234
2.08 -0.0136428
2.085 -0.0141226
2.09 -0.014674
2.095 -0.0152973
2.1 -0.0159927
2.105 -0.0167605
2.11 -0.0176011
2.115 -0.0185154
2.12 -0.0195037
2.125 -0.0205655
2.13 -0.0216975
2.135 -0.0228953
2.14 -0.0241544
2.145 -0.0254706
2.15 -0.0268401
2.155 -0.0282591
2.16 -0.0297241
2.165 -0.0312267
2.17 -0.0327495
2.175 -0.0342702
2.18 -0.035767
2.185 -0.0372219
2.19 -0.0386244
2.195 -0.0399678
2.2 -0.0412455
2.205 -0.0424537
2.21 -0.0435949
2.215 -0.0446742
2.22 -0.0456969
2.225 -0.0466666
2.23 -0.0475839
2.235 -0.0484479
2.24 -0.0492577
2.245 -0.0500141
2.25 -0.0507209
2.255 -0.0513833
2.26 -0.0520066
2.265 -0.0525953
2.27 -0.0531527
2.275 -0.0536811
2.28 -0.0541832
2.285 -0.0546616
2.29 -0.0551199
2.295 -0.0555618
2.3 -0.0559912
2.305 -0.0564114
2.31 -0.0568246
2.315 -0.0572327
2.32 -0.0576376
2.325 -0.0580413
2.33 -0.0584461
2.335 -0.0588548
2.34 -0.0592698
2.345 -0.0596936
2.35 -0.0601285
2.355 -0.0605766
2.36 -0.0610401
2.365 -0.0615208
2.37 -0.0620206
2.375 -0.0625411
2.38 -0.0630838
2.385 -0.063651
2.39 -0.0642453
2.395 -0.0648701
2.4 -0.0655286
2.405 -0.0662213
2.41 -0.0669431
2.415 -0.0676864
2.42 -0.0684436
2.425 -0.069204
2.43 -0.0699509
2.435 -0.0706644
2.44 -0.0713249
2.445 -0.0719198
2.45 -0.0724492
2.455 -0.0729198
2.46 -0.0733381
2.465 -0.0737087
2.47 -0.0740325
2.475 -0.0743083
2.48 -0.0745352
2.485 -0.0747137
2.49 -0.0748473
2.495 -0.074941
2.5 -0.0749997
2.505 -0.0750281
2.51 -0.0750298
2.515 -0.0750084
2.52 -0.0749671
2.525 -0.0749099
2.53 -0.0748421
2.535 -0.0747693
2.54 -0.0746973
2.545 -0.074629
2.55 -0.0745616
2.555 -0.0744895
2.56 -0.0744071
2.565 -0.0743083
2.57 -0.0741857
2.575 -0.0740314
2.58 -0.0738376
2.585 -0.0735992
2.59 -0.0733162
2.595 -0.072991
2.6 -0.0726264
2.605 -0.0722242
2.61 -0.0717851
2.615 -0.0713092
2.62 -0.0707965
2.625 -0.0702476
2.63 -0.0696637
2.635 -0.0690465
2.64 -0.0683976
2.645 -0.0677187
2.65 -0.0670118
2.655 -0.0662785
2.66 -0.0655207
2.665 -0.0647403
2.67 -0.0639389
2.675 -0.0631181
2.68 -0.0622797
2.685 -0.0614252
2.69 -0.0605563
2.695 -0.0596747
2.7 -0.0587822
2.705 -0.0578802
2.71 -0.0569705
2.715 -0.0560545
2.72 -0.0551336
2.725 -0.0542094
2.73 -0.0532835
2.735 -0.0523574
2.74 -0.0514327
2.745 -0.0505109
2.75 -0.0495934
2.755 -0.0486816
2.76 -0.0477766
2.765 -0.0468792
2.77 -0.0459902
2.775 -0.0451107
2.78 -0.0442416
2.785 -0.0433834
2.79 -0.0425346
2.795 -0.0416933
2.8 -0.0408576
2.805 -0.0400256
2.81 -0.0391953
2.815 -0.0383648
2.82 -0.0375321
2.825 -0.0366954
2.83 -0.0358525
2.835 -0.0350012
2.84 -0.0341396
2.845 -0.033266
2.85 -0.0323798
2.855 -0.0314805
2.86 -0.0305676
2.865 -0.0296412
2.87 -0.0287024
2.875 -0.0277526
2.88 -0.0267935
2.885 -0.0258265
2.89 -0.0248526
2.895 -0.0238724
2.9 -0.022887
2.905 -0.0218972
2.91 -0.0209045
2.915 -0.0199106
2.92 -0.0189171
2.925 -0.0179258
2.93 -0.0169379
2.935 -0.0159548
2.94 -0.014978
2.945 -0.0140088
2.95 -0.0130489
2.955 -0.0121001
2.96 -0.0111639
2.965 -0.0102421
2.97 -0.00933605
2.975 -0.00844699
2.98 -0.00757623
2.985 -0.00672508
2.99 -0.00589487
2.995 -0.00508696
3 -0.00430269
3.005 -0.00354179
3.01 -0.00280082
3.015 -0.00207478
3.02 -0.00135873
3.025 -0.000648534
3.03 5.83368e-05
3.035 0.000763632
3.04 0.00146908
3.045 0.00217544
3.05 0.00288159
3.055 0.00358546
3.06 0.00428501
3.065 0.00497867
3.07 0.00566572
3.075 0.00634594
3.08 0.00701907
3.085 0.00768444
3.09 0.00834048
3.095 0.00898524
3.1 0.00961674
3.105 0.0102332
3.11 0.0108334
3.115 0.0114159
3.12 0.0119796
3.125 0.0125232
3.13 0.0130451
3.135 0.0135435
3.14 0.0140167
3.145 0.014463
3.15 0.0148812
3.155 0.01527
3.16 0.0156281
3.165 0.0159544
3.17 0.0162477
3.175 0.016507
3.18 0.0167311
3.185 0.0169212
3.19 0.0170826
3.195 0.0172226
3.2 0.0173487
3.205 0.0174661
3.21 0.0175767
3.215 0.0176805
3.22 0.0177773
3.225 0.0178664
3.23 0.0179459
3.235 0.018013
3.24 0.0180652
3.245 0.0181006
3.25 0.0181185
3.255 0.0181192
3.26 0.0181028
3.265 0.0180684
3.27 0.0180133
3.275 0.0179338
3.28 0.0178263
3.285 0.0176879
3.29 0.017518
3.295 0.0173166
3.3 0.017084
3.305 0.0168192
3.31 0.0165193
3.315 0.0161804
3.32 0.0157985
3.325 0.0153756
3.33 0.0149249
3.335 0.0144651
3.34 0.0140148
3.345 0.0135884
3.35 0.0131919
3.355 0.0128275
3.36 0.0124971
3.365 0.0122013
3.37 0.0119372
3.375 0.0117009
3.38 0.011488
3.385 0.0112954
3.39 0.0111211
3.395 0.010964
3.4 0.0108231
3.405 0.0106964
3.41 0.0105809
3.415 0.0104724
3.42 0.0103672
3.425 0.0102612
3.43 0.0101509
3.435 0.0100324
3.44 0.00990208
3.445 0.00976002
3.45 0.0096135
3.455 0.00947343
3.46 0.00935059
3.465 0.0092536
3.47 0.00918686
3.475 0.00915266
3.48 0.00915328
3.485 0.00918964
3.49 0.00926008
3.495 0.00936163
3.5 0.00949134
3.505 0.00964711
3.51 0.00982841
3.515 0.0100356
3.52 0.0102688
3.525 0.0105278
3.53 0.0108104
3.535 0.0111139
3.54 0.0114357
3.545 0.0117734
3.55 0.0121252
3.555 0.0124898
3.56 0.0128657
3.565 0.0132514
3.57 0.0136447
3.575 0.0140436
3.58 0.0144458
3.585 0.0148496
3.59 0.0152539
3.595 0.0156582
3.6 0.0160619
3.605 0.0164656
3.61 0.0168715
3.615 0.0172832
3.62 0.0177039
3.625 0.0181355
3.63 0.0185772
3.635 0.0190267
3.64 0.0194818
3.645 0.0199406
3.65 0.0204029
3.655 0.0208685
3.66 0.0213375
3.665 0.0218096
3.67 0.0222837
3.675 0.0227584
3.68 0.0232323
3.685 0.023704
3.69 0.0241728
3.695 0.0246377
3.7 0.0250982
3.705 0.0255532
3.71 0.0260012
3.715 0.0264406
3.72 0.0268697
3.725 0.027287
3.73 0.0276913
3.735 0.0280816
3.74 0.0284569
3.745 0.0288162
3.75 0.0291588
3.755 0.0294842
3.76 0.0297918
3.765 0.0300818
3.77 0.0303561
3.775 0.0306172
3.78 0.0308676
3.785 0.0311097
3.79 0.0313453
3.795 0.0315761
3.8 0.0318036
3.805 0.0320295
3.81 0.0322552
3.815 0.0324819
3.82 0.032711
3.825 0.032943
3.83 0.0331767
3.835 0.03341
3.84 0.0336409
3.845 0.0338678
3.85 0.0340896
3.855 0.0343054
3.86 0.0345146
3.865 0.034716
3.87 0.0349078
3.875 0.0350879
3.88 0.0352542
3.885 0.0354048
3.89 0.0355381
3.895 0.0356526
3.9 0.035747
3.905 0.0358197
3.91 0.0358687
3.915 0.0358918
3.92 0.035887
3.925 0.0358523
3.93 0.0357861
3.935 0.0356873
3.94 0.0355543
3.945 0.0353859
3.95 0.0351808
3.955 0.0349378
3.96 0.0346558
3.965 0.0343358
3.97 0.0339841
3.975 0.0336092
3.98 0.0332196
3.985 0.0328221
3.99 0.0324208
3.995 0.0320181
4 0.0316164
4.005 0.0312173
4.01 0.0308201
4.015 0.0304236
4.02 0.0300262
4.025 0.0296269
4.03 0.029225
4.035 0.0288206
4.04 0.0284133
4.045 0.0280035
4.05 0.0275929
4.055 0.0271837
4.06 0.026778
4.065 0.0263775
4.07 0.0259831
4.075 0.0255953
4.08 0.0252148
4.085 0.0248412
4.09 0.0244735
4.095 0.0241096
4.1 0.0237478
4.105 0.0233866
4.11 0.0230253
4.115 0.0226633
4.12 0.0223005
4.125 0.0219359
4.13 0.0215683
4.135 0.0211957
4.14 0.0208164
4.145 0.0204289
4.15 0.0200322
4.155 0.0196254
4.16 0.0192077
4.165 0.0187781
4.17 0.018335
4.175 0.0178766
4.18 0.0174012
4.185 0.0169071
4.19 0.0163934
4.195 0.0158591
4.2 0.0153033
4.205 0.014725
4.21 0.0141227
4.215 0.0134946
4.22 0.0128391
4.225 0.0121545
4.23 0.0114399
4.235 0.0106945
4.24 0.00991747
4.245 0.00910783
4.25 0.00826413
4.255 0.00738474
4.26 0.00646806
4.265 0.00551311
4.27 0.00452021
4.275 0.00349034
4.28 0.00242442
4.285 0.00132309
4.29 0.000186276
4.295 -0.000986382
4.3 -0.00219526
4.305 -0.00344021
4.31 -0.00472006
4.315 -0.00603314
4.32 -0.0073778
4.325 -0.00875191
4.33 -0.0101524
4.335 -0.0115758
4.34 -0.0130186
4.345 -0.0144744
4.35 -0.0159307
4.355 -0.0173722
4.36 -0.0187838
4.365 -0.0201554
4.37 -0.0214866
4.375 -0.0227822
4.38 -0.0240464
4.385 -0.0252832
4.39 -0.0264945
4.395 -0.0276816
4.4 -0.0288457
4.405 -0.0299879
4.41 -0.0311091
4.415 -0.0322098
4.42 -0.0332909
4.425 -0.0343515
4.43 -0.0353882
4.435 -0.0363962
4.44 -0.0373708
4.445 -0.0383078
4.45 -0.0392037
4.455 -0.0400557
4.46 -0.0408608
4.465 -0.0416158
4.47 -0.0423165
4.475 -0.0429587
4.48 -0.0435379
4.485 -0.0440518
4.49 -0.0445018
4.495 -0.0448912
4.5 -0.0452233
4.505 -0.0455011
4.51 -0.0457266
4.515 -0.0459017
4.52 -0.046028
4.525 -0.0461076
4.53 -0.0461439
4.535 -0.0461406
4.54 -0.0461011
4.545 -0.046029
4.55 -0.0459271
4.555 -0.0457979
4.56 -0.0456439
4.565 -0.0454681
4.57 -0.0452741
4.575 -0.0450663
4.58 -0.0448485
4.585 -0.0446248
4.59 -0.0443982
4.595 -0.0441719
4.6 -0.0439489
4.605 -0.0437323
4.61 -0.0435259
4.615 -0.0433337
4.62 -0.0431597
4.625 -0.0430076
4.63 -0.0428806
4.635 -0.0427814
4.64 -0.042713
4.645 -0.0426781
4.65 -0.0426796
4.655 -0.0427201
4.66 -0.0428023
4.665 -0.0429252
4.67 -0.04308
4.675 -0.0432532
4.68 -0.0434317
4.685 -0.0436055
4.69 -0.0437705
4.695 -0.0439254
4.7 -0.044069
4.705 -0.0442015
4.71 -0.0443248
4.715 -0.0444419
4.72 -0.044556
4.725 -0.0446699
4.73 -0.0447856
4.735 -0.0449049
4.74 -0.0450295
4.745 -0.0451619
4.75 -0.0453056
4.755 -0.0454648
4.76 -0.0456432
4.765 -0.0458441
4.77 -0.04607
4.775 -0.0463235
4.78 -0.0466069
4.785 -0.0469227
4.79 -0.0472731
4.795 -0.0476605
4.8 -0.0480873
4.805 -0.0485558
4.81 -0.0490693
4.815 -0.049631
4.82 -0.0502442
4.825 -0.0509101
4.83 -0.0516253
4.835 -0.0523847
4.84 -0.053183
4.845 -0.0540113
4.85 -0.0548539
4.855 -0.0556916
4.86 -0.0565052
4.865 -0.0572814
4.87 -0.0580174
4.875 -0.0587161
4.88 -0.0593803
4.885 -0.060012
4.89 -0.0606116
4.895 -0.0611789
4.9 -0.0617138
4.905 -0.0622163
4.91 -0.0626876
4.915 -0.0631291
4.92 -0.0635423
4.925 -0.063929
4.93 -0.0642918
4.935 -0.0646336
4.94 -0.0649576
4.945 -0.0652645
4.95 -0.0655517
4.955 -0.0658145
4.96 -0.0660483
4.965 -0.0662485
4.97 -0.0664101
4.975 -0.0665282
4.98 -0.0665979
4.985 -0.0666165
4.99 -0.0665855
4.995 -0.0665084
5 -0.0663888
5.005 -0.0662292
5.01 -0.0660306
5.015 -0.0657929
5.02 -0.0655161
5.025 -0.0652008
5.03 -0.0648492
5.035 -0.0644639
5.04 -0.0640477
5.045 -0.0636031
5.05 -0.0631317
5.055 -0.0626351
5.06 -0.062115
5.065 -0.0615728
5.07 -0.0610109
5.075 -0.0604314
5.08 -0.0598366
5.085 -0.0592288
5.09 -0.0586097
5.095 -0.0579811
5.1 -0.0573448
5.105 -0.0567021
5.11 -0.0560531
5.115 -0.0553979
5.12 -0.0547362
5.125 -0.0540669
5.13 -0.0533871
5.135 -0.0526927
5.14 -0.0519798
5.145 -0.0512455
5.15 -0.050489
5.155 -0.0497104
5.16 -0.04891
5.165 -0.0480879
5.17 -0.0472441
5.175 -0.0463778
5.18 -0.0454885
5.185 -0.0445761
5.19 -0.0436401
5.195 -0.0426803
5.2 -0.0416966
5.205 -0.0406899
5.21 -0.0396622
5.215 -0.0386166
5.22 -0.0375561
5.225 -0.0364837
5.23 -0.0354013
5.235 -0.0343108
5.24 -0.033214
5.245 -0.0321135
5.25 -0.0310131
5.255 -0.0299175
5.26 -0.028831
5.265 -0.0277552
5.27 -0.0266869
5.275 -0.0256206
5.28 -0.0245508
5.285 -0.0234723
5.29 -0.02238
5.295 -0.0212689
5.3 -0.020134
5.305 -0.0189729
5.31 -0.0177882
5.315 -0.016585
5.32 -0.0153683
5.325 -0.0141415
5.33 -0.0129057
5.335 -0.0116601
5.34 -0.0104043
5.345 -0.00913883
5.35 -0.00786622
5.355 -0.00659007
5.36 -0.00531393
5.365 -0.00404082
5.37 -0.00277276
5.375 -0.00151123
5.38 -0.000257722
5.385 0.000985969
5.39 0.00221738
5.395 0.00343375
5.4 0.00463233
5.405 0.00581062
5.41 0.00696658
5.415 0.00809839
5.42 0.00920427
5.425 0.0102826
5.43 0.0113321
5.435 0.0123516
5.44 0.0133401
5.445 0.0142974
5.45 0.0152253
5.455 0.0161268
5.46 0.0170046
5.465 0.0178612
5.47 0.0186988
5.475 0.0195194
5.48 0.0203246
5.485 0.0211165
5.49 0.0218965
5.495 0.0226662
5.5 0.0234271
5.505 0.0241798
5.51 0.0249234
5.515 0.0256559
5.52 0.0263754
5.525 0.0270803
5.53 0.0277697
5.535 0.0284426
5.54 0.0290984
5.545 0.029736
5.55 0.0303537
5.555 0.0309496
5.56 0.0315218
5.565 0.0320687
5.57 0.0325888
5.575 0.0330808
5.58 0.0335437
5.585 0.0339759
5.59 0.0343759
5.595 0.0347422
5.6 0.035073
5.605 0.0353669
5.61 0.0356225
5.615 0.0358386
5.62 0.036014
5.625 0.0361475
5.63 0.0362381
5.635 0.0362845
5.64 0.0362857
5.645 0.0362419
5.65 0.0361559
5.655 0.0360317
5.66 0.0358735
5.665 0.0356851
5.67 0.0354708
5.675 0.0352349
5.68 0.0349815
5.685 0.0347146
5.69 0.0344373
5.695 0.0341524
5.7 0.0338626
5.705 0.03357
5.71 0.0332747
5.715 0.0329761
5.72 0.0326734
5.725 0.0323662
5.73 0.032054
5.735 0.0317366
5.74 0.0314136
5.745 0.0310845
5.75 0.0307489
5.755 0.030406
5.76 0.0300551
5.765 0.0296962
5.77 0.0293303
5.775 0.0289591
5.78 0.0285844
5.785 0.0282078
5.79 0.0278314
5.795 0.0274569
5.8 0.0270866
5.805 0.0267218
5.81 0.0263634
5.815 0.026012
5.82 0.0256679
5.825 0.0253313
5.83 0.0250022
5.835 0.0246799
5.84 0.0243642
5.845 0.0240549
5.85 0.0237524
5.855 0.0234573
5.86 0.0231702
5.865 0.0228917
5.87 0.022622
5.875 0.022361
5.88 0.0221088
5.885 0.0218652
5.89 0.0216298
5.895 0.0214019
5.9 0.0211809
5.905 0.0209661
5.91 0.0207569
5.915 0.0205527
5.92 0.0203529
5.925 0.0201567
5.93 0.0199629
5.935 0.0197702
5.94 0.0195772
5.945 0.0193826
5.95 0.0191849
5.955 0.0189827
5.96 0.0187747
5.965 0.0185594
5.97 0.0183358
5.975 0.0181025
5.98 0.0178586
5.985 0.0176036
5.99 0.0173389
5.995 0.0170666
6 0.0167888
6.005 0.0165076
6.01 0.0162247
6.015 0.0159422
6.02 0.0156618
6.025 0.0153855
6.03 0.0151156
6.035 0.0148543
6.04 0.014604
6.045 0.0143659
6.05 0.0141391
6.055 0.0139216
6.06 0.0137116
6.065 0.0135072
6.07 0.0133068
6.075 0.013109
6.08 0.0129123
6.085 0.0127155
6.09 0.0125175
6.095 0.0123176
6.1 0.0121149
6.105 0.0119093
6.11 0.0117025
6.115 0.0114965
6.12 0.0112936
6.125 0.0110955
6.13 0.0109021
6.135 0.0107129
6.14 0.0105275
6.145 0.0103452
6.15 0.0101652
6.155 0.00998679
6.16 0.00980903
6.165 0.00963114
6.17 0.00945232
6.175 0.00927177
6.18 0.00908869
6.185 0.00890224
6.19 0.00871147
6.195 0.00851536
6.2 0.00831291
6.205 0.00810319
6.21 0.0078854
6.215 0.00765883
6.22 0.00742275
6.225 0.00717722
6.23 0.00692376
6.235 0.00666466
6.24 0.00640218
6.245 0.00613829
6.25 0.00587444
6.255 0.00561179
6.26 0.00535152
6.265 0.00509461
6.27 0.00484167
6.275 0.00459316
6.28 0.00434953
6.285 0.00411091
6.29 0.00387683
6.295 0.00364653
6.3 0.00341923
6.305 0.00319426
6.31 0.00297109
6.315 0.00274925
6.32 0.00252828
6.325 0.00230791
6.33 0.00208822
6.335 0.00186944
6.34 0.00165184
6.345 0.00143579
6.35 0.00122193
6.355 0.00101107
6.36 0.000803968
6.365 0.000601108
6.37 0.000402371
6.375 0.000207347
6.38 1.56292e-05
6.385 -0.000173123
6.39 -0.000359125
6.395 -0.00054253
6.4 -0.000723491
6.405 -0.00090221
6.41 -0.00107899
6.415 -0.0012542
6.42 -0.00142817
6.425 -0.00160126
6.43 -0.00177377
6.435 -0.00194601
6.44 -0.00211826
6.445 -0.00229052
6.45 -0.00246222
6.455 -0.00263248
6.46 -0.00280044
6.465 -0.00296505
6.47 -0.00312467
6.475 -0.00327727
6.48 -0.00342107
6.485 -0.00355454
6.49 -0.00367666
6.495 -0.0037867
6.5 -0.00388398
6.505 -0.00396838
6.51 -0.00404075
6.515 -0.00410247
6.52 -0.00415494
6.525 -0.00419934
6.53 -0.00423635
6.535 -0.00426642
6.54 -0.00428999
6.545 -0.00430745
6.55 -0.00431923
6.555 -0.00432575
6.56 -0.00432743
6.565 -0.00432467
6.57 -0.00431784
6.575 -0.00430727
6.58 -0.0042933
6.585 -0.00427637
6.59 -0.0042571
6.595 -0.0042362
6.6 -0.00421439
6.605 -0.00419252
6.61 -0.00417181
6.615 -0.00415362
6.62 -0.00413929
6.625 -0.00412934
6.63 -0.00412261
6.635 -0.00411713
6.64 -0.00411096
6.645 -0.00410267
6.65 -0.00409189
6.655 -0.00407875
6.66 -0.00406337
6.665 -0.00404595
6.67 -0.00402681
6.675 -0.00400632
6.68 -0.00398483
6.685 -0.00396253
6.69 -0.00393917
6.695 -0.00391431
6.7 -0.00388752
6.705 -0.00385848
6.71 -0.00382708
6.715 -0.0037933
6.72 -0.00375715
6.725 -0.00371865
6.73 -0.00367786
6.735 -0.00363489
6.74 -0.00358982
6.745 -0.00354291
6.75 -0.00349462
6.755 -0.00344558
6.76 -0.00339641
6.765 -0.00334766
6.77 -0.00329984
6.775 -0.00325341
6.78 -0.00320882
6.785 -0.00316664
6.79 -0.00312773
6.795 -0.00309305
6.8 -0.00306358
6.805 -0.0030402
6.81 -0.00302366
6.815 -0.00301463
6.82 -0.00301378
6.825 -0.00302212
6.83 -0.00304139
6.835 -0.00307364
6.84 -0.00312091
6.845 -0.0031848
6.85 -0.00326601
6.855 -0.00336484
6.86 -0.00348154
6.865 -0.00361537
6.87 -0.00376347
6.875 -0.00392199
6.88 -0.00408713
6.885 -0.00425535
6.89 -0.0044236
6.895 -0.0045891
6.9 -0.00474911
6.905 -0.00490181
6.91 -0.00504723
6.915 -0.00518631
6.92 -0.00531999
6.925 -0.00544909
6.93 -0.00557426
6.935 -0.00569605
6.94 -0.00581502
6.945 -0.00593188
6.95 -0.00604771
6.955 -0.00616379
6.96 -0.00628136
6.965 -0.00640117
6.97 -0.00652298
6.975 -0.00664609
6.98 -0.0067698
6.985 -0.00689316
6.99 -0.00701476
6.995 -0.00713296
7 -0.00724614
7.005 -0.00735271
7.01 -0.00745117
7.015 -0.00754006
7.02 -0.00761795
7.025 -0.00768386
7.03 -0.00773769
7.035 -0.00777983
7.04 -0.00781064
7.045 -0.00783075
7.05 -0.00784131
7.055 -0.00784376
7.06 -0.00783949
7.065 -0.00782982
7.07 -0.00781597
7.075 -0.00779903
7.08 -0.00778013
7.085 -0.0077604
7.09 -0.00774107
7.095 -0.00772338
7.1 -0.00770857
7.105 -0.00769781
7.11 -0.00769212
7.115 -0.00769245
7.12 -0.00769974
7.125 -0.00771481
7.13 -0.0077383
7.135 -0.00777074
7.14 -0.00781264
7.145 -0.00786392
7.15 -0.00792324
7.155 -0.00798868
7.16 -0.00805833
7.165 -0.00813034
7.17 -0.00820289
7.175 -0.00827422
7.18 -0.00834258
7.185 -0.00840662
7.19 -0.00846573
7.195 -0.00851969
7.2 -0.00856829
7.205 -0.00861156
7.21 -0.00865006
7.215 -0.0086846
7.22 -0.00871598
7.225 -0.0087446
7.23 -0.00877012
7.235 -0.00879179
7.24 -0.00880887
7.245 -0.00882096
7.25 -0.00882822
7.255 -0.00883113
7.26 -0.00883018
7.265 -0.00882586
7.27 -0.00881867
7.275 -0.00880918
7.28 -0.00879791
7.285 -0.00878543
7.29 -0.00877238
7.295 -0.00875944
7.3 -0.00874729
7.305 -0.00873654
7.31 -0.00872772
7.315 -0.00872133
7.32 -0.00871783
7.325 -0.00871778
7.33 -0.00872188
7.335 -0.00873092
7.34 -0.00874566
7.345 -0.0087666
7.35 -0.00879373
7.355 -0.00882677
7.36 -0.00886545
7.365 -0.00890931
7.37 -0.00895752
7.375 -0.0090091
7.38 -0.00906306
7.385 -0.00911852
7.39 -0.00917482
7.395 -0.00923142
7.4 -0.00928776
7.405 -0.00934377
7.41 -0.0094003
7.415 -0.00945861
7.42 -0.00952
7.425 -0.00958576
7.43 -0.00965727
7.435 -0.00973593
7.44 -0.00982312
7.445 -0.00991994
7.45 -0.0100269
7.455 -0.0101443
7.46 -0.0102724
7.465 -0.0104108
7.47 -0.0105581
7.475 -0.0107123
7.48 -0.0108716
7.485 -0.0110342
7.49 -0.0111993
7.495 -0.0113662
7.5 -0.0115343
7.505 -0.0117027
7.51 -0.0118704
7.515 -0.0120365
7.52 -0.0122
7.525 -0.0123603
7.53 -0.012517
7.535 -0.0126701
7.54 -0.0128196
7.545 -0.0129658
7.55 -0.0131091
7.555 -0.0132501
7.56 -0.0133894
7.565 -0.0135276
7.57 -0.0136654
7.575 -0.0138031
7.58 -0.0139413
7.585 -0.0140806
7.59 -0.0142217
7.595 -0.0143657
7.6 -0.0145135
7.605 -0.014666
7.61 -0.0148239
7.615 -0.014988
7.62 -0.0151588
7.625 -0.015337
7.63 -0.0155235
7.635 -0.0157191
7.64 -0.0159248
7.645 -0.0161411
7.65 -0.0163684
7.655 -0.0166065
7.66 -0.0168555
7.665 -0.0171151
7.67 -0.0173847
7.675 -0.0176636
7.68 -0.0179508
7.685 -0.0182457
7.69 -0.0185479
7.695 -0.0188572
7.7 -0.0191733
7.705 -0.0194963
7.71 -0.0198268
7.715 -0.0201658
7.72 -0.0205141
7.725 -0.0208727
7.73 -0.0212427
7.735 -0.0216251
7.74 -0.0220212
7.745 -0.022431
7.75 -0.0228528
7.755 -0.0232842
7.76 -0.0237226
7.765 -0.0241661
7.77 -0.0246144
7.775 -0.0250676
7.78 -0.025526
7.785 -0.0259892
7.79 -0.0264559
7.795 -0.026924
7.8 -0.0273916
7.805 -0.0278568
7.81 -0.0283176
7.815 -0.0287723
7.82 -0.029219
7.825 -0.0296564
7.83 -0.0300838
7.835 -0.0305011
7.84 -0.0309081
7.845 -0.0313045
7.85 -0.0316896
7.855 -0.0320625
7.86 -0.0324224
7.865 -0.0327687
7.87 -0.0331012
7.875 -0.03342
7.88 -0.0337253
7.885 -0.034017
7.89 -0.0342951
7.895 -0.0345592
7.9 -0.0348092
7.905 -0.035045
7.91 -0.0352669
7.915 -0.0354752
7.92 -0.0356703
7.925 -0.0358525
7.93 -0.0360218
7.935 -0.0361783
7.94 -0.0363219
7.945 -0.0364533
7.95 -0.0365744
7.955 -0.0366879
7.96 -0.0367962
7.965 -0.0369017
7.97 -0.0370061
7.975 -0.037111
7.98 -0.0372177
7.985 -0.0373268
7.99 -0.0374368
7.995 -0.0375452
8 -0.0376497
8.005 -0.0377481
8.01 -0.0378386
8.015 -0.0379194
8.02 -0.0379888
8.025 -0.0380457
8.03 -0.0380895
8.035 -0.0381201
8.04 -0.0381375
8.045 -0.0381418
8.05 -0.038134
8.055 -0.0381151
8.06 -0.0380863
8.065 -0.0380486
8.07 -0.0380019
8.075 -0.0379462
8.08 -0.0378813
8.085 -0.0378072
8.09 -0.0377244
8.095 -0.0376336
8.1 -0.0375355
8.105 -0.0374306
8.11 -0.0373191
8.115 -0.037201
8.12 -0.0370763
8.125 -0.0369452
8.13 -0.0368079
8.135 -0.0366648
8.14 -0.0365163
8.145 -0.0363627
8.15 -0.036204
8.155 -0.0360405
8.16 -0.0358721
8.165 -0.0356989
8.17 -0.0355208
8.175 -0.035338
8.18 -0.0351504
8.185 -0.034958
8.19 -0.0347604
8.195 -0.0345573
8.2 -0.034348
8.205 -0.0341317
8.21 -0.0339079
8.215 -0.0336763
8.22 -0.033437
8.225 -0.0331899
8.23 -0.0329353
8.235 -0.0326738
8.24 -0.032406
8.245 -0.0321326
8.25 -0.0318545
8.255 -0.0315729
8.26 -0.031289
8.265 -0.031004
8.27 -0.0307193
8.275 -0.0304364
8.28 -0.0301567
8.285 -0.0298817
8.29 -0.0296129
8.295 -0.0293515
8.3 -0.0290986
8.305 -0.028855
8.31 -0.0286212
8.315 -0.0283972
8.32 -0.0281831
8.325 -0.027979
8.33 -0.027785
8.335 -0.0276014
8.34 -0.0274283
8.345 -0.0272658
8.35 -0.0271138
8.355 -0.0269721
8.36 -0.0268405
8.365 -0.0267188
8.37 -0.0266069
8.375 -0.026505
8.38 -0.0264129
8.385 -0.0263305
8.39 -0.0262575
8.395 -0.0261932
8.4 -0.0261372
8.405 -0.0260891
8.41 -0.0260487
8.415 -0.0260161
8.42 -0.0259913
8.425 -0.0259741
8.43 -0.0259634
8.435 -0.025958
8.44 -0.0259567
8.445 -0.0259586
8.45 -0.0259639
8.455 -0.0259732
8.46 -0.0259871
8.465 -0.0260059
8.47 -0.0260294
8.475 -0.0260569
8.48 -0.026088
8.485 -0.0261227
8.49 -0.026162
8.495 -0.0262073
8.5 -0.0262602
8.505 -0.0263197
8.51 -0.0263804
8.515 -0.0264345
8.52 -0.0264744
8.525 -0.0264937
8.53 -0.0264883
8.535 -0.0264554
8.54 -0.0263923
8.545 -0.0262971
8.55 -0.0261694
8.555 -0.0260095
8.56 -0.0258179
8.565 -0.025595
8.57 -0.025341
8.575 -0.0250562
8.58 -0.0247409
8.585 -0.0243955
8.59 -0.0240212
8.595 -0.0236192
8.6 -0.0231908
8.605 -0.0227373
8.61 -0.0222599
8.615 -0.0217598
8.62 -0.0212381
8.625 -0.020696
8.63 -0.0201351
8.635 -0.0195569
8.64 -0.0189627
8.645 -0.0183541
8.65 -0.0177324
8.655 -0.0170988
8.66 -0.0164545
8.665 -0.0158008
8.67 -0.0151391
8.675 -0.0144707
8.68 -0.0137969
8.685 -0.0131192
8.69 -0.0124386
8.695 -0.0117565
8.7 -0.0110739
8.705 -0.0103921
8.71 -0.00971225
8.715 -0.00903557
8.72 -0.00836326
8.725 -0.00769614
8.73 -0.00703434
8.735 -0.00637759
8.74 -0.00572565
8.745 -0.00507819
8.75 -0.00443469
8.755 -0.00379454
8.76 -0.00315713
8.765 -0.00252208
8.77 -0.00188937
8.775 -0.0012592
8.78 -0.000631763
8.785 -7.55102e-06
8.79 0.000612332
8.795 0.00122649
8.8 0.00183354
8.805 0.00243235
8.81 0.00302228
8.815 0.00360294
8.82 0.00417395
8.825 0.00473522
8.83 0.00528725
8.835 0.00583084
8.84 0.00636679
8.845 0.00689537
8.85 0.00741583
8.855 0.00792694
8.86 0.00842744
8.865 0.00891598
8.87 0.00939085
8.875 0.00985021
8.88 0.0102923
8.885 0.0107153
8.89 0.0111176
8.895 0.0114976
8.9 0.0118539
8.905 0.0121848
8.91 0.0124886
8.915 0.0127635
8.92 0.0130078
8.925 0.0132193
8.93 0.0133957
8.935 0.0135342
8.94 0.013632
8.945 0.0136882
8.95 0.0137053
8.955 0.0136871
8.96 0.0136379
8.965 0.0135641
8.97 0.0134772
8.975 0.0133911
8.98 0.0133195
8.985 0.0132715
8.99 0.0132467
8.995 0.0132405
9 0.013248
9.005 0.0132657
9.01 0.0132929
9.015 0.0133299
9.02 0.0133771
9.025 0.0134344
9.03 0.0135009
9.035 0.0135751
9.04 0.0136558
9.045 0.0137429
9.05 0.0138395
9.055 0.0139499
9.06 0.0140786
9.065 0.0142282
9.07 0.0143982
9.075 0.0145866
9.08 0.0147912
9.085 0.0150103
9.09 0.0152431
9.095 0.015489
9.1 0.0157476
9.105 0.0160185
9.11 0.0163019
9.115 0.0165981
9.12 0.0169074
9.125 0.0172298
9.13 0.0175648
9.135 0.0179114
9.14 0.0182689
9.145 0.0186358
9.15 0.0190092
9.155 0.019386
9.16 0.0197627
9.165 0.0201364
9.17 0.0205043
9.175 0.0208639
9.18 0.0212129
9.185 0.0215484
9.19 0.0218667
9.195 0.0221637
9.2 0.0224352
9.205 0.0226773
9.21 0.0228866
9.215 0.0230596
9.22 0.023193
9.225 0.0232855
9.23 0.02334
9.235 0.0233614
9.24 0.0233545
9.245 0.0233238
9.25 0.0232732
9.255 0.0232063
9.26 0.0231266
9.265 0.0230364
9.27 0.0229353
9.275 0.0228219
9.28 0.0226948
9.285 0.0225536
9.29 0.0224006
9.295 0.0222393
9.3 0.022073
9.305 0.0219048
9.31 0.0217364
9.315 0.0215694
9.32 0.021405
9.325 0.021245
9.33 0.0210917
9.335 0.0209477
9.34 0.0208155
9.345 0.0206974
9.35 0.0205954
9.355 0.0205112
9.36 0.0204466
9.365 0.0204032
9.37 0.0203829
9.375 0.0203874
9.38 0.0204185
9.385 0.0204773
9.39 0.0205641
9.395 0.0206786
9.4 0.0208205
9.405 0.020989
9.41 0.0211822
9.415 0.0213976
9.42 0.021633
9.425 0.0218857
9.43 0.022153
9.435 0.0224321
9.44 0.0227202
9.445 0.0230145
9.45 0.0233123
9.455 0.0236113
9.46 0.023909
9.465 0.0242026
9.47 0.0244892
9.475 0.0247656
9.48 0.0250288
9.485 0.0252755
9.49 0.0255021
9.495 0.0257049
9.5 0.0258801
9.505 0.0260245
9.51 0.0261353
9.515 0.0262103
9.52 0.0262471
9.525 0.026247
9.53 0.0262186
9.535 0.0261738
9.54 0.0261245
9.545 0.0260791
9.55 0.026039
9.555 0.0260022
9.56 0.0259668
9.565 0.0259316
9.57 0.0258965
9.575 0.025862
9.58 0.0258287
9.585 0.0257968
9.59 0.0257663
9.595 0.0257365
9.6 0.025707
9.605 0.0256772
9.61 0.0256465
9.615 0.025614
9.62 0.025579
9.625 0.0255403
9.63 0.025496
9.635 0.0254436
9.64 0.0253809
9.645 0.0253057
9.65 0.0252162
9.655 0.0251111
9.66 0.0249889
9.665 0.0248501
9.67 0.0246991
9.675 0.0245423
9.68 0.024386
9.685 0.0242355
9.69 0.0240941
9.695 0.023964
9.7 0.0238476
9.705 0.0237459
9.71 0.0236572
9.715 0.0235789
9.72 0.0235083
9.725 0.0234433
9.73 0.0233832
9.735 0.023328
9.74 0.0232777
9.745 0.0232321
9.75 0.0231903
9.755 0.0231516
9.76 0.0231148
9.765 0.0230792
9.77 0.023044
9.775 0.0230087
9.78 0.0229725
9.785 0.0229345
9.79 0.0228931
9.795 0.0228466
9.8 0.0227929
9.805 0.0227304
9.81 0.022658
9.815 0.0225745
9.82 0.022479
9.825 0.0223703
9.83 0.0222475
9.835 0.0221096
9.84 0.0219556
9.845 0.0217846
9.85 0.0215964
9.855 0.0213909
9.86 0.0211679
9.865 0.0209277
9.87 0.0206713
9.875 0.0204004
9.88 0.0201162
9.885 0.0198205
9.89 0.0195149
9.895 0.0192013
9.9 0.0188817
9.905 0.0185579
9.91 0.0182316
9.915 0.0179047
9.92 0.0175789
9.925 0.0172554
9.93 0.0169345
9.935 0.0166159
9.94 0.0162993
9.945 0.0159852
9.95 0.0156758
9.955 0.0153738
9.96 0.0150822
9.965 0.014803
9.97 0.0145372
9.975 0.0142848
9.98 0.0140461
9.985 0.0138203
9.99 0.0136059
9.995 0.0134003
10 0.0132011
