0.005 9.3289e-05
0.01 0.00033735
0.015 0.000695776
0.02 0.00116737
0.025 0.00168812
0.03 0.00219471
0.035 0.00268728
0.04 0.00316599
0.045 0.00362723
0.05 0.00406747
0.055 0.00448693
0.06 0.00488582
0.065 0.0052768
0.07 0.00567238
0.075 0.00607253
0.08 0.00647719
0.085 0.00689751
0.09 0.00734452
0.095 0.00781794
0.1 0.0083175
0.105 0.00884105
0.11 0.00938647
0.115 0.00995354
0.12 0.010542
0.125 0.0111293
0.13 0.0116931
0.135 0.0122335
0.14 0.0127508
0.145 0.0132428
0.15 0.0137073
0.155 0.0141445
0.16 0.0145547
0.165 0.0149339
0.17 0.015278
0.175 0.0155874
0.18 0.0158625
0.185 0.0161191
0.19 0.0163731
0.195 0.0166244
0.2 0.016873
0.205 0.0171477
0.21 0.0174767
0.215 0.0178595
0.22 0.0182954
0.225 0.0187834
0.23 0.0193223
0.235 0.0199114
0.24 0.0205504
0.245 0.0212219
0.25 0.0219087
0.255 0.0226107
0.26 0.0233277
0.265 0.0240285
0.27 0.0246822
0.275 0.0252892
0.28 0.02585
0.285 0.0263739
0.29 0.0268699
0.295 0.0273383
0.3 0.0277794
0.305 0.0281823
0.31 0.0285362
0.315 0.0288416
0.32 0.029099
0.325 0.0293152
0.33 0.0294967
0.335 0.029644
0.34 0.0297575
0.345 0.0298286
0.35 0.0298493
0.355 0.0298201
0.36 0.0297413
0.365 0.0296535
0.37 0.0295964
0.375 0.0295698
0.38 0.0295733
0.385 0.0296321
0.39 0.0297711
0.395 0.0299896
0.4 0.0302866
0.405 0.0306576
0.41 0.0310981
0.415 0.0316074
0.42 0.0321847
0.425 0.0327964
0.43 0.0334092
0.435 0.034023
0.44 0.0346378
0.445 0.0351691
0.45 0.0355331
0.455 0.0357315
0.46 0.0357662
0.465 0.03566
0.47 0.0354355
0.475 0.0350939
0.48 0.0346365
0.485 0.0340551
0.49 0.0333418
0.495 0.0324979
0.5 0.0315248
0.505 0.030611
0.51 0.0299431
0.515 0.0295185
0.52 0.0293347
0.525 0.0293202
0.53 0.029404
0.535 0.0295853
0.54 0.0298629
0.545 0.0301967
0.55 0.0305469
0.555 0.0309133
0.56 0.0312958
0.565 0.0317209
0.57 0.0322149
0.575 0.0327772
0.58 0.0334069
0.585 0.0341022
0.59 0.0348611
0.595 0.035683
0.6 0.0365671
0.605 0.0375178
0.61 0.0385395
0.615 0.0396312
0.62 0.0407924
0.625 0.04197
0.63 0.0431116
0.635 0.0442177
0.64 0.0452885
0.645 0.0462529
0.65 0.0470406
0.655 0.0476533
0.66 0.0480929
0.665 0.0484601
0.67 0.0488546
0.675 0.049276
0.68 0.0497241
0.685 0.0501619
0.69 0.0505528
0.695 0.0508974
0.7 0.051196
0.705 0.051471
0.71 0.0517443
0.715 0.0520161
0.72 0.0522862
0.725 0.0524938
0.73 0.0525785
0.735 0.0525417
0.74 0.0523847
0.745 0.0521117
0.75 0.0517272
0.755 0.0512323
0.76 0.0506281
0.765 0.0498953
0.77 0.0490147
0.775 0.0479878
0.78 0.0468162
0.785 0.0455257
0.79 0.0441418
0.795 0.0426653
0.8 0.0410974
0.805 0.0394825
0.81 0.0378646
0.815 0.0362437
0.82 0.03462
0.825 0.032951
0.83 0.0311951
0.835 0.0293531
0.84 0.0274259
0.845 0.0253877
0.85 0.0232129
0.855 0.020903
0.86 0.0184592
0.865 0.0159441
0.87 0.0134192
0.875 0.0108848
0.88 0.00834082
0.885 0.00585089
0.89 0.00347786
0.895 0.0012205
0.9 -0.00092239
0.905 -0.00296011
0.91 -0.00490183
0.915 -0.00674857
0.92 -0.00850132
0.925 -0.0101437
0.93 -0.0116593
0.935 -0.0130496
0.94 -0.0143159
0.945 -0.0154918
0.95 -0.0166106
0.955 -0.0176729
0.96 -0.0186792
0.965 -0.0197173
0.97 -0.0208739
0.975 -0.0221478
0.98 -0.0235376
0.985 -0.0250229
0.99 -0.0265835
0.995 -0.0282185
1 -0.0299272
1.005 -0.0317368
1.01 -0.0336742
1.015 -0.035738
1.02 -0.037927
1.025 -0.0402342
1.03 -0.0426528
1.035 -0.0451817
1.04 -0.0478196
1.045 -0.0505555
1.05 -0.0533783
1.055 -0.0562873
1.06 -0.0592815
1.065 -0.0622524
1.07 -0.0650926
1.075 -0.0678035
1.08 -0.0703865
1.085 -0.0728598
1.09 -0.0752411
1.095 -0.0775316
1.1 -0.0797322
1.105 -0.0817529
1.11 -0.083505
1.115 -0.0849912
1.12 -0.0862142
1.125 -0.0873007
1.13 -0.0883758
1.135 -0.0894396
1.14 -0.0904923
1.145 -0.0913243
1.15 -0.0917285
1.155 -0.0917092
1.16 -0.091271
1.165 -0.0902683
1.17 -0.0885571
1.175 -0.0861449
1.18 -0.0830391
1.185 -0.0794372
1.19 -0.0755347
1.195 -0.0713348
1.2 -0.0668406
1.205 -0.0623388
1.21 -0.058113
1.215 -0.0541604
1.22 -0.0504781
1.225 -0.0470228
1.23 -0.0437518
1.235 -0.040663
1.24 -0.0377547
1.245 -0.0350964
1.25 -0.032757
1.255 -0.0307332
1.26 -0.0290217
1.265 -0.0275924
1.27 -0.0264157
1.275 -0.0254889
1.28 -0.0248094
1.285 -0.0243758
1.29 -0.0241869
1.295 -0.0242399
1.3 -0.0245325
1.305 -0.0250503
1.31 -0.0257791
1.315 -0.0267167
1.32 -0.0278608
1.325 -0.02922
1.33 -0.0308025
1.335 -0.032606
1.34 -0.0346282
1.345 -0.0368792
1.35 -0.039369
1.355 -0.0420952
1.36 -0.0450553
1.365 -0.0482928
1.37 -0.0518509
1.375 -0.0557262
1.38 -0.0599154
1.385 -0.0643778
1.39 -0.0690734
1.395 -0.0739996
1.4 -0.079154
1.405 -0.0845871
1.41 -0.0903489
1.415 -0.0964358
1.42 -0.102845
1.425 -0.109329
1.43 -0.115646
1.435 -0.121798
1.44 -0.127785
1.445 -0.13348
1.45 -0.138754
1.455 -0.143612
1.46 -0.148059
1.465 -0.152138
1.47 -0.155895
1.475 -0.159333
1.48 -0.162455
1.485 -0.165377
1.49 -0.168216
1.495 -0.170971
1.5 -0.173643
1.505 -0.176282
1.51 -0.178936
1.515 -0.181604
1.52 -0.184287
1.525 -0.186908
1.53 -0.189394
1.535 -0.191746
1.54 -0.193964
1.545 -0.196144
1.55 -0.198378
1.555 -0.200666
1.56 -0.203007
1.565 -0.205419
1.57 -0.20792
1.575 -0.21051
1.58 -0.213187
1.585 -0.216028
1.59 -0.219109
1.595 -0.222427
1.6 -0.225981
1.605 -0.229084
1.61 -0.231058
1.615 -0.231913
1.62 -0.231663
1.625 -0.229742
1.63 -0.225593
1.635 -0.219238
1.64 -0.2107
1.645 -0.200761
1.65 -0.190193
1.655 -0.179001
1.66 -0.167192
1.665 -0.15519
1.67 -0.143414
1.675 -0.13186
1.68 -0.120527
1.685 -0.109338
1.69 -0.0982163
1.695 -0.0871613
1.7 -0.0761725
1.705 -0.0654046
1.71 -0.0550107
1.715 -0.044987
1.72 -0.0352322
1.725 -0.025575
1.73 -0.0159939
1.735 -0.00651426
1.74 0.00285548
1.745 0.0121585
1.75 0.0214468
1.755 0.0306944
1.76 0.0398814
1.765 0.0489718
1.77 0.0579341
1.775 0.0667492
1.78 0.0754021
1.785 0.0839164
1.79 0.0923198
1.795 0.100605
1.8 0.108768
1.805 0.116659
1.81 0.124147
1.815 0.131292
1.82 0.138138
1.825 0.144625
1.83 0.150697
1.835 0.156357
1.84 0.161609
1.845 0.16647
1.85 0.170957
1.855 0.175073
1.86 0.178823
1.865 0.18218
1.87 0.185119
1.875 0.187644
1.88 0.189759
1.885 0.191442
1.89 0.192667
1.895 0.193441
1.9 0.193767
1.905 0.193614
1.91 0.192951
1.915 0.191781
1.92 0.190112
1.925 0.187969
1.93 0.18538
1.935 0.182349
1.94 0.178881
1.945 0.174951
1.95 0.170533
1.955 0.165633
1.96 0.160255
1.965 0.154436
1.97 0.148212
1.975 0.141587
1.98 0.134565
1.985 0.127109
1.99 0.119184
1.995 0.110795
2 0.101947
2.005 0.0926936
2.01 0.0830897
2.015 0.0731386
2.02 0.062844
2.025 0.0521536
2.03 0.0410156
2.035 0.0294345
2.04 0.0174151
2.045 0.00504277
2.05 -0.00759789
2.055 -0.0205041
2.06 -0.033673
2.065 -0.0470958
2.07 -0.0607634
2.075 -0.0746733
2.08 -0.0888231
2.085 -0.103117
2.09 -0.11746
2.095 -0.131851
2.1 -0.146291
2.105 -0.160816
2.11 -0.175462
2.115 -0.190228
2.12 -0.205113
2.125 -0.219606
2.13 -0.233201
2.135 -0.245907
2.14 -0.257733
2.145 -0.268751
2.15 -0.279032
2.155 -0.288583
2.16 -0.297412
2.165 -0.303648
2.17 -0.305441
2.175 -0.302836
2.18 -0.295881
2.185 -0.286081
2.19 -0.274929
2.195 -0.262438
2.2 -0.248623
2.205 -0.23468
2.21 -0.22179
2.215 -0.209944
2.22 -0.199129
2.225 -0.188739
2.23 -0.178172
2.235 -0.16743
2.24 -0.156514
2.245 -0.146048
2.25 -0.13665
2.255 -0.128308
2.26 -0.121011
2.265 -0.114486
2.27 -0.10846
2.275 -0.102929
2.28 -0.097888
2.285 -0.0934762
2.29 -0.089832
2.295 -0.0869475
2.3 -0.0848147
2.305 -0.0832428
2.31 -0.0820431
2.315 -0.0812118
2.32 -0.0807449
2.325 -0.0807219
2.33 -0.0812217
2.335 -0.0822386
2.34 -0.0837673
2.345 -0.0857662
2.35 -0.0881946
2.355 -0.0910477
2.36 -0.0943212
2.365 -0.097969
2.37 -0.101946
2.375 -0.106247
2.38 -0.110871
2.385 -0.115984
2.39 -0.121752
2.395 -0.12817
2.4 -0.135228
2.405 -0.141831
2.41 -0.146892
2.415 -0.150427
2.42 -0.152453
2.425 -0.151727
2.43 -0.147021
2.435 -0.138376
2.44 -0.125834
2.445 -0.112101
2.45 -0.0996839
2.455 -0.0885509
2.46 -0.0787563
2.465 -0.0694935
2.47 -0.0600096
2.475 -0.050314
2.48 -0.0404412
2.485 -0.0309686
2.49 -0.0224808
2.495 -0.0149863
2.5 -0.00849974
2.505 -0.00284866
2.51 0.00213582
2.515 0.00644674
2.52 0.0100781
2.525 0.0127895
2.53 0.0143454
2.535 0.0147563
2.54 0.0140358
2.545 0.0132991
2.55 0.0136728
2.555 0.0151707
2.56 0.0177812
2.565 0.021743
2.57 0.0272928
2.575 0.0344139
2.58 0.0430898
2.585 0.052278
2.59 0.060947
2.595 0.0691022
2.6 0.076749
2.605 0.0841353
2.61 0.0915063
2.615 0.0988623
2.62 0.106203
2.625 0.113368
2.63 0.120196
2.635 0.126692
2.64 0.132858
2.645 0.138674
2.65 0.144117
2.655 0.149193
2.66 0.153904
2.665 0.158268
2.67 0.1623
2.675 0.166003
2.68 0.169381
2.685 0.172426
2.69 0.17513
2.695 0.177495
2.7 0.179526
2.705 0.181239
2.71 0.182651
2.715 0.183764
2.72 0.184581
2.725 0.185092
2.73 0.185284
2.735 0.18516
2.74 0.184724
2.745 0.183995
2.75 0.182992
2.755 0.181716
2.76 0.180288
2.765 0.178696
2.77 0.176898
2.775 0.174909
2.78 0.172704
2.785 0.170605
2.79 0.16891
2.795 0.167606
2.8 0.166671
2.805 0.166125
2.81 0.165981
2.815 0.166226
2.82 0.166843
2.825 0.167861
2.83 0.16931
2.835 0.17118
2.84 0.173464
2.845 0.175974
2.85 0.178536
2.855 0.181185
2.86 0.183947
2.865 0.186604
2.87 0.188942
2.875 0.190962
2.88 0.192669
2.885 0.194139
2.89 0.195448
2.895 0.196598
2.9 0.19759
2.905 0.198335
2.91 0.198742
2.915 0.198815
2.92 0.198557
2.925 0.197997
2.93 0.197162
2.935 0.196054
2.94 0.194677
2.945 0.192992
2.95 0.19096
2.955 0.188584
2.96 0.185869
2.965 0.182854
2.97 0.179579
2.975 0.176045
2.98 0.172256
2.985 0.168204
2.99 0.163879
2.995 0.159285
3 0.154424
3.005 0.149936
3.01 0.146453
3.015 0.143963
3.02 0.142458
3.025 0.141619
3.03 0.14113
3.035 0.140988
3.04 0.14119
3.045 0.141355
3.05 0.141104
3.055 0.140444
3.06 0.139377
3.065 0.138084
3.07 0.13674
3.075 0.135347
3.08 0.133906
3.085 0.13224
3.09 0.130178
3.095 0.127723
3.1 0.12488
3.105 0.121722
3.11 0.118322
3.115 0.114683
3.12 0.110807
3.125 0.106637
3.13 0.102115
3.135 0.0972446
3.14 0.0920298
3.145 0.0865182
3.15 0.0807572
3.155 0.0747494
3.16 0.0684972
3.165 0.062014
3.17 0.0553126
3.175 0.0483954
3.18 0.0412646
3.185 0.0347751
3.19 0.0297729
3.195 0.0262424
3.2 0.0241681
3.205 0.0228114
3.21 0.0214417
3.215 0.0200589
3.22 0.0186632
3.225 0.0169937
3.23 0.0147918
3.235 0.0120632
3.24 0.00881343
3.245 0.00531911
3.25 0.00185396
3.255 -0.00158234
3.26 -0.00499009
3.265 -0.00875828
3.27 -0.0132718
3.275 -0.018523
3.28 -0.0245039
3.285 -0.0308333
3.29 -0.0371336
3.295 -0.0434052
3.3 -0.0496484
3.305 -0.0562739
3.31 -0.0636883
3.315 -0.0718832
3.32 -0.0808504
3.325 -0.088305
3.33 -0.0919861
3.335 -0.091933
3.34 -0.088185
3.345 -0.0823928
3.35 -0.0761899
3.355 -0.0695807
3.36 -0.0625692
3.365 -0.05578
3.37 -0.0498305
3.375 -0.0447122
3.38 -0.0404162
3.385 -0.0366404
3.39 -0.0330857
3.395 -0.0297499
3.4 -0.0266307
3.405 -0.0240193
3.41 -0.0222041
3.415 -0.0211765
3.42 -0.0209284
3.425 -0.0214423
3.43 -0.0227008
3.435 -0.0246962
3.44 -0.0274207
3.445 -0.0294065
3.45 -0.0292008
3.455 -0.0268269
3.46 -0.0223072
3.465 -0.0164885
3.47 -0.0102083
3.475 -0.00347161
3.48 0.00371694
3.485 0.0108301
3.49 0.0173464
3.495 0.0232719
3.5 0.0286128
3.505 0.0336926
3.51 0.038831
3.515 0.0440276
3.52 0.0492816
3.525 0.054289
3.53 0.0587488
3.535 0.0626669
3.54 0.0660488
3.545 0.0690215
3.55 0.0717105
3.555 0.0741189
3.56 0.0762495
3.565 0.0780176
3.57 0.0793392
3.575 0.0802191
3.58 0.0806619
3.585 0.0808308
3.59 0.0808872
3.595 0.0808323
3.6 0.0806673
3.605 0.0807895
3.61 0.081592
3.615 0.0830677
3.62 0.0852096
3.625 0.0874522
3.63 0.089236
3.635 0.0905657
3.64 0.0914461
3.645 0.0921077
3.65 0.0927785
3.655 0.0934585
3.66 0.0941475
3.665 0.0946956
3.67 0.0949543
3.675 0.0949267
3.68 0.0946158
3.685 0.094088
3.69 0.093409
3.695 0.0925804
3.7 0.0916038
3.705 0.0903836
3.71 0.0888255
3.715 0.086933
3.72 0.0847095
3.725 0.0822164
3.73 0.0795143
3.735 0.0766055
3.74 0.073492
3.745 0.0702191
3.75 0.0668311
3.755 0.0633295
3.76 0.0597152
3.765 0.0563043
3.77 0.0534093
3.775 0.0510247
3.78 0.0491453
3.785 0.0476836
3.79 0.0465531
3.795 0.0457505
3.8 0.0452722
3.805 0.0450893
3.81 0.0451733
3.815 0.0455214
3.82 0.0461307
3.825 0.0466659
3.83 0.046795
3.835 0.0465221
3.84 0.0458516
3.845 0.0449046
3.85 0.0438008
3.855 0.0425419
3.86 0.0411295
3.865 0.0394265
3.87 0.0372974
3.875 0.0347465
3.88 0.0317782
3.885 0.0284587
3.89 0.0248529
3.895 0.0209641
3.9 0.0167951
3.905 0.0122706
3.91 0.00731581
3.915 0.00193533
3.92 -0.00386639
3.925 -0.010014
3.93 -0.0164331
3.935 -0.0231207
3.94 -0.030074
3.945 -0.0372841
3.95 -0.044742
3.955 -0.0524452
3.96 -0.060391
3.965 -0.0675948
3.97 -0.0730826
3.975 -0.0768721
3.98 -0.0789814
3.985 -0.0800043
3.99 -0.080529
3.995 -0.0805606
4 -0.0801042
4.005 -0.0795519
4.01 -0.0792915
4.015 -0.0793199
4.02 -0.079634
4.025 -0.0801091
4.03 -0.0806215
4.035 -0.0811708
4.04 -0.0817566
4.045 -0.082141
4.05 -0.0820885
4.055 -0.0816037
4.06 -0.0806911
4.065 -0.0795145
4.07 -0.0782357
4.075 -0.0768559
4.08 -0.0753761
4.085 -0.074035
4.09 -0.0730687
4.095 -0.0724732
4.1 -0.0722447
4.105 -0.0722381
4.11 -0.0723099
4.115 -0.0724594
4.12 -0.0726856
4.125 -0.0731309
4.13 -0.0739359
4.135 -0.075097
4.14 -0.0766104
4.145 -0.0783809
4.15 -0.0803144
4.155 -0.0824093
4.16 -0.0846639
4.165 -0.0871796
4.17 -0.0900571
4.175 -0.0932924
4.18 -0.096882
4.185 -0.100736
4.19 -0.104764
4.195 -0.108965
4.2 -0.113338
4.205 -0.117971
4.21 -0.122954
4.215 -0.128282
4.22 -0.133953
4.225 -0.139875
4.23 -0.145959
4.235 -0.152203
4.24 -0.158606
4.245 -0.165252
4.25 -0.172227
4.255 -0.179527
4.26 -0.187148
4.265 -0.194833
4.27 -0.202324
4.275 -0.209626
4.28 -0.216739
4.285 -0.223796
4.29 -0.230928
4.295 -0.238135
4.3 -0.245416
4.305 -0.252564
4.31 -0.259376
4.315 -0.265856
4.32 -0.272006
4.325 -0.277638
4.33 -0.282564
4.335 -0.286792
4.34 -0.290328
4.345 -0.291975
4.35 -0.290544
4.355 -0.286068
4.36 -0.278579
4.365 -0.270054
4.37 -0.262449
4.375 -0.255755
4.38 -0.249963
4.385 -0.244744
4.39 -0.239777
4.395 -0.235058
4.4 -0.230585
4.405 -0.226303
4.41 -0.222157
4.415 -0.218145
4.42 -0.214265
4.425 -0.209969
4.43 -0.204711
4.435 -0.198503
4.44 -0.191353
4.445 -0.183438
4.45 -0.174936
4.455 -0.16585
4.46 -0.156189
4.465 -0.145795
4.47 -0.134515
4.475 -0.122358
4.48 -0.109333
4.485 -0.0962152
4.49 -0.0837694
4.495 -0.071989
4.5 -0.0608669
4.505 -0.050247
4.51 -0.0399747
4.515 -0.0300464
4.52 -0.0204586
4.525 -0.0114127
4.53 -0.00310856
4.535 0.00446178
4.54 0.011306
4.545 0.0175311
4.55 0.0232432
4.555 0.0284477
4.56 0.0331498
4.565 0.0371838
4.57 0.0403856
4.575 0.0427641
4.58 0.0443278
4.585 0.0451823
4.59 0.045432
4.595 0.0450832
4.6 0.0441424
4.605 0.0425018
4.61 0.0400549
4.615 0.0368102
4.62 0.0327762
4.625 0.0280592
4.63 0.0227648
4.635 0.016899
4.64 0.0104678
4.645 0.00347955
4.65 -0.00405736
4.655 -0.0121372
4.66 -0.0207543
4.665 -0.028424
4.67 -0.0334653
4.675 -0.035811
4.68 -0.0355911
4.685 -0.0339515
4.69 -0.0320434
4.695 -0.0299009
4.7 -0.0275671
4.705 -0.0254317
4.71 -0.0238841
4.715 -0.0229541
4.72 -0.022671
4.725 -0.0228771
4.73 -0.0234137
4.735 -0.0242995
4.74 -0.0255484
4.745 -0.0274005
4.75 -0.0300879
4.755 -0.0335859
4.76 -0.0377913
4.765 -0.0425578
4.77 -0.0478179
4.775 -0.0535665
4.78 -0.0597983
4.785 -0.066504
4.79 -0.0736743
4.795 -0.0813043
4.8 -0.0893891
4.805 -0.0980361
4.81 -0.107351
4.815 -0.117327
4.82 -0.127958
4.825 -0.138377
4.83 -0.147729
4.835 -0.156026
4.84 -0.163278
4.845 -0.168066
4.85 -0.168984
4.855 -0.166075
4.86 -0.159378
4.865 -0.151078
4.87 -0.143339
4.875 -0.136155
4.88 -0.129521
4.885 -0.123136
4.89 -0.116705
4.895 -0.110228
4.9 -0.103706
4.905 -0.09731
4.91 -0.0912082
4.915 -0.085398
4.92 -0.0798764
4.925 -0.0747988
4.93 -0.0703193
4.935 -0.0664315
4.94 -0.0631293
4.945 -0.0596484
4.95 -0.0552326
4.955 -0.0498915
4.96 -0.043635
4.965 -0.0364235
4.97 -0.0282179
4.975 -0.0190286
4.98 -0.00886584
4.985 0.00142047
4.99 0.0109895
4.995 0.0198487
5 0.0280056
5.005 0.0358157
5.01 0.0436311
5.015 0.0514516
5.02 0.0592772
5.025 0.066828
5.03 0.0738269
5.035 0.0802799
5.04 0.0861925
5.045 0.0916825
5.05 0.0968661
5.055 0.101747
5.06 0.106327
5.065 0.110526
5.07 0.114261
5.075 0.117538
5.08 0.120362
5.085 0.122783
5.09 0.124851
5.095 0.126571
5.1 0.127945
5.105 0.129162
5.11 0.130409
5.115 0.131686
5.12 0.132991
5.125 0.134711
5.13 0.13723
5.135 0.140538
5.14 0.144627
5.145 0.149088
5.15 0.153515
5.155 0.157907
5.16 0.162266
5.165 0.166554
5.17 0.170982
5.175 0.175546
5.18 0.180148
5.185 0.184833
5.19 0.189567
5.195 0.194344
5.2 0.199113
5.205 0.203594
5.21 0.207485
5.215 0.210766
5.22 0.213412
5.225 0.215568
5.23 0.217376
5.235 0.218823
5.24 0.219898
5.245 0.22032
5.25 0.21982
5.255 0.218411
5.26 0.216182
5.265 0.214138
5.27 0.213194
5.275 0.21334
5.28 0.214564
5.285 0.216829
5.29 0.220098
5.295 0.22436
5.3 0.229604
5.305 0.234828
5.31 0.239038
5.315 0.242245
5.32 0.244459
5.325 0.246234
5.33 0.248117
5.335 0.250107
5.34 0.252204
5.345 0.25399
5.35 0.255055
5.355 0.255406
5.36 0.25505
5.365 0.254192
5.37 0.253034
5.375 0.251577
5.38 0.249827
5.385 0.247649
5.39 0.244916
5.395 0.241631
5.4 0.237801
5.405 0.233516
5.41 0.228868
5.415 0.223858
5.42 0.218492
5.425 0.212836
5.43 0.206956
5.435 0.200854
5.44 0.194532
5.445 0.188385
5.45 0.182806
5.455 0.177788
5.46 0.173324
5.465 0.16933
5.47 0.165718
5.475 0.162484
5.48 0.159626
5.485 0.157107
5.49 0.154895
5.495 0.152986
5.5 0.151377
5.505 0.149726
5.51 0.147696
5.515 0.14529
5.52 0.142513
5.525 0.139471
5.53 0.136271
5.535 0.132914
5.54 0.129402
5.545 0.12562
5.55 0.121455
5.555 0.11691
5.56 0.111991
5.565 0.106759
5.57 0.101277
5.575 0.0955476
5.58 0.0895738
5.585 0.0833112
5.59 0.0767162
5.595 0.0697923
5.6 0.062543
5.605 0.0550089
5.61 0.0472304
5.615 0.03921
5.62 0.0309503
5.625 0.02246
5.63 0.0137477
5.635 0.00481574
5.64 -0.00433353
5.645 -0.0131817
5.65 -0.0212156
5.655 -0.0284439
5.66 -0.034875
5.665 -0.04048
5.67 -0.0452301
5.675 -0.0491344
5.68 -0.0522016
5.685 -0.0545676
5.69 -0.0563664
5.695 -0.057604
5.7 -0.0582864
5.705 -0.0587588
5.71 -0.0593631
5.715 -0.0600979
5.72 -0.0609619
5.725 -0.0619218
5.73 -0.0629451
5.735 -0.0640311
5.74 -0.0651791
5.745 -0.0664282
5.75 -0.0678172
5.755 -0.0693447
5.76 -0.0710091
5.765 -0.0725703
5.77 -0.0737905
5.775 -0.0746732
5.78 -0.075222
5.785 -0.0754044
5.79 -0.075188
5.795 -0.0745772
5.8 -0.0735759
5.805 -0.0723345
5.81 -0.0710017
5.815 -0.0695783
5.82 -0.0680654
5.825 -0.0665502
5.83 -0.0651194
5.835 -0.063772
5.84 -0.0625071
5.845 -0.0612176
5.85 -0.0597972
5.855 -0.0582475
5.86 -0.0565697
5.865 -0.0548256
5.87 -0.0530761
5.875 -0.0513213
5.88 -0.0495613
5.885 -0.0478645
5.89 -0.0462986
5.895 -0.0448624
5.9 -0.0435544
5.905 -0.0423715
5.91 -0.0413104
5.915 -0.0403699
5.92 -0.0395487
5.925 -0.0389252
5.93 -0.0385769
5.935 -0.0385009
5.94 -0.0386944
5.945 -0.0391645
5.95 -0.0399182
5.955 -0.0409526
5.96 -0.0422648
5.965 -0.0438318
5.97 -0.0456312
5.975 -0.0476605
5.98 -0.0499173
5.985 -0.0520734
5.99 -0.0538038
5.995 -0.0551131
6 -0.0560056
6.005 -0.0565032
6.01 -0.0566274
6.015 -0.0563821
6.02 -0.0557712
6.025 -0.054742
6.03 -0.0532421
6.035 -0.0512766
6.04 -0.0488503
6.045 -0.0463923
6.05 -0.0443269
6.055 -0.0426502
6.06 -0.0413579
6.065 -0.0404045
6.07 -0.0397446
6.075 -0.0393753
6.08 -0.0392934
6.085 -0.0394382
6.09 -0.0397494
6.095 -0.0402252
6.1 -0.0408639
6.105 -0.0413567
6.11 -0.0413977
6.115 -0.0409918
6.12 -0.0401435
6.125 -0.0391301
6.13 -0.0382255
6.135 -0.0374286
6.14 -0.0367384
6.145 -0.0361854
6.15 -0.0357999
6.155 -0.0355801
6.16 -0.0355243
6.165 -0.0356309
6.17 -0.035898
6.175 -0.036324
6.18 -0.0369072
6.185 -0.0376709
6.19 -0.0386381
6.195 -0.0398066
6.2 -0.0411742
6.205 -0.0427142
6.21 -0.0443997
6.215 -0.0462292
6.22 -0.0482012
6.225 -0.0500139
6.23 -0.0513685
6.235 -0.0522698
6.24 -0.0527226
6.245 -0.0528336
6.25 -0.0527083
6.255 -0.0523492
6.26 -0.0517588
6.265 -0.051008
6.27 -0.0501667
6.275 -0.049236
6.28 -0.0482167
6.285 -0.0472312
6.29 -0.0464003
6.295 -0.0457224
6.3 -0.0451959
6.305 -0.0447912
6.31 -0.044479
6.315 -0.0442584
6.32 -0.0441285
6.325 -0.0440186
6.33 -0.0438588
6.335 -0.0436497
6.34 -0.0433918
6.345 -0.0430303
6.35 -0.0425109
6.355 -0.0418351
6.36 -0.0410048
6.365 -0.040139
6.37 -0.0393557
6.375 -0.038654
6.38 -0.038033
6.385 -0.0374677
6.39 -0.0369332
6.395 -0.0364291
6.4 -0.0359552
6.405 -0.0355323
6.41 -0.035181
6.415 -0.0349006
6.42 -0.0346902
6.425 -0.0345449
6.43 -0.0344596
6.435 -0.0344336
6.44 -0.0344663
6.445 -0.0344403
6.45 -0.0342391
6.455 -0.0338647
6.46 -0.0333188
6.465 -0.0325268
6.47 -0.0313182
6.475 -0.0297248
6.48 -0.0277928
6.485 -0.025597
6.49 -0.0232522
6.495 -0.0207616
6.5 -0.0181505
6.505 -0.0156098
6.51 -0.01334
6.515 -0.0113466
6.52 -0.0096402
6.525 -0.00811949
6.53 -0.00668606
6.535 -0.00534284
6.54 -0.0040833
6.545 -0.00290299
6.55 -0.00180844
6.555 -0.000798759
6.56 0.000126956
6.565 0.000976421
6.57 0.00175728
6.575 0.00247024
6.58 0.00311603
6.585 0.00365616
6.59 0.00405257
6.595 0.00430675
6.6 0.0044202
6.605 0.00432598
6.61 0.00395785
6.615 0.00331869
6.62 0.00241134
6.625 0.00156948
6.63 0.00112328
6.635 0.00106859
6.64 0.00140131
6.645 0.0019134
6.65 0.00239897
6.655 0.0028583
6.66 0.00329168
6.665 0.00367449
6.67 0.00398239
6.675 0.00421616
6.68 0.00437658
6.685 0.00454465
6.69 0.00480051
6.695 0.00514325
6.7 0.00557195
6.705 0.00604405
6.71 0.00651742
6.715 0.00699205
6.72 0.00746792
6.725 0.00793445
6.73 0.00838116
6.735 0.00880827
6.74 0.00921597
6.745 0.00955161
6.75 0.00976308
6.755 0.00985167
6.76 0.00981869
6.765 0.00967907
6.77 0.00944764
6.775 0.00912534
6.78 0.00871312
6.785 0.00815784
6.79 0.00740687
6.795 0.00646226
6.8 0.00532605
6.805 0.00402637
6.81 0.00259105
6.815 0.00102151
6.82 -0.000680834
6.825 -0.00265764
6.83 -0.00504908
6.835 -0.0078508
6.84 -0.0110585
6.845 -0.0144963
6.85 -0.0179901
6.855 -0.0215393
6.86 -0.0251433
6.865 -0.0283856
6.87 -0.0308538
6.875 -0.032556
6.88 -0.0335002
6.885 -0.0337866
6.89 -0.0335139
6.895 -0.0326881
6.9 -0.0313149
6.905 -0.0297646
6.91 -0.0284034
6.915 -0.0272294
6.92 -0.0262406
6.925 -0.0253996
6.93 -0.0246694
6.935 -0.0240488
6.94 -0.0235368
6.945 -0.0232061
6.95 -0.0231289
6.955 -0.0233026
6.96 -0.0237244
6.965 -0.0241978
6.97 -0.0245281
6.975 -0.0247169
6.98 -0.0247657
6.985 -0.0245789
6.99 -0.0240619
6.995 -0.0232183
7 -0.0220513
7.005 -0.0205763
7.01 -0.0188083
7.015 -0.0167504
7.02 -0.0144055
7.025 -0.0119552
7.03 -0.00957918
7.035 -0.00727653
7.04 -0.00504652
7.045 -0.002996
7.05 -0.00123066
7.055 0.000252472
7.06 0.00145636
7.065 0.00240819
7.07 0.00313486
7.075 0.00363873
7.08 0.00392212
7.085 0.00396932
7.09 0.00376477
7.095 0.00331111
7.1 0.00261094
7.105 0.00169235
7.11 0.00058313
7.115 -0.000714725
7.12 -0.00219924
7.125 -0.00382989
7.13 -0.00556659
7.135 -0.00740823
7.14 -0.0093537
7.145 -0.0111563
7.15 -0.0125718
7.155 -0.0136042
7.16 -0.0142577
7.165 -0.0145442
7.17 -0.0144757
7.175 -0.0140559
7.18 -0.0132886
7.185 -0.0123258
7.19 -0.0113185
7.195 -0.0102669
7.2 -0.0091717
7.205 -0.00813646
7.21 -0.00726381
7.215 -0.00655207
7.22 -0.00599953
7.225 -0.00545154
7.23 -0.00475506
7.235 -0.00391164
7.24 -0.00292282
7.245 -0.00191016
7.25 -0.000993939
7.255 -0.00017315
7.26 0.000553209
7.265 0.00117804
7.27 0.00169433
7.275 0.00210322
7.28 0.00240582
7.285 0.00258708
7.29 0.0026321
7.295 0.00254232
7.3 0.00231915
7.305 0.00198076
7.31 0.00154518
7.315 0.0010134
7.32 0.00038645
7.325 -0.000366401
7.33 -0.00127555
7.335 -0.00233936
7.34 -0.0035562
7.345 -0.00482124
7.35 -0.00603073
7.355 -0.00718525
7.36 -0.00828537
7.365 -0.00925767
7.37 -0.0100295
7.375 -0.0106029
7.38 -0.0109799
7.385 -0.0112038
7.39 -0.0113171
7.395 -0.011321
7.4 -0.0112166
7.405 -0.0111886
7.41 -0.0114196
7.415 -0.0119069
7.42 -0.0126478
7.425 -0.0136565
7.43 -0.0149469
7.435 -0.0165161
7.44 -0.0183611
7.445 -0.0203684
7.45 -0.0224255
7.455 -0.024532
7.46 -0.0266874
7.465 -0.0286683
7.47 -0.0302541
7.475 -0.0314489
7.48 -0.0322568
7.485 -0.0328074
7.49 -0.0332291
7.495 -0.0335232
7.5 -0.0336912
7.505 -0.0336724
7.51 -0.0334332
7.515 -0.0330048
7.52 -0.0323977
7.525 -0.0316955
7.53 -0.030981
7.535 -0.0302652
7.54 -0.0295587
7.545 -0.0289165
7.55 -0.0283923
7.555 -0.0279936
7.56 -0.0277264
7.565 -0.0275758
7.57 -0.0275251
7.575 -0.0275765
7.58 -0.0277144
7.585 -0.0279873
7.59 -0.0284589
7.595 -0.0291271
7.6 -0.0299898
7.605 -0.0310144
7.61 -0.0321689
7.615 -0.0334518
7.62 -0.0348619
7.625 -0.0364251
7.63 -0.0381671
7.635 -0.0400862
7.64 -0.0421805
7.645 -0.0443604
7.65 -0.0465374
7.655 -0.0487114
7.66 -0.0508826
7.665 -0.0529688
7.67 -0.0548889
7.675 -0.0566445
7.68 -0.0582375
7.685 -0.0597248
7.69 -0.0611629
7.695 -0.0625524
7.7 -0.0638938
7.705 -0.0653044
7.71 -0.0669005
7.715 -0.0686801
7.72 -0.0706413
7.725 -0.0728046
7.73 -0.0751903
7.735 -0.077796
7.74 -0.0806195
7.745 -0.0832927
7.75 -0.0854515
7.755 -0.0871014
7.76 -0.0882476
7.765 -0.0891672
7.77 -0.0901344
7.775 -0.0911487
7.78 -0.0922096
7.785 -0.0930933
7.79 -0.0935784
7.795 -0.0936691
7.8 -0.0933695
7.805 -0.0926906
7.81 -0.0916432
7.815 -0.090231
7.82 -0.0884581
7.825 -0.0864879
7.83 -0.0844824
7.835 -0.082442
7.84 -0.0803669
7.845 -0.0781886
7.85 -0.0758391
7.855 -0.0733202
7.86 -0.0706336
7.865 -0.0678732
7.87 -0.0651318
7.875 -0.0624092
7.88 -0.0597052
7.885 -0.0569884
7.89 -0.054228
7.895 -0.0514244
7.9 -0.048578
7.905 -0.0457491
7.91 -0.042997
7.915 -0.0403211
7.92 -0.0377204
7.925 -0.0351551
7.93 -0.0325856
7.935 -0.030012
7.94 -0.0274342
7.945 -0.0251173
7.95 -0.0233235
7.955 -0.0220472
7.96 -0.0212831
7.965 -0.0209226
7.97 -0.0208582
7.975 -0.0210867
7.98 -0.0216051
7.985 -0.0220242
7.99 -0.0219588
7.995 -0.0214139
8 -0.0203947
8.005 -0.0189694
8.01 -0.0172058
8.015 -0.0151074
8.02 -0.0126778
8.025 -0.0100733
8.03 -0.00744895
8.035 -0.0048048
8.04 -0.0021411
8.045 0.000413833
8.05 0.00273301
8.055 0.00481892
8.06 0.00667399
8.065 0.00843188
8.07 0.0102248
8.075 0.0120525
8.08 0.0139144
8.085 0.0157233
8.09 0.0173926
8.095 0.0189237
8.1 0.0203181
8.105 0.0216425
8.11 0.022963
8.115 0.0242796
8.12 0.0255924
8.125 0.0268646
8.13 0.0280601
8.135 0.0291796
8.14 0.030224
8.145 0.0312256
8.15 0.0322168
8.155 0.0331976
8.16 0.0341681
8.165 0.0351309
8.17 0.0360887
8.175 0.0370413
8.18 0.0379889
8.185 0.0389764
8.19 0.040048
8.195 0.041203
8.2 0.0425206
8.205 0.0440018
8.21 0.0455303
8.215 0.0470848
8.22 0.0486557
8.225 0.0501869
8.23 0.0516289
8.235 0.0529617
8.24 0.0541695
8.245 0.0552046
8.25 0.0560236
8.255 0.0566123
8.26 0.0569598
8.265 0.0570408
8.27 0.0568332
8.275 0.0563337
8.28 0.0555422
8.285 0.0544477
8.29 0.0530822
8.295 0.0514896
8.3 0.0496725
8.305 0.0477357
8.31 0.0457831
8.315 0.043815
8.32 0.0418314
8.325 0.0398207
8.33 0.0377713
8.335 0.0356838
8.34 0.0335584
8.345 0.031436
8.35 0.029357
8.355 0.027321
8.36 0.0253274
8.365 0.0233547
8.37 0.0213816
8.375 0.019408
8.38 0.0174339
8.385 0.0155142
8.39 0.0137028
8.395 0.0119988
8.4 0.0104009
8.405 0.00885273
8.41 0.00729841
8.415 0.00573799
8.42 0.00417154
8.425 0.00273035
8.43 0.00154432
8.435 0.000610791
8.44 -7.28898e-05
8.445 -0.000692809
8.45 -0.0014331
8.455 -0.00229251
8.46 -0.00326978
8.465 -0.00425174
8.47 -0.00512638
8.475 -0.00589483
8.48 -0.00655821
8.485 -0.00732036
8.49 -0.008383
8.495 -0.00974298
8.5 -0.0113972
8.505 -0.012414
8.51 -0.0118715
8.515 -0.00978614
8.52 -0.00617403
8.525 -0.00152136
8.53 0.00369079
8.535 0.00945654
8.54 0.0157701
8.545 0.0223154
8.55 0.0287796
8.555 0.0351637
8.56 0.0414684
8.565 0.047707
8.57 0.0538927
8.575 0.0600259
8.58 0.0661073
8.585 0.0720317
8.59 0.0776949
8.595 0.0830998
8.6 0.088249
8.605 0.0931515
8.61 0.0978159
8.615 0.102245
8.62 0.106441
8.625 0.110368
8.63 0.113992
8.635 0.117316
8.64 0.120342
8.645 0.123094
8.65 0.125597
8.655 0.127851
8.66 0.129861
8.665 0.13161
8.67 0.133083
8.675 0.134284
8.68 0.135214
8.685 0.13589
8.69 0.136328
8.695 0.136529
8.7 0.136498
8.705 0.136227
8.71 0.135714
8.715 0.134959
8.72 0.133966
8.725 0.13288
8.73 0.131843
8.735 0.130856
8.74 0.129918
8.745 0.129066
8.75 0.128335
8.755 0.127726
8.76 0.127236
8.765 0.126786
8.77 0.126297
8.775 0.12577
8.78 0.125205
8.785 0.12448
8.79 0.123473
8.795 0.122189
8.8 0.12063
8.805 0.118894
8.81 0.117079
8.815 0.115187
8.82 0.113217
8.825 0.111289
8.83 0.109523
8.835 0.107915
8.84 0.106465
8.845 0.104967
8.85 0.103219
8.855 0.101223
8.86 0.0989811
8.865 0.0964323
8.87 0.0935147
8.875 0.0902321
8.88 0.0865884
8.885 0.0826078
8.89 0.0783145
8.895 0.0737117
8.9 0.0688026
8.905 0.0635606
8.91 0.0579594
8.915 0.0520027
8.92 0.0456942
8.925 0.0389338
8.93 0.0316223
8.935 0.0237655
8.94 0.0153692
8.945 0.00711681
8.95 -0.000315183
8.955 -0.0069354
8.96 -0.0127524
8.965 -0.0167669
8.97 -0.0179905
8.975 -0.0164524
8.98 -0.0121814
8.985 -0.00703727
8.99 -0.00286003
8.995 0.000360432
9 0.00263415
9.005 0.00447667
9.01 0.00639815
9.015 0.00839775
9.02 0.0104746
9.025 0.0124489
9.03 0.0141426
9.035 0.0155585
9.04 0.0166996
9.045 0.018149
9.05 0.0204838
9.055 0.0236946
9.06 0.0277724
9.065 0.0320686
9.07 0.0359417
9.075 0.039396
9.08 0.042436
9.085 0.0452184
9.09 0.0478982
9.095 0.0504765
9.1 0.0529545
9.105 0.0554151
9.11 0.0579408
9.115 0.0605308
9.12 0.0631844
9.125 0.0657823
9.13 0.0682061
9.135 0.0704578
9.14 0.0725391
9.145 0.0741987
9.15 0.0751878
9.155 0.0755136
9.16 0.0751829
9.165 0.0742773
9.17 0.0728774
9.175 0.0709885
9.18 0.0686155
9.185 0.0655852
9.19 0.0617259
9.195 0.0570464
9.2 0.0515551
9.205 0.0453179
9.21 0.0383997
9.215 0.0308077
9.22 0.022549
9.225 0.0144533
9.23 0.00734186
9.235 0.00120422
9.24 -0.00396977
9.245 -0.00830466
9.25 -0.0119237
9.255 -0.0148343
9.26 -0.017044
9.265 -0.0190564
9.27 -0.0213699
9.275 -0.0239812
9.28 -0.0268874
9.285 -0.0295914
9.29 -0.0316017
9.295 -0.0329254
9.3 -0.0335697
9.305 -0.0337334
9.31 -0.0336131
9.315 -0.0332116
9.32 -0.032532
9.325 -0.031454
9.33 -0.0298587
9.335 -0.0277515
9.34 -0.0251377
9.345 -0.022096
9.35 -0.0187044
9.355 -0.0149665
9.36 -0.0108859
9.365 -0.00645622
9.37 -0.00167123
9.375 0.00346536
9.38 0.00894989
9.385 0.0145778
9.39 0.0201467
9.395 0.0256573
9.4 0.0311101
9.405 0.0362899
9.41 0.0409838
9.415 0.0451969
9.42 0.0489342
9.425 0.0521466
9.43 0.0547856
9.435 0.056857
9.44 0.0583669
9.445 0.0593435
9.45 0.0598148
9.455 0.0597861
9.46 0.0592627
9.465 0.0581763
9.47 0.0564595
9.475 0.0541188
9.48 0.0511608
9.485 0.0475181
9.49 0.0431236
9.495 0.0379854
9.5 0.0321111
9.505 0.0256361
9.51 0.0186941
9.515 0.0112901
9.52 0.00342873
9.525 -0.0034484
9.53 -0.00791501
9.535 -0.00999635
9.54 -0.00971743
9.545 -0.00846128
9.55 -0.00759642
9.555 -0.00711876
9.56 -0.00702424
9.565 -0.00706381
9.57 -0.00699101
9.575 -0.00680703
9.58 -0.00651303
9.585 -0.0062134
9.59 -0.00601145
9.595 -0.00590615
9.6 -0.00589648
9.605 -0.00601255
9.61 -0.00628412
9.615 -0.00670957
9.62 -0.00728729
9.625 -0.00818049
9.63 -0.00955067
9.635 -0.0113928
9.64 -0.013702
9.645 -0.0163925
9.65 -0.0193795
9.655 -0.0226598
9.66 -0.0262303
9.665 -0.029302
9.67 -0.0310938
9.675 -0.0316193
9.68 -0.0308917
9.685 -0.0293085
9.69 -0.027263
9.695 -0.0247601
9.7 -0.0218045
9.705 -0.0189023
9.71 -0.0165541
9.715 -0.0147543
9.72 -0.013497
9.725 -0.0125109
9.73 -0.0115277
9.735 -0.0105474
9.74 -0.00956987
9.745 -0.00869029
9.75 -0.00800277
9.755 -0.0075053
9.76 -0.0071959
9.765 -0.0070446
9.77 -0.00702175
9.775 -0.00712602
9.78 -0.00735607
9.785 -0.0078387
9.79 -0.00869938
9.795 -0.00993414
9.8 -0.0115391
9.805 -0.0134338
9.81 -0.0155387
9.815 -0.0178518
9.82 -0.0203706
9.825 -0.0230939
9.83 -0.0260199
9.835 -0.0291466
9.84 -0.0324719
9.845 -0.0359079
9.85 -0.0393675
9.855 -0.0428506
9.86 -0.0463569
9.865 -0.0497264
9.87 -0.0528005
9.875 -0.0555824
9.88 -0.0580753
9.885 -0.0602328
9.89 -0.0620096
9.895 -0.0634095
9.9 -0.0644365
9.905 -0.0650988
9.91 -0.0654047
9.915 -0.0653579
9.92 -0.064962
9.925 -0.064421
9.93 -0.0639367
9.935 -0.0635084
9.94 -0.0631357
9.945 -0.0625
9.95 -0.0612864
9.955 -0.0595009
9.96 -0.0571495
9.965 -0.0545025
9.97 -0.0518272
9.975 -0.049124
9.98 -0.0463932
9.985 -0.0438943
9.99 -0.0418844
9.995 -0.0403582
10 -0.0393108
