0.01 -1.54107e-07 -1.82712e-13
0.02 -1.54107e-07 -7.36266e-13
0.03 -1.54107e-07 -1.27877e-12
0.04 -1.54107e-07 -1.242e-12
0.05 -1.54107e-07 -4.73888e-13
0.06 -1.54107e-07 9.97587e-13
0.07 -1.54107e-07 3.17512e-12
0.08 -1.54107e-07 6.06293e-12
0.09 -1.54107e-07 9.66566e-12
0.1 -1.54107e-07 1.39876e-11
0.11 -1.54107e-07 1.90331e-11
0.12 -1.54107e-07 2.48071e-11
0.13 -1.54107e-07 3.13158e-11
0.14 -1.54107e-07 3.85649e-11
0.15 -1.54107e-07 4.65588e-11
0.16 -1.54107e-07 5.52996e-11
0.17 -1.54107e-07 6.47877e-11
0.18 -1.54107e-07 7.50222e-11
0.19 -1.54107e-07 8.60023e-11
0.2 -1.54107e-07 9.77281e-11
0.21 -1.54107e-07 1.10199e-10
0.22 -1.54107e-07 1.2341e-10
0.23 -1.54107e-07 1.3735e-10
0.24 -1.54107e-07 1.52001e-10
0.25 -1.54107e-07 1.6734e-10
0.26 -1.54107e-07 1.83341e-10
0.27 -1.54107e-07 1.99982e-10
0.28 -1.54107e-07 2.17247e-10
0.29 -1.54107e-07 2.35129e-10
0.3 -1.54107e-07 2.53628e-10
0.31 -1.54107e-07 2.72752e-10
0.32 -1.54107e-07 2.92513e-10
0.33 -1.54107e-07 3.12919e-10
0.34 -1.54107e-07 3.33974e-10
0.35 -1.54107e-07 3.55682e-10
0.36 -1.54107e-07 3.78041e-10
0.37 -1.54107e-07 4.0104e-10
0.38 -1.54107e-07 4.24659e-10
0.39 -1.54107e-07 4.4886e-10
0.4 -1.54107e-07 4.73593e-10
0.41 -1.54107e-07 4.98803e-10
0.42 -1.54107e-07 5.24428e-10
0.43 -1.54107e-07 5.504e-10
0.44 -1.54107e-07 5.76651e-10
0.45 -1.54107e-07 6.03114e-10
0.46 -1.54107e-07 6.29726e-10
0.47 -1.54107e-07 6.5643e-10
0.48 -1.54107e-07 6.8317e-10
0.49 -1.54107e-07 7.099e-10
0.5 -1.54107e-07 7.36585e-10
0.51 -1.54107e-07 7.63197e-10
0.52 -1.54107e-07 7.89714e-10
0.53 -1.54107e-07 8.16102e-10
0.54 -1.54107e-07 8.42317e-10
0.55 -1.54107e-07 8.68301e-10
0.56 -1.54107e-07 8.93986e-10
0.57 -1.54107e-07 9.19295e-10
0.58 -1.54107e-07 9.44137e-10
0.59 -1.54107e-07 9.68417e-10
0.6 -1.54107e-07 9.92057e-10
0.61 -1.54107e-07 1.01501e-09
0.62 -1.54107e-07 1.03725e-09
0.63 -1.54107e-07 1.05878e-09
0.64 -1.54107e-07 1.07958e-09
0.65 -1.54107e-07 1.09962e-09
0.66 -1.54107e-07 1.11882e-09
0.67 -1.54107e-07 1.13707e-09
0.68 -1.54107e-07 1.15423e-09
0.69 -1.54107e-07 1.17011e-09
0.7 -1.54107e-07 1.18455e-09
0.71 -1.54107e-07 1.1974e-09
0.72 -1.54107e-07 1.20853e-09
0.73 -1.54107e-07 1.21786e-09
0.74 -1.54107e-07 1.22541e-09
0.75 -1.54107e-07 1.23119e-09
0.76 -1.54107e-07 1.23527e-09
0.77 -1.54107e-07 1.23769e-09
0.78 -1.54107e-07 1.23845e-09
0.79 -1.54107e-07 1.23753e-09
0.8 -1.54107e-07 1.23491e-09
0.81 -1.54107e-07 1.23054e-09
0.82 -1.54107e-07 1.22441e-09
0.83 -1.54107e-07 1.21651e-09
0.84 -1.54107e-07 1.20684e-09
0.85 -1.54107e-07 1.19545e-09
0.86 -1.54107e-07 1.18239e-09
0.87 -1.54107e-07 1.16775e-09
0.88 -1.54107e-07 1.15163e-09
0.89 -1.54107e-07 1.13411e-09
0.9 -1.54107e-07 1.11529e-09
0.91 -1.54107e-07 1.09518e-09
0.92 -1.54107e-07 1.07384e-09
0.93 -1.54107e-07 1.0513e-09
0.94 -1.54107e-07 1.02763e-09
0.95 -1.54107e-07 1.00288e-09
0.96 -1.54107e-07 9.77079e-10
0.97 -1.54107e-07 9.50236e-10
0.98 -1.54107e-07 9.22328e-10
0.99 -1.54107e-07 8.9334e-10
1 -1.54107e-07 8.63289e-10
1.01 -1.54107e-07 8.32252e-10
1.02 -1.54107e-07 8.00379e-10
1.03 -1.54107e-07 7.67873e-10
1.04 -1.54107e-07 7.34952e-10
1.05 -1.54107e-07 7.01823e-10
1.06 -1.54107e-07 6.6869e-10
1.07 -1.54107e-07 6.35791e-10
1.08 -1.54107e-07 6.03422e-10
1.09 -1.54107e-07 5.71924e-10
1.1 -1.54107e-07 5.4162e-10
1.11 -1.54107e-07 5.12732e-10
1.12 -1.54107e-07 4.85326e-10
1.13 -1.54107e-07 4.59324e-10
1.14 -1.54107e-07 4.34556e-10
1.15 -1.54107e-07 4.10816e-10
1.16 -1.54107e-07 3.87906e-10
1.17 -1.54107e-07 3.6567e-10
1.18 -1.54107e-07 3.44003e-10
1.19 -1.54107e-07 3.22823e-10
1.2 -1.54107e-07 3.02035e-10
1.21 -1.54107e-07 2.8151e-10
1.22 -1.54107e-07 2.6111e-10
1.23 -1.54107e-07 2.40732e-10
1.24 -1.54107e-07 2.20332e-10
1.25 -1.54107e-07 1.99927e-10
1.26 -1.54107e-07 1.79576e-10
1.27 -1.54107e-07 1.59351e-10
1.28 -1.54107e-07 1.39316e-10
1.29 -1.54107e-07 1.19518e-10
1.3 -1.54107e-07 9.99879e-11
1.31 -1.54107e-07 8.07536e-11
1.32 -1.54107e-07 6.18426e-11
1.33 -1.54107e-07 4.32877e-11
1.34 -1.54107e-07 2.51225e-11
1.35 -1.54107e-07 7.35912e-12
1.36 -1.54107e-07 -1.00518e-11
1.37 -1.54107e-07 -2.7261e-11
1.38 -1.54107e-07 -4.45396e-11
1.39 -1.54107e-07 -6.22661e-11
1.4 -1.54107e-07 -8.08698e-11
1.41 -1.54107e-07 -1.00744e-10
1.42 -1.54107e-07 -1.22168e-10
1.43 -1.54107e-07 -1.45278e-10
1.44 -1.54107e-07 -1.70088e-10
1.45 -1.54107e-07 -1.96552e-10
1.46 -1.54107e-07 -2.24618e-10
1.47 -1.54107e-07 -2.54256e-10
1.48 -1.54107e-07 -2.85468e-10
1.49 -1.54107e-07 -3.18273e-10
1.5 -1.54107e-07 -3.52703e-10
1.51 -1.54107e-07 -3.88818e-10
1.52 -1.54107e-07 -4.26723e-10
1.53 -1.54107e-07 -4.6655e-10
1.54 -1.54107e-07 -5.08425e-10
1.55 -1.54107e-07 -5.52413e-10
1.56 -1.54107e-07 -5.98471e-10
1.57 -1.54107e-07 -6.46433e-10
1.58 -1.54107e-07 -6.96024e-10
1.59 -1.54107e-07 -7.46863e-10
1.6 -1.54107e-07 -7.9846e-10
1.61 -1.54107e-07 -8.5021e-10
1.62 -1.54107e-07 -9.01443e-10
1.63 -1.54107e-07 -9.51524e-10
1.64 -1.54107e-07 -9.99957e-10
1.65 -1.54107e-07 -1.04645e-09
1.66 -1.54107e-07 -1.09091e-09
1.67 -1.54107e-07 -1.13337e-09
1.68 -1.54107e-07 -1.17392e-09
1.69 -1.54107e-07 -1.21258e-09
1.7 -1.54107e-07 -1.24924e-09
1.71 -1.54107e-07 -1.28358e-09
1.72 -1.54107e-07 -1.31512e-09
1.73 -1.54107e-07 -1.34327e-09
1.74 -1.54107e-07 -1.36736e-09
1.75 -1.54107e-07 -1.38677e-09
1.76 -1.54107e-07 -1.40091e-09
1.77 -1.54107e-07 -1.40935e-09
1.78 -1.54107e-07 -1.41184e-09
1.79 -1.54107e-07 -1.4083e-09
1.8 -1.54107e-07 -1.39867e-09
1.81 -1.54107e-07 -1.3828e-09
1.82 -1.54107e-07 -1.36038e-09
1.83 -1.54107e-07 -1.33094e-09
1.84 -1.54107e-07 -1.29402e-09
1.85 -1.54107e-07 -1.24928e-09
1.86 -1.54107e-07 -1.19659e-09
1.87 -1.54107e-07 -1.13599e-09
1.88 -1.54107e-07 -1.0676e-09
1.89 -1.54107e-07 -9.91563e-10
1.9 -1.54107e-07 -9.07957e-10
1.91 -1.54107e-07 -8.1684e-10
1.92 -1.54107e-07 -7.18259e-10
1.93 -1.54107e-07 -6.12286e-10
1.94 -1.54107e-07 -4.99076e-10
1.95 -1.54107e-07 -3.78938e-10
1.96 -1.54107e-07 -2.52393e-10
1.97 -1.54107e-07 -1.20121e-10
1.98 -1.54107e-07 1.71433e-11
1.99 -1.54107e-07 1.58663e-10
2 -1.54107e-07 3.03699e-10
2.01 -1.54107e-07 4.51484e-10
2.02 -1.54107e-07 6.01184e-10
2.03 -1.54107e-07 7.51848e-10
2.04 -1.54107e-07 9.02366e-10
2.05 -1.54107e-07 1.05147e-09
2.06 -1.54107e-07 1.19782e-09
2.07 -1.54107e-07 1.3402e-09
2.08 -1.54107e-07 1.4776e-09
2.09 -1.54107e-07 1.60926e-09
2.1 -1.54107e-07 1.73459e-09
2.11 -1.54107e-07 1.85302e-09
2.12 -1.54107e-07 1.96387e-09
2.13 -1.54107e-07 2.06633e-09
2.14 -1.54107e-07 2.15961e-09
2.15 -1.54107e-07 2.2431e-09
2.16 -1.54107e-07 2.31642e-09
2.17 -1.54107e-07 2.3794e-09
2.18 -1.54107e-07 2.432e-09
2.19 -1.54107e-07 2.47424e-09
2.2 -1.54107e-07 2.50608e-09
2.21 -1.54107e-07 2.5275e-09
2.22 -1.54107e-07 2.53861e-09
2.23 -1.54107e-07 2.53979e-09
2.24 -1.54107e-07 2.53174e-09
2.25 -1.54107e-07 2.5154e-09
2.26 -1.54107e-07 2.49187e-09
2.27 -1.54107e-07 2.46229e-09
2.28 -1.54107e-07 2.42781e-09
2.29 -1.54107e-07 2.3896e-09
2.3 -1.54107e-07 2.34885e-09
2.31 -1.54107e-07 2.30668e-09
2.32 -1.54107e-07 2.26397e-09
2.33 -1.54107e-07 2.22128e-09
2.34 -1.54107e-07 2.17891e-09
2.35 -1.54107e-07 2.137e-09
2.36 -1.54107e-07 2.09583e-09
2.37 -1.54107e-07 2.05592e-09
2.38 -1.54107e-07 2.01789e-09
2.39 -1.54107e-07 1.9822e-09
2.4 -1.54107e-07 1.94888e-09
2.41 -1.54107e-07 1.91754e-09
2.42 -1.54107e-07 1.88758e-09
2.43 -1.54107e-07 1.85849e-09
2.44 -1.54107e-07 1.83002e-09
2.45 -1.54107e-07 1.8022e-09
2.46 -1.54107e-07 1.77522e-09
2.47 -1.54107e-07 1.74932e-09
2.48 -1.54107e-07 1.72463e-09
2.49 -1.54107e-07 1.70111e-09
2.5 -1.54107e-07 1.67835e-09
2.51 -1.54107e-07 1.65551e-09
2.52 -1.54107e-07 1.63114e-09
2.53 -1.54107e-07 1.60329e-09
2.54 -1.54107e-07 1.56969e-09
2.55 -1.54107e-07 1.52801e-09
2.56 -1.54107e-07 1.47605e-09
2.57 -1.54107e-07 1.4119e-09
2.58 -1.54107e-07 1.33404e-09
2.59 -1.54107e-07 1.24135e-09
2.6 -1.54107e-07 1.133e-09
2.61 -1.54107e-07 1.00831e-09
2.62 -1.54107e-07 8.66581e-10
2.63 -1.54107e-07 7.07022e-10
2.64 -1.54107e-07 5.28771e-10
2.65 -1.54107e-07 3.30942e-10
2.66 -1.54107e-07 1.12765e-10
2.67 -1.54107e-07 -1.26206e-10
2.68 -1.54107e-07 -3.85959e-10
2.69 -1.54107e-07 -6.66085e-10
2.7 -1.54107e-07 -9.65989e-10
2.71 -1.54107e-07 -1.28502e-09
2.72 -1.54107e-07 -1.62242e-09
2.73 -1.54107e-07 -1.97711e-09
2.74 -1.54107e-07 -2.34757e-09
2.75 -1.54107e-07 -2.73185e-09
2.76 -1.54107e-07 -3.12771e-09
2.77 -1.54107e-07 -3.5329e-09
2.78 -1.54107e-07 -3.94534e-09
2.79 -1.54107e-07 -4.36316e-09
2.8 -1.54107e-07 -4.78451e-09
2.81 -1.54107e-07 -5.20733e-09
2.82 -1.54107e-07 -5.62915e-09
2.83 -1.54107e-07 -6.04723e-09
2.84 -1.54107e-07 -6.45874e-09
2.85 -1.54107e-07 -6.86112e-09
2.86 -1.54107e-07 -7.25236e-09
2.87 -1.54107e-07 -7.63112e-09
2.88 -1.54107e-07 -7.99662e-09
2.89 -1.54107e-07 -8.3484e-09
2.9 -1.54107e-07 -8.68597e-09
2.91 -1.54107e-07 -9.00853e-09
2.92 -1.54107e-07 -9.31487e-09
2.93 -1.54107e-07 -9.60352e-09
2.94 -1.54107e-07 -9.873e-09
2.95 -1.54107e-07 -1.01219e-08
2.96 -1.54107e-07 -1.03489e-08
2.97 -1.54107e-07 -1.05527e-08
2.98 -1.54107e-07 -1.07324e-08
2.99 -1.54107e-07 -1.08867e-08
3 -1.54107e-07 -1.10146e-08
3.01 -1.54107e-07 -1.11147e-08
3.02 -1.54107e-07 -1.11856e-08
3.03 -1.54107e-07 -1.1226e-08
3.04 -1.54107e-07 -1.12346e-08
3.05 -1.54107e-07 -1.12107e-08
3.06 -1.54107e-07 -1.11537e-08
3.07 -1.54107e-07 -1.10636e-08
3.08 -1.54107e-07 -1.09401e-08
3.09 -1.54107e-07 -1.07827e-08
3.1 -1.54107e-07 -1.05908e-08
3.11 -1.54107e-07 -1.03636e-08
3.12 -1.54107e-07 -1.01011e-08
3.13 -1.54107e-07 -9.80374e-09
3.14 -1.54107e-07 -9.47267e-09
3.15 -1.54107e-07 -9.10972e-09
3.16 -1.54107e-07 -8.71689e-09
3.17 -1.54107e-07 -8.29626e-09
3.18 -1.54107e-07 -7.84975e-09
3.19 -1.54107e-07 -7.37924e-09
3.2 -1.54107e-07 -6.88654e-09
3.21 -1.54107e-07 -6.37345e-09
3.22 -1.54107e-07 -5.84171e-09
3.23 -1.54107e-07 -5.29308e-09
3.24 -1.54107e-07 -4.72952e-09
3.25 -1.54107e-07 -4.15328e-09
3.26 -1.54107e-07 -3.56682e-09
3.27 -1.54107e-07 -2.97255e-09
3.28 -1.54107e-07 -2.37253e-09
3.29 -1.54107e-07 -1.76817e-09
3.3 -1.54107e-07 -1.16017e-09
3.31 -1.54107e-07 -5.48584e-10
3.32 -1.54107e-07 6.68388e-11
3.33 -1.54107e-07 6.86227e-10
3.34 -1.54107e-07 1.30927e-09
3.35 -1.54107e-07 1.93522e-09
3.36 -1.54107e-07 2.56311e-09
3.37 -1.54107e-07 3.19195e-09
3.38 -1.54107e-07 3.82087e-09
3.39 -1.54107e-07 4.44907e-09
3.4 -1.54107e-07 5.07583e-09
3.41 -1.54107e-07 5.70037e-09
3.42 -1.54107e-07 6.32179e-09
3.43 -1.54107e-07 6.93902e-09
3.44 -1.54107e-07 7.55065e-09
3.45 -1.54107e-07 8.15495e-09
3.46 -1.54107e-07 8.75002e-09
3.47 -1.54107e-07 9.3339e-09
3.48 -1.54107e-07 9.90472e-09
3.49 -1.54107e-07 1.04606e-08
3.5 -1.54107e-07 1.09998e-08
3.51 -1.54107e-07 1.15208e-08
3.52 -1.54107e-07 1.20223e-08
3.53 -1.54107e-07 1.25034e-08
3.54 -1.54107e-07 1.29633e-08
3.55 -1.54107e-07 1.34015e-08
3.56 -1.54107e-07 1.38175e-08
3.57 -1.54107e-07 1.42107e-08
3.58 -1.54107e-07 1.45806e-08
3.59 -1.54107e-07 1.49266e-08
3.6 -1.54107e-07 1.52485e-08
3.61 -1.54107e-07 1.55465e-08
3.62 -1.54107e-07 1.58213e-08
3.63 -1.54107e-07 1.60744e-08
3.64 -1.54107e-07 1.63073e-08
3.65 -1.54107e-07 1.65213e-08
3.66 -1.54107e-07 1.67173e-08
3.67 -1.54107e-07 1.68954e-08
3.68 -1.54107e-07 1.70556e-08
3.69 -1.54107e-07 1.71979e-08
3.7 -1.54107e-07 1.73226e-08
3.71 -1.54107e-07 1.74305e-08
3.72 -1.54107e-07 1.75227e-08
3.73 -1.54107e-07 1.75999e-08
3.74 -1.54107e-07 1.76621e-08
3.75 -1.54107e-07 1.77087e-08
3.76 -1.54107e-07 1.77385e-08
3.77 -1.54107e-07 1.77502e-08
3.78 -1.54107e-07 1.77432e-08
3.79 -1.54107e-07 1.77175e-08
3.8 -1.54107e-07 1.76742e-08
3.81 -1.54107e-07 1.76146e-08
3.82 -1.54107e-07 1.75396e-08
3.83 -1.54107e-07 1.74496e-08
3.84 -1.54107e-07 1.73437e-08
3.85 -1.54107e-07 1.72202e-08
3.86 -1.54107e-07 1.7077e-08
3.87 -1.54107e-07 1.69119e-08
3.88 -1.54107e-07 1.67226e-08
3.89 -1.54107e-07 1.65075e-08
3.9 -1.54107e-07 1.62651e-08
3.91 -1.54107e-07 1.59945e-08
3.92 -1.54107e-07 1.56951e-08
3.93 -1.54107e-07 1.53666e-08
3.94 -1.54107e-07 1.50088e-08
3.95 -1.54107e-07 1.46222e-08
3.96 -1.54107e-07 1.42076e-08
3.97 -1.54107e-07 1.37665e-08
3.98 -1.54107e-07 1.33005e-08
3.99 -1.54107e-07 1.28116e-08
4 -1.54107e-07 1.23024e-08
4.01 -1.54107e-07 1.17753e-08
4.02 -1.54107e-07 1.12327e-08
4.03 -1.54107e-07 1.06765e-08
4.04 -1.54107e-07 1.01076e-08
4.05 -1.54107e-07 9.52607e-09
4.06 -1.54107e-07 8.93157e-09
4.07 -1.54107e-07 8.32395e-09
4.08 -1.54107e-07 7.70375e-09
4.09 -1.54107e-07 7.07242e-09
4.1 -1.54107e-07 6.43207e-09
4.11 -1.54107e-07 5.78499e-09
4.12 -1.54107e-07 5.13308e-09
4.13 -1.54107e-07 4.47755e-09
4.14 -1.54107e-07 3.81898e-09
4.15 -1.54107e-07 3.15768e-09
4.16 -1.54107e-07 2.49417e-09
4.17 -1.54107e-07 1.82942e-09
4.18 -1.54107e-07 1.16477e-09
4.19 -1.54107e-07 5.01693e-10
4.2 -1.54107e-07 -1.5844e-10
4.21 -1.54107e-07 -8.1457e-10
4.22 -1.54107e-07 -1.46614e-09
4.23 -1.54107e-07 -2.11323e-09
4.24 -1.54107e-07 -2.75658e-09
4.25 -1.54107e-07 -3.39733e-09
4.26 -1.54107e-07 -4.03645e-09
4.27 -1.54107e-07 -4.67417e-09
4.28 -1.54107e-07 -5.3096e-09
4.29 -1.54107e-07 -5.94098e-09
4.3 -1.54107e-07 -6.56639e-09
4.31 -1.54107e-07 -7.18465e-09
4.32 -1.54107e-07 -7.7959e-09
4.33 -1.54107e-07 -8.40153e-09
4.34 -1.54107e-07 -9.00368e-09
4.35 -1.54107e-07 -9.60434e-09
4.36 -1.54107e-07 -1.02046e-08
4.37 -1.54107e-07 -1.08043e-08
4.38 -1.54107e-07 -1.14019e-08
4.39 -1.54107e-07 -1.19952e-08
4.4 -1.54107e-07 -1.25818e-08
4.41 -1.54107e-07 -1.31601e-08
4.42 -1.54107e-07 -1.37288e-08
4.43 -1.54107e-07 -1.42871e-08
4.44 -1.54107e-07 -1.4834e-08
4.45 -1.54107e-07 -1.5368e-08
4.46 -1.54107e-07 -1.58872e-08
4.47 -1.54107e-07 -1.6389e-08
4.48 -1.54107e-07 -1.68708e-08
4.49 -1.54107e-07 -1.733e-08
4.5 -1.54107e-07 -1.7764e-08
4.51 -1.54107e-07 -1.81709e-08
4.52 -1.54107e-07 -1.85492e-08
4.53 -1.54107e-07 -1.8898e-08
4.54 -1.54107e-07 -1.92168e-08
4.55 -1.54107e-07 -1.95054e-08
4.56 -1.54107e-07 -1.97636e-08
4.57 -1.54107e-07 -1.9991e-08
4.58 -1.54107e-07 -2.01875e-08
4.59 -1.54107e-07 -2.03526e-08
4.6 -1.54107e-07 -2.04861e-08
4.61 -1.54107e-07 -2.05879e-08
4.62 -1.54107e-07 -2.06579e-08
4.63 -1.54107e-07 -2.06959e-08
4.64 -1.54107e-07 -2.07022e-08
4.65 -1.54107e-07 -2.06767e-08
4.66 -1.54107e-07 -2.06195e-08
4.67 -1.54107e-07 -2.05307e-08
4.68 -1.54107e-07 -2.04108e-08
4.69 -1.54107e-07 -2.02601e-08
4.7 -1.54107e-07 -2.00796e-08
4.71 -1.54107e-07 -1.98708e-08
4.72 -1.54107e-07 -1.96347e-08
4.73 -1.54107e-07 -1.93724e-08
4.74 -1.54107e-07 -1.9084e-08
4.75 -1.54107e-07 -1.87689e-08
4.76 -1.54107e-07 -1.84266e-08
4.77 -1.54107e-07 -1.80569e-08
4.78 -1.54107e-07 -1.76604e-08
4.79 -1.54107e-07 -1.72385e-08
4.8 -1.54107e-07 -1.67933e-08
4.81 -1.54107e-07 -1.63266e-08
4.82 -1.54107e-07 -1.58398e-08
4.83 -1.54107e-07 -1.53338e-08
4.84 -1.54107e-07 -1.48092e-08
4.85 -1.54107e-07 -1.42661e-08
4.86 -1.54107e-07 -1.37045e-08
4.87 -1.54107e-07 -1.31242e-08
4.88 -1.54107e-07 -1.25253e-08
4.89 -1.54107e-07 -1.19076e-08
4.9 -1.54107e-07 -1.12712e-08
4.91 -1.54107e-07 -1.0616e-08
4.92 -1.54107e-07 -9.94151e-09
4.93 -1.54107e-07 -9.24691e-09
4.94 -1.54107e-07 -8.53135e-09
4.95 -1.54107e-07 -7.79411e-09
4.96 -1.54107e-07 -7.0346e-09
4.97 -1.54107e-07 -6.25233e-09
4.98 -1.54107e-07 -5.44684e-09
4.99 -1.54107e-07 -4.6178e-09
5 -1.54107e-07 -3.7652e-09
5.01 -1.54107e-07 -2.88957e-09
5.02 -1.54107e-07 -1.99198e-09
5.03 -1.54107e-07 -1.07403e-09
5.04 -1.54107e-07 -1.37815e-10
5.05 -1.54107e-07 8.1422e-10
5.06 -1.54107e-07 1.77954e-09
5.07 -1.54107e-07 2.7558e-09
5.08 -1.54107e-07 3.741e-09
5.09 -1.54107e-07 4.73346e-09
5.1 -1.54107e-07 5.73156e-09
5.11 -1.54107e-07 6.73337e-09
5.12 -1.54107e-07 7.73651e-09
5.13 -1.54107e-07 8.73823e-09
5.14 -1.54107e-07 9.73569e-09
5.15 -1.54107e-07 1.07263e-08
5.16 -1.54107e-07 1.17082e-08
5.17 -1.54107e-07 1.26799e-08
5.18 -1.54107e-07 1.364e-08
5.19 -1.54107e-07 1.45868e-08
5.2 -1.54107e-07 1.55181e-08
5.21 -1.54107e-07 1.6431e-08
5.22 -1.54107e-07 1.73224e-08
5.23 -1.54107e-07 1.81888e-08
5.24 -1.54107e-07 1.90269e-08
5.25 -1.54107e-07 1.98334e-08
5.26 -1.54107e-07 2.06051e-08
5.27 -1.54107e-07 2.13391e-08
5.28 -1.54107e-07 2.20328e-08
5.29 -1.54107e-07 2.26841e-08
5.3 -1.54107e-07 2.32908e-08
5.31 -1.54107e-07 2.38513e-08
5.32 -1.54107e-07 2.43634e-08
5.33 -1.54107e-07 2.48249e-08
5.34 -1.54107e-07 2.52328e-08
5.35 -1.54107e-07 2.55839e-08
5.36 -1.54107e-07 2.58752e-08
5.37 -1.54107e-07 2.61043e-08
5.38 -1.54107e-07 2.62697e-08
5.39 -1.54107e-07 2.63709e-08
5.4 -1.54107e-07 2.64083e-08
5.41 -1.54107e-07 2.63824e-08
5.42 -1.54107e-07 2.62936e-08
5.43 -1.54107e-07 2.61415e-08
5.44 -1.54107e-07 2.59251e-08
5.45 -1.54107e-07 2.56429e-08
5.46 -1.54107e-07 2.52933e-08
5.47 -1.54107e-07 2.48755e-08
5.48 -1.54107e-07 2.43896e-08
5.49 -1.54107e-07 2.38366e-08
5.5 -1.54107e-07 2.32179e-08
5.51 -1.54107e-07 2.25354e-08
5.52 -1.54107e-07 2.17912e-08
5.53 -1.54107e-07 2.09872e-08
5.54 -1.54107e-07 2.01258e-08
5.55 -1.54107e-07 1.92092e-08
5.56 -1.54107e-07 1.82397e-08
5.57 -1.54107e-07 1.72198e-08
5.58 -1.54107e-07 1.61518e-08
5.59 -1.54107e-07 1.50387e-08
5.6 -1.54107e-07 1.38841e-08
5.61 -1.54107e-07 1.26919e-08
5.62 -1.54107e-07 1.14667e-08
5.63 -1.54107e-07 1.02134e-08
5.64 -1.54107e-07 8.93726e-09
5.65 -1.54107e-07 7.64393e-09
5.66 -1.54107e-07 6.33912e-09
5.67 -1.54107e-07 5.02831e-09
5.68 -1.54107e-07 3.71645e-09
5.69 -1.54107e-07 2.40779e-09
5.7 -1.54107e-07 1.106e-09
5.71 -1.54107e-07 -1.85439e-10
5.72 -1.54107e-07 -1.46302e-09
5.73 -1.54107e-07 -2.72295e-09
5.74 -1.54107e-07 -3.96119e-09
5.75 -1.54107e-07 -5.17365e-09
5.76 -1.54107e-07 -6.35637e-09
5.77 -1.54107e-07 -7.50573e-09
5.78 -1.54107e-07 -8.61863e-09
5.79 -1.54107e-07 -9.69248e-09
5.8 -1.54107e-07 -1.0725e-08
5.81 -1.54107e-07 -1.17143e-08
5.82 -1.54107e-07 -1.26583e-08
5.83 -1.54107e-07 -1.35553e-08
5.84 -1.54107e-07 -1.44035e-08
5.85 -1.54107e-07 -1.5201e-08
5.86 -1.54107e-07 -1.59457e-08
5.87 -1.54107e-07 -1.66357e-08
5.88 -1.54107e-07 -1.72695e-08
5.89 -1.54107e-07 -1.78464e-08
5.9 -1.54107e-07 -1.83666e-08
5.91 -1.54107e-07 -1.88306e-08
5.92 -1.54107e-07 -1.92388e-08
5.93 -1.54107e-07 -1.95917e-08
5.94 -1.54107e-07 -1.98897e-08
5.95 -1.54107e-07 -2.01336e-08
5.96 -1.54107e-07 -2.0325e-08
5.97 -1.54107e-07 -2.04659e-08
5.98 -1.54107e-07 -2.0559e-08
5.99 -1.54107e-07 -2.06077e-08
6 -1.54107e-07 -2.06153e-08
6.01 -1.54107e-07 -2.05848e-08
6.02 -1.54107e-07 -2.05188e-08
6.03 -1.54107e-07 -2.04191e-08
6.04 -1.54107e-07 -2.02873e-08
6.05 -1.54107e-07 -2.01243e-08
6.06 -1.54107e-07 -1.99307e-08
6.07 -1.54107e-07 -1.97069e-08
6.08 -1.54107e-07 -1.94526e-08
6.09 -1.54107e-07 -1.9167e-08
6.1 -1.54107e-07 -1.88491e-08
6.11 -1.54107e-07 -1.84982e-08
6.12 -1.54107e-07 -1.81136e-08
6.13 -1.54107e-07 -1.76954e-08
6.14 -1.54107e-07 -1.72439e-08
6.15 -1.54107e-07 -1.67598e-08
6.16 -1.54107e-07 -1.62435e-08
6.17 -1.54107e-07 -1.56951e-08
6.18 -1.54107e-07 -1.51147e-08
6.19 -1.54107e-07 -1.45025e-08
6.2 -1.54107e-07 -1.38586e-08
6.21 -1.54107e-07 -1.31836e-08
6.22 -1.54107e-07 -1.24778e-08
6.23 -1.54107e-07 -1.17413e-08
6.24 -1.54107e-07 -1.09742e-08
6.25 -1.54107e-07 -1.0177e-08
6.26 -1.54107e-07 -9.35018e-09
6.27 -1.54107e-07 -8.49491e-09
6.28 -1.54107e-07 -7.61245e-09
6.29 -1.54107e-07 -6.70423e-09
6.3 -1.54107e-07 -5.7717e-09
6.31 -1.54107e-07 -4.8162e-09
6.32 -1.54107e-07 -3.83904e-09
6.33 -1.54107e-07 -2.84158e-09
6.34 -1.54107e-07 -1.8252e-09
6.35 -1.54107e-07 -7.91349e-10
6.36 -1.54107e-07 2.58481e-10
6.37 -1.54107e-07 1.32273e-09
6.38 -1.54107e-07 2.39983e-09
6.39 -1.54107e-07 3.48822e-09
6.4 -1.54107e-07 4.58634e-09
6.41 -1.54107e-07 5.69263e-09
6.42 -1.54107e-07 6.80554e-09
6.43 -1.54107e-07 7.92341e-09
6.44 -1.54107e-07 9.0443e-09
6.45 -1.54107e-07 1.01658e-08
6.46 -1.54107e-07 1.12849e-08
6.47 -1.54107e-07 1.2398e-08
6.48 -1.54107e-07 1.35009e-08
6.49 -1.54107e-07 1.45896e-08
6.5 -1.54107e-07 1.566e-08
6.51 -1.54107e-07 1.67082e-08
6.52 -1.54107e-07 1.77306e-08
6.53 -1.54107e-07 1.87235e-08
6.54 -1.54107e-07 1.96841e-08
6.55 -1.54107e-07 2.06095e-08
6.56 -1.54107e-07 2.14976e-08
6.57 -1.54107e-07 2.2346e-08
6.58 -1.54107e-07 2.31527e-08
6.59 -1.54107e-07 2.39159e-08
6.6 -1.54107e-07 2.4634e-08
6.61 -1.54107e-07 2.53062e-08
6.62 -1.54107e-07 2.59319e-08
6.63 -1.54107e-07 2.65117e-08
6.64 -1.54107e-07 2.70467e-08
6.65 -1.54107e-07 2.75388e-08
6.66 -1.54107e-07 2.79898e-08
6.67 -1.54107e-07 2.84017e-08
6.68 -1.54107e-07 2.87752e-08
6.69 -1.54107e-07 2.91108e-08
6.7 -1.54107e-07 2.94078e-08
6.71 -1.54107e-07 2.96659e-08
6.72 -1.54107e-07 2.98843e-08
6.73 -1.54107e-07 3.00629e-08
6.74 -1.54107e-07 3.02014e-08
6.75 -1.54107e-07 3.02999e-08
6.76 -1.54107e-07 3.0358e-08
6.77 -1.54107e-07 3.03752e-08
6.78 -1.54107e-07 3.03508e-08
6.79 -1.54107e-07 3.02839e-08
6.8 -1.54107e-07 3.01738e-08
6.81 -1.54107e-07 3.00206e-08
6.82 -1.54107e-07 2.98249e-08
6.83 -1.54107e-07 2.9588e-08
6.84 -1.54107e-07 2.93115e-08
6.85 -1.54107e-07 2.89969e-08
6.86 -1.54107e-07 2.86462e-08
6.87 -1.54107e-07 2.8261e-08
6.88 -1.54107e-07 2.78426e-08
6.89 -1.54107e-07 2.73926e-08
6.9 -1.54107e-07 2.6912e-08
6.91 -1.54107e-07 2.64022e-08
6.92 -1.54107e-07 2.58649e-08
6.93 -1.54107e-07 2.53019e-08
6.94 -1.54107e-07 2.47155e-08
6.95 -1.54107e-07 2.41077e-08
6.96 -1.54107e-07 2.34806e-08
6.97 -1.54107e-07 2.28356e-08
6.98 -1.54107e-07 2.21735e-08
6.99 -1.54107e-07 2.14943e-08
7 -1.54107e-07 2.07975e-08
7.01 -1.54107e-07 2.00819e-08
7.02 -1.54107e-07 1.93461e-08
7.03 -1.54107e-07 1.85881e-08
7.04 -1.54107e-07 1.78056e-08
7.05 -1.54107e-07 1.69961e-08
7.06 -1.54107e-07 1.6157e-08
7.07 -1.54107e-07 1.5286e-08
7.08 -1.54107e-07 1.43809e-08
7.09 -1.54107e-07 1.34397e-08
7.1 -1.54107e-07 1.2461e-08
7.11 -1.54107e-07 1.14439e-08
7.12 -1.54107e-07 1.03878e-08
7.13 -1.54107e-07 9.2927e-09
7.14 -1.54107e-07 8.15907e-09
7.15 -1.54107e-07 6.98769e-09
7.16 -1.54107e-07 5.77948e-09
7.17 -1.54107e-07 4.53543e-09
7.18 -1.54107e-07 3.25676e-09
7.19 -1.54107e-07 1.94527e-09
7.2 -1.54107e-07 6.03312e-10
7.21 -1.54107e-07 -7.66296e-10
7.22 -1.54107e-07 -2.16055e-09
7.23 -1.54107e-07 -3.57667e-09
7.24 -1.54107e-07 -5.01225e-09
7.25 -1.54107e-07 -6.46509e-09
7.26 -1.54107e-07 -7.93292e-09
7.27 -1.54107e-07 -9.41321e-09
7.28 -1.54107e-07 -1.09032e-08
7.29 -1.54107e-07 -1.23998e-08
7.3 -1.54107e-07 -1.38997e-08
7.31 -1.54107e-07 -1.53989e-08
7.32 -1.54107e-07 -1.68934e-08
7.33 -1.54107e-07 -1.83787e-08
7.34 -1.54107e-07 -1.98505e-08
7.35 -1.54107e-07 -2.13047e-08
7.36 -1.54107e-07 -2.2737e-08
7.37 -1.54107e-07 -2.41433e-08
7.38 -1.54107e-07 -2.5519e-08
7.39 -1.54107e-07 -2.6859e-08
7.4 -1.54107e-07 -2.81572e-08
7.41 -1.54107e-07 -2.94068e-08
7.42 -1.54107e-07 -3.06002e-08
7.43 -1.54107e-07 -3.17292e-08
7.44 -1.54107e-07 -3.27854e-08
7.45 -1.54107e-07 -3.37605e-08
7.46 -1.54107e-07 -3.46465e-08
7.47 -1.54107e-07 -3.54356e-08
7.48 -1.54107e-07 -3.61207e-08
7.49 -1.54107e-07 -3.66946e-08
7.5 -1.54107e-07 -3.71506e-08
7.51 -1.54107e-07 -3.74823e-08
7.52 -1.54107e-07 -3.76839e-08
7.53 -1.54107e-07 -3.77499e-08
7.54 -1.54107e-07 -3.76754e-08
7.55 -1.54107e-07 -3.74559e-08
7.56 -1.54107e-07 -3.70875e-08
7.57 -1.54107e-07 -3.65671e-08
7.58 -1.54107e-07 -3.58926e-08
7.59 -1.54107e-07 -3.50632e-08
7.6 -1.54107e-07 -3.40792e-08
7.61 -1.54107e-07 -3.29422e-08
7.62 -1.54107e-07 -3.16544e-08
7.63 -1.54107e-07 -3.02186e-08
7.64 -1.54107e-07 -2.86382e-08
7.65 -1.54107e-07 -2.69172e-08
7.66 -1.54107e-07 -2.50609e-08
7.67 -1.54107e-07 -2.30755e-08
7.68 -1.54107e-07 -2.09685e-08
7.69 -1.54107e-07 -1.87487e-08
7.7 -1.54107e-07 -1.64257e-08
7.71 -1.54107e-07 -1.40101e-08
7.72 -1.54107e-07 -1.15129e-08
7.73 -1.54107e-07 -8.94569e-09
7.74 -1.54107e-07 -6.31988e-09
7.75 -1.54107e-07 -3.64675e-09
7.76 -1.54107e-07 -9.3727e-10
7.77 -1.54107e-07 1.79778e-09
7.78 -1.54107e-07 4.54785e-09
7.79 -1.54107e-07 7.30259e-09
7.8 -1.54107e-07 1.00519e-08
7.81 -1.54107e-07 1.27857e-08
7.82 -1.54107e-07 1.54941e-08
7.83 -1.54107e-07 1.81668e-08
7.84 -1.54107e-07 2.07935e-08
7.85 -1.54107e-07 2.33634e-08
7.86 -1.54107e-07 2.58658e-08
7.87 -1.54107e-07 2.82899e-08
7.88 -1.54107e-07 3.06256e-08
7.89 -1.54107e-07 3.28631e-08
7.9 -1.54107e-07 3.49935e-08
7.91 -1.54107e-07 3.70088e-08
7.92 -1.54107e-07 3.89013e-08
7.93 -1.54107e-07 4.06639e-08
7.94 -1.54107e-07 4.22894e-08
7.95 -1.54107e-07 4.37709e-08
7.96 -1.54107e-07 4.51017e-08
7.97 -1.54107e-07 4.62754e-08
7.98 -1.54107e-07 4.72865e-08
7.99 -1.54107e-07 4.81301e-08
8 -1.54107e-07 4.88021e-08
8.01 -1.54107e-07 4.92991e-08
8.02 -1.54107e-07 4.96186e-08
8.03 -1.54107e-07 4.97586e-08
8.04 -1.54107e-07 4.97174e-08
8.05 -1.54107e-07 4.9494e-08
8.06 -1.54107e-07 4.90873e-08
8.07 -1.54107e-07 4.8497e-08
8.08 -1.54107e-07 4.77234e-08
8.09 -1.54107e-07 4.67677e-08
8.1 -1.54107e-07 4.5632e-08
8.11 -1.54107e-07 4.4319e-08
8.12 -1.54107e-07 4.28319e-08
8.13 -1.54107e-07 4.11739e-08
8.14 -1.54107e-07 3.93483e-08
8.15 -1.54107e-07 3.73585e-08
8.16 -1.54107e-07 3.52082e-08
8.17 -1.54107e-07 3.29015e-08
8.18 -1.54107e-07 3.04439e-08
8.19 -1.54107e-07 2.78417e-08
8.2 -1.54107e-07 2.51028e-08
8.21 -1.54107e-07 2.22364e-08
8.22 -1.54107e-07 1.92525e-08
8.23 -1.54107e-07 1.61618e-08
8.24 -1.54107e-07 1.29751e-08
8.25 -1.54107e-07 9.70323e-09
8.26 -1.54107e-07 6.35651e-09
8.27 -1.54107e-07 2.94452e-09
8.28 -1.54107e-07 -5.23437e-10
8.29 -1.54107e-07 -4.03804e-09
8.3 -1.54107e-07 -7.58996e-09
8.31 -1.54107e-07 -1.11701e-08
8.32 -1.54107e-07 -1.47699e-08
8.33 -1.54107e-07 -1.83814e-08
8.34 -1.54107e-07 -2.19976e-08
8.35 -1.54107e-07 -2.56116e-08
8.36 -1.54107e-07 -2.92169e-08
8.37 -1.54107e-07 -3.28067e-08
8.38 -1.54107e-07 -3.63741e-08
8.39 -1.54107e-07 -3.99122e-08
8.4 -1.54107e-07 -4.34143e-08
8.41 -1.54107e-07 -4.68741e-08
8.42 -1.54107e-07 -5.02857e-08
8.43 -1.54107e-07 -5.36433e-08
8.44 -1.54107e-07 -5.69419e-08
8.45 -1.54107e-07 -6.01765e-08
8.46 -1.54107e-07 -6.33425e-08
8.47 -1.54107e-07 -6.64356e-08
8.48 -1.54107e-07 -6.94519e-08
8.49 -1.54107e-07 -7.23877e-08
8.5 -1.54107e-07 -7.52399e-08
8.51 -1.54107e-07 -7.80056e-08
8.52 -1.54107e-07 -8.06818e-08
8.53 -1.54107e-07 -8.32657e-08
8.54 -1.54107e-07 -8.57544e-08
8.55 -1.54107e-07 -8.81451e-08
8.56 -1.54107e-07 -9.04348e-08
8.57 -1.54107e-07 -9.26201e-08
8.58 -1.54107e-07 -9.46972e-08
8.59 -1.54107e-07 -9.66622e-08
8.6 -1.54107e-07 -9.85112e-08
8.61 -1.54107e-07 -1.0024e-07
8.62 -1.54107e-07 -1.01847e-07
8.63 -1.54107e-07 -1.03327e-07
8.64 -1.54107e-07 -1.04679e-07
8.65 -1.54107e-07 -1.059e-07
8.66 -1.54107e-07 -1.0699e-07
8.67 -1.54107e-07 -1.07948e-07
8.68 -1.54107e-07 -1.08771e-07
8.69 -1.54107e-07 -1.0946e-07
8.7 -1.54107e-07 -1.10012e-07
8.71 -1.54107e-07 -1.10427e-07
8.72 -1.54107e-07 -1.10703e-07
8.73 -1.54107e-07 -1.10839e-07
8.74 -1.54107e-07 -1.10832e-07
8.75 -1.54107e-07 -1.10681e-07
8.76 -1.54107e-07 -1.10385e-07
8.77 -1.54107e-07 -1.09941e-07
8.78 -1.54107e-07 -1.09347e-07
8.79 -1.54107e-07 -1.08601e-07
8.8 -1.54107e-07 -1.07702e-07
8.81 -1.54107e-07 -1.06648e-07
8.82 -1.54107e-07 -1.05438e-07
8.83 -1.54107e-07 -1.04071e-07
8.84 -1.54107e-07 -1.02547e-07
8.85 -1.54107e-07 -1.00864e-07
8.86 -1.54107e-07 -9.90243e-08
8.87 -1.54107e-07 -9.70272e-08
8.88 -1.54107e-07 -9.48734e-08
8.89 -1.54107e-07 -9.25634e-08
8.9 -1.54107e-07 -9.00984e-08
8.91 -1.54107e-07 -8.74805e-08
8.92 -1.54107e-07 -8.47126e-08
8.93 -1.54107e-07 -8.17987e-08
8.94 -1.54107e-07 -7.87433e-08
8.95 -1.54107e-07 -7.55519e-08
8.96 -1.54107e-07 -7.223e-08
8.97 -1.54107e-07 -6.87836e-08
8.98 -1.54107e-07 -6.52181e-08
8.99 -1.54107e-07 -6.15395e-08
9 -1.54107e-07 -5.77538e-08
9.01 -1.54107e-07 -5.38677e-08
9.02 -1.54107e-07 -4.98887e-08
9.03 -1.54107e-07 -4.58253e-08
9.04 -1.54107e-07 -4.16864e-08
9.05 -1.54107e-07 -3.74813e-08
9.06 -1.54107e-07 -3.32197e-08
9.07 -1.54107e-07 -2.89104e-08
9.08 -1.54107e-07 -2.45616e-08
9.09 -1.54107e-07 -2.01809e-08
9.1 -1.54107e-07 -1.57756e-08
9.11 -1.54107e-07 -1.13533e-08
9.12 -1.54107e-07 -6.922e-09
9.13 -1.54107e-07 -2.49042e-09
9.14 -1.54107e-07 1.93202e-09
9.15 -1.54107e-07 6.33547e-09
9.16 -1.54107e-07 1.07098e-08
9.17 -1.54107e-07 1.50449e-08
9.18 -1.54107e-07 1.933e-08
9.19 -1.54107e-07 2.35548e-08
9.2 -1.54107e-07 2.77087e-08
9.21 -1.54107e-07 3.17814e-08
9.22 -1.54107e-07 3.57629e-08
9.23 -1.54107e-07 3.96438e-08
9.24 -1.54107e-07 4.34148e-08
9.25 -1.54107e-07 4.70671e-08
9.26 -1.54107e-07 5.0592e-08
9.27 -1.54107e-07 5.39806e-08
9.28 -1.54107e-07 5.72245e-08
9.29 -1.54107e-07 6.03154e-08
9.3 -1.54107e-07 6.32459e-08
9.31 -1.54107e-07 6.60091e-08
9.32 -1.54107e-07 6.85989e-08
9.33 -1.54107e-07 7.10098e-08
9.34 -1.54107e-07 7.32368e-08
9.35 -1.54107e-07 7.52752e-08
9.36 -1.54107e-07 7.71205e-08
9.37 -1.54107e-07 7.87688e-08
9.38 -1.54107e-07 8.02172e-08
9.39 -1.54107e-07 8.14636e-08
9.4 -1.54107e-07 8.25064e-08
9.41 -1.54107e-07 8.33445e-08
9.42 -1.54107e-07 8.39775e-08
9.43 -1.54107e-07 8.44053e-08
9.44 -1.54107e-07 8.46283e-08
9.45 -1.54107e-07 8.46476e-08
9.46 -1.54107e-07 8.44653e-08
9.47 -1.54107e-07 8.40844e-08
9.48 -1.54107e-07 8.35084e-08
9.49 -1.54107e-07 8.27415e-08
9.5 -1.54107e-07 8.17882e-08
9.51 -1.54107e-07 8.0653e-08
9.52 -1.54107e-07 7.93408e-08
9.53 -1.54107e-07 7.78565e-08
9.54 -1.54107e-07 7.62054e-08
9.55 -1.54107e-07 7.43931e-08
9.56 -1.54107e-07 7.24254e-08
9.57 -1.54107e-07 7.03087e-08
9.58 -1.54107e-07 6.80496e-08
9.59 -1.54107e-07 6.56552e-08
9.6 -1.54107e-07 6.31331e-08
9.61 -1.54107e-07 6.04917e-08
9.62 -1.54107e-07 5.77397e-08
9.63 -1.54107e-07 5.48863e-08
9.64 -1.54107e-07 5.19411e-08
9.65 -1.54107e-07 4.89134e-08
9.66 -1.54107e-07 4.58128e-08
9.67 -1.54107e-07 4.26488e-08
9.68 -1.54107e-07 3.94312e-08
9.69 -1.54107e-07 3.61696e-08
9.7 -1.54107e-07 3.28733e-08
9.71 -1.54107e-07 2.95512e-08
9.72 -1.54107e-07 2.6212e-08
9.73 -1.54107e-07 2.28642e-08
9.74 -1.54107e-07 1.95159e-08
9.75 -1.54107e-07 1.61752e-08
9.76 -1.54107e-07 1.28503e-08
9.77 -1.54107e-07 9.54945e-09
9.78 -1.54107e-07 6.28094e-09
9.79 -1.54107e-07 3.05338e-09
9.8 -1.54107e-07 -1.24117e-10
9.81 -1.54107e-07 -3.24204e-09
9.82 -1.54107e-07 -6.29075e-09
9.83 -1.54107e-07 -9.26063e-09
9.84 -1.54107e-07 -1.21422e-08
9.85 -1.54107e-07 -1.49263e-08
9.86 -1.54107e-07 -1.76042e-08
9.87 -1.54107e-07 -2.01676e-08
9.88 -1.54107e-07 -2.2609e-08
9.89 -1.54107e-07 -2.49215e-08
9.9 -1.54107e-07 -2.70992e-08
9.91 -1.54107e-07 -2.91366e-08
9.92 -1.54107e-07 -3.10292e-08
9.93 -1.54107e-07 -3.27728e-08
9.94 -1.54107e-07 -3.43637e-08
9.95 -1.54107e-07 -3.57993e-08
9.96 -1.54107e-07 -3.70779e-08
9.97 -1.54107e-07 -3.81991e-08
9.98 -1.54107e-07 -3.91639e-08
9.99 -1.54107e-07 -3.99744e-08
10 -1.54107e-07 -4.0634e-08
