0.01 1.13661e-08 -6.65743e-05 -3.94658e-11
0.02 4.58017e-08 -6.65743e-05 -1.59034e-10
0.03 7.955e-08 -6.65743e-05 -2.76215e-10
0.04 7.72625e-08 -6.65743e-05 -2.68273e-10
0.05 2.94796e-08 -6.65743e-05 -1.0236e-10
0.06 -6.20579e-08 -6.65743e-05 2.15479e-10
0.07 -1.97518e-07 -6.65743e-05 6.85825e-10
0.08 -3.77162e-07 -6.65743e-05 1.30959e-09
0.09 -6.01282e-07 -6.65743e-05 2.08778e-09
0.1 -8.70142e-07 -6.65743e-05 3.02132e-09
0.11 -1.18401e-06 -6.65743e-05 4.11115e-09
0.12 -1.5432e-06 -6.65743e-05 5.35834e-09
0.13 -1.94809e-06 -6.65743e-05 6.76421e-09
0.14 -2.39904e-06 -6.65743e-05 8.33001e-09
0.15 -2.89633e-06 -6.65743e-05 1.00567e-08
0.16 -3.44008e-06 -6.65743e-05 1.19447e-08
0.17 -4.03032e-06 -6.65743e-05 1.39942e-08
0.18 -4.66698e-06 -6.65743e-05 1.62048e-08
0.19 -5.35003e-06 -6.65743e-05 1.85765e-08
0.2 -6.07947e-06 -6.65743e-05 2.11093e-08
0.21 -6.85524e-06 -6.65743e-05 2.38029e-08
0.22 -7.67707e-06 -6.65743e-05 2.66565e-08
0.23 -8.54427e-06 -6.65743e-05 2.96676e-08
0.24 -9.45571e-06 -6.65743e-05 3.28323e-08
0.25 -1.04099e-05 -6.65743e-05 3.61454e-08
0.26 -1.14053e-05 -6.65743e-05 3.96016e-08
0.27 -1.24405e-05 -6.65743e-05 4.31961e-08
0.28 -1.35145e-05 -6.65743e-05 4.69254e-08
0.29 -1.46269e-05 -6.65743e-05 5.07879e-08
0.3 -1.57777e-05 -6.65743e-05 5.47836e-08
0.31 -1.69674e-05 -6.65743e-05 5.89145e-08
0.32 -1.81966e-05 -6.65743e-05 6.31828e-08
0.33 -1.9466e-05 -6.65743e-05 6.75904e-08
0.34 -2.07759e-05 -6.65743e-05 7.21385e-08
0.35 -2.21263e-05 -6.65743e-05 7.68274e-08
0.36 -2.35172e-05 -6.65743e-05 8.16568e-08
0.37 -2.49479e-05 -6.65743e-05 8.66247e-08
0.38 -2.64172e-05 -6.65743e-05 9.17264e-08
0.39 -2.79227e-05 -6.65743e-05 9.69537e-08
0.4 -2.94613e-05 -6.65743e-05 1.02296e-07
0.41 -3.10296e-05 -6.65743e-05 1.07742e-07
0.42 -3.26236e-05 -6.65743e-05 1.13276e-07
0.43 -3.42393e-05 -6.65743e-05 1.18886e-07
0.44 -3.58723e-05 -6.65743e-05 1.24557e-07
0.45 -3.75185e-05 -6.65743e-05 1.30273e-07
0.46 -3.9174e-05 -6.65743e-05 1.36021e-07
0.47 -4.08352e-05 -6.65743e-05 1.41789e-07
0.48 -4.24987e-05 -6.65743e-05 1.47565e-07
0.49 -4.41615e-05 -6.65743e-05 1.53338e-07
0.5 -4.58215e-05 -6.65743e-05 1.59102e-07
0.51 -4.7477e-05 -6.65743e-05 1.64851e-07
0.52 -4.91265e-05 -6.65743e-05 1.70578e-07
0.53 -5.07681e-05 -6.65743e-05 1.76278e-07
0.54 -5.23988e-05 -6.65743e-05 1.8194e-07
0.55 -5.40153e-05 -6.65743e-05 1.87553e-07
0.56 -5.56131e-05 -6.65743e-05 1.93101e-07
0.57 -5.71875e-05 -6.65743e-05 1.98568e-07
0.58 -5.87329e-05 -6.65743e-05 2.03934e-07
0.59 -6.02433e-05 -6.65743e-05 2.09178e-07
0.6 -6.17139e-05 -6.65743e-05 2.14284e-07
0.61 -6.31417e-05 -6.65743e-05 2.19242e-07
0.62 -6.45253e-05 -6.65743e-05 2.24046e-07
0.63 -6.58645e-05 -6.65743e-05 2.28696e-07
0.64 -6.71585e-05 -6.65743e-05 2.33189e-07
0.65 -6.84051e-05 -6.65743e-05 2.37518e-07
0.66 -6.95997e-05 -6.65743e-05 2.41665e-07
0.67 -7.07351e-05 -6.65743e-05 2.45608e-07
0.68 -7.18022e-05 -6.65743e-05 2.49313e-07
0.69 -7.27902e-05 -6.65743e-05 2.52744e-07
0.7 -7.36887e-05 -6.65743e-05 2.55863e-07
0.71 -7.44878e-05 -6.65743e-05 2.58638e-07
0.72 -7.51799e-05 -6.65743e-05 2.61041e-07
0.73 -7.57609e-05 -6.65743e-05 2.63059e-07
0.74 -7.62301e-05 -6.65743e-05 2.64688e-07
0.75 -7.65899e-05 -6.65743e-05 2.65937e-07
0.76 -7.68438e-05 -6.65743e-05 2.66819e-07
0.77 -7.69941e-05 -6.65743e-05 2.67341e-07
0.78 -7.70414e-05 -6.65743e-05 2.67505e-07
0.79 -7.69845e-05 -6.65743e-05 2.67307e-07
0.8 -7.68213e-05 -6.65743e-05 2.66741e-07
0.81 -7.65497e-05 -6.65743e-05 2.65798e-07
0.82 -7.61683e-05 -6.65743e-05 2.64473e-07
0.83 -7.56766e-05 -6.65743e-05 2.62766e-07
0.84 -7.50753e-05 -6.65743e-05 2.60678e-07
0.85 -7.43665e-05 -6.65743e-05 2.58217e-07
0.86 -7.3554e-05 -6.65743e-05 2.55396e-07
0.87 -7.26432e-05 -6.65743e-05 2.52233e-07
0.88 -7.16403e-05 -6.65743e-05 2.48751e-07
0.89 -7.0551e-05 -6.65743e-05 2.44969e-07
0.9 -6.93797e-05 -6.65743e-05 2.40902e-07
0.91 -6.81292e-05 -6.65743e-05 2.3656e-07
0.92 -6.68016e-05 -6.65743e-05 2.3195e-07
0.93 -6.53996e-05 -6.65743e-05 2.27082e-07
0.94 -6.39268e-05 -6.65743e-05 2.21968e-07
0.95 -6.2387e-05 -6.65743e-05 2.16621e-07
0.96 -6.07821e-05 -6.65743e-05 2.11049e-07
0.97 -5.91123e-05 -6.65743e-05 2.05251e-07
0.98 -5.73762e-05 -6.65743e-05 1.99223e-07
0.99 -5.55729e-05 -6.65743e-05 1.92961e-07
1 -5.37035e-05 -6.65743e-05 1.8647e-07
1.01 -5.17727e-05 -6.65743e-05 1.79766e-07
1.02 -4.979e-05 -6.65743e-05 1.72882e-07
1.03 -4.77678e-05 -6.65743e-05 1.65861e-07
1.04 -4.57199e-05 -6.65743e-05 1.5875e-07
1.05 -4.3659e-05 -6.65743e-05 1.51594e-07
1.06 -4.15979e-05 -6.65743e-05 1.44437e-07
1.07 -3.95513e-05 -6.65743e-05 1.37331e-07
1.08 -3.75377e-05 -6.65743e-05 1.30339e-07
1.09 -3.55783e-05 -6.65743e-05 1.23536e-07
1.1 -3.36931e-05 -6.65743e-05 1.1699e-07
1.11 -3.1896e-05 -6.65743e-05 1.1075e-07
1.12 -3.01911e-05 -6.65743e-05 1.0483e-07
1.13 -2.85736e-05 -6.65743e-05 9.9214e-08
1.14 -2.70329e-05 -6.65743e-05 9.38641e-08
1.15 -2.55561e-05 -6.65743e-05 8.87363e-08
1.16 -2.41309e-05 -6.65743e-05 8.37878e-08
1.17 -2.27476e-05 -6.65743e-05 7.89848e-08
1.18 -2.13997e-05 -6.65743e-05 7.43046e-08
1.19 -2.00822e-05 -6.65743e-05 6.97299e-08
1.2 -1.8789e-05 -6.65743e-05 6.52396e-08
1.21 -1.75122e-05 -6.65743e-05 6.08061e-08
1.22 -1.62432e-05 -6.65743e-05 5.63998e-08
1.23 -1.49755e-05 -6.65743e-05 5.19982e-08
1.24 -1.37064e-05 -6.65743e-05 4.75917e-08
1.25 -1.2437e-05 -6.65743e-05 4.31842e-08
1.26 -1.1171e-05 -6.65743e-05 3.87884e-08
1.27 -9.91291e-06 -6.65743e-05 3.44198e-08
1.28 -8.66658e-06 -6.65743e-05 3.00923e-08
1.29 -7.43495e-06 -6.65743e-05 2.58158e-08
1.3 -6.22005e-06 -6.65743e-05 2.15974e-08
1.31 -5.02352e-06 -6.65743e-05 1.74428e-08
1.32 -3.8471e-06 -6.65743e-05 1.3358e-08
1.33 -2.69284e-06 -6.65743e-05 9.35014e-09
1.34 -1.56282e-06 -6.65743e-05 5.42645e-09
1.35 -4.57796e-07 -6.65743e-05 1.58957e-09
1.36 6.25304e-07 -6.65743e-05 -2.1712e-09
1.37 1.69585e-06 -6.65743e-05 -5.88838e-09
1.38 2.77072e-06 -6.65743e-05 -9.62056e-09
1.39 3.87345e-06 -6.65743e-05 -1.34495e-08
1.4 5.03075e-06 -6.65743e-05 -1.74679e-08
1.41 6.26709e-06 -6.65743e-05 -2.17607e-08
1.42 7.59985e-06 -6.65743e-05 -2.63884e-08
1.43 9.03745e-06 -6.65743e-05 -3.138e-08
1.44 1.05808e-05 -6.65743e-05 -3.6739e-08
1.45 1.22271e-05 -6.65743e-05 -4.24553e-08
1.46 1.3973e-05 -6.65743e-05 -4.85174e-08
1.47 1.58167e-05 -6.65743e-05 -5.49192e-08
1.48 1.77584e-05 -6.65743e-05 -6.16611e-08
1.49 1.97991e-05 -6.65743e-05 -6.8747e-08
1.5 2.19409e-05 -6.65743e-05 -7.61838e-08
1.51 2.41876e-05 -6.65743e-05 -8.39847e-08
1.52 2.65456e-05 -6.65743e-05 -9.21721e-08
1.53 2.90231e-05 -6.65743e-05 -1.00775e-07
1.54 3.16281e-05 -6.65743e-05 -1.0982e-07
1.55 3.43645e-05 -6.65743e-05 -1.19321e-07
1.56 3.72297e-05 -6.65743e-05 -1.2927e-07
1.57 4.02133e-05 -6.65743e-05 -1.39629e-07
1.58 4.32982e-05 -6.65743e-05 -1.50341e-07
1.59 4.64609e-05 -6.65743e-05 -1.61323e-07
1.6 4.96706e-05 -6.65743e-05 -1.72467e-07
1.61 5.28898e-05 -6.65743e-05 -1.83645e-07
1.62 5.6077e-05 -6.65743e-05 -1.94712e-07
1.63 5.91924e-05 -6.65743e-05 -2.05529e-07
1.64 6.22053e-05 -6.65743e-05 -2.15991e-07
1.65 6.50975e-05 -6.65743e-05 -2.26033e-07
1.66 6.78631e-05 -6.65743e-05 -2.35636e-07
1.67 7.05045e-05 -6.65743e-05 -2.44807e-07
1.68 7.3027e-05 -6.65743e-05 -2.53566e-07
1.69 7.54321e-05 -6.65743e-05 -2.61917e-07
1.7 7.77125e-05 -6.65743e-05 -2.69835e-07
1.71 7.98488e-05 -6.65743e-05 -2.77253e-07
1.72 8.18111e-05 -6.65743e-05 -2.84066e-07
1.73 8.3562e-05 -6.65743e-05 -2.90146e-07
1.74 8.5061e-05 -6.65743e-05 -2.95351e-07
1.75 8.62681e-05 -6.65743e-05 -2.99542e-07
1.76 8.71475e-05 -6.65743e-05 -3.02596e-07
1.77 8.76726e-05 -6.65743e-05 -3.04419e-07
1.78 8.7828e-05 -6.65743e-05 -3.04958e-07
1.79 8.76075e-05 -6.65743e-05 -3.04193e-07
1.8 8.70083e-05 -6.65743e-05 -3.02112e-07
1.81 8.60214e-05 -6.65743e-05 -2.98685e-07
1.82 8.46267e-05 -6.65743e-05 -2.93843e-07
1.83 8.27953e-05 -6.65743e-05 -2.87484e-07
1.84 8.04983e-05 -6.65743e-05 -2.79508e-07
1.85 7.77151e-05 -6.65743e-05 -2.69844e-07
1.86 7.44374e-05 -6.65743e-05 -2.58463e-07
1.87 7.06676e-05 -6.65743e-05 -2.45374e-07
1.88 6.64135e-05 -6.65743e-05 -2.30602e-07
1.89 6.16832e-05 -6.65743e-05 -2.14178e-07
1.9 5.64822e-05 -6.65743e-05 -1.96119e-07
1.91 5.0814e-05 -6.65743e-05 -1.76438e-07
1.92 4.46814e-05 -6.65743e-05 -1.55144e-07
1.93 3.80891e-05 -6.65743e-05 -1.32254e-07
1.94 3.10465e-05 -6.65743e-05 -1.078e-07
1.95 2.3573e-05 -6.65743e-05 -8.18506e-08
1.96 1.57009e-05 -6.65743e-05 -5.4517e-08
1.97 7.47246e-06 -6.65743e-05 -2.5946e-08
1.98 -1.06645e-06 -6.65743e-05 3.70296e-09
1.99 -9.87008e-06 -6.65743e-05 3.42711e-08
2 -1.88925e-05 -6.65743e-05 6.5599e-08
2.01 -2.80859e-05 -6.65743e-05 9.75206e-08
2.02 -3.73984e-05 -6.65743e-05 1.29856e-07
2.03 -4.6771e-05 -6.65743e-05 1.62399e-07
2.04 -5.61344e-05 -6.65743e-05 1.94911e-07
2.05 -6.54097e-05 -6.65743e-05 2.27117e-07
2.06 -7.45142e-05 -6.65743e-05 2.5873e-07
2.07 -8.33713e-05 -6.65743e-05 2.89484e-07
2.08 -9.19184e-05 -6.65743e-05 3.19161e-07
2.09 -0.000100109 -6.65743e-05 3.47599e-07
2.1 -0.000107905 -6.65743e-05 3.74671e-07
2.11 -0.000115273 -6.65743e-05 4.00253e-07
2.12 -0.000122168 -6.65743e-05 4.24195e-07
2.13 -0.000128542 -6.65743e-05 4.46326e-07
2.14 -0.000134345 -6.65743e-05 4.66476e-07
2.15 -0.000139539 -6.65743e-05 4.8451e-07
2.16 -0.0001441 -6.65743e-05 5.00346e-07
2.17 -0.000148017 -6.65743e-05 5.13949e-07
2.18 -0.00015129 -6.65743e-05 5.25313e-07
2.19 -0.000153918 -6.65743e-05 5.34436e-07
2.2 -0.000155898 -6.65743e-05 5.41314e-07
2.21 -0.000157231 -6.65743e-05 5.45941e-07
2.22 -0.000157922 -6.65743e-05 5.48341e-07
2.23 -0.000157995 -6.65743e-05 5.48595e-07
2.24 -0.000157494 -6.65743e-05 5.46855e-07
2.25 -0.000156478 -6.65743e-05 5.43325e-07
2.26 -0.000155014 -6.65743e-05 5.38243e-07
2.27 -0.000153174 -6.65743e-05 5.31855e-07
2.28 -0.000151029 -6.65743e-05 5.24407e-07
2.29 -0.000148652 -6.65743e-05 5.16154e-07
2.3 -0.000146118 -6.65743e-05 5.07353e-07
2.31 -0.000143494 -6.65743e-05 4.98243e-07
2.32 -0.000140837 -6.65743e-05 4.89017e-07
2.33 -0.000138182 -6.65743e-05 4.79797e-07
2.34 -0.000135545 -6.65743e-05 4.70644e-07
2.35 -0.000132938 -6.65743e-05 4.61592e-07
2.36 -0.000130377 -6.65743e-05 4.52699e-07
2.37 -0.000127894 -6.65743e-05 4.44078e-07
2.38 -0.000125529 -6.65743e-05 4.35864e-07
2.39 -0.000123309 -6.65743e-05 4.28155e-07
2.4 -0.000121236 -6.65743e-05 4.20959e-07
2.41 -0.000119286 -6.65743e-05 4.14189e-07
2.42 -0.000117423 -6.65743e-05 4.07717e-07
2.43 -0.000115613 -6.65743e-05 4.01434e-07
2.44 -0.000113842 -6.65743e-05 3.95285e-07
2.45 -0.000112111 -6.65743e-05 3.89275e-07
2.46 -0.000110433 -6.65743e-05 3.83448e-07
2.47 -0.000108822 -6.65743e-05 3.77853e-07
2.48 -0.000107286 -6.65743e-05 3.72521e-07
2.49 -0.000105822 -6.65743e-05 3.67439e-07
2.5 -0.000104407 -6.65743e-05 3.62524e-07
2.51 -0.000102986 -6.65743e-05 3.57589e-07
2.52 -0.00010147 -6.65743e-05 3.52326e-07
2.53 -9.97375e-05 -6.65743e-05 3.46311e-07
2.54 -9.76474e-05 -6.65743e-05 3.39054e-07
2.55 -9.50544e-05 -6.65743e-05 3.3005e-07
2.56 -9.18221e-05 -6.65743e-05 3.18827e-07
2.57 -8.78315e-05 -6.65743e-05 3.04971e-07
2.58 -8.29881e-05 -6.65743e-05 2.88153e-07
2.59 -7.7222e-05 -6.65743e-05 2.68132e-07
2.6 -7.04819e-05 -6.65743e-05 2.44729e-07
2.61 -6.27251e-05 -6.65743e-05 2.17796e-07
2.62 -5.39083e-05 -6.65743e-05 1.87181e-07
2.63 -4.39824e-05 -6.65743e-05 1.52717e-07
2.64 -3.28938e-05 -6.65743e-05 1.14215e-07
2.65 -2.05872e-05 -6.65743e-05 7.14834e-08
2.66 -7.01488e-06 -6.65743e-05 2.43572e-08
2.67 7.85101e-06 -6.65743e-05 -2.72604e-08
2.68 2.40097e-05 -6.65743e-05 -8.3367e-08
2.69 4.14358e-05 -6.65743e-05 -1.43874e-07
2.7 6.00923e-05 -6.65743e-05 -2.08654e-07
2.71 7.99387e-05 -6.65743e-05 -2.77565e-07
2.72 0.000100927 -6.65743e-05 -3.50443e-07
2.73 0.000122992 -6.65743e-05 -4.27055e-07
2.74 0.000146038 -6.65743e-05 -5.07075e-07
2.75 0.000169943 -6.65743e-05 -5.90079e-07
2.76 0.000194569 -6.65743e-05 -6.75585e-07
2.77 0.000219774 -6.65743e-05 -7.63105e-07
2.78 0.000245431 -6.65743e-05 -8.52193e-07
2.79 0.000271423 -6.65743e-05 -9.42442e-07
2.8 0.000297635 -6.65743e-05 -1.03345e-06
2.81 0.000323937 -6.65743e-05 -1.12478e-06
2.82 0.000350178 -6.65743e-05 -1.2159e-06
2.83 0.000376186 -6.65743e-05 -1.3062e-06
2.84 0.000401786 -6.65743e-05 -1.39509e-06
2.85 0.000426817 -6.65743e-05 -1.482e-06
2.86 0.000451155 -6.65743e-05 -1.56651e-06
2.87 0.000474717 -6.65743e-05 -1.64832e-06
2.88 0.000497454 -6.65743e-05 -1.72727e-06
2.89 0.000519337 -6.65743e-05 -1.80325e-06
2.9 0.000540337 -6.65743e-05 -1.87617e-06
2.91 0.000560403 -6.65743e-05 -1.94584e-06
2.92 0.000579459 -6.65743e-05 -2.01201e-06
2.93 0.000597416 -6.65743e-05 -2.07436e-06
2.94 0.000614179 -6.65743e-05 -2.13257e-06
2.95 0.000629662 -6.65743e-05 -2.18633e-06
2.96 0.000643782 -6.65743e-05 -2.23535e-06
2.97 0.000656464 -6.65743e-05 -2.27939e-06
2.98 0.00066764 -6.65743e-05 -2.31819e-06
2.99 0.000677242 -6.65743e-05 -2.35153e-06
3 0.000685196 -6.65743e-05 -2.37915e-06
3.01 0.000691422 -6.65743e-05 -2.40077e-06
3.02 0.000695834 -6.65743e-05 -2.41609e-06
3.03 0.000698346 -6.65743e-05 -2.42481e-06
3.04 0.000698883 -6.65743e-05 -2.42668e-06
3.05 0.000697393 -6.65743e-05 -2.4215e-06
3.06 0.000693851 -6.65743e-05 -2.4092e-06
3.07 0.000688244 -6.65743e-05 -2.38974e-06
3.08 0.000680561 -6.65743e-05 -2.36306e-06
3.09 0.000670771 -6.65743e-05 -2.32907e-06
3.1 0.000658831 -6.65743e-05 -2.28761e-06
3.11 0.000644702 -6.65743e-05 -2.23855e-06
3.12 0.000628372 -6.65743e-05 -2.18185e-06
3.13 0.000609871 -6.65743e-05 -2.11761e-06
3.14 0.000589276 -6.65743e-05 -2.0461e-06
3.15 0.000566697 -6.65743e-05 -1.9677e-06
3.16 0.000542261 -6.65743e-05 -1.88285e-06
3.17 0.000516093 -6.65743e-05 -1.79199e-06
3.18 0.000488317 -6.65743e-05 -1.69555e-06
3.19 0.000459048 -6.65743e-05 -1.59392e-06
3.2 0.000428398 -6.65743e-05 -1.48749e-06
3.21 0.00039648 -6.65743e-05 -1.37666e-06
3.22 0.000363401 -6.65743e-05 -1.26181e-06
3.23 0.000329272 -6.65743e-05 -1.14331e-06
3.24 0.000294214 -6.65743e-05 -1.02158e-06
3.25 0.000258367 -6.65743e-05 -8.97108e-07
3.26 0.000221884 -6.65743e-05 -7.70432e-07
3.27 0.000184917 -6.65743e-05 -6.42071e-07
3.28 0.00014759 -6.65743e-05 -5.12466e-07
3.29 0.000109994 -6.65743e-05 -3.81924e-07
3.3 7.21717e-05 -6.65743e-05 -2.50596e-07
3.31 3.41263e-05 -6.65743e-05 -1.18494e-07
3.32 -4.15791e-06 -6.65743e-05 1.44372e-08
3.33 -4.26888e-05 -6.65743e-05 1.48225e-07
3.34 -8.14469e-05 -6.65743e-05 2.82802e-07
3.35 -0.000120386 -6.65743e-05 4.18007e-07
3.36 -0.000159446 -6.65743e-05 5.53631e-07
3.37 -0.000198565 -6.65743e-05 6.89462e-07
3.38 -0.000237689 -6.65743e-05 8.25307e-07
3.39 -0.000276768 -6.65743e-05 9.61e-07
3.4 -0.000315757 -6.65743e-05 1.09638e-06
3.41 -0.000354608 -6.65743e-05 1.23128e-06
3.42 -0.000393266 -6.65743e-05 1.36551e-06
3.43 -0.000431663 -6.65743e-05 1.49883e-06
3.44 -0.000469711 -6.65743e-05 1.63094e-06
3.45 -0.000507303 -6.65743e-05 1.76147e-06
3.46 -0.000544321 -6.65743e-05 1.89e-06
3.47 -0.000580643 -6.65743e-05 2.01612e-06
3.48 -0.000616153 -6.65743e-05 2.13942e-06
3.49 -0.000650734 -6.65743e-05 2.25949e-06
3.5 -0.000684279 -6.65743e-05 2.37597e-06
3.51 -0.000716688 -6.65743e-05 2.4885e-06
3.52 -0.000747885 -6.65743e-05 2.59682e-06
3.53 -0.000777811 -6.65743e-05 2.70073e-06
3.54 -0.000806421 -6.65743e-05 2.80007e-06
3.55 -0.000833681 -6.65743e-05 2.89473e-06
3.56 -0.000859559 -6.65743e-05 2.98458e-06
3.57 -0.00088402 -6.65743e-05 3.06951e-06
3.58 -0.000907029 -6.65743e-05 3.14941e-06
3.59 -0.000928555 -6.65743e-05 3.22415e-06
3.6 -0.00094858 -6.65743e-05 3.29368e-06
3.61 -0.000967116 -6.65743e-05 3.35804e-06
3.62 -0.000984213 -6.65743e-05 3.41741e-06
3.63 -0.000999956 -6.65743e-05 3.47207e-06
3.64 -0.00101444 -6.65743e-05 3.52237e-06
3.65 -0.00102776 -6.65743e-05 3.5686e-06
3.66 -0.00103995 -6.65743e-05 3.61093e-06
3.67 -0.00105103 -6.65743e-05 3.64941e-06
3.68 -0.001061 -6.65743e-05 3.68402e-06
3.69 -0.00106985 -6.65743e-05 3.71474e-06
3.7 -0.0010776 -6.65743e-05 3.74167e-06
3.71 -0.00108432 -6.65743e-05 3.76499e-06
3.72 -0.00109005 -6.65743e-05 3.7849e-06
3.73 -0.00109485 -6.65743e-05 3.80157e-06
3.74 -0.00109872 -6.65743e-05 3.81501e-06
3.75 -0.00110162 -6.65743e-05 3.82507e-06
3.76 -0.00110347 -6.65743e-05 3.83151e-06
3.77 -0.00110421 -6.65743e-05 3.83405e-06
3.78 -0.00110377 -6.65743e-05 3.83253e-06
3.79 -0.00110217 -6.65743e-05 3.82699e-06
3.8 -0.00109948 -6.65743e-05 3.81763e-06
3.81 -0.00109577 -6.65743e-05 3.80475e-06
3.82 -0.0010911 -6.65743e-05 3.78856e-06
3.83 -0.0010855 -6.65743e-05 3.76911e-06
3.84 -0.00107891 -6.65743e-05 3.74623e-06
3.85 -0.00107123 -6.65743e-05 3.71956e-06
3.86 -0.00106233 -6.65743e-05 3.68864e-06
3.87 -0.00105205 -6.65743e-05 3.65296e-06
3.88 -0.00104028 -6.65743e-05 3.61209e-06
3.89 -0.0010269 -6.65743e-05 3.56562e-06
3.9 -0.00101182 -6.65743e-05 3.51326e-06
3.91 -0.000994986 -6.65743e-05 3.45481e-06
3.92 -0.000976363 -6.65743e-05 3.39015e-06
3.93 -0.000955925 -6.65743e-05 3.31918e-06
3.94 -0.000933669 -6.65743e-05 3.2419e-06
3.95 -0.000909618 -6.65743e-05 3.1584e-06
3.96 -0.000883829 -6.65743e-05 3.06885e-06
3.97 -0.000856385 -6.65743e-05 2.97356e-06
3.98 -0.000827395 -6.65743e-05 2.8729e-06
3.99 -0.000796985 -6.65743e-05 2.76731e-06
4 -0.000765307 -6.65743e-05 2.65731e-06
4.01 -0.000732518 -6.65743e-05 2.54346e-06
4.02 -0.000698767 -6.65743e-05 2.42627e-06
4.03 -0.000664166 -6.65743e-05 2.30613e-06
4.04 -0.000628775 -6.65743e-05 2.18325e-06
4.05 -0.000592598 -6.65743e-05 2.05763e-06
4.06 -0.000555615 -6.65743e-05 1.92922e-06
4.07 -0.000517817 -6.65743e-05 1.79797e-06
4.08 -0.000479235 -6.65743e-05 1.66401e-06
4.09 -0.000439961 -6.65743e-05 1.52764e-06
4.1 -0.000400126 -6.65743e-05 1.38933e-06
4.11 -0.000359873 -6.65743e-05 1.24956e-06
4.12 -0.000319319 -6.65743e-05 1.10874e-06
4.13 -0.000278539 -6.65743e-05 9.67151e-07
4.14 -0.000237571 -6.65743e-05 8.24899e-07
4.15 -0.000196433 -6.65743e-05 6.82058e-07
4.16 -0.000155157 -6.65743e-05 5.38741e-07
4.17 -0.000113805 -6.65743e-05 3.95156e-07
4.18 -7.24581e-05 -6.65743e-05 2.51591e-07
4.19 -3.12093e-05 -6.65743e-05 1.08366e-07
4.2 9.85624e-06 -6.65743e-05 -3.42231e-08
4.21 5.06728e-05 -6.65743e-05 -1.75947e-07
4.22 9.12056e-05 -6.65743e-05 -3.16686e-07
4.23 0.00013146 -6.65743e-05 -4.56458e-07
4.24 0.000171481 -6.65743e-05 -5.95422e-07
4.25 0.000211341 -6.65743e-05 -7.33822e-07
4.26 0.000251099 -6.65743e-05 -8.71873e-07
4.27 0.00029077 -6.65743e-05 -1.00962e-06
4.28 0.0003303 -6.65743e-05 -1.14687e-06
4.29 0.000369576 -6.65743e-05 -1.28325e-06
4.3 0.000408482 -6.65743e-05 -1.41834e-06
4.31 0.000446943 -6.65743e-05 -1.55188e-06
4.32 0.000484967 -6.65743e-05 -1.68391e-06
4.33 0.000522642 -6.65743e-05 -1.81473e-06
4.34 0.000560101 -6.65743e-05 -1.94479e-06
4.35 0.000597467 -6.65743e-05 -2.07454e-06
4.36 0.000634811 -6.65743e-05 -2.2042e-06
4.37 0.000672117 -6.65743e-05 -2.33374e-06
4.38 0.000709292 -6.65743e-05 -2.46282e-06
4.39 0.000746197 -6.65743e-05 -2.59096e-06
4.4 0.00078269 -6.65743e-05 -2.71767e-06
4.41 0.000818662 -6.65743e-05 -2.84258e-06
4.42 0.000854039 -6.65743e-05 -2.96541e-06
4.43 0.000888771 -6.65743e-05 -3.08601e-06
4.44 0.000922794 -6.65743e-05 -3.20414e-06
4.45 0.000956015 -6.65743e-05 -3.3195e-06
4.46 0.000988309 -6.65743e-05 -3.43163e-06
4.47 0.00101952 -6.65743e-05 -3.54001e-06
4.48 0.0010495 -6.65743e-05 -3.64409e-06
4.49 0.00107806 -6.65743e-05 -3.74327e-06
4.5 0.00110506 -6.65743e-05 -3.83703e-06
4.51 0.00113038 -6.65743e-05 -3.92492e-06
4.52 0.00115391 -6.65743e-05 -4.00663e-06
4.53 0.00117561 -6.65743e-05 -4.08196e-06
4.54 0.00119544 -6.65743e-05 -4.15083e-06
4.55 0.00121339 -6.65743e-05 -4.21317e-06
4.56 0.00122945 -6.65743e-05 -4.26893e-06
4.57 0.0012436 -6.65743e-05 -4.31806e-06
4.58 0.00125582 -6.65743e-05 -4.36049e-06
4.59 0.00126609 -6.65743e-05 -4.39616e-06
4.6 0.0012744 -6.65743e-05 -4.425e-06
4.61 0.00128073 -6.65743e-05 -4.44699e-06
4.62 0.00128508 -6.65743e-05 -4.4621e-06
4.63 0.00128745 -6.65743e-05 -4.47032e-06
4.64 0.00128784 -6.65743e-05 -4.47167e-06
4.65 0.00128625 -6.65743e-05 -4.46616e-06
4.66 0.0012827 -6.65743e-05 -4.45381e-06
4.67 0.00127718 -6.65743e-05 -4.43464e-06
4.68 0.00126971 -6.65743e-05 -4.40872e-06
4.69 0.00126034 -6.65743e-05 -4.37617e-06
4.7 0.00124911 -6.65743e-05 -4.3372e-06
4.71 0.00123612 -6.65743e-05 -4.29208e-06
4.72 0.00122144 -6.65743e-05 -4.2411e-06
4.73 0.00120512 -6.65743e-05 -4.18444e-06
4.74 0.00118718 -6.65743e-05 -4.12214e-06
4.75 0.00116758 -6.65743e-05 -4.05408e-06
4.76 0.00114628 -6.65743e-05 -3.98015e-06
4.77 0.00112328 -6.65743e-05 -3.90029e-06
4.78 0.00109862 -6.65743e-05 -3.81465e-06
4.79 0.00107238 -6.65743e-05 -3.72353e-06
4.8 0.00104468 -6.65743e-05 -3.62736e-06
4.81 0.00101564 -6.65743e-05 -3.52654e-06
4.82 0.000985362 -6.65743e-05 -3.42139e-06
4.83 0.000953887 -6.65743e-05 -3.31211e-06
4.84 0.000921251 -6.65743e-05 -3.19879e-06
4.85 0.000887465 -6.65743e-05 -3.08148e-06
4.86 0.000852528 -6.65743e-05 -2.96017e-06
4.87 0.000816432 -6.65743e-05 -2.83483e-06
4.88 0.000779172 -6.65743e-05 -2.70546e-06
4.89 0.000740747 -6.65743e-05 -2.57204e-06
4.9 0.000701159 -6.65743e-05 -2.43458e-06
4.91 0.000660401 -6.65743e-05 -2.29306e-06
4.92 0.000618441 -6.65743e-05 -2.14737e-06
4.93 0.000575232 -6.65743e-05 -1.99733e-06
4.94 0.000530718 -6.65743e-05 -1.84277e-06
4.95 0.000484856 -6.65743e-05 -1.68353e-06
4.96 0.000437609 -6.65743e-05 -1.51947e-06
4.97 0.000388945 -6.65743e-05 -1.3505e-06
4.98 0.000338837 -6.65743e-05 -1.17652e-06
4.99 0.000287264 -6.65743e-05 -9.97444e-07
5 0.000234226 -6.65743e-05 -8.13284e-07
5.01 0.000179755 -6.65743e-05 -6.24148e-07
5.02 0.000123917 -6.65743e-05 -4.30267e-07
5.03 6.68131e-05 -6.65743e-05 -2.3199e-07
5.04 8.57317e-06 -6.65743e-05 -2.9768e-08
5.05 -5.0651e-05 -6.65743e-05 1.75871e-07
5.06 -0.000110702 -6.65743e-05 3.84381e-07
5.07 -0.000171433 -6.65743e-05 5.95252e-07
5.08 -0.00023272 -6.65743e-05 8.08056e-07
5.09 -0.000294459 -6.65743e-05 1.02243e-06
5.1 -0.000356549 -6.65743e-05 1.23802e-06
5.11 -0.000418869 -6.65743e-05 1.45441e-06
5.12 -0.000481273 -6.65743e-05 1.67109e-06
5.13 -0.000543588 -6.65743e-05 1.88746e-06
5.14 -0.000605638 -6.65743e-05 2.10291e-06
5.15 -0.000667265 -6.65743e-05 2.31689e-06
5.16 -0.000728346 -6.65743e-05 2.52898e-06
5.17 -0.000788792 -6.65743e-05 2.73886e-06
5.18 -0.000848518 -6.65743e-05 2.94624e-06
5.19 -0.000907418 -6.65743e-05 3.15076e-06
5.2 -0.000965349 -6.65743e-05 3.35191e-06
5.21 -0.00102214 -6.65743e-05 3.54909e-06
5.22 -0.00107759 -6.65743e-05 3.74163e-06
5.23 -0.00113149 -6.65743e-05 3.92878e-06
5.24 -0.00118363 -6.65743e-05 4.10982e-06
5.25 -0.0012338 -6.65743e-05 4.28401e-06
5.26 -0.0012818 -6.65743e-05 4.45069e-06
5.27 -0.00132746 -6.65743e-05 4.60924e-06
5.28 -0.00137062 -6.65743e-05 4.75909e-06
5.29 -0.00141113 -6.65743e-05 4.89977e-06
5.3 -0.00144888 -6.65743e-05 5.03082e-06
5.31 -0.00148374 -6.65743e-05 5.15187e-06
5.32 -0.0015156 -6.65743e-05 5.26249e-06
5.33 -0.00154431 -6.65743e-05 5.36217e-06
5.34 -0.00156968 -6.65743e-05 5.45028e-06
5.35 -0.00159152 -6.65743e-05 5.52611e-06
5.36 -0.00160964 -6.65743e-05 5.58903e-06
5.37 -0.00162389 -6.65743e-05 5.63852e-06
5.38 -0.00163418 -6.65743e-05 5.67425e-06
5.39 -0.00164048 -6.65743e-05 5.69612e-06
5.4 -0.00164281 -6.65743e-05 5.70419e-06
5.41 -0.0016412 -6.65743e-05 5.6986e-06
5.42 -0.00163567 -6.65743e-05 5.67942e-06
5.43 -0.00162621 -6.65743e-05 5.64657e-06
5.44 -0.00161275 -6.65743e-05 5.59983e-06
5.45 -0.00159519 -6.65743e-05 5.53886e-06
5.46 -0.00157344 -6.65743e-05 5.46334e-06
5.47 -0.00154745 -6.65743e-05 5.37311e-06
5.48 -0.00151723 -6.65743e-05 5.26816e-06
5.49 -0.00148283 -6.65743e-05 5.1487e-06
5.5 -0.00144434 -6.65743e-05 5.01506e-06
5.51 -0.00140188 -6.65743e-05 4.86765e-06
5.52 -0.00135559 -6.65743e-05 4.7069e-06
5.53 -0.00130557 -6.65743e-05 4.53324e-06
5.54 -0.00125198 -6.65743e-05 4.34717e-06
5.55 -0.00119496 -6.65743e-05 4.14918e-06
5.56 -0.00113466 -6.65743e-05 3.93978e-06
5.57 -0.00107121 -6.65743e-05 3.71947e-06
5.58 -0.00100477 -6.65743e-05 3.48879e-06
5.59 -0.00093553 -6.65743e-05 3.24837e-06
5.6 -0.000863702 -6.65743e-05 2.99896e-06
5.61 -0.00078954 -6.65743e-05 2.74146e-06
5.62 -0.000713323 -6.65743e-05 2.47682e-06
5.63 -0.000635356 -6.65743e-05 2.2061e-06
5.64 -0.000555969 -6.65743e-05 1.93045e-06
5.65 -0.000475513 -6.65743e-05 1.65109e-06
5.66 -0.000394344 -6.65743e-05 1.36925e-06
5.67 -0.000312801 -6.65743e-05 1.08611e-06
5.68 -0.000231193 -6.65743e-05 8.02753e-07
5.69 -0.000149784 -6.65743e-05 5.20082e-07
5.7 -6.88023e-05 -6.65743e-05 2.38897e-07
5.71 1.15358e-05 -6.65743e-05 -4.00547e-08
5.72 9.10113e-05 -6.65743e-05 -3.16011e-07
5.73 0.000169389 -6.65743e-05 -5.88156e-07
5.74 0.000246418 -6.65743e-05 -8.55618e-07
5.75 0.000321843 -6.65743e-05 -1.11751e-06
5.76 0.000395417 -6.65743e-05 -1.37298e-06
5.77 0.000466916 -6.65743e-05 -1.62124e-06
5.78 0.000536148 -6.65743e-05 -1.86162e-06
5.79 0.00060295 -6.65743e-05 -2.09358e-06
5.8 0.000667183 -6.65743e-05 -2.31661e-06
5.81 0.00072872 -6.65743e-05 -2.53028e-06
5.82 0.000787446 -6.65743e-05 -2.73419e-06
5.83 0.000843248 -6.65743e-05 -2.92794e-06
5.84 0.000896014 -6.65743e-05 -3.11116e-06
5.85 0.000945625 -6.65743e-05 -3.28342e-06
5.86 0.000991952 -6.65743e-05 -3.44428e-06
5.87 0.00103487 -6.65743e-05 -3.59331e-06
5.88 0.0010743 -6.65743e-05 -3.7302e-06
5.89 0.00111019 -6.65743e-05 -3.85482e-06
5.9 0.00114255 -6.65743e-05 -3.9672e-06
5.91 0.00117141 -6.65743e-05 -4.06741e-06
5.92 0.00119681 -6.65743e-05 -4.15558e-06
5.93 0.00121876 -6.65743e-05 -4.2318e-06
5.94 0.0012373 -6.65743e-05 -4.29617e-06
5.95 0.00125247 -6.65743e-05 -4.34887e-06
5.96 0.00126438 -6.65743e-05 -4.3902e-06
5.97 0.00127314 -6.65743e-05 -4.42063e-06
5.98 0.00127894 -6.65743e-05 -4.44075e-06
5.99 0.00128197 -6.65743e-05 -4.45127e-06
6 0.00128244 -6.65743e-05 -4.45291e-06
6.01 0.00128054 -6.65743e-05 -4.44632e-06
6.02 0.00127643 -6.65743e-05 -4.43206e-06
6.03 0.00127023 -6.65743e-05 -4.41053e-06
6.04 0.00126203 -6.65743e-05 -4.38206e-06
6.05 0.00125189 -6.65743e-05 -4.34684e-06
6.06 0.00123985 -6.65743e-05 -4.30504e-06
6.07 0.00122593 -6.65743e-05 -4.2567e-06
6.08 0.00121011 -6.65743e-05 -4.20176e-06
6.09 0.00119234 -6.65743e-05 -4.14007e-06
6.1 0.00117257 -6.65743e-05 -4.07142e-06
6.11 0.00115074 -6.65743e-05 -3.99561e-06
6.12 0.00112681 -6.65743e-05 -3.91254e-06
6.13 0.00110079 -6.65743e-05 -3.8222e-06
6.14 0.00107271 -6.65743e-05 -3.72469e-06
6.15 0.00104259 -6.65743e-05 -3.62012e-06
6.16 0.00101047 -6.65743e-05 -3.50859e-06
6.17 0.00097636 -6.65743e-05 -3.39014e-06
6.18 0.000940257 -6.65743e-05 -3.26478e-06
6.19 0.00090217 -6.65743e-05 -3.13254e-06
6.2 0.000862118 -6.65743e-05 -2.99347e-06
6.21 0.000820128 -6.65743e-05 -2.84767e-06
6.22 0.000776218 -6.65743e-05 -2.6952e-06
6.23 0.000730401 -6.65743e-05 -2.53611e-06
6.24 0.000682684 -6.65743e-05 -2.37043e-06
6.25 0.000633088 -6.65743e-05 -2.19822e-06
6.26 0.000581656 -6.65743e-05 -2.01964e-06
6.27 0.000528452 -6.65743e-05 -1.8349e-06
6.28 0.000473555 -6.65743e-05 -1.64429e-06
6.29 0.000417056 -6.65743e-05 -1.44811e-06
6.3 0.000359046 -6.65743e-05 -1.24669e-06
6.31 0.000299606 -6.65743e-05 -1.0403e-06
6.32 0.000238819 -6.65743e-05 -8.29233e-07
6.33 0.000176769 -6.65743e-05 -6.13781e-07
6.34 0.000113542 -6.65743e-05 -3.94244e-07
6.35 4.92282e-05 -6.65743e-05 -1.70931e-07
6.36 -1.60796e-05 -6.65743e-05 5.58319e-08
6.37 -8.22844e-05 -6.65743e-05 2.8571e-07
6.38 -0.000149289 -6.65743e-05 5.18364e-07
6.39 -0.000216995 -6.65743e-05 7.53456e-07
6.4 -0.000285307 -6.65743e-05 9.90649e-07
6.41 -0.000354127 -6.65743e-05 1.22961e-06
6.42 -0.000423359 -6.65743e-05 1.47e-06
6.43 -0.000492899 -6.65743e-05 1.71146e-06
6.44 -0.000562628 -6.65743e-05 1.95357e-06
6.45 -0.000632395 -6.65743e-05 2.19582e-06
6.46 -0.000702012 -6.65743e-05 2.43754e-06
6.47 -0.000771253 -6.65743e-05 2.67796e-06
6.48 -0.000839865 -6.65743e-05 2.9162e-06
6.49 -0.00090759 -6.65743e-05 3.15135e-06
6.5 -0.000974177 -6.65743e-05 3.38256e-06
6.51 -0.00103939 -6.65743e-05 3.60898e-06
6.52 -0.00110298 -6.65743e-05 3.8298e-06
6.53 -0.00116475 -6.65743e-05 4.04428e-06
6.54 -0.00122451 -6.65743e-05 4.25176e-06
6.55 -0.00128208 -6.65743e-05 4.45166e-06
6.56 -0.00133732 -6.65743e-05 4.64348e-06
6.57 -0.0013901 -6.65743e-05 4.82674e-06
6.58 -0.00144028 -6.65743e-05 5.00099e-06
6.59 -0.00148776 -6.65743e-05 5.16583e-06
6.6 -0.00153243 -6.65743e-05 5.32095e-06
6.61 -0.00157425 -6.65743e-05 5.46614e-06
6.62 -0.00161317 -6.65743e-05 5.6013e-06
6.63 -0.00164924 -6.65743e-05 5.72653e-06
6.64 -0.00168252 -6.65743e-05 5.84209e-06
6.65 -0.00171313 -6.65743e-05 5.94837e-06
6.66 -0.00174119 -6.65743e-05 6.04581e-06
6.67 -0.00176681 -6.65743e-05 6.13476e-06
6.68 -0.00179005 -6.65743e-05 6.21545e-06
6.69 -0.00181092 -6.65743e-05 6.28792e-06
6.7 -0.0018294 -6.65743e-05 6.35209e-06
6.71 -0.00184545 -6.65743e-05 6.40782e-06
6.72 -0.00185904 -6.65743e-05 6.45501e-06
6.73 -0.00187015 -6.65743e-05 6.49358e-06
6.74 -0.00187877 -6.65743e-05 6.5235e-06
6.75 -0.00188489 -6.65743e-05 6.54477e-06
6.76 -0.00188851 -6.65743e-05 6.55733e-06
6.77 -0.00188958 -6.65743e-05 6.56105e-06
6.78 -0.00188806 -6.65743e-05 6.55577e-06
6.79 -0.0018839 -6.65743e-05 6.54131e-06
6.8 -0.00187705 -6.65743e-05 6.51755e-06
6.81 -0.00186752 -6.65743e-05 6.48446e-06
6.82 -0.00185535 -6.65743e-05 6.44219e-06
6.83 -0.00184061 -6.65743e-05 6.39101e-06
6.84 -0.00182341 -6.65743e-05 6.33128e-06
6.85 -0.00180384 -6.65743e-05 6.26334e-06
6.86 -0.00178202 -6.65743e-05 6.18758e-06
6.87 -0.00175806 -6.65743e-05 6.10437e-06
6.88 -0.00173203 -6.65743e-05 6.01401e-06
6.89 -0.00170404 -6.65743e-05 5.91679e-06
6.9 -0.00167414 -6.65743e-05 5.81299e-06
6.91 -0.00164243 -6.65743e-05 5.70288e-06
6.92 -0.001609 -6.65743e-05 5.58681e-06
6.93 -0.00157398 -6.65743e-05 5.46522e-06
6.94 -0.0015375 -6.65743e-05 5.33854e-06
6.95 -0.00149969 -6.65743e-05 5.20727e-06
6.96 -0.00146068 -6.65743e-05 5.07182e-06
6.97 -0.00142056 -6.65743e-05 4.9325e-06
6.98 -0.00137937 -6.65743e-05 4.78948e-06
6.99 -0.00133712 -6.65743e-05 4.64277e-06
7 -0.00129377 -6.65743e-05 4.49225e-06
7.01 -0.00124925 -6.65743e-05 4.33769e-06
7.02 -0.00120348 -6.65743e-05 4.17875e-06
7.03 -0.00115633 -6.65743e-05 4.01502e-06
7.04 -0.00110765 -6.65743e-05 3.84601e-06
7.05 -0.00105729 -6.65743e-05 3.67115e-06
7.06 -0.0010051 -6.65743e-05 3.48992e-06
7.07 -0.000950914 -6.65743e-05 3.30179e-06
7.08 -0.000894605 -6.65743e-05 3.10627e-06
7.09 -0.000836054 -6.65743e-05 2.90297e-06
7.1 -0.000775174 -6.65743e-05 2.69158e-06
7.11 -0.000711902 -6.65743e-05 2.47188e-06
7.12 -0.000646204 -6.65743e-05 2.24376e-06
7.13 -0.00057808 -6.65743e-05 2.00722e-06
7.14 -0.000507559 -6.65743e-05 1.76236e-06
7.15 -0.00043469 -6.65743e-05 1.50934e-06
7.16 -0.00035953 -6.65743e-05 1.24837e-06
7.17 -0.00028214 -6.65743e-05 9.79653e-07
7.18 -0.000202597 -6.65743e-05 7.0346e-07
7.19 -0.000121011 -6.65743e-05 4.20177e-07
7.2 -3.75308e-05 -6.65743e-05 1.30315e-07
7.21 4.76697e-05 -6.65743e-05 -1.6552e-07
7.22 0.000134404 -6.65743e-05 -4.6668e-07
7.23 0.000222498 -6.65743e-05 -7.72561e-07
7.24 0.000311802 -6.65743e-05 -1.08265e-06
7.25 0.00040218 -6.65743e-05 -1.39646e-06
7.26 0.000493491 -6.65743e-05 -1.71351e-06
7.27 0.000585577 -6.65743e-05 -2.03325e-06
7.28 0.000678265 -6.65743e-05 -2.35509e-06
7.29 0.000771368 -6.65743e-05 -2.67836e-06
7.3 0.00086467 -6.65743e-05 -3.00233e-06
7.31 0.000957935 -6.65743e-05 -3.32616e-06
7.32 0.0010509 -6.65743e-05 -3.64897e-06
7.33 0.0011433 -6.65743e-05 -3.9698e-06
7.34 0.00123486 -6.65743e-05 -4.28772e-06
7.35 0.00132532 -6.65743e-05 -4.60181e-06
7.36 0.00141442 -6.65743e-05 -4.91119e-06
7.37 0.00150191 -6.65743e-05 -5.21495e-06
7.38 0.00158749 -6.65743e-05 -5.5121e-06
7.39 0.00167084 -6.65743e-05 -5.80154e-06
7.4 0.0017516 -6.65743e-05 -6.08195e-06
7.41 0.00182934 -6.65743e-05 -6.35187e-06
7.42 0.00190358 -6.65743e-05 -6.60965e-06
7.43 0.00197381 -6.65743e-05 -6.85352e-06
7.44 0.00203952 -6.65743e-05 -7.08165e-06
7.45 0.00210017 -6.65743e-05 -7.29227e-06
7.46 0.00215529 -6.65743e-05 -7.48364e-06
7.47 0.00220438 -6.65743e-05 -7.6541e-06
7.48 0.002247 -6.65743e-05 -7.80208e-06
7.49 0.0022827 -6.65743e-05 -7.92604e-06
7.5 0.00231107 -6.65743e-05 -8.02453e-06
7.51 0.0023317 -6.65743e-05 -8.09618e-06
7.52 0.00234424 -6.65743e-05 -8.13972e-06
7.53 0.00234834 -6.65743e-05 -8.15398e-06
7.54 0.00234371 -6.65743e-05 -8.13788e-06
7.55 0.00233006 -6.65743e-05 -8.09047e-06
7.56 0.00230714 -6.65743e-05 -8.01091e-06
7.57 0.00227477 -6.65743e-05 -7.8985e-06
7.58 0.00223281 -6.65743e-05 -7.75281e-06
7.59 0.00218121 -6.65743e-05 -7.57364e-06
7.6 0.00212 -6.65743e-05 -7.36111e-06
7.61 0.00204927 -6.65743e-05 -7.11551e-06
7.62 0.00196916 -6.65743e-05 -6.83735e-06
7.63 0.00187984 -6.65743e-05 -6.52722e-06
7.64 0.00178152 -6.65743e-05 -6.18585e-06
7.65 0.00167447 -6.65743e-05 -5.81412e-06
7.66 0.00155899 -6.65743e-05 -5.41315e-06
7.67 0.00143548 -6.65743e-05 -4.9843e-06
7.68 0.00130441 -6.65743e-05 -4.5292e-06
7.69 0.00116632 -6.65743e-05 -4.04972e-06
7.7 0.00102181 -6.65743e-05 -3.54795e-06
7.71 0.000871539 -6.65743e-05 -3.02618e-06
7.72 0.000716196 -6.65743e-05 -2.48679e-06
7.73 0.000556493 -6.65743e-05 -1.93227e-06
7.74 0.000393147 -6.65743e-05 -1.36509e-06
7.75 0.000226857 -6.65743e-05 -7.87697e-07
7.76 5.83057e-05 -6.65743e-05 -2.0245e-07
7.77 -0.000111837 -6.65743e-05 3.88321e-07
7.78 -0.000282913 -6.65743e-05 9.82336e-07
7.79 -0.00045428 -6.65743e-05 1.57736e-06
7.8 -0.000625308 -6.65743e-05 2.17121e-06
7.81 -0.000795373 -6.65743e-05 2.76171e-06
7.82 -0.000963855 -6.65743e-05 3.34672e-06
7.83 -0.00113012 -6.65743e-05 3.92404e-06
7.84 -0.00129352 -6.65743e-05 4.4914e-06
7.85 -0.00145339 -6.65743e-05 5.0465e-06
7.86 -0.00160906 -6.65743e-05 5.58701e-06
7.87 -0.00175986 -6.65743e-05 6.11063e-06
7.88 -0.00190516 -6.65743e-05 6.61513e-06
7.89 -0.00204435 -6.65743e-05 7.09842e-06
7.9 -0.00217688 -6.65743e-05 7.5586e-06
7.91 -0.00230224 -6.65743e-05 7.99389e-06
7.92 -0.00241997 -6.65743e-05 8.40268e-06
7.93 -0.00252962 -6.65743e-05 8.78339e-06
7.94 -0.00263074 -6.65743e-05 9.13451e-06
7.95 -0.0027229 -6.65743e-05 9.45452e-06
7.96 -0.00280569 -6.65743e-05 9.74197e-06
7.97 -0.0028787 -6.65743e-05 9.99549e-06
7.98 -0.0029416 -6.65743e-05 1.02139e-05
7.99 -0.00299407 -6.65743e-05 1.03961e-05
8 -0.00303588 -6.65743e-05 1.05412e-05
8.01 -0.0030668 -6.65743e-05 1.06486e-05
8.02 -0.00308667 -6.65743e-05 1.07176e-05
8.03 -0.00309538 -6.65743e-05 1.07478e-05
8.04 -0.00309282 -6.65743e-05 1.0739e-05
8.05 -0.00307892 -6.65743e-05 1.06907e-05
8.06 -0.00305362 -6.65743e-05 1.06029e-05
8.07 -0.0030169 -6.65743e-05 1.04753e-05
8.08 -0.00296877 -6.65743e-05 1.03082e-05
8.09 -0.00290932 -6.65743e-05 1.01018e-05
8.1 -0.00283867 -6.65743e-05 9.85651e-06
8.11 -0.002757 -6.65743e-05 9.57291e-06
8.12 -0.00266449 -6.65743e-05 9.2517e-06
8.13 -0.00256135 -6.65743e-05 8.89356e-06
8.14 -0.00244778 -6.65743e-05 8.49923e-06
8.15 -0.002324 -6.65743e-05 8.06944e-06
8.16 -0.00219023 -6.65743e-05 7.60496e-06
8.17 -0.00204674 -6.65743e-05 7.10673e-06
8.18 -0.00189385 -6.65743e-05 6.57587e-06
8.19 -0.00173197 -6.65743e-05 6.0138e-06
8.2 -0.0015616 -6.65743e-05 5.42221e-06
8.21 -0.00138328 -6.65743e-05 4.80306e-06
8.22 -0.00119766 -6.65743e-05 4.15854e-06
8.23 -0.00100539 -6.65743e-05 3.49094e-06
8.24 -0.000807154 -6.65743e-05 2.80262e-06
8.25 -0.000603619 -6.65743e-05 2.0959e-06
8.26 -0.000395426 -6.65743e-05 1.37301e-06
8.27 -0.000183173 -6.65743e-05 6.36017e-07
8.28 3.25619e-05 -6.65743e-05 -1.13062e-07
8.29 0.000251198 -6.65743e-05 -8.72216e-07
8.3 0.000472156 -6.65743e-05 -1.63943e-06
8.31 0.00069487 -6.65743e-05 -2.41274e-06
8.32 0.000918807 -6.65743e-05 -3.1903e-06
8.33 0.00114347 -6.65743e-05 -3.97039e-06
8.34 0.00136842 -6.65743e-05 -4.75147e-06
8.35 0.00159325 -6.65743e-05 -5.53211e-06
8.36 0.00181753 -6.65743e-05 -6.31086e-06
8.37 0.00204084 -6.65743e-05 -7.08625e-06
8.38 0.00226276 -6.65743e-05 -7.85681e-06
8.39 0.00248286 -6.65743e-05 -8.62103e-06
8.4 0.00270072 -6.65743e-05 -9.37748e-06
8.41 0.00291595 -6.65743e-05 -1.01248e-05
8.42 0.00312817 -6.65743e-05 -1.08617e-05
8.43 0.00333704 -6.65743e-05 -1.1587e-05
8.44 0.00354224 -6.65743e-05 -1.22994e-05
8.45 0.00374346 -6.65743e-05 -1.29981e-05
8.46 0.00394041 -6.65743e-05 -1.3682e-05
8.47 0.00413283 -6.65743e-05 -1.43501e-05
8.48 0.00432046 -6.65743e-05 -1.50016e-05
8.49 0.00450309 -6.65743e-05 -1.56357e-05
8.5 0.00468053 -6.65743e-05 -1.62518e-05
8.51 0.00485257 -6.65743e-05 -1.68492e-05
8.52 0.00501905 -6.65743e-05 -1.74273e-05
8.53 0.00517979 -6.65743e-05 -1.79854e-05
8.54 0.00533461 -6.65743e-05 -1.85229e-05
8.55 0.00548333 -6.65743e-05 -1.90393e-05
8.56 0.00562577 -6.65743e-05 -1.95339e-05
8.57 0.00576171 -6.65743e-05 -2.00059e-05
8.58 0.00589092 -6.65743e-05 -2.04546e-05
8.59 0.00601317 -6.65743e-05 -2.0879e-05
8.6 0.00612819 -6.65743e-05 -2.12784e-05
8.61 0.00623576 -6.65743e-05 -2.16519e-05
8.62 0.00633567 -6.65743e-05 -2.19989e-05
8.63 0.00642775 -6.65743e-05 -2.23186e-05
8.64 0.00651185 -6.65743e-05 -2.26106e-05
8.65 0.00658784 -6.65743e-05 -2.28745e-05
8.66 0.00665565 -6.65743e-05 -2.31099e-05
8.67 0.0067152 -6.65743e-05 -2.33167e-05
8.68 0.00676643 -6.65743e-05 -2.34946e-05
8.69 0.00680928 -6.65743e-05 -2.36433e-05
8.7 0.00684365 -6.65743e-05 -2.37627e-05
8.71 0.00686947 -6.65743e-05 -2.38523e-05
8.72 0.00688664 -6.65743e-05 -2.39119e-05
8.73 0.00689505 -6.65743e-05 -2.39411e-05
8.74 0.00689462 -6.65743e-05 -2.39396e-05
8.75 0.00688524 -6.65743e-05 -2.39071e-05
8.76 0.0068668 -6.65743e-05 -2.38431e-05
8.77 0.00683918 -6.65743e-05 -2.37472e-05
8.78 0.00680225 -6.65743e-05 -2.36189e-05
8.79 0.00675588 -6.65743e-05 -2.34579e-05
8.8 0.00669995 -6.65743e-05 -2.32637e-05
8.81 0.00663438 -6.65743e-05 -2.3036e-05
8.82 0.0065591 -6.65743e-05 -2.27747e-05
8.83 0.00647406 -6.65743e-05 -2.24794e-05
8.84 0.00637921 -6.65743e-05 -2.21501e-05
8.85 0.00627456 -6.65743e-05 -2.17867e-05
8.86 0.0061601 -6.65743e-05 -2.13892e-05
8.87 0.00603587 -6.65743e-05 -2.09579e-05
8.88 0.00590188 -6.65743e-05 -2.04927e-05
8.89 0.00575819 -6.65743e-05 -1.99937e-05
8.9 0.00560484 -6.65743e-05 -1.94613e-05
8.91 0.00544198 -6.65743e-05 -1.88958e-05
8.92 0.0052698 -6.65743e-05 -1.82979e-05
8.93 0.00508853 -6.65743e-05 -1.76685e-05
8.94 0.00489846 -6.65743e-05 -1.70086e-05
8.95 0.00469993 -6.65743e-05 -1.63192e-05
8.96 0.00449329 -6.65743e-05 -1.56017e-05
8.97 0.00427889 -6.65743e-05 -1.48572e-05
8.98 0.00405709 -6.65743e-05 -1.40871e-05
8.99 0.00382825 -6.65743e-05 -1.32925e-05
9 0.00359275 -6.65743e-05 -1.24748e-05
9.01 0.003351 -6.65743e-05 -1.16354e-05
9.02 0.00310348 -6.65743e-05 -1.0776e-05
9.03 0.0028507 -6.65743e-05 -9.89827e-06
9.04 0.00259323 -6.65743e-05 -9.00426e-06
9.05 0.00233164 -6.65743e-05 -8.09597e-06
9.06 0.00206653 -6.65743e-05 -7.17545e-06
9.07 0.00179846 -6.65743e-05 -6.24464e-06
9.08 0.00152793 -6.65743e-05 -5.30531e-06
9.09 0.00125541 -6.65743e-05 -4.35907e-06
9.1 0.000981368 -6.65743e-05 -3.40753e-06
9.11 0.000706266 -6.65743e-05 -2.45231e-06
9.12 0.000430604 -6.65743e-05 -1.49515e-06
9.13 0.000154924 -6.65743e-05 -5.37931e-07
9.14 -0.000120187 -6.65743e-05 4.17316e-07
9.15 -0.000394117 -6.65743e-05 1.36846e-06
9.16 -0.000666238 -6.65743e-05 2.31333e-06
9.17 -0.000935911 -6.65743e-05 3.24969e-06
9.18 -0.00120248 -6.65743e-05 4.17529e-06
9.19 -0.0014653 -6.65743e-05 5.08784e-06
9.2 -0.0017237 -6.65743e-05 5.98507e-06
9.21 -0.00197705 -6.65743e-05 6.86477e-06
9.22 -0.00222474 -6.65743e-05 7.72479e-06
9.23 -0.00246616 -6.65743e-05 8.56306e-06
9.24 -0.00270075 -6.65743e-05 9.3776e-06
9.25 -0.00292795 -6.65743e-05 1.01665e-05
9.26 -0.00314723 -6.65743e-05 1.09279e-05
9.27 -0.00335803 -6.65743e-05 1.16598e-05
9.28 -0.00355982 -6.65743e-05 1.23605e-05
9.29 -0.0037521 -6.65743e-05 1.30281e-05
9.3 -0.0039344 -6.65743e-05 1.36611e-05
9.31 -0.0041063 -6.65743e-05 1.4258e-05
9.32 -0.0042674 -6.65743e-05 1.48174e-05
9.33 -0.00441738 -6.65743e-05 1.53381e-05
9.34 -0.00455592 -6.65743e-05 1.58192e-05
9.35 -0.00468272 -6.65743e-05 1.62594e-05
9.36 -0.00479751 -6.65743e-05 1.6658e-05
9.37 -0.00490005 -6.65743e-05 1.70141e-05
9.38 -0.00499015 -6.65743e-05 1.73269e-05
9.39 -0.00506769 -6.65743e-05 1.75961e-05
9.4 -0.00513256 -6.65743e-05 1.78214e-05
9.41 -0.0051847 -6.65743e-05 1.80024e-05
9.42 -0.00522407 -6.65743e-05 1.81391e-05
9.43 -0.00525068 -6.65743e-05 1.82315e-05
9.44 -0.00526456 -6.65743e-05 1.82797e-05
9.45 -0.00526576 -6.65743e-05 1.82839e-05
9.46 -0.00525442 -6.65743e-05 1.82445e-05
9.47 -0.00523072 -6.65743e-05 1.81622e-05
9.48 -0.00519489 -6.65743e-05 1.80378e-05
9.49 -0.00514718 -6.65743e-05 1.78722e-05
9.5 -0.00508788 -6.65743e-05 1.76662e-05
9.51 -0.00501726 -6.65743e-05 1.7421e-05
9.52 -0.00493563 -6.65743e-05 1.71376e-05
9.53 -0.0048433 -6.65743e-05 1.6817e-05
9.54 -0.00474059 -6.65743e-05 1.64604e-05
9.55 -0.00462785 -6.65743e-05 1.60689e-05
9.56 -0.00450544 -6.65743e-05 1.56439e-05
9.57 -0.00437376 -6.65743e-05 1.51867e-05
9.58 -0.00423323 -6.65743e-05 1.46987e-05
9.59 -0.00408428 -6.65743e-05 1.41815e-05
9.6 -0.00392739 -6.65743e-05 1.36368e-05
9.61 -0.00376307 -6.65743e-05 1.30662e-05
9.62 -0.00359187 -6.65743e-05 1.24718e-05
9.63 -0.00341437 -6.65743e-05 1.18555e-05
9.64 -0.00323115 -6.65743e-05 1.12193e-05
9.65 -0.0030428 -6.65743e-05 1.05653e-05
9.66 -0.00284992 -6.65743e-05 9.89556e-06
9.67 -0.0026531 -6.65743e-05 9.21215e-06
9.68 -0.00245294 -6.65743e-05 8.51714e-06
9.69 -0.00225004 -6.65743e-05 7.81263e-06
9.7 -0.00204498 -6.65743e-05 7.10062e-06
9.71 -0.00183832 -6.65743e-05 6.38305e-06
9.72 -0.0016306 -6.65743e-05 5.66179e-06
9.73 -0.00142234 -6.65743e-05 4.93866e-06
9.74 -0.00121404 -6.65743e-05 4.21543e-06
9.75 -0.00100623 -6.65743e-05 3.49384e-06
9.76 -0.000799391 -6.65743e-05 2.77566e-06
9.77 -0.000594052 -6.65743e-05 2.06268e-06
9.78 -0.000390725 -6.65743e-05 1.35668e-06
9.79 -0.000189945 -6.65743e-05 6.5953e-07
9.8 7.72105e-06 -6.65743e-05 -2.68092e-08
9.81 0.000201681 -6.65743e-05 -7.0028e-07
9.82 0.000391335 -6.65743e-05 -1.3588e-06
9.83 0.000576085 -6.65743e-05 -2.0003e-06
9.84 0.000755342 -6.65743e-05 -2.62272e-06
9.85 0.000928534 -6.65743e-05 -3.22408e-06
9.86 0.00109512 -6.65743e-05 -3.8025e-06
9.87 0.00125459 -6.65743e-05 -4.35621e-06
9.88 0.00140646 -6.65743e-05 -4.88354e-06
9.89 0.00155032 -6.65743e-05 -5.38304e-06
9.9 0.00168578 -6.65743e-05 -5.85342e-06
9.91 0.00181253 -6.65743e-05 -6.29351e-06
9.92 0.00193026 -6.65743e-05 -6.70231e-06
9.93 0.00203873 -6.65743e-05 -7.07892e-06
9.94 0.0021377 -6.65743e-05 -7.42256e-06
9.95 0.002227 -6.65743e-05 -7.73264e-06
9.96 0.00230654 -6.65743e-05 -8.00882e-06
9.97 0.00237629 -6.65743e-05 -8.25101e-06
9.98 0.00243631 -6.65743e-05 -8.45939e-06
9.99 0.00248673 -6.65743e-05 -8.63447e-06
10 0.00252776 -6.65743e-05 -8.77695e-06
