0.01 -2000 -0.000365424
0.02 -2000 -0.00147253
0.03 -2000 -0.00255755
0.04 -2000 -0.00248401
0.05 -2000 -0.000947776
0.06 -2000 0.00199517
0.07 -2000 0.00635023
0.08 -2000 0.0121259
0.09 -2000 0.0193313
0.1 -2000 0.0279752
0.11 -2000 0.0380662
0.12 -2000 0.0496143
0.13 -2000 0.0626315
0.14 -2000 0.0771298
0.15 -2000 0.0931175
0.16 -2000 0.110599
0.17 -2000 0.129575
0.18 -2000 0.150044
0.19 -2000 0.172005
0.2 -2000 0.195456
0.21 -2000 0.220397
0.22 -2000 0.246819
0.23 -2000 0.2747
0.24 -2000 0.304003
0.25 -2000 0.33468
0.26 -2000 0.366682
0.27 -2000 0.399964
0.28 -2000 0.434495
0.29 -2000 0.470258
0.3 -2000 0.507256
0.31 -2000 0.545504
0.32 -2000 0.585025
0.33 -2000 0.625837
0.34 -2000 0.667949
0.35 -2000 0.711365
0.36 -2000 0.756082
0.37 -2000 0.802081
0.38 -2000 0.849318
0.39 -2000 0.897719
0.4 -2000 0.947186
0.41 -2000 0.997607
0.42 -2000 1.04886
0.43 -2000 1.1008
0.44 -2000 1.1533
0.45 -2000 1.20623
0.46 -2000 1.25945
0.47 -2000 1.31286
0.48 -2000 1.36634
0.49 -2000 1.4198
0.5 -2000 1.47317
0.51 -2000 1.52639
0.52 -2000 1.57943
0.53 -2000 1.6322
0.54 -2000 1.68463
0.55 -2000 1.7366
0.56 -2000 1.78797
0.57 -2000 1.83859
0.58 -2000 1.88827
0.59 -2000 1.93683
0.6 -2000 1.98411
0.61 -2000 2.03002
0.62 -2000 2.0745
0.63 -2000 2.11756
0.64 -2000 2.15916
0.65 -2000 2.19924
0.66 -2000 2.23764
0.67 -2000 2.27415
0.68 -2000 2.30845
0.69 -2000 2.34022
0.7 -2000 2.36911
0.71 -2000 2.3948
0.72 -2000 2.41705
0.73 -2000 2.43573
0.74 -2000 2.45081
0.75 -2000 2.46238
0.76 -2000 2.47054
0.77 -2000 2.47538
0.78 -2000 2.4769
0.79 -2000 2.47507
0.8 -2000 2.46982
0.81 -2000 2.46109
0.82 -2000 2.44883
0.83 -2000 2.43302
0.84 -2000 2.41369
0.85 -2000 2.3909
0.86 -2000 2.36478
0.87 -2000 2.3355
0.88 -2000 2.30325
0.89 -2000 2.26823
0.9 -2000 2.23057
0.91 -2000 2.19037
0.92 -2000 2.14768
0.93 -2000 2.10261
0.94 -2000 2.05526
0.95 -2000 2.00575
0.96 -2000 1.95416
0.97 -2000 1.90047
0.98 -2000 1.84466
0.99 -2000 1.78668
1 -2000 1.72658
1.01 -2000 1.6645
1.02 -2000 1.60076
1.03 -2000 1.53575
1.04 -2000 1.4699
1.05 -2000 1.40365
1.06 -2000 1.33738
1.07 -2000 1.27158
1.08 -2000 1.20684
1.09 -2000 1.14385
1.1 -2000 1.08324
1.11 -2000 1.02546
1.12 -2000 0.970651
1.13 -2000 0.918648
1.14 -2000 0.869112
1.15 -2000 0.821632
1.16 -2000 0.775813
1.17 -2000 0.731341
1.18 -2000 0.688006
1.19 -2000 0.645647
1.2 -2000 0.60407
1.21 -2000 0.56302
1.22 -2000 0.522221
1.23 -2000 0.481465
1.24 -2000 0.440664
1.25 -2000 0.399853
1.26 -2000 0.359151
1.27 -2000 0.318702
1.28 -2000 0.278632
1.29 -2000 0.239035
1.3 -2000 0.199976
1.31 -2000 0.161507
1.32 -2000 0.123685
1.33 -2000 0.0865753
1.34 -2000 0.0502449
1.35 -2000 0.0147182
1.36 -2000 -0.0201037
1.37 -2000 -0.054522
1.38 -2000 -0.0890792
1.39 -2000 -0.124532
1.4 -2000 -0.16174
1.41 -2000 -0.201488
1.42 -2000 -0.244337
1.43 -2000 -0.290556
1.44 -2000 -0.340176
1.45 -2000 -0.393105
1.46 -2000 -0.449235
1.47 -2000 -0.508511
1.48 -2000 -0.570936
1.49 -2000 -0.636546
1.5 -2000 -0.705405
1.51 -2000 -0.777636
1.52 -2000 -0.853445
1.53 -2000 -0.933099
1.54 -2000 -1.01685
1.55 -2000 -1.10483
1.56 -2000 -1.19694
1.57 -2000 -1.29287
1.58 -2000 -1.39205
1.59 -2000 -1.49373
1.6 -2000 -1.59692
1.61 -2000 -1.70042
1.62 -2000 -1.80289
1.63 -2000 -1.90305
1.64 -2000 -1.99991
1.65 -2000 -2.0929
1.66 -2000 -2.18181
1.67 -2000 -2.26673
1.68 -2000 -2.34783
1.69 -2000 -2.42516
1.7 -2000 -2.49847
1.71 -2000 -2.56716
1.72 -2000 -2.63024
1.73 -2000 -2.68654
1.74 -2000 -2.73473
1.75 -2000 -2.77354
1.76 -2000 -2.80181
1.77 -2000 -2.81869
1.78 -2000 -2.82369
1.79 -2000 -2.8166
1.8 -2000 -2.79733
1.81 -2000 -2.76561
1.82 -2000 -2.72077
1.83 -2000 -2.66189
1.84 -2000 -2.58804
1.85 -2000 -2.49856
1.86 -2000 -2.39318
1.87 -2000 -2.27198
1.88 -2000 -2.13521
1.89 -2000 -1.98313
1.9 -2000 -1.81591
1.91 -2000 -1.63368
1.92 -2000 -1.43652
1.93 -2000 -1.22457
1.94 -2000 -0.998151
1.95 -2000 -0.757876
1.96 -2000 -0.504787
1.97 -2000 -0.240241
1.98 -2000 0.0342867
1.99 -2000 0.317325
2 -2000 0.607398
2.01 -2000 0.902968
2.02 -2000 1.20237
2.03 -2000 1.5037
2.04 -2000 1.80473
2.05 -2000 2.10293
2.06 -2000 2.39565
2.07 -2000 2.6804
2.08 -2000 2.9552
2.09 -2000 3.21851
2.1 -2000 3.46918
2.11 -2000 3.70604
2.12 -2000 3.92773
2.13 -2000 4.13265
2.14 -2000 4.31922
2.15 -2000 4.4862
2.16 -2000 4.63284
2.17 -2000 4.75879
2.18 -2000 4.86401
2.19 -2000 4.94848
2.2 -2000 5.01216
2.21 -2000 5.05501
2.22 -2000 5.07723
2.23 -2000 5.07959
2.24 -2000 5.06347
2.25 -2000 5.03079
2.26 -2000 4.98374
2.27 -2000 4.92458
2.28 -2000 4.85562
2.29 -2000 4.7792
2.3 -2000 4.69771
2.31 -2000 4.61336
2.32 -2000 4.52794
2.33 -2000 4.44257
2.34 -2000 4.35781
2.35 -2000 4.274
2.36 -2000 4.19166
2.37 -2000 4.11183
2.38 -2000 4.03578
2.39 -2000 3.9644
2.4 -2000 3.89777
2.41 -2000 3.83508
2.42 -2000 3.77516
2.43 -2000 3.71698
2.44 -2000 3.66004
2.45 -2000 3.6044
2.46 -2000 3.55045
2.47 -2000 3.49864
2.48 -2000 3.44927
2.49 -2000 3.40221
2.5 -2000 3.3567
2.51 -2000 3.31101
2.52 -2000 3.26228
2.53 -2000 3.20658
2.54 -2000 3.13938
2.55 -2000 3.05602
2.56 -2000 2.9521
2.57 -2000 2.8238
2.58 -2000 2.66809
2.59 -2000 2.4827
2.6 -2000 2.26601
2.61 -2000 2.01663
2.62 -2000 1.73316
2.63 -2000 1.41404
2.64 -2000 1.05754
2.65 -2000 0.661883
2.66 -2000 0.22553
2.67 -2000 -0.252411
2.68 -2000 -0.771917
2.69 -2000 -1.33217
2.7 -2000 -1.93198
2.71 -2000 -2.57005
2.72 -2000 -3.24484
2.73 -2000 -3.95421
2.74 -2000 -4.69514
2.75 -2000 -5.4637
2.76 -2000 -6.25542
2.77 -2000 -7.06579
2.78 -2000 -7.89067
2.79 -2000 -8.72632
2.8 -2000 -9.56903
2.81 -2000 -10.4147
2.82 -2000 -11.2583
2.83 -2000 -12.0945
2.84 -2000 -12.9175
2.85 -2000 -13.7222
2.86 -2000 -14.5047
2.87 -2000 -15.2622
2.88 -2000 -15.9932
2.89 -2000 -16.6968
2.9 -2000 -17.3719
2.91 -2000 -18.0171
2.92 -2000 -18.6297
2.93 -2000 -19.207
2.94 -2000 -19.746
2.95 -2000 -20.2438
2.96 -2000 -20.6977
2.97 -2000 -21.1055
2.98 -2000 -21.4648
2.99 -2000 -21.7735
3 -2000 -22.0292
3.01 -2000 -22.2294
3.02 -2000 -22.3712
3.03 -2000 -22.452
3.04 -2000 -22.4692
3.05 -2000 -22.4213
3.06 -2000 -22.3074
3.07 -2000 -22.1272
3.08 -2000 -21.8802
3.09 -2000 -21.5654
3.1 -2000 -21.1815
3.11 -2000 -20.7273
3.12 -2000 -20.2023
3.13 -2000 -19.6075
3.14 -2000 -18.9453
3.15 -2000 -18.2194
3.16 -2000 -17.4338
3.17 -2000 -16.5925
3.18 -2000 -15.6995
3.19 -2000 -14.7585
3.2 -2000 -13.7731
3.21 -2000 -12.7469
3.22 -2000 -11.6834
3.23 -2000 -10.5862
3.24 -2000 -9.45905
3.25 -2000 -8.30656
3.26 -2000 -7.13363
3.27 -2000 -5.9451
3.28 -2000 -4.74506
3.29 -2000 -3.53633
3.3 -2000 -2.32033
3.31 -2000 -1.09717
3.32 -2000 0.133678
3.33 -2000 1.37245
3.34 -2000 2.61854
3.35 -2000 3.87044
3.36 -2000 5.12622
3.37 -2000 6.38391
3.38 -2000 7.64173
3.39 -2000 8.89814
3.4 -2000 10.1517
3.41 -2000 11.4007
3.42 -2000 12.6436
3.43 -2000 13.878
3.44 -2000 15.1013
3.45 -2000 16.3099
3.46 -2000 17.5
3.47 -2000 18.6678
3.48 -2000 19.8094
3.49 -2000 20.9212
3.5 -2000 21.9997
3.51 -2000 23.0417
3.52 -2000 24.0447
3.53 -2000 25.0068
3.54 -2000 25.9266
3.55 -2000 26.803
3.56 -2000 27.635
3.57 -2000 28.4214
3.58 -2000 29.1612
3.59 -2000 29.8532
3.6 -2000 30.497
3.61 -2000 31.093
3.62 -2000 31.6427
3.63 -2000 32.1488
3.64 -2000 32.6145
3.65 -2000 33.0426
3.66 -2000 33.4345
3.67 -2000 33.7909
3.68 -2000 34.1113
3.69 -2000 34.3958
3.7 -2000 34.6451
3.71 -2000 34.861
3.72 -2000 35.0454
3.73 -2000 35.1997
3.74 -2000 35.3242
3.75 -2000 35.4173
3.76 -2000 35.4769
3.77 -2000 35.5004
3.78 -2000 35.4864
3.79 -2000 35.4351
3.8 -2000 35.3484
3.81 -2000 35.2291
3.82 -2000 35.0792
3.83 -2000 34.8992
3.84 -2000 34.6873
3.85 -2000 34.4404
3.86 -2000 34.154
3.87 -2000 33.8237
3.88 -2000 33.4453
3.89 -2000 33.015
3.9 -2000 32.5302
3.91 -2000 31.989
3.92 -2000 31.3903
3.93 -2000 30.7332
3.94 -2000 30.0176
3.95 -2000 29.2444
3.96 -2000 28.4153
3.97 -2000 27.533
3.98 -2000 26.6009
3.99 -2000 25.6232
4 -2000 24.6048
4.01 -2000 23.5506
4.02 -2000 22.4655
4.03 -2000 21.3531
4.04 -2000 20.2152
4.05 -2000 19.0521
4.06 -2000 17.8631
4.07 -2000 16.6479
4.08 -2000 15.4075
4.09 -2000 14.1448
4.1 -2000 12.8641
4.11 -2000 11.57
4.12 -2000 10.2662
4.13 -2000 8.9551
4.14 -2000 7.63795
4.15 -2000 6.31535
4.16 -2000 4.98834
4.17 -2000 3.65885
4.18 -2000 2.32954
4.19 -2000 1.00339
4.2 -2000 -0.31688
4.21 -2000 -1.62914
4.22 -2000 -2.93228
4.23 -2000 -4.22646
4.24 -2000 -5.51316
4.25 -2000 -6.79465
4.26 -2000 -8.07289
4.27 -2000 -9.34833
4.28 -2000 -10.6192
4.29 -2000 -11.882
4.3 -2000 -13.1328
4.31 -2000 -14.3693
4.32 -2000 -15.5918
4.33 -2000 -16.8031
4.34 -2000 -18.0074
4.35 -2000 -19.2087
4.36 -2000 -20.4093
4.37 -2000 -21.6087
4.38 -2000 -22.8039
4.39 -2000 -23.9904
4.4 -2000 -25.1636
4.41 -2000 -26.3201
4.42 -2000 -27.4575
4.43 -2000 -28.5742
4.44 -2000 -29.668
4.45 -2000 -30.7361
4.46 -2000 -31.7743
4.47 -2000 -32.7779
4.48 -2000 -33.7416
4.49 -2000 -34.6599
4.5 -2000 -35.5281
4.51 -2000 -36.3418
4.52 -2000 -37.0984
4.53 -2000 -37.796
4.54 -2000 -38.4336
4.55 -2000 -39.0108
4.56 -2000 -39.5272
4.57 -2000 -39.9821
4.58 -2000 -40.3749
4.59 -2000 -40.7052
4.6 -2000 -40.9723
4.61 -2000 -41.1758
4.62 -2000 -41.3157
4.63 -2000 -41.3919
4.64 -2000 -41.4044
4.65 -2000 -41.3533
4.66 -2000 -41.2389
4.67 -2000 -41.0615
4.68 -2000 -40.8215
4.69 -2000 -40.5201
4.7 -2000 -40.1593
4.71 -2000 -39.7415
4.72 -2000 -39.2695
4.73 -2000 -38.7448
4.74 -2000 -38.1679
4.75 -2000 -37.5378
4.76 -2000 -36.8533
4.77 -2000 -36.1138
4.78 -2000 -35.3208
4.79 -2000 -34.4771
4.8 -2000 -33.5866
4.81 -2000 -32.6532
4.82 -2000 -31.6796
4.83 -2000 -30.6677
4.84 -2000 -29.6184
4.85 -2000 -28.5322
4.86 -2000 -27.409
4.87 -2000 -26.2485
4.88 -2000 -25.0505
4.89 -2000 -23.8152
4.9 -2000 -22.5424
4.91 -2000 -21.232
4.92 -2000 -19.883
4.93 -2000 -18.4938
4.94 -2000 -17.0627
4.95 -2000 -15.5882
4.96 -2000 -14.0692
4.97 -2000 -12.5047
4.98 -2000 -10.8937
4.99 -2000 -9.23559
5 -2000 -7.53041
5.01 -2000 -5.77915
5.02 -2000 -3.98395
5.03 -2000 -2.14805
5.04 -2000 -0.275629
5.05 -2000 1.62844
5.06 -2000 3.55908
5.07 -2000 5.5116
5.08 -2000 7.482
5.09 -2000 9.46693
5.1 -2000 11.4631
5.11 -2000 13.4667
5.12 -2000 15.473
5.13 -2000 17.4765
5.14 -2000 19.4714
5.15 -2000 21.4527
5.16 -2000 23.4165
5.17 -2000 25.3598
5.18 -2000 27.28
5.19 -2000 29.1737
5.2 -2000 31.0362
5.21 -2000 32.862
5.22 -2000 34.6447
5.23 -2000 36.3776
5.24 -2000 38.0539
5.25 -2000 39.6668
5.26 -2000 41.2101
5.27 -2000 42.6781
5.28 -2000 44.0657
5.29 -2000 45.3682
5.3 -2000 46.5817
5.31 -2000 47.7025
5.32 -2000 48.7268
5.33 -2000 49.6498
5.34 -2000 50.4655
5.35 -2000 51.1677
5.36 -2000 51.7503
5.37 -2000 52.2085
5.38 -2000 52.5394
5.39 -2000 52.7419
5.4 -2000 52.8166
5.41 -2000 52.7648
5.42 -2000 52.5872
5.43 -2000 52.2831
5.44 -2000 51.8503
5.45 -2000 51.2857
5.46 -2000 50.5865
5.47 -2000 49.751
5.48 -2000 48.7792
5.49 -2000 47.6731
5.5 -2000 46.4358
5.51 -2000 45.0709
5.52 -2000 43.5824
5.53 -2000 41.9745
5.54 -2000 40.2516
5.55 -2000 38.4183
5.56 -2000 36.4794
5.57 -2000 34.4395
5.58 -2000 32.3036
5.59 -2000 30.0775
5.6 -2000 27.7682
5.61 -2000 25.3839
5.62 -2000 22.9335
5.63 -2000 20.4268
5.64 -2000 17.8745
5.65 -2000 15.2879
5.66 -2000 12.6782
5.67 -2000 10.0566
5.68 -2000 7.4329
5.69 -2000 4.81558
5.7 -2000 2.21201
5.71 -2000 -0.370877
5.72 -2000 -2.92603
5.73 -2000 -5.44589
5.74 -2000 -7.92239
5.75 -2000 -10.3473
5.76 -2000 -12.7127
5.77 -2000 -15.0115
5.78 -2000 -17.2373
5.79 -2000 -19.385
5.8 -2000 -21.4501
5.81 -2000 -23.4285
5.82 -2000 -25.3166
5.83 -2000 -27.1106
5.84 -2000 -28.807
5.85 -2000 -30.402
5.86 -2000 -31.8915
5.87 -2000 -33.2714
5.88 -2000 -34.5389
5.89 -2000 -35.6928
5.9 -2000 -36.7333
5.91 -2000 -37.6612
5.92 -2000 -38.4776
5.93 -2000 -39.1833
5.94 -2000 -39.7794
5.95 -2000 -40.2673
5.96 -2000 -40.65
5.97 -2000 -40.9318
5.98 -2000 -41.1181
5.99 -2000 -41.2155
6 -2000 -41.2307
6.01 -2000 -41.1697
6.02 -2000 -41.0376
6.03 -2000 -40.8383
6.04 -2000 -40.5746
6.05 -2000 -40.2486
6.06 -2000 -39.8615
6.07 -2000 -39.4138
6.08 -2000 -38.9051
6.09 -2000 -38.3339
6.1 -2000 -37.6983
6.11 -2000 -36.9964
6.12 -2000 -36.2272
6.13 -2000 -35.3908
6.14 -2000 -34.4879
6.15 -2000 -33.5196
6.16 -2000 -32.4869
6.17 -2000 -31.3902
6.18 -2000 -30.2295
6.19 -2000 -29.005
6.2 -2000 -27.7173
6.21 -2000 -26.3673
6.22 -2000 -24.9556
6.23 -2000 -23.4825
6.24 -2000 -21.9484
6.25 -2000 -20.3539
6.26 -2000 -18.7004
6.27 -2000 -16.9898
6.28 -2000 -15.2249
6.29 -2000 -13.4085
6.3 -2000 -11.5434
6.31 -2000 -9.6324
6.32 -2000 -7.67809
6.33 -2000 -5.68316
6.34 -2000 -3.65041
6.35 -2000 -1.5827
6.36 -2000 0.516962
6.37 -2000 2.64546
6.38 -2000 4.79967
6.39 -2000 6.97645
6.4 -2000 9.17268
6.41 -2000 11.3853
6.42 -2000 13.6111
6.43 -2000 15.8468
6.44 -2000 18.0886
6.45 -2000 20.3316
6.46 -2000 22.5698
6.47 -2000 24.7959
6.48 -2000 27.0018
6.49 -2000 29.1792
6.5 -2000 31.32
6.51 -2000 33.4165
6.52 -2000 35.4611
6.53 -2000 37.4471
6.54 -2000 39.3682
6.55 -2000 41.2191
6.56 -2000 42.9952
6.57 -2000 44.692
6.58 -2000 46.3054
6.59 -2000 47.8318
6.6 -2000 49.2681
6.61 -2000 50.6124
6.62 -2000 51.8639
6.63 -2000 53.0234
6.64 -2000 54.0934
6.65 -2000 55.0775
6.66 -2000 55.9797
6.67 -2000 56.8033
6.68 -2000 57.5505
6.69 -2000 58.2215
6.7 -2000 58.8156
6.71 -2000 59.3317
6.72 -2000 59.7686
6.73 -2000 60.1257
6.74 -2000 60.4028
6.75 -2000 60.5997
6.76 -2000 60.716
6.77 -2000 60.7505
6.78 -2000 60.7016
6.79 -2000 60.5677
6.8 -2000 60.3477
6.81 -2000 60.0413
6.82 -2000 59.6499
6.83 -2000 59.176
6.84 -2000 58.6229
6.85 -2000 57.9939
6.86 -2000 57.2924
6.87 -2000 56.5219
6.88 -2000 55.6853
6.89 -2000 54.7851
6.9 -2000 53.824
6.91 -2000 52.8044
6.92 -2000 51.7298
6.93 -2000 50.6038
6.94 -2000 49.4309
6.95 -2000 48.2154
6.96 -2000 46.9613
6.97 -2000 45.6713
6.98 -2000 44.347
6.99 -2000 42.9886
7 -2000 41.5949
7.01 -2000 40.1638
7.02 -2000 38.6921
7.03 -2000 37.1761
7.04 -2000 35.6112
7.05 -2000 33.9921
7.06 -2000 32.3141
7.07 -2000 30.5721
7.08 -2000 28.7617
7.09 -2000 26.8793
7.1 -2000 24.922
7.11 -2000 22.8878
7.12 -2000 20.7756
7.13 -2000 18.5854
7.14 -2000 16.3181
7.15 -2000 13.9754
7.16 -2000 11.559
7.17 -2000 9.07086
7.18 -2000 6.51352
7.19 -2000 3.89053
7.2 -2000 1.20662
7.21 -2000 -1.53259
7.22 -2000 -4.32111
7.23 -2000 -7.15334
7.24 -2000 -10.0245
7.25 -2000 -12.9302
7.26 -2000 -15.8658
7.27 -2000 -18.8264
7.28 -2000 -21.8064
7.29 -2000 -24.7996
7.3 -2000 -27.7993
7.31 -2000 -30.7978
7.32 -2000 -33.7867
7.33 -2000 -36.7574
7.34 -2000 -39.7011
7.35 -2000 -42.6093
7.36 -2000 -45.474
7.37 -2000 -48.2866
7.38 -2000 -51.038
7.39 -2000 -53.7179
7.4 -2000 -56.3144
7.41 -2000 -58.8137
7.42 -2000 -61.2005
7.43 -2000 -63.4585
7.44 -2000 -65.5709
7.45 -2000 -67.521
7.46 -2000 -69.2929
7.47 -2000 -70.8713
7.48 -2000 -72.2414
7.49 -2000 -73.3893
7.5 -2000 -74.3012
7.51 -2000 -74.9647
7.52 -2000 -75.3678
7.53 -2000 -75.4998
7.54 -2000 -75.3507
7.55 -2000 -74.9118
7.56 -2000 -74.1751
7.57 -2000 -73.1343
7.58 -2000 -71.7852
7.59 -2000 -70.1263
7.6 -2000 -68.1584
7.61 -2000 -65.8844
7.62 -2000 -63.3088
7.63 -2000 -60.4372
7.64 -2000 -57.2764
7.65 -2000 -53.8345
7.66 -2000 -50.1218
7.67 -2000 -46.1509
7.68 -2000 -41.937
7.69 -2000 -37.4974
7.7 -2000 -32.8514
7.71 -2000 -28.0202
7.72 -2000 -23.0258
7.73 -2000 -17.8914
7.74 -2000 -12.6398
7.75 -2000 -7.29349
7.76 -2000 -1.87454
7.77 -2000 3.59557
7.78 -2000 9.0957
7.79 -2000 14.6052
7.8 -2000 20.1038
7.81 -2000 25.5714
7.82 -2000 30.9881
7.83 -2000 36.3337
7.84 -2000 41.5871
7.85 -2000 46.7269
7.86 -2000 51.7316
7.87 -2000 56.5799
7.88 -2000 61.2512
7.89 -2000 65.7261
7.9 -2000 69.987
7.91 -2000 74.0175
7.92 -2000 77.8026
7.93 -2000 81.3277
7.94 -2000 84.5788
7.95 -2000 87.5419
7.96 -2000 90.2035
7.97 -2000 92.5509
7.98 -2000 94.5729
7.99 -2000 96.2601
8 -2000 97.6041
8.01 -2000 98.5982
8.02 -2000 99.2372
8.03 -2000 99.5171
8.04 -2000 99.4349
8.05 -2000 98.988
8.06 -2000 98.1746
8.07 -2000 96.9939
8.08 -2000 95.4467
8.09 -2000 93.5353
8.1 -2000 91.2639
8.11 -2000 88.638
8.12 -2000 85.6638
8.13 -2000 82.3478
8.14 -2000 78.6966
8.15 -2000 74.717
8.16 -2000 70.4163
8.17 -2000 65.803
8.18 -2000 60.8877
8.19 -2000 55.6833
8.2 -2000 50.2056
8.21 -2000 44.4728
8.22 -2000 38.505
8.23 -2000 32.3235
8.24 -2000 25.9502
8.25 -2000 19.4065
8.26 -2000 12.713
8.27 -2000 5.88905
8.28 -2000 -1.04687
8.29 -2000 -8.07608
8.3 -2000 -15.1799
8.31 -2000 -22.3402
8.32 -2000 -29.5398
8.33 -2000 -36.7629
8.34 -2000 -43.9951
8.35 -2000 -51.2232
8.36 -2000 -58.4339
8.37 -2000 -65.6135
8.38 -2000 -72.7483
8.39 -2000 -79.8244
8.4 -2000 -86.8285
8.41 -2000 -93.7482
8.42 -2000 -100.571
8.43 -2000 -107.287
8.44 -2000 -113.884
8.45 -2000 -120.353
8.46 -2000 -126.685
8.47 -2000 -132.871
8.48 -2000 -138.904
8.49 -2000 -144.775
8.5 -2000 -150.48
8.51 -2000 -156.011
8.52 -2000 -161.364
8.53 -2000 -166.531
8.54 -2000 -171.509
8.55 -2000 -176.29
8.56 -2000 -180.87
8.57 -2000 -185.24
8.58 -2000 -189.394
8.59 -2000 -193.324
8.6 -2000 -197.022
8.61 -2000 -200.481
8.62 -2000 -203.693
8.63 -2000 -206.653
8.64 -2000 -209.357
8.65 -2000 -211.801
8.66 -2000 -213.981
8.67 -2000 -215.895
8.68 -2000 -217.542
8.69 -2000 -218.92
8.7 -2000 -220.025
8.71 -2000 -220.855
8.72 -2000 -221.407
8.73 -2000 -221.677
8.74 -2000 -221.663
8.75 -2000 -221.362
8.76 -2000 -220.769
8.77 -2000 -219.881
8.78 -2000 -218.694
8.79 -2000 -217.203
8.8 -2000 -215.405
8.81 -2000 -213.297
8.82 -2000 -210.876
8.83 -2000 -208.142
8.84 -2000 -205.093
8.85 -2000 -201.728
8.86 -2000 -198.049
8.87 -2000 -194.054
8.88 -2000 -189.747
8.89 -2000 -185.127
8.9 -2000 -180.197
8.91 -2000 -174.961
8.92 -2000 -169.425
8.93 -2000 -163.597
8.94 -2000 -157.487
8.95 -2000 -151.104
8.96 -2000 -144.46
8.97 -2000 -137.567
8.98 -2000 -130.436
8.99 -2000 -123.079
9 -2000 -115.508
9.01 -2000 -107.735
9.02 -2000 -99.7775
9.03 -2000 -91.6506
9.04 -2000 -83.3728
9.05 -2000 -74.9627
9.06 -2000 -66.4393
9.07 -2000 -57.8207
9.08 -2000 -49.1233
9.09 -2000 -40.3618
9.1 -2000 -31.5512
9.11 -2000 -22.7066
9.12 -2000 -13.844
9.13 -2000 -4.98084
9.14 -2000 3.86404
9.15 -2000 12.6709
9.16 -2000 21.4197
9.17 -2000 30.0897
9.18 -2000 38.6601
9.19 -2000 47.1096
9.2 -2000 55.4173
9.21 -2000 63.5627
9.22 -2000 71.5258
9.23 -2000 79.2876
9.24 -2000 86.8296
9.25 -2000 94.1343
9.26 -2000 101.184
9.27 -2000 107.961
9.28 -2000 114.449
9.29 -2000 120.631
9.3 -2000 126.492
9.31 -2000 132.018
9.32 -2000 137.198
9.33 -2000 142.02
9.34 -2000 146.474
9.35 -2000 150.55
9.36 -2000 154.241
9.37 -2000 157.538
9.38 -2000 160.434
9.39 -2000 162.927
9.4 -2000 165.013
9.41 -2000 166.689
9.42 -2000 167.955
9.43 -2000 168.811
9.44 -2000 169.257
9.45 -2000 169.295
9.46 -2000 168.931
9.47 -2000 168.169
9.48 -2000 167.017
9.49 -2000 165.483
9.5 -2000 163.576
9.51 -2000 161.306
9.52 -2000 158.682
9.53 -2000 155.713
9.54 -2000 152.411
9.55 -2000 148.786
9.56 -2000 144.851
9.57 -2000 140.617
9.58 -2000 136.099
9.59 -2000 131.31
9.6 -2000 126.266
9.61 -2000 120.983
9.62 -2000 115.479
9.63 -2000 109.773
9.64 -2000 103.882
9.65 -2000 97.8268
9.66 -2000 91.6256
9.67 -2000 85.2977
9.68 -2000 78.8625
9.69 -2000 72.3392
9.7 -2000 65.7465
9.71 -2000 59.1023
9.72 -2000 52.424
9.73 -2000 45.7284
9.74 -2000 39.0318
9.75 -2000 32.3504
9.76 -2000 25.7006
9.77 -2000 19.0989
9.78 -2000 12.5619
9.79 -2000 6.10676
9.8 -2000 -0.248233
9.81 -2000 -6.48407
9.82 -2000 -12.5815
9.83 -2000 -18.5213
9.84 -2000 -24.2844
9.85 -2000 -29.8526
9.86 -2000 -35.2083
9.87 -2000 -40.3352
9.88 -2000 -45.218
9.89 -2000 -49.843
9.9 -2000 -54.1983
9.91 -2000 -58.2733
9.92 -2000 -62.0584
9.93 -2000 -65.5455
9.94 -2000 -68.7274
9.95 -2000 -71.5985
9.96 -2000 -74.1558
9.97 -2000 -76.3982
9.98 -2000 -78.3277
9.99 -2000 -79.9488
10 -2000 -81.268
