0.01 -8.45889e-07 2000 0.000365424
0.02 -3.40864e-06 2000 0.00147253
0.03 -5.92025e-06 2000 0.00255755
0.04 -5.75001e-06 2000 0.00248401
0.05 -2.19393e-06 2000 0.000947776
0.06 4.61846e-06 2000 -0.00199517
0.07 1.46996e-05 2000 -0.00635023
0.08 2.80691e-05 2000 -0.0121259
0.09 4.47484e-05 2000 -0.0193313
0.1 6.47575e-05 2000 -0.0279752
0.11 8.81162e-05 2000 -0.0380662
0.12 0.000114848 2000 -0.0496143
0.13 0.00014498 2000 -0.0626315
0.14 0.000178541 2000 -0.0771298
0.15 0.00021555 2000 -0.0931175
0.16 0.000256017 2000 -0.110599
0.17 0.000299943 2000 -0.129575
0.18 0.000347325 2000 -0.150044
0.19 0.000398159 2000 -0.172005
0.2 0.000452445 2000 -0.195456
0.21 0.000510179 2000 -0.220397
0.22 0.000571341 2000 -0.246819
0.23 0.00063588 2000 -0.2747
0.24 0.00070371 2000 -0.304003
0.25 0.000774722 2000 -0.33468
0.26 0.0008488 2000 -0.366682
0.27 0.000925843 2000 -0.399964
0.28 0.00100578 2000 -0.434495
0.29 0.00108856 2000 -0.470258
0.3 0.0011742 2000 -0.507256
0.31 0.00126274 2000 -0.545504
0.32 0.00135423 2000 -0.585025
0.33 0.0014487 2000 -0.625837
0.34 0.00154618 2000 -0.667949
0.35 0.00164668 2000 -0.711365
0.36 0.00175019 2000 -0.756082
0.37 0.00185667 2000 -0.802081
0.38 0.00196601 2000 -0.849318
0.39 0.00207805 2000 -0.897719
0.4 0.00219256 2000 -0.947186
0.41 0.00230928 2000 -0.997607
0.42 0.00242791 2000 -1.04886
0.43 0.00254815 2000 -1.1008
0.44 0.00266968 2000 -1.1533
0.45 0.00279219 2000 -1.20623
0.46 0.0029154 2000 -1.25945
0.47 0.00303903 2000 -1.31286
0.48 0.00316283 2000 -1.36634
0.49 0.00328658 2000 -1.4198
0.5 0.00341011 2000 -1.47317
0.51 0.00353332 2000 -1.52639
0.52 0.00365608 2000 -1.57943
0.53 0.00377825 2000 -1.6322
0.54 0.00389961 2000 -1.68463
0.55 0.00401991 2000 -1.7366
0.56 0.00413883 2000 -1.78797
0.57 0.004256 2000 -1.83859
0.58 0.004371 2000 -1.88827
0.59 0.00448341 2000 -1.93683
0.6 0.00459286 2000 -1.98411
0.61 0.00469912 2000 -2.03002
0.62 0.00480209 2000 -2.0745
0.63 0.00490176 2000 -2.11756
0.64 0.00499806 2000 -2.15916
0.65 0.00509083 2000 -2.19924
0.66 0.00517973 2000 -2.23764
0.67 0.00526423 2000 -2.27415
0.68 0.00534365 2000 -2.30845
0.69 0.00541718 2000 -2.34022
0.7 0.00548404 2000 -2.36911
0.71 0.00554351 2000 -2.3948
0.72 0.00559502 2000 -2.41705
0.73 0.00563826 2000 -2.43573
0.74 0.00567318 2000 -2.45081
0.75 0.00569996 2000 -2.46238
0.76 0.00571885 2000 -2.47054
0.77 0.00573004 2000 -2.47538
0.78 0.00573356 2000 -2.4769
0.79 0.00572933 2000 -2.47507
0.8 0.00571718 2000 -2.46982
0.81 0.00569697 2000 -2.46109
0.82 0.00566858 2000 -2.44883
0.83 0.00563199 2000 -2.43302
0.84 0.00558724 2000 -2.41369
0.85 0.00553449 2000 -2.3909
0.86 0.00547402 2000 -2.36478
0.87 0.00540624 2000 -2.3355
0.88 0.0053316 2000 -2.30325
0.89 0.00525053 2000 -2.26823
0.9 0.00516336 2000 -2.23057
0.91 0.00507029 2000 -2.19037
0.92 0.00497149 2000 -2.14768
0.93 0.00486715 2000 -2.10261
0.94 0.00475755 2000 -2.05526
0.95 0.00464295 2000 -2.00575
0.96 0.00452351 2000 -1.95416
0.97 0.00439924 2000 -1.90047
0.98 0.00427004 2000 -1.84466
0.99 0.00413583 2000 -1.78668
1 0.00399671 2000 -1.72658
1.01 0.00385302 2000 -1.6645
1.02 0.00370546 2000 -1.60076
1.03 0.00355497 2000 -1.53575
1.04 0.00340255 2000 -1.4699
1.05 0.00324918 2000 -1.40365
1.06 0.00309579 2000 -1.33738
1.07 0.00294348 2000 -1.27158
1.08 0.00279362 2000 -1.20684
1.09 0.0026478 2000 -1.14385
1.1 0.0025075 2000 -1.08324
1.11 0.00237376 2000 -1.02546
1.12 0.00224688 2000 -0.970651
1.13 0.0021265 2000 -0.918648
1.14 0.00201183 2000 -0.869112
1.15 0.00190193 2000 -0.821632
1.16 0.00179586 2000 -0.775813
1.17 0.00169292 2000 -0.731341
1.18 0.00159261 2000 -0.688006
1.19 0.00149455 2000 -0.645647
1.2 0.00139831 2000 -0.60407
1.21 0.00130329 2000 -0.56302
1.22 0.00120884 2000 -0.522221
1.23 0.0011145 2000 -0.481465
1.24 0.00102006 2000 -0.440664
1.25 0.000925587 2000 -0.399853
1.26 0.000831369 2000 -0.359151
1.27 0.000737736 2000 -0.318702
1.28 0.000644982 2000 -0.278632
1.29 0.000553322 2000 -0.239035
1.3 0.000462907 2000 -0.199976
1.31 0.000373859 2000 -0.161507
1.32 0.000286308 2000 -0.123685
1.33 0.000200406 2000 -0.0865753
1.34 0.000116308 2000 -0.0502449
1.35 3.407e-05 2000 -0.0147182
1.36 -4.65363e-05 2000 0.0201037
1.37 -0.000126208 2000 0.054522
1.38 -0.000206202 2000 0.0890792
1.39 -0.000288269 2000 0.124532
1.4 -0.000374397 2000 0.16174
1.41 -0.000466408 2000 0.201488
1.42 -0.000565594 2000 0.244337
1.43 -0.000672583 2000 0.290556
1.44 -0.000787445 2000 0.340176
1.45 -0.000909965 2000 0.393105
1.46 -0.0010399 2000 0.449235
1.47 -0.00117711 2000 0.508511
1.48 -0.00132161 2000 0.570936
1.49 -0.00147349 2000 0.636546
1.5 -0.00163288 2000 0.705405
1.51 -0.00180008 2000 0.777636
1.52 -0.00197557 2000 0.853445
1.53 -0.00215995 2000 0.933099
1.54 -0.00235382 2000 1.01685
1.55 -0.00255747 2000 1.10483
1.56 -0.0027707 2000 1.19694
1.57 -0.00299274 2000 1.29287
1.58 -0.00322233 2000 1.39205
1.59 -0.0034577 2000 1.49373
1.6 -0.00369657 2000 1.59692
1.61 -0.00393616 2000 1.70042
1.62 -0.00417335 2000 1.80289
1.63 -0.0044052 2000 1.90305
1.64 -0.00462943 2000 1.99991
1.65 -0.00484467 2000 2.0929
1.66 -0.00505049 2000 2.18181
1.67 -0.00524707 2000 2.26673
1.68 -0.0054348 2000 2.34783
1.69 -0.00561379 2000 2.42516
1.7 -0.0057835 2000 2.49847
1.71 -0.00594249 2000 2.56716
1.72 -0.00608853 2000 2.63024
1.73 -0.00621883 2000 2.68654
1.74 -0.00633039 2000 2.73473
1.75 -0.00642022 2000 2.77354
1.76 -0.00648567 2000 2.80181
1.77 -0.00652475 2000 2.81869
1.78 -0.00653631 2000 2.82369
1.79 -0.00651991 2000 2.8166
1.8 -0.00647531 2000 2.79733
1.81 -0.00640187 2000 2.76561
1.82 -0.00629807 2000 2.72077
1.83 -0.00616177 2000 2.66189
1.84 -0.00599083 2000 2.58804
1.85 -0.00578369 2000 2.49856
1.86 -0.00553976 2000 2.39318
1.87 -0.00525921 2000 2.27198
1.88 -0.00494261 2000 2.13521
1.89 -0.00459057 2000 1.98313
1.9 -0.00420351 2000 1.81591
1.91 -0.00378167 2000 1.63368
1.92 -0.00332527 2000 1.43652
1.93 -0.00283466 2000 1.22457
1.94 -0.00231054 2000 0.998151
1.95 -0.00175434 2000 0.757876
1.96 -0.00116849 2000 0.504787
1.97 -0.000556114 2000 0.240241
1.98 7.93672e-05 2000 -0.0342867
1.99 0.000734549 2000 -0.317325
2 0.00140601 2000 -0.607398
2.01 0.0020902 2000 -0.902968
2.02 0.00278326 2000 -1.20237
2.03 0.00348078 2000 -1.5037
2.04 0.00417762 2000 -1.80473
2.05 0.0048679 2000 -2.10293
2.06 0.00554548 2000 -2.39565
2.07 0.00620464 2000 -2.6804
2.08 0.00684073 2000 -2.9552
2.09 0.00745026 2000 -3.21851
2.1 0.00803051 2000 -3.46918
2.11 0.00857881 2000 -3.70604
2.12 0.00909198 2000 -3.92773
2.13 0.00956632 2000 -4.13265
2.14 0.0099982 2000 -4.31922
2.15 0.0103847 2000 -4.4862
2.16 0.0107242 2000 -4.63284
2.17 0.0110157 2000 -4.75879
2.18 0.0112593 2000 -4.86401
2.19 0.0114548 2000 -4.94848
2.2 0.0116022 2000 -5.01216
2.21 0.0117014 2000 -5.05501
2.22 0.0117528 2000 -5.07723
2.23 0.0117583 2000 -5.07959
2.24 0.011721 2000 -5.06347
2.25 0.0116453 2000 -5.03079
2.26 0.0115364 2000 -4.98374
2.27 0.0113995 2000 -4.92458
2.28 0.0112399 2000 -4.85562
2.29 0.011063 2000 -4.7792
2.3 0.0108743 2000 -4.69771
2.31 0.0106791 2000 -4.61336
2.32 0.0104813 2000 -4.52794
2.33 0.0102837 2000 -4.44257
2.34 0.0100875 2000 -4.35781
2.35 0.00989351 2000 -4.274
2.36 0.00970291 2000 -4.19166
2.37 0.00951813 2000 -4.11183
2.38 0.00934207 2000 -4.03578
2.39 0.00917686 2000 -3.9644
2.4 0.00902261 2000 -3.89777
2.41 0.00887751 2000 -3.83508
2.42 0.0087388 2000 -3.77516
2.43 0.00860412 2000 -3.71698
2.44 0.00847232 2000 -3.66004
2.45 0.00834352 2000 -3.6044
2.46 0.00821863 2000 -3.55045
2.47 0.00809871 2000 -3.49864
2.48 0.00798442 2000 -3.44927
2.49 0.00787549 2000 -3.40221
2.5 0.00777015 2000 -3.3567
2.51 0.00766438 2000 -3.31101
2.52 0.00755157 2000 -3.26228
2.53 0.00742264 2000 -3.20658
2.54 0.00726709 2000 -3.13938
2.55 0.00707412 2000 -3.05602
2.56 0.00683356 2000 -2.9521
2.57 0.00653658 2000 -2.8238
2.58 0.00617613 2000 -2.66809
2.59 0.005747 2000 -2.4827
2.6 0.00524539 2000 -2.26601
2.61 0.00466812 2000 -2.01663
2.62 0.00401195 2000 -1.73316
2.63 0.00327325 2000 -1.41404
2.64 0.00244801 2000 -1.05754
2.65 0.00153214 2000 -0.661883
2.66 0.00052206 2000 -0.22553
2.67 -0.000584286 2000 0.252411
2.68 -0.00178685 2000 0.771917
2.69 -0.00308373 2000 1.33217
2.7 -0.00447217 2000 1.93198
2.71 -0.00594918 2000 2.57005
2.72 -0.0075112 2000 3.24484
2.73 -0.00915327 2000 3.95421
2.74 -0.0108684 2000 4.69514
2.75 -0.0126474 2000 5.4637
2.76 -0.0144801 2000 6.25542
2.77 -0.016356 2000 7.06579
2.78 -0.0182654 2000 7.89067
2.79 -0.0201998 2000 8.72632
2.8 -0.0221505 2000 9.56903
2.81 -0.024108 2000 10.4147
2.82 -0.0260609 2000 11.2583
2.83 -0.0279964 2000 12.0945
2.84 -0.0299016 2000 12.9175
2.85 -0.0317645 2000 13.7222
2.86 -0.0335758 2000 14.5047
2.87 -0.0353293 2000 15.2622
2.88 -0.0370214 2000 15.9932
2.89 -0.03865 2000 16.6968
2.9 -0.0402128 2000 17.3719
2.91 -0.0417062 2000 18.0171
2.92 -0.0431244 2000 18.6297
2.93 -0.0444607 2000 19.207
2.94 -0.0457083 2000 19.746
2.95 -0.0468606 2000 20.2438
2.96 -0.0479114 2000 20.6977
2.97 -0.0488552 2000 21.1055
2.98 -0.049687 2000 21.4648
2.99 -0.0504015 2000 21.7735
3 -0.0509935 2000 22.0292
3.01 -0.0514569 2000 22.2294
3.02 -0.0517852 2000 22.3712
3.03 -0.0519721 2000 22.452
3.04 -0.0520121 2000 22.4692
3.05 -0.0519012 2000 22.4213
3.06 -0.0516376 2000 22.3074
3.07 -0.0512204 2000 22.1272
3.08 -0.0506486 2000 21.8802
3.09 -0.04992 2000 21.5654
3.1 -0.0490314 2000 21.1815
3.11 -0.0479799 2000 20.7273
3.12 -0.0467645 2000 20.2023
3.13 -0.0453877 2000 19.6075
3.14 -0.043855 2000 18.9453
3.15 -0.0421746 2000 18.2194
3.16 -0.040356 2000 17.4338
3.17 -0.0384086 2000 16.5925
3.18 -0.0363414 2000 15.6995
3.19 -0.0341631 2000 14.7585
3.2 -0.0318821 2000 13.7731
3.21 -0.0295067 2000 12.7469
3.22 -0.0270449 2000 11.6834
3.23 -0.024505 2000 10.5862
3.24 -0.0218959 2000 9.45905
3.25 -0.0192281 2000 8.30656
3.26 -0.016513 2000 7.13363
3.27 -0.0137618 2000 5.9451
3.28 -0.0109839 2000 4.74506
3.29 -0.00818596 2000 3.53633
3.3 -0.00537115 2000 2.32033
3.31 -0.00253974 2000 1.09717
3.32 0.000309439 2000 -0.133678
3.33 0.00317697 2000 -1.37245
3.34 0.00606143 2000 -2.61854
3.35 0.00895935 2000 -3.87044
3.36 0.0118662 2000 -5.12622
3.37 0.0147776 2000 -6.38391
3.38 0.0176892 2000 -7.64173
3.39 0.0205976 2000 -8.89814
3.4 0.0234992 2000 -10.1517
3.41 0.0263906 2000 -11.4007
3.42 0.0292676 2000 -12.6436
3.43 0.0321251 2000 -13.878
3.44 0.0349567 2000 -15.1013
3.45 0.0377544 2000 -16.3099
3.46 0.0405093 2000 -17.5
3.47 0.0432125 2000 -18.6678
3.48 0.0458552 2000 -19.8094
3.49 0.0484288 2000 -20.9212
3.5 0.0509252 2000 -21.9997
3.51 0.0533372 2000 -23.0417
3.52 0.0556589 2000 -24.0447
3.53 0.057886 2000 -25.0068
3.54 0.0600153 2000 -25.9266
3.55 0.062044 2000 -26.803
3.56 0.0639699 2000 -27.635
3.57 0.0657903 2000 -28.4214
3.58 0.0675027 2000 -29.1612
3.59 0.0691047 2000 -29.8532
3.6 0.070595 2000 -30.497
3.61 0.0719745 2000 -31.093
3.62 0.0732469 2000 -31.6427
3.63 0.0744185 2000 -32.1488
3.64 0.0754966 2000 -32.6145
3.65 0.0764874 2000 -33.0426
3.66 0.0773948 2000 -33.4345
3.67 0.0782196 2000 -33.7909
3.68 0.0789613 2000 -34.1113
3.69 0.0796198 2000 -34.3958
3.7 0.080197 2000 -34.6451
3.71 0.0806968 2000 -34.861
3.72 0.0811236 2000 -35.0454
3.73 0.0814809 2000 -35.1997
3.74 0.0817689 2000 -35.3242
3.75 0.0819846 2000 -35.4173
3.76 0.0821225 2000 -35.4769
3.77 0.0821769 2000 -35.5004
3.78 0.0821444 2000 -35.4864
3.79 0.0820257 2000 -35.4351
3.8 0.0818251 2000 -35.3484
3.81 0.0815489 2000 -35.2291
3.82 0.0812019 2000 -35.0792
3.83 0.0807851 2000 -34.8992
3.84 0.0802947 2000 -34.6873
3.85 0.0797231 2000 -34.4404
3.86 0.0790603 2000 -34.154
3.87 0.0782957 2000 -33.8237
3.88 0.0774196 2000 -33.4453
3.89 0.0764236 2000 -33.015
3.9 0.0753014 2000 -32.5302
3.91 0.0740486 2000 -31.989
3.92 0.0726626 2000 -31.3903
3.93 0.0711416 2000 -30.7332
3.94 0.0694853 2000 -30.0176
3.95 0.0676954 2000 -29.2444
3.96 0.0657761 2000 -28.4153
3.97 0.0637337 2000 -27.533
3.98 0.0615762 2000 -26.6009
3.99 0.0593131 2000 -25.6232
4 0.0569555 2000 -24.6048
4.01 0.0545153 2000 -23.5506
4.02 0.0520035 2000 -22.4655
4.03 0.0494284 2000 -21.3531
4.04 0.0467945 2000 -20.2152
4.05 0.0441022 2000 -19.0521
4.06 0.0413499 2000 -17.8631
4.07 0.0385368 2000 -16.6479
4.08 0.0356655 2000 -15.4075
4.09 0.0327427 2000 -14.1448
4.1 0.0297781 2000 -12.8641
4.11 0.0267824 2000 -11.57
4.12 0.0237643 2000 -10.2662
4.13 0.0207294 2000 -8.9551
4.14 0.0176804 2000 -7.63795
4.15 0.0146189 2000 -6.31535
4.16 0.0115471 2000 -4.98834
4.17 0.00846956 2000 -3.65885
4.18 0.00539246 2000 -2.32954
4.19 0.00232265 2000 -1.00339
4.2 -0.000733519 2000 0.31688
4.21 -0.00377116 2000 1.62914
4.22 -0.00678768 2000 2.93228
4.23 -0.00978347 2000 4.22646
4.24 -0.012762 2000 5.51316
4.25 -0.0157284 2000 6.79465
4.26 -0.0186873 2000 8.07289
4.27 -0.0216397 2000 9.34833
4.28 -0.0245815 2000 10.6192
4.29 -0.0275045 2000 11.882
4.3 -0.0303999 2000 13.1328
4.31 -0.0332623 2000 14.3693
4.32 -0.0360921 2000 15.5918
4.33 -0.038896 2000 16.8031
4.34 -0.0416837 2000 18.0074
4.35 -0.0444645 2000 19.2087
4.36 -0.0472437 2000 20.4093
4.37 -0.0500201 2000 21.6087
4.38 -0.0527868 2000 22.8039
4.39 -0.0555333 2000 23.9904
4.4 -0.0582492 2000 25.1636
4.41 -0.0609263 2000 26.3201
4.42 -0.0635591 2000 27.4575
4.43 -0.0661439 2000 28.5742
4.44 -0.0686759 2000 29.668
4.45 -0.0711483 2000 30.7361
4.46 -0.0735517 2000 31.7743
4.47 -0.0758748 2000 32.7779
4.48 -0.0781054 2000 33.7416
4.49 -0.0802313 2000 34.6599
4.5 -0.0822409 2000 35.5281
4.51 -0.0841246 2000 36.3418
4.52 -0.0858759 2000 37.0984
4.53 -0.0874907 2000 37.796
4.54 -0.0889667 2000 38.4336
4.55 -0.0903029 2000 39.0108
4.56 -0.091498 2000 39.5272
4.57 -0.092551 2000 39.9821
4.58 -0.0934605 2000 40.3749
4.59 -0.0942249 2000 40.7052
4.6 -0.0948432 2000 40.9723
4.61 -0.0953144 2000 41.1758
4.62 -0.0956383 2000 41.3157
4.63 -0.0958146 2000 41.3919
4.64 -0.0958435 2000 41.4044
4.65 -0.0957253 2000 41.3533
4.66 -0.0954605 2000 41.2389
4.67 -0.0950497 2000 41.0615
4.68 -0.0944942 2000 40.8215
4.69 -0.0937966 2000 40.5201
4.7 -0.0929613 2000 40.1593
4.71 -0.0919943 2000 39.7415
4.72 -0.0909015 2000 39.2695
4.73 -0.0896871 2000 38.7448
4.74 -0.0883517 2000 38.1679
4.75 -0.0868931 2000 37.5378
4.76 -0.0853085 2000 36.8533
4.77 -0.0835969 2000 36.1138
4.78 -0.0817611 2000 35.3208
4.79 -0.0798081 2000 34.4771
4.8 -0.0777468 2000 33.5866
4.81 -0.075586 2000 32.6532
4.82 -0.0733324 2000 31.6796
4.83 -0.07099 2000 30.6677
4.84 -0.0685612 2000 29.6184
4.85 -0.0660467 2000 28.5322
4.86 -0.0634467 2000 27.409
4.87 -0.0607603 2000 26.2485
4.88 -0.0579873 2000 25.0505
4.89 -0.0551277 2000 23.8152
4.9 -0.0521815 2000 22.5424
4.91 -0.0491482 2000 21.232
4.92 -0.0460255 2000 19.883
4.93 -0.0428098 2000 18.4938
4.94 -0.039497 2000 17.0627
4.95 -0.0360838 2000 15.5882
4.96 -0.0325676 2000 14.0692
4.97 -0.028946 2000 12.5047
4.98 -0.0252169 2000 10.8937
4.99 -0.0213787 2000 9.23559
5 -0.0174315 2000 7.53041
5.01 -0.0133777 2000 5.77915
5.02 -0.00922212 2000 3.98395
5.03 -0.00497235 2000 2.14805
5.04 -0.000638031 2000 0.275629
5.05 0.00376954 2000 -1.62844
5.06 0.00823861 2000 -3.55908
5.07 0.0127583 2000 -5.5116
5.08 0.0173194 2000 -7.482
5.09 0.0219142 2000 -9.46693
5.1 0.026535 2000 -11.4631
5.11 0.031173 2000 -13.4667
5.12 0.0358172 2000 -15.473
5.13 0.0404548 2000 -17.4765
5.14 0.0450726 2000 -19.4714
5.15 0.049659 2000 -21.4527
5.16 0.0542048 2000 -23.4165
5.17 0.0587033 2000 -25.3598
5.18 0.0631482 2000 -27.28
5.19 0.0675316 2000 -29.1737
5.2 0.071843 2000 -31.0362
5.21 0.0760694 2000 -32.862
5.22 0.0801961 2000 -34.6447
5.23 0.0842075 2000 -36.3776
5.24 0.0880877 2000 -38.0539
5.25 0.0918213 2000 -39.6668
5.26 0.0953938 2000 -41.2101
5.27 0.098792 2000 -42.6781
5.28 0.102004 2000 -44.0657
5.29 0.105019 2000 -45.3682
5.3 0.107828 2000 -46.5817
5.31 0.110422 2000 -47.7025
5.32 0.112794 2000 -48.7268
5.33 0.11493 2000 -49.6498
5.34 0.116818 2000 -50.4655
5.35 0.118444 2000 -51.1677
5.36 0.119792 2000 -51.7503
5.37 0.120853 2000 -52.2085
5.38 0.121619 2000 -52.5394
5.39 0.122088 2000 -52.7419
5.4 0.122261 2000 -52.8166
5.41 0.122141 2000 -52.7648
5.42 0.12173 2000 -52.5872
5.43 0.121026 2000 -52.2831
5.44 0.120024 2000 -51.8503
5.45 0.118717 2000 -51.2857
5.46 0.117098 2000 -50.5865
5.47 0.115164 2000 -49.751
5.48 0.112915 2000 -48.7792
5.49 0.110354 2000 -47.6731
5.5 0.10749 2000 -46.4358
5.51 0.104331 2000 -45.0709
5.52 0.100885 2000 -43.5824
5.53 0.0971631 2000 -41.9745
5.54 0.0931749 2000 -40.2516
5.55 0.0889313 2000 -38.4183
5.56 0.0844431 2000 -36.4794
5.57 0.0797211 2000 -34.4395
5.58 0.0747768 2000 -32.3036
5.59 0.0696238 2000 -30.0775
5.6 0.0642782 2000 -27.7682
5.61 0.058759 2000 -25.3839
5.62 0.0530867 2000 -22.9335
5.63 0.0472843 2000 -20.4268
5.64 0.0413762 2000 -17.8745
5.65 0.0353886 2000 -15.2879
5.66 0.0293478 2000 -12.6782
5.67 0.0232792 2000 -10.0566
5.68 0.0172058 2000 -7.4329
5.69 0.0111472 2000 -4.81558
5.7 0.00512039 2000 -2.21201
5.71 -0.000858512 2000 0.370877
5.72 -0.00677322 2000 2.92603
5.73 -0.0126062 2000 5.44589
5.74 -0.0183389 2000 7.92239
5.75 -0.0239521 2000 10.3473
5.76 -0.0294276 2000 12.7127
5.77 -0.0347487 2000 15.0115
5.78 -0.0399011 2000 17.2373
5.79 -0.0448726 2000 19.385
5.8 -0.0496529 2000 21.4501
5.81 -0.0542327 2000 23.4285
5.82 -0.0586031 2000 25.3166
5.83 -0.062756 2000 27.1106
5.84 -0.066683 2000 28.807
5.85 -0.0703751 2000 30.402
5.86 -0.0738228 2000 31.8915
5.87 -0.0770171 2000 33.2714
5.88 -0.0799512 2000 34.5389
5.89 -0.0826223 2000 35.6928
5.9 -0.0850308 2000 36.7333
5.91 -0.0871788 2000 37.6612
5.92 -0.0890686 2000 38.4776
5.93 -0.0907022 2000 39.1833
5.94 -0.0920818 2000 39.7794
5.95 -0.0932113 2000 40.2673
5.96 -0.0940973 2000 40.65
5.97 -0.0947495 2000 40.9318
5.98 -0.0951808 2000 41.1181
5.99 -0.0954062 2000 41.2155
6 -0.0954413 2000 41.2307
6.01 -0.0953001 2000 41.1697
6.02 -0.0949944 2000 41.0376
6.03 -0.094533 2000 40.8383
6.04 -0.0939227 2000 40.5746
6.05 -0.0931679 2000 40.2486
6.06 -0.0922719 2000 39.8615
6.07 -0.0912358 2000 39.4138
6.08 -0.0900582 2000 38.9051
6.09 -0.088736 2000 38.3339
6.1 -0.0872646 2000 37.6983
6.11 -0.0856399 2000 36.9964
6.12 -0.0838594 2000 36.2272
6.13 -0.0819231 2000 35.3908
6.14 -0.079833 2000 34.4879
6.15 -0.0775918 2000 33.5196
6.16 -0.0752012 2000 32.4869
6.17 -0.0726624 2000 31.3902
6.18 -0.0699756 2000 30.2295
6.19 -0.0671411 2000 29.005
6.2 -0.0641604 2000 27.7173
6.21 -0.0610353 2000 26.3673
6.22 -0.0577675 2000 24.9556
6.23 -0.0543577 2000 23.4825
6.24 -0.0508066 2000 21.9484
6.25 -0.0471155 2000 20.3539
6.26 -0.0432879 2000 18.7004
6.27 -0.0393283 2000 16.9898
6.28 -0.0352428 2000 15.2249
6.29 -0.0310381 2000 13.4085
6.3 -0.0267208 2000 11.5434
6.31 -0.0222972 2000 9.6324
6.32 -0.0177733 2000 7.67809
6.33 -0.0131555 2000 5.68316
6.34 -0.00845002 2000 3.65041
6.35 -0.00366365 2000 1.5827
6.36 0.00119667 2000 -0.516962
6.37 0.00612375 2000 -2.64546
6.38 0.0111103 2000 -4.79967
6.39 0.0161492 2000 -6.97645
6.4 0.021233 2000 -9.17268
6.41 0.0263548 2000 -11.3853
6.42 0.0315071 2000 -13.6111
6.43 0.0366824 2000 -15.8468
6.44 0.0418718 2000 -18.0886
6.45 0.047064 2000 -20.3316
6.46 0.052245 2000 -22.5698
6.47 0.057398 2000 -24.7959
6.48 0.0625042 2000 -27.0018
6.49 0.0675445 2000 -29.1792
6.5 0.0725 2000 -31.32
6.51 0.0773529 2000 -33.4165
6.52 0.0820859 2000 -35.4611
6.53 0.086683 2000 -37.4471
6.54 0.09113 2000 -39.3682
6.55 0.0954146 2000 -41.2191
6.56 0.099526 2000 -42.9952
6.57 0.103454 2000 -44.692
6.58 0.107189 2000 -46.3054
6.59 0.110722 2000 -47.8318
6.6 0.114046 2000 -49.2681
6.61 0.117158 2000 -50.6124
6.62 0.120055 2000 -51.8639
6.63 0.122739 2000 -53.0234
6.64 0.125216 2000 -54.0934
6.65 0.127494 2000 -55.0775
6.66 0.129583 2000 -55.9797
6.67 0.131489 2000 -56.8033
6.68 0.133219 2000 -57.5505
6.69 0.134772 2000 -58.2215
6.7 0.136147 2000 -58.8156
6.71 0.137342 2000 -59.3317
6.72 0.138353 2000 -59.7686
6.73 0.13918 2000 -60.1257
6.74 0.139821 2000 -60.4028
6.75 0.140277 2000 -60.5997
6.76 0.140546 2000 -60.716
6.77 0.140626 2000 -60.7505
6.78 0.140513 2000 -60.7016
6.79 0.140203 2000 -60.5677
6.8 0.139694 2000 -60.3477
6.81 0.138984 2000 -60.0413
6.82 0.138078 2000 -59.6499
6.83 0.136982 2000 -59.176
6.84 0.135701 2000 -58.6229
6.85 0.134245 2000 -57.9939
6.86 0.132621 2000 -57.2924
6.87 0.130838 2000 -56.5219
6.88 0.128901 2000 -55.6853
6.89 0.126817 2000 -54.7851
6.9 0.124593 2000 -53.824
6.91 0.122232 2000 -52.8044
6.92 0.119745 2000 -51.7298
6.93 0.117139 2000 -50.6038
6.94 0.114423 2000 -49.4309
6.95 0.11161 2000 -48.2154
6.96 0.108707 2000 -46.9613
6.97 0.105721 2000 -45.6713
6.98 0.102655 2000 -44.347
6.99 0.0995107 2000 -42.9886
7 0.0962846 2000 -41.5949
7.01 0.0929717 2000 -40.1638
7.02 0.0895651 2000 -38.6921
7.03 0.0860558 2000 -37.1761
7.04 0.0824332 2000 -35.6112
7.05 0.0786855 2000 -33.9921
7.06 0.0748011 2000 -32.3141
7.07 0.0707687 2000 -30.5721
7.08 0.0665781 2000 -28.7617
7.09 0.0622206 2000 -26.8793
7.1 0.0576898 2000 -24.922
7.11 0.052981 2000 -22.8878
7.12 0.0480917 2000 -20.7756
7.13 0.0430218 2000 -18.5854
7.14 0.0377735 2000 -16.3181
7.15 0.0323504 2000 -13.9754
7.16 0.0267569 2000 -11.559
7.17 0.0209974 2000 -9.07086
7.18 0.0150776 2000 -6.51352
7.19 0.00900586 2000 -3.89053
7.2 0.00279311 2000 -1.20662
7.21 -0.00354767 2000 1.53259
7.22 -0.0100026 2000 4.32111
7.23 -0.0165587 2000 7.15334
7.24 -0.0232048 2000 10.0245
7.25 -0.029931 2000 12.9302
7.26 -0.0367265 2000 15.8658
7.27 -0.0435797 2000 18.8264
7.28 -0.0504777 2000 21.8064
7.29 -0.0574066 2000 24.7996
7.3 -0.0643503 2000 27.7993
7.31 -0.0712912 2000 30.7978
7.32 -0.07821 2000 33.7867
7.33 -0.0850866 2000 36.7574
7.34 -0.0919006 2000 39.7011
7.35 -0.0986327 2000 42.6093
7.36 -0.105264 2000 45.474
7.37 -0.111775 2000 48.2866
7.38 -0.118144 2000 51.038
7.39 -0.124347 2000 53.7179
7.4 -0.130357 2000 56.3144
7.41 -0.136143 2000 58.8137
7.42 -0.141668 2000 61.2005
7.43 -0.146895 2000 63.4585
7.44 -0.151784 2000 65.5709
7.45 -0.156299 2000 67.521
7.46 -0.1604 2000 69.2929
7.47 -0.164054 2000 70.8713
7.48 -0.167226 2000 72.2414
7.49 -0.169883 2000 73.3893
7.5 -0.171994 2000 74.3012
7.51 -0.173529 2000 74.9647
7.52 -0.174463 2000 75.3678
7.53 -0.174768 2000 75.4998
7.54 -0.174423 2000 75.3507
7.55 -0.173407 2000 74.9118
7.56 -0.171702 2000 74.1751
7.57 -0.169292 2000 73.1343
7.58 -0.16617 2000 71.7852
7.59 -0.162329 2000 70.1263
7.6 -0.157774 2000 68.1584
7.61 -0.15251 2000 65.8844
7.62 -0.146548 2000 63.3088
7.63 -0.139901 2000 60.4372
7.64 -0.132584 2000 57.2764
7.65 -0.124617 2000 53.8345
7.66 -0.116023 2000 50.1218
7.67 -0.106831 2000 46.1509
7.68 -0.0970764 2000 41.937
7.69 -0.0867995 2000 37.4974
7.7 -0.0760449 2000 32.8514
7.71 -0.0648615 2000 28.0202
7.72 -0.0533006 2000 23.0258
7.73 -0.0414152 2000 17.8914
7.74 -0.0292587 2000 12.6398
7.75 -0.0168831 2000 7.29349
7.76 -0.00433921 2000 1.87454
7.77 0.00832308 2000 -3.59557
7.78 0.0210549 2000 -9.0957
7.79 0.0338083 2000 -14.6052
7.8 0.0465365 2000 -20.1038
7.81 0.0591931 2000 -25.5714
7.82 0.0717318 2000 -30.9881
7.83 0.0841057 2000 -36.3337
7.84 0.0962664 2000 -41.5871
7.85 0.108164 2000 -46.7269
7.86 0.119749 2000 -51.7316
7.87 0.130972 2000 -56.5799
7.88 0.141785 2000 -61.2512
7.89 0.152144 2000 -65.7261
7.9 0.162007 2000 -69.987
7.91 0.171337 2000 -74.0175
7.92 0.180099 2000 -77.8026
7.93 0.188259 2000 -81.3277
7.94 0.195784 2000 -84.5788
7.95 0.202643 2000 -87.5419
7.96 0.208804 2000 -90.2035
7.97 0.214238 2000 -92.5509
7.98 0.218919 2000 -94.5729
7.99 0.222824 2000 -96.2601
8 0.225935 2000 -97.6041
8.01 0.228237 2000 -98.5982
8.02 0.229716 2000 -99.2372
8.03 0.230364 2000 -99.5171
8.04 0.230173 2000 -99.4349
8.05 0.229139 2000 -98.988
8.06 0.227256 2000 -98.1746
8.07 0.224523 2000 -96.9939
8.08 0.220941 2000 -95.4467
8.09 0.216517 2000 -93.5353
8.1 0.211259 2000 -91.2639
8.11 0.205181 2000 -88.638
8.12 0.198296 2000 -85.6638
8.13 0.19062 2000 -82.3478
8.14 0.182168 2000 -78.6966
8.15 0.172956 2000 -74.717
8.16 0.163001 2000 -70.4163
8.17 0.152322 2000 -65.803
8.18 0.140944 2000 -60.8877
8.19 0.128897 2000 -55.6833
8.2 0.116217 2000 -50.2056
8.21 0.102946 2000 -44.4728
8.22 0.0891319 2000 -38.505
8.23 0.074823 2000 -32.3235
8.24 0.0600698 2000 -25.9502
8.25 0.0449224 2000 -19.4065
8.26 0.0294283 2000 -12.713
8.27 0.0136321 2000 -5.88905
8.28 -0.00242332 2000 1.04687
8.29 -0.0186946 2000 8.07608
8.3 -0.0351387 2000 15.1799
8.31 -0.0517135 2000 22.3402
8.32 -0.0683792 2000 29.5398
8.33 -0.0850993 2000 36.7629
8.34 -0.101841 2000 43.9951
8.35 -0.118572 2000 51.2232
8.36 -0.135264 2000 58.4339
8.37 -0.151883 2000 65.6135
8.38 -0.168399 2000 72.7483
8.39 -0.184779 2000 79.8244
8.4 -0.200992 2000 86.8285
8.41 -0.21701 2000 93.7482
8.42 -0.232804 2000 100.571
8.43 -0.248349 2000 107.287
8.44 -0.26362 2000 113.884
8.45 -0.278595 2000 120.353
8.46 -0.293252 2000 126.685
8.47 -0.307572 2000 132.871
8.48 -0.321536 2000 138.904
8.49 -0.335128 2000 144.775
8.5 -0.348333 2000 150.48
8.51 -0.361137 2000 156.011
8.52 -0.373527 2000 161.364
8.53 -0.385489 2000 166.531
8.54 -0.397011 2000 171.509
8.55 -0.408079 2000 176.29
8.56 -0.41868 2000 180.87
8.57 -0.428797 2000 185.24
8.58 -0.438413 2000 189.394
8.59 -0.44751 2000 193.324
8.6 -0.45607 2000 197.022
8.61 -0.464076 2000 200.481
8.62 -0.471512 2000 203.693
8.63 -0.478365 2000 206.653
8.64 -0.484623 2000 209.357
8.65 -0.490279 2000 211.801
8.66 -0.495326 2000 213.981
8.67 -0.499757 2000 215.895
8.68 -0.50357 2000 217.542
8.69 -0.506758 2000 218.92
8.7 -0.509317 2000 220.025
8.71 -0.511238 2000 220.855
8.72 -0.512516 2000 221.407
8.73 -0.513142 2000 221.677
8.74 -0.51311 2000 221.663
8.75 -0.512412 2000 221.362
8.76 -0.51104 2000 220.769
8.77 -0.508984 2000 219.881
8.78 -0.506236 2000 218.694
8.79 -0.502784 2000 217.203
8.8 -0.498622 2000 215.405
8.81 -0.493742 2000 213.297
8.82 -0.48814 2000 210.876
8.83 -0.481811 2000 208.142
8.84 -0.474752 2000 205.093
8.85 -0.466964 2000 201.728
8.86 -0.458446 2000 198.049
8.87 -0.4492 2000 194.054
8.88 -0.439229 2000 189.747
8.89 -0.428534 2000 185.127
8.9 -0.417122 2000 180.197
8.91 -0.405002 2000 174.961
8.92 -0.392188 2000 169.425
8.93 -0.378698 2000 163.597
8.94 -0.364552 2000 157.487
8.95 -0.349777 2000 151.104
8.96 -0.334398 2000 144.46
8.97 -0.318442 2000 137.567
8.98 -0.301936 2000 130.436
8.99 -0.284905 2000 123.079
9 -0.267379 2000 115.508
9.01 -0.249387 2000 107.735
9.02 -0.230966 2000 99.7775
9.03 -0.212154 2000 91.6506
9.04 -0.192992 2000 83.3728
9.05 -0.173525 2000 74.9627
9.06 -0.153795 2000 66.4393
9.07 -0.133844 2000 57.8207
9.08 -0.113711 2000 49.1233
9.09 -0.0934301 2000 40.3618
9.1 -0.0730352 2000 31.5512
9.11 -0.0525616 2000 22.7066
9.12 -0.0320463 2000 13.844
9.13 -0.0115297 2000 4.98084
9.14 0.00894453 2000 -3.86404
9.15 0.0293309 2000 -12.6709
9.16 0.0495826 2000 -21.4197
9.17 0.0696521 2000 -30.0897
9.18 0.089491 2000 -38.6601
9.19 0.10905 2000 -47.1096
9.2 0.128281 2000 -55.4173
9.21 0.147136 2000 -63.5627
9.22 0.165569 2000 -71.5258
9.23 0.183536 2000 -79.2876
9.24 0.200994 2000 -86.8296
9.25 0.217903 2000 -94.1343
9.26 0.234222 2000 -101.184
9.27 0.24991 2000 -107.961
9.28 0.264928 2000 -114.449
9.29 0.279238 2000 -120.631
9.3 0.292805 2000 -126.492
9.31 0.305598 2000 -132.018
9.32 0.317588 2000 -137.198
9.33 0.328749 2000 -142.02
9.34 0.339059 2000 -146.474
9.35 0.348496 2000 -150.55
9.36 0.357039 2000 -154.241
9.37 0.36467 2000 -157.538
9.38 0.371376 2000 -160.434
9.39 0.377146 2000 -162.927
9.4 0.381974 2000 -165.013
9.41 0.385854 2000 -166.689
9.42 0.388785 2000 -167.955
9.43 0.390765 2000 -168.811
9.44 0.391798 2000 -169.257
9.45 0.391887 2000 -169.295
9.46 0.391043 2000 -168.931
9.47 0.38928 2000 -168.169
9.48 0.386613 2000 -167.017
9.49 0.383063 2000 -165.483
9.5 0.378649 2000 -163.576
9.51 0.373394 2000 -161.306
9.52 0.367318 2000 -158.682
9.53 0.360447 2000 -155.713
9.54 0.352803 2000 -152.411
9.55 0.344412 2000 -148.786
9.56 0.335303 2000 -144.851
9.57 0.325503 2000 -140.617
9.58 0.315044 2000 -136.099
9.59 0.303959 2000 -131.31
9.6 0.292283 2000 -126.266
9.61 0.280054 2000 -120.983
9.62 0.267314 2000 -115.479
9.63 0.254103 2000 -109.773
9.64 0.240468 2000 -103.882
9.65 0.226451 2000 -97.8268
9.66 0.212096 2000 -91.6256
9.67 0.197448 2000 -85.2977
9.68 0.182552 2000 -78.8625
9.69 0.167452 2000 -72.3392
9.7 0.152191 2000 -65.7465
9.71 0.136811 2000 -59.1023
9.72 0.121352 2000 -52.424
9.73 0.105853 2000 -45.7284
9.74 0.0903513 2000 -39.0318
9.75 0.0748851 2000 -32.3504
9.76 0.0594921 2000 -25.7006
9.77 0.0442104 2000 -19.0989
9.78 0.0290784 2000 -12.5619
9.79 0.014136 2000 -6.10676
9.8 -0.000574614 2000 0.248233
9.81 -0.0150094 2000 6.48407
9.82 -0.0291238 2000 12.5815
9.83 -0.0428733 2000 18.5213
9.84 -0.0562139 2000 24.2844
9.85 -0.0691032 2000 29.8526
9.86 -0.0815008 2000 35.2083
9.87 -0.0933686 2000 40.3352
9.88 -0.104671 2000 45.218
9.89 -0.115377 2000 49.843
9.9 -0.125459 2000 54.1983
9.91 -0.134892 2000 58.2733
9.92 -0.143654 2000 62.0584
9.93 -0.151726 2000 65.5455
9.94 -0.159091 2000 68.7274
9.95 -0.165737 2000 71.5985
9.96 -0.171657 2000 74.1558
9.97 -0.176848 2000 76.3982
9.98 -0.181314 2000 78.3277
9.99 -0.185067 2000 79.9488
10 -0.18812 2000 81.268
