0 0 8.9e+07 0
0.01 -0.00342448 8.9e+07 0.0375762
0.02 -0.00158931 8.9e+07 0.0174392
0.03 -0.00129124 8.9e+07 0.0141686
0.04 -0.00144206 8.9e+07 0.0158234
0.05 -0.00106292 8.9e+07 0.0116632
0.06 -0.00148343 8.9e+07 0.0162774
0.07 -0.00106711 8.9e+07 0.0117093
0.08 -0.00160637 8.9e+07 0.0176265
0.09 -0.000998762 8.9e+07 0.0109592
0.1 -0.00152791 8.9e+07 0.0167655
0.11 -0.000822911 8.9e+07 0.00902965
0.12 -0.00142918 8.9e+07 0.0156822
0.13 -0.000747432 8.9e+07 0.00820144
0.14 -0.00135269 8.9e+07 0.0148428
0.15 -0.000573289 8.9e+07 0.0062906
0.16 -0.00101065 8.9e+07 0.0110897
0.17 -0.000460057 8.9e+07 0.00504812
0.18 -0.00128104 8.9e+07 0.0140566
0.19 -0.00112533 8.9e+07 0.012348
0.2 -0.00174857 8.9e+07 0.0191867
0.21 -0.00149146 8.9e+07 0.0163656
0.22 -0.00170352 8.9e+07 0.0186924
0.23 -0.00124049 8.9e+07 0.0136116
0.24 -0.00108093 8.9e+07 0.0118608
0.25 -0.00096578 8.9e+07 0.0105973
0.26 -0.00101329 8.9e+07 0.0111186
0.27 -0.0012439 8.9e+07 0.0136491
0.28 -0.00103296 8.9e+07 0.0113345
0.29 -0.00109966 8.9e+07 0.0120664
0.3 -0.000532267 8.9e+07 0.00584047
0.31 -0.000960303 8.9e+07 0.0105372
0.32 -0.000633554 8.9e+07 0.00695188
0.33 -0.00111566 8.9e+07 0.0122419
0.34 -0.000301861 8.9e+07 0.00331227
0.35 -0.000624394 8.9e+07 0.00685137
0.36 3.51859e-06 8.9e+07 -3.86089e-05
0.37 -0.000865808 8.9e+07 0.00950036
0.38 -0.000583723 8.9e+07 0.00640509
0.39 -0.00144892 8.9e+07 0.0158988
0.4 -0.000946657 8.9e+07 0.0103875
0.41 -0.00141312 8.9e+07 0.0155059
0.42 -0.000689113 8.9e+07 0.00756152
0.43 -0.000957376 8.9e+07 0.0105051
0.44 -0.000391068 8.9e+07 0.00429112
0.45 -0.000709791 8.9e+07 0.00778841
0.46 -0.000508493 8.9e+07 0.0055796
0.47 -0.000973673 8.9e+07 0.0106839
0.48 -0.00127129 8.9e+07 0.0139496
0.49 -0.00195935 8.9e+07 0.0214996
0.5 -0.00228262 8.9e+07 0.0250467
0.51 -0.00119629 8.9e+07 0.0131267
0.52 0.000452568 8.9e+07 -0.00496595
0.53 0.00131705 8.9e+07 -0.0144517
0.54 0.000217014 8.9e+07 -0.00238125
0.55 -0.000327365 8.9e+07 0.00359212
0.56 -0.00128541 8.9e+07 0.0141045
0.57 -0.00115772 8.9e+07 0.0127034
0.58 -0.00112646 8.9e+07 0.0123604
0.59 0.000645366 8.9e+07 -0.00708149
0.6 0.000554813 8.9e+07 -0.00608787
0.61 0.000350552 8.9e+07 -0.00384654
0.62 -0.00139558 8.9e+07 0.0153134
0.63 -0.00161967 8.9e+07 0.0177724
0.64 -0.00269512 8.9e+07 0.0295731
0.65 -0.00239488 8.9e+07 0.0262786
0.66 -0.00193605 8.9e+07 0.021244
0.67 0.000969453 8.9e+07 -0.0106376
0.68 0.00218373 8.9e+07 -0.0239617
0.69 0.00218173 8.9e+07 -0.0239398
0.7 0.0011889 8.9e+07 -0.0130456
0.71 0.0018346 8.9e+07 -0.0201308
0.72 0.00265325 8.9e+07 -0.0291136
0.73 0.0030475 8.9e+07 -0.0334397
0.74 0.00196402 8.9e+07 -0.0215508
0.75 0.000137516 8.9e+07 -0.00150894
0.76 -0.00108322 8.9e+07 0.011886
0.77 -0.00158813 8.9e+07 0.0174263
0.78 -0.0010299 8.9e+07 0.0113009
0.79 -0.00102082 8.9e+07 0.0112012
0.8 -0.000365296 8.9e+07 0.00400833
0.81 -0.000319287 8.9e+07 0.00350348
0.82 0.00130634 8.9e+07 -0.0143343
0.83 0.00193407 8.9e+07 -0.0212223
0.84 0.00165082 8.9e+07 -0.0181141
0.85 -0.0013072 8.9e+07 0.0143437
0.86 -0.00287921 8.9e+07 0.031593
0.87 -0.00389371 8.9e+07 0.0427249
0.88 -0.00123328 8.9e+07 0.0135326
0.89 0.00203125 8.9e+07 -0.0222885
0.9 0.00515658 8.9e+07 -0.0565822
0.91 0.00495261 8.9e+07 -0.0543441
0.92 0.00465469 8.9e+07 -0.0510751
0.93 0.00347939 8.9e+07 -0.0381787
0.94 0.00183346 8.9e+07 -0.0201183
0.95 -0.00130155 8.9e+07 0.0142816
0.96 -0.000927806 8.9e+07 0.0101807
0.97 0.00125525 8.9e+07 -0.0137736
0.98 0.000585821 8.9e+07 -0.00642811
0.99 -0.00331638 8.9e+07 0.03639
1 -0.00615389 8.9e+07 0.0675256
1.01 -0.0039121 8.9e+07 0.0429267
1.02 0.000923467 8.9e+07 -0.010133
1.03 0.00326281 8.9e+07 -0.0358023
1.04 -0.000786266 8.9e+07 0.00862756
1.05 -0.00719008 8.9e+07 0.0788954
1.06 -0.0124055 8.9e+07 0.136124
1.07 -0.010158 8.9e+07 0.111462
1.08 -0.00534259 8.9e+07 0.0586232
1.09 -0.00108912 8.9e+07 0.0119508
1.1 0.0019687 8.9e+07 -0.0216022
1.11 0.00673379 8.9e+07 -0.0738887
1.12 0.00811266 8.9e+07 -0.0890188
1.13 0.00781766 8.9e+07 -0.0857817
1.14 0.00512015 8.9e+07 -0.0561825
1.15 0.00218208 8.9e+07 -0.0239436
1.16 -0.000750877 8.9e+07 0.00823924
1.17 -0.000944777 8.9e+07 0.0103669
1.18 0.000811048 8.9e+07 -0.00889949
1.19 0.00682429 8.9e+07 -0.0748818
1.2 0.0129116 8.9e+07 -0.141677
1.21 0.0141311 8.9e+07 -0.155058
1.22 0.0108822 8.9e+07 -0.119409
1.23 0.00878773 8.9e+07 -0.0964262
1.24 0.00677318 8.9e+07 -0.0743209
1.25 -0.00085348 8.9e+07 0.00936508
1.26 -0.00728558 8.9e+07 0.0799433
1.27 -0.00489916 8.9e+07 0.0537576
1.28 0.00313855 8.9e+07 -0.0344387
1.29 0.00850735 8.9e+07 -0.0933496
1.3 0.00975903 8.9e+07 -0.107084
1.31 0.00696466 8.9e+07 -0.076422
1.32 0.0027216 8.9e+07 -0.0298636
1.33 -0.00606516 8.9e+07 0.0665519
1.34 -0.0109364 8.9e+07 0.120003
1.35 -0.00769896 8.9e+07 0.0844793
1.36 -0.000438087 8.9e+07 0.00480705
1.37 0.00485337 8.9e+07 -0.0532552
1.38 0.0100528 8.9e+07 -0.110307
1.39 0.0111793 8.9e+07 -0.122668
1.4 0.00899381 8.9e+07 -0.0986875
1.41 0.00539379 8.9e+07 -0.0591851
1.42 0.00334038 8.9e+07 -0.0366534
1.43 0.00121685 8.9e+07 -0.0133522
1.44 -0.00020714 8.9e+07 0.00227291
1.45 0.000144453 8.9e+07 -0.00158506
1.46 0.00276779 8.9e+07 -0.0303704
1.47 0.00570901 8.9e+07 -0.0626439
1.48 0.00757507 8.9e+07 -0.0831199
1.49 0.00710394 8.9e+07 -0.0779502
1.5 0.00314757 8.9e+07 -0.0345377
1.51 -0.00328251 8.9e+07 0.0360184
1.52 -0.00685161 8.9e+07 0.0751815
1.53 -0.00422309 8.9e+07 0.0463392
1.54 -0.00616286 8.9e+07 0.0676239
1.55 -0.00939239 8.9e+07 0.103061
1.56 -0.00483302 8.9e+07 0.0530319
1.57 0.00392941 8.9e+07 -0.0431167
1.58 0.00422542 8.9e+07 -0.0463647
1.59 -0.00102163 8.9e+07 0.0112102
1.6 -0.00640628 8.9e+07 0.0702949
1.61 -0.00867477 8.9e+07 0.0951867
1.62 -0.00864395 8.9e+07 0.0948486
1.63 -0.00367522 8.9e+07 0.0403275
1.64 0.000375358 8.9e+07 -0.00411874
1.65 -0.001449 8.9e+07 0.0158996
1.66 -0.00628855 8.9e+07 0.0690031
1.67 -0.00149172 8.9e+07 0.0163684
1.68 0.00792401 8.9e+07 -0.0869488
1.69 0.00813208 8.9e+07 -0.0892319
1.7 1.38064e-05 8.9e+07 -0.000151495
1.71 -0.00746533 8.9e+07 0.0819158
1.72 -0.011602 8.9e+07 0.127307
1.73 -0.0118355 8.9e+07 0.129869
1.74 -0.00567189 8.9e+07 0.0622366
1.75 0.00286841 8.9e+07 -0.0314745
1.76 0.00864076 8.9e+07 -0.0948135
1.77 0.00989807 8.9e+07 -0.10861
1.78 0.0104502 8.9e+07 -0.114668
1.79 0.00718589 8.9e+07 -0.0788495
1.8 -0.00135567 8.9e+07 0.0148755
1.81 -0.0133868 8.9e+07 0.146892
1.82 -0.0178338 8.9e+07 0.195688
1.83 -0.0056648 8.9e+07 0.0621589
1.84 0.0145904 8.9e+07 -0.160098
1.85 0.0212049 8.9e+07 -0.232677
1.86 0.0100547 8.9e+07 -0.110328
1.87 -0.00939185 8.9e+07 0.103055
1.88 -0.0242872 8.9e+07 0.266499
1.89 -0.0286134 8.9e+07 0.31397
1.9 -0.0213676 8.9e+07 0.234463
1.91 -0.0132856 8.9e+07 0.145781
1.92 -0.00699724 8.9e+07 0.0767795
1.93 0.00236227 8.9e+07 -0.0259207
1.94 0.01044 8.9e+07 -0.114557
1.95 0.00771807 8.9e+07 -0.084689
1.96 0.000200015 8.9e+07 -0.00219473
1.97 -0.00401972 8.9e+07 0.0441076
1.98 -0.00526561 8.9e+07 0.0577786
1.99 -0.00482558 8.9e+07 0.0529502
2 -0.00027961 8.9e+07 0.00306811
2.01 0.00511831 8.9e+07 -0.0561623
2.02 0.00250512 8.9e+07 -0.0274883
2.03 -0.00566961 8.9e+07 0.0622116
2.04 -0.0121664 8.9e+07 0.1335
2.05 -0.0133772 8.9e+07 0.146785
2.06 -0.0123141 8.9e+07 0.135121
2.07 -0.00659611 8.9e+07 0.072378
2.08 -0.000184055 8.9e+07 0.0020196
2.09 0.000764163 8.9e+07 -0.00838503
2.1 -0.00534639 8.9e+07 0.058665
2.11 -0.0101012 8.9e+07 0.110839
2.12 -0.010159 8.9e+07 0.111473
2.13 -0.00617895 8.9e+07 0.0678005
2.14 -0.00277231 8.9e+07 0.0304201
2.15 0.00261842 8.9e+07 -0.0287314
2.16 0.0104638 8.9e+07 -0.114818
2.17 0.0154829 8.9e+07 -0.169891
2.18 0.0125693 8.9e+07 -0.137921
2.19 0.00611471 8.9e+07 -0.0670957
2.2 -0.000612592 8.9e+07 0.00672187
2.21 -0.00286303 8.9e+07 0.0314156
2.22 0.00394831 8.9e+07 -0.0433241
2.23 0.0157049 8.9e+07 -0.172327
2.24 0.0206939 8.9e+07 -0.227071
2.25 0.014924 8.9e+07 -0.163759
2.26 0.00608313 8.9e+07 -0.0667492
2.27 -0.000765353 8.9e+07 0.00839809
2.28 -0.00509287 8.9e+07 0.0558831
2.29 -0.00671983 8.9e+07 0.0737356
2.3 -0.00296649 8.9e+07 0.0325508
2.31 0.00280412 8.9e+07 -0.0307691
2.32 0.00790377 8.9e+07 -0.0867267
2.33 0.00696098 8.9e+07 -0.0763816
2.34 0.00053216 8.9e+07 -0.0058393
2.35 -0.00372753 8.9e+07 0.0409015
2.36 0.00317364 8.9e+07 -0.0348238
2.37 0.010821 8.9e+07 -0.118737
2.38 0.00919739 8.9e+07 -0.100921
2.39 0.0012909 8.9e+07 -0.0141648
2.4 0.000187655 8.9e+07 -0.0020591
2.41 0.0104961 8.9e+07 -0.115172
2.42 0.0254597 8.9e+07 -0.279364
2.43 0.0327445 8.9e+07 -0.359299
2.44 0.026842 8.9e+07 -0.294532
2.45 0.0132785 8.9e+07 -0.145703
2.46 0.00207622 8.9e+07 -0.022782
2.47 -0.00455832 8.9e+07 0.0500176
2.48 -0.0082783 8.9e+07 0.0908363
2.49 -0.00662613 8.9e+07 0.0727074
2.5 0.000249389 8.9e+07 -0.0027365
2.51 0.00735079 8.9e+07 -0.0806589
2.52 0.0112326 8.9e+07 -0.123253
2.53 0.0126801 8.9e+07 -0.139137
2.54 0.00923747 8.9e+07 -0.101361
2.55 0.00175154 8.9e+07 -0.0192193
2.56 -0.00676304 8.9e+07 0.0742096
2.57 -0.00930103 8.9e+07 0.102059
2.58 -0.00204628 8.9e+07 0.0224534
2.59 0.012057 8.9e+07 -0.132299
2.6 0.023833 8.9e+07 -0.261515
2.61 0.0284243 8.9e+07 -0.311895
2.62 0.0262761 8.9e+07 -0.288323
2.63 0.0229732 8.9e+07 -0.252081
2.64 0.0166451 8.9e+07 -0.182644
2.65 0.00623269 8.9e+07 -0.0683902
2.66 -0.0025397 8.9e+07 0.0278677
2.67 -0.00669789 8.9e+07 0.0734948
2.68 -0.0145456 8.9e+07 0.159607
2.69 -0.0262571 8.9e+07 0.288114
2.7 -0.0308001 8.9e+07 0.337964
2.71 -0.0245541 8.9e+07 0.269428
2.72 -0.0173202 8.9e+07 0.190052
2.73 -0.0147023 8.9e+07 0.161326
2.74 -0.0136977 8.9e+07 0.150303
2.75 -0.0113439 8.9e+07 0.124475
2.76 -0.00767826 8.9e+07 0.0842522
2.77 -0.00328543 8.9e+07 0.0360504
2.78 0.00247441 8.9e+07 -0.0271512
2.79 0.00910435 8.9e+07 -0.0999004
2.8 0.0144222 8.9e+07 -0.158252
2.81 0.00768273 8.9e+07 -0.0843012
2.82 -0.0111117 8.9e+07 0.121926
2.83 -0.0283163 8.9e+07 0.31071
2.84 -0.0323341 8.9e+07 0.354797
2.85 -0.023962 8.9e+07 0.26293
2.86 -0.0111461 8.9e+07 0.122304
2.87 -0.000898881 8.9e+07 0.00986326
2.88 0.00708259 8.9e+07 -0.077716
2.89 0.0126643 8.9e+07 -0.138963
2.9 0.0133877 8.9e+07 -0.146901
2.91 0.00696145 8.9e+07 -0.0763868
2.92 -0.00210235 8.9e+07 0.0230687
2.93 -0.0109564 8.9e+07 0.120222
2.94 -0.0187028 8.9e+07 0.205223
2.95 -0.0224636 8.9e+07 0.246489
2.96 -0.0166025 8.9e+07 0.182176
2.97 -0.00256112 8.9e+07 0.0281027
2.98 0.0158929 8.9e+07 -0.17439
2.99 0.0323571 8.9e+07 -0.355049
3 0.0392685 8.9e+07 -0.430886
3.01 0.035557 8.9e+07 -0.39016
3.02 0.0267375 8.9e+07 -0.293386
3.03 0.0171673 8.9e+07 -0.188374
3.04 0.00924758 8.9e+07 -0.101472
3.05 0.0116764 8.9e+07 -0.128123
3.06 0.0245113 8.9e+07 -0.268958
3.07 0.0358257 8.9e+07 -0.393109
3.08 0.0309499 8.9e+07 -0.339608
3.09 0.0164401 8.9e+07 -0.180394
3.1 0.0067216 8.9e+07 -0.0737549
3.11 0.0044061 8.9e+07 -0.0483474
3.12 0.00570041 8.9e+07 -0.0625496
3.13 0.0112825 8.9e+07 -0.123801
3.14 0.0173543 8.9e+07 -0.190426
3.15 0.0190603 8.9e+07 -0.209145
3.16 0.0169476 8.9e+07 -0.185963
3.17 0.0178862 8.9e+07 -0.196262
3.18 0.0193917 8.9e+07 -0.212782
3.19 0.00807031 8.9e+07 -0.0885541
3.2 -0.0119416 8.9e+07 0.131033
3.21 -0.0215128 8.9e+07 0.236056
3.22 -0.0180432 8.9e+07 0.197985
3.23 -0.00892058 8.9e+07 0.097884
3.24 0.00137883 8.9e+07 -0.0151297
3.25 0.00930821 8.9e+07 -0.102137
3.26 0.0138157 8.9e+07 -0.151598
3.27 0.0162001 8.9e+07 -0.177761
3.28 0.0154409 8.9e+07 -0.16943
3.29 0.00802695 8.9e+07 -0.0880783
3.3 -0.00178317 8.9e+07 0.0195664
3.31 -0.00872993 8.9e+07 0.095792
3.32 -0.0130756 8.9e+07 0.143476
3.33 -0.01915 8.9e+07 0.21013
3.34 -0.0258543 8.9e+07 0.283695
3.35 -0.0319686 8.9e+07 0.350785
3.36 -0.0368826 8.9e+07 0.404707
3.37 -0.0378539 8.9e+07 0.415364
3.38 -0.0274854 8.9e+07 0.301593
3.39 -0.00677357 8.9e+07 0.0743251
3.4 0.0193674 8.9e+07 -0.212515
3.41 0.0437073 8.9e+07 -0.479592
3.42 0.0584241 8.9e+07 -0.641077
3.43 0.057803 8.9e+07 -0.634262
3.44 0.0470487 8.9e+07 -0.516257
3.45 0.0354376 8.9e+07 -0.388851
3.46 0.0254077 8.9e+07 -0.278794
3.47 0.0151261 8.9e+07 -0.165976
3.48 0.00802851 8.9e+07 -0.0880954
3.49 0.00955372 8.9e+07 -0.104831
3.5 0.0155543 8.9e+07 -0.170675
3.51 0.0210544 8.9e+07 -0.231026
3.52 0.023383 8.9e+07 -0.256578
3.53 0.0207562 8.9e+07 -0.227754
3.54 0.0115779 8.9e+07 -0.127042
3.55 -0.00141857 8.9e+07 0.0155657
3.56 -0.0167405 8.9e+07 0.18369
3.57 -0.0325446 8.9e+07 0.357106
3.58 -0.0491249 8.9e+07 0.539039
3.59 -0.0638395 8.9e+07 0.7005
3.6 -0.0730929 8.9e+07 0.802035
3.61 -0.0682819 8.9e+07 0.749245
3.62 -0.049266 8.9e+07 0.540587
3.63 -0.0180213 8.9e+07 0.197744
3.64 0.0224718 8.9e+07 -0.246579
3.65 0.0585533 8.9e+07 -0.642495
3.66 0.0619482 8.9e+07 -0.679747
3.67 0.031839 8.9e+07 -0.349364
3.68 -0.00507658 8.9e+07 0.0557045
3.69 -0.0360235 8.9e+07 0.39528
3.7 -0.0659174 8.9e+07 0.7233
3.71 -0.0895667 8.9e+07 0.982799
3.72 -0.0897693 8.9e+07 0.985023
3.73 -0.0698656 8.9e+07 0.766623
3.74 -0.0411352 8.9e+07 0.451369
3.75 -0.00445259 8.9e+07 0.0488574
3.76 0.041797 8.9e+07 -0.458631
3.77 0.0710266 8.9e+07 -0.779362
3.78 0.0605705 8.9e+07 -0.664629
3.79 0.0248996 8.9e+07 -0.273219
3.8 -0.0117567 8.9e+07 0.129004
3.81 -0.0447812 8.9e+07 0.491376
3.82 -0.0713519 8.9e+07 0.782931
3.83 -0.086389 8.9e+07 0.947931
3.84 -0.0854614 8.9e+07 0.937753
3.85 -0.0707494 8.9e+07 0.77632
3.86 -0.0493332 8.9e+07 0.541324
3.87 -0.0302529 8.9e+07 0.33196
3.88 -0.00897702 8.9e+07 0.0985033
3.89 0.0176418 8.9e+07 -0.19358
3.9 0.0362594 8.9e+07 -0.397868
3.91 0.038766 8.9e+07 -0.425372
3.92 0.0330263 8.9e+07 -0.362392
3.93 0.0216098 8.9e+07 -0.23712
3.94 0.00280272 8.9e+07 -0.0307538
3.95 -0.0173565 8.9e+07 0.19045
3.96 -0.0263905 8.9e+07 0.289578
3.97 -0.0212734 8.9e+07 0.233429
3.98 -0.0110476 8.9e+07 0.121223
3.99 -9.01022e-05 8.9e+07 0.000988675
4 0.0111995 8.9e+07 -0.12289
4.01 0.0219094 8.9e+07 -0.240408
4.02 0.0196806 8.9e+07 -0.215951
4.03 -0.00226305 8.9e+07 0.024832
4.04 -0.0287522 8.9e+07 0.315492
4.05 -0.0347148 8.9e+07 0.380919
4.06 -0.0229697 8.9e+07 0.252042
4.07 -0.0118213 8.9e+07 0.129713
4.08 -0.0129951 8.9e+07 0.142593
4.09 -0.0206856 8.9e+07 0.226979
4.1 -0.0294469 8.9e+07 0.323115
4.11 -0.0400436 8.9e+07 0.439392
4.12 -0.0525301 8.9e+07 0.576404
4.13 -0.052123 8.9e+07 0.571936
4.14 -0.029822 8.9e+07 0.327232
4.15 0.00449427 8.9e+07 -0.0493148
4.16 0.0312904 8.9e+07 -0.343344
4.17 0.0406249 8.9e+07 -0.445769
4.18 0.0373679 8.9e+07 -0.410031
4.19 0.0272619 8.9e+07 -0.29914
4.2 0.0130969 8.9e+07 -0.14371
4.21 -0.000281255 8.9e+07 0.00308616
4.22 -0.0060792 8.9e+07 0.0667059
4.23 -0.0097148 8.9e+07 0.106599
4.24 -0.0169844 8.9e+07 0.186367
4.25 -0.0206437 8.9e+07 0.226519
4.26 -0.0106578 8.9e+07 0.116946
4.27 0.00523684 8.9e+07 -0.0574629
4.28 0.0155641 8.9e+07 -0.170782
4.29 0.0186283 8.9e+07 -0.204405
4.3 0.0251127 8.9e+07 -0.275558
4.31 0.0359559 8.9e+07 -0.394538
4.32 0.0437949 8.9e+07 -0.480554
4.33 0.042711 8.9e+07 -0.46866
4.34 0.0385959 8.9e+07 -0.423506
4.35 0.0348458 8.9e+07 -0.382357
4.36 0.0309637 8.9e+07 -0.339759
4.37 0.0245279 8.9e+07 -0.26914
4.38 0.0211594 8.9e+07 -0.232179
4.39 0.0232932 8.9e+07 -0.255593
4.4 0.027714 8.9e+07 -0.304101
4.41 0.0284147 8.9e+07 -0.31179
4.42 0.0256625 8.9e+07 -0.28159
4.43 0.0245959 8.9e+07 -0.269887
4.44 0.0327614 8.9e+07 -0.359485
4.45 0.0434544 8.9e+07 -0.476817
4.46 0.0410316 8.9e+07 -0.450233
4.47 0.0240359 8.9e+07 -0.263742
4.48 -0.000513351 8.9e+07 0.00563291
4.49 -0.0130928 8.9e+07 0.143665
4.5 -0.00826228 8.9e+07 0.0906605
4.51 -0.000682882 8.9e+07 0.00749314
4.52 -0.00698385 8.9e+07 0.0766325
4.53 -0.0200774 8.9e+07 0.220305
4.54 -0.0295314 8.9e+07 0.324043
4.55 -0.0284727 8.9e+07 0.312426
4.56 -0.019408 8.9e+07 0.212961
4.57 -0.00230477 8.9e+07 0.0252898
4.58 0.0148275 8.9e+07 -0.162699
4.59 0.0148794 8.9e+07 -0.163269
4.6 -0.00392673 8.9e+07 0.0430874
4.61 -0.0241275 8.9e+07 0.264747
4.62 -0.0384516 8.9e+07 0.421922
4.63 -0.0477307 8.9e+07 0.52374
4.64 -0.0497754 8.9e+07 0.546176
4.65 -0.0423952 8.9e+07 0.465195
4.66 -0.0316369 8.9e+07 0.347146
4.67 -0.0241963 8.9e+07 0.265501
4.68 -0.0255073 8.9e+07 0.279888
4.69 -0.0358282 8.9e+07 0.393137
4.7 -0.0399081 8.9e+07 0.437904
4.71 -0.0241333 8.9e+07 0.264811
4.72 0.00320511 8.9e+07 -0.0351691
4.73 0.0218248 8.9e+07 -0.23948
4.74 0.0279711 8.9e+07 -0.306922
4.75 0.0263163 8.9e+07 -0.288764
4.76 0.017592 8.9e+07 -0.193034
4.77 0.000285714 8.9e+07 -0.00313509
4.78 -0.0196332 8.9e+07 0.215431
4.79 -0.0389454 8.9e+07 0.42734
4.8 -0.0455068 8.9e+07 0.499338
4.81 -0.0293702 8.9e+07 0.322274
4.82 0.00591543 8.9e+07 -0.064909
4.83 0.046735 8.9e+07 -0.512814
4.84 0.0779382 8.9e+07 -0.855202
4.85 0.0850024 8.9e+07 -0.932716
4.86 0.0749723 8.9e+07 -0.822658
4.87 0.0668739 8.9e+07 -0.733795
4.88 0.069988 8.9e+07 -0.767966
4.89 0.0665511 8.9e+07 -0.730253
4.9 0.0357166 8.9e+07 -0.391912
4.91 -0.013863 8.9e+07 0.152116
4.92 -0.0560923 8.9e+07 0.61549
4.93 -0.0770729 8.9e+07 0.845707
4.94 -0.0776545 8.9e+07 0.852089
4.95 -0.0631902 8.9e+07 0.693375
4.96 -0.0362914 8.9e+07 0.39822
4.97 3.13646e-05 8.9e+07 -0.000344158
4.98 0.0355012 8.9e+07 -0.389548
4.99 0.0640425 8.9e+07 -0.702726
5 0.0779654 8.9e+07 -0.855501
5.01 0.0739727 8.9e+07 -0.811689
5.02 0.0602052 8.9e+07 -0.66062
5.03 0.0477071 8.9e+07 -0.523481
5.04 0.0374515 8.9e+07 -0.410949
5.05 0.0294133 8.9e+07 -0.322746
5.06 0.0206552 8.9e+07 -0.226646
5.07 0.00648743 8.9e+07 -0.0711854
5.08 -0.014901 8.9e+07 0.163506
5.09 -0.0271984 8.9e+07 0.298443
5.1 -0.0154824 8.9e+07 0.169886
5.11 0.00964689 8.9e+07 -0.105854
5.12 0.0202916 8.9e+07 -0.222656
5.13 0.00876762 8.9e+07 -0.0962055
5.14 -0.00833956 8.9e+07 0.0915085
5.15 -0.0176114 8.9e+07 0.193247
5.16 -0.0204822 8.9e+07 0.224748
5.17 -0.015535 8.9e+07 0.170462
5.18 -0.0017955 8.9e+07 0.0197017
5.19 0.0132103 8.9e+07 -0.144955
5.2 0.0176313 8.9e+07 -0.193465
5.21 0.0101649 8.9e+07 -0.111538
5.22 -0.000147675 8.9e+07 0.00162041
5.23 -0.00874024 8.9e+07 0.0959051
5.24 -0.0139688 8.9e+07 0.153277
5.25 -0.01714 8.9e+07 0.188074
5.26 -0.0273664 8.9e+07 0.300287
5.27 -0.0374022 8.9e+07 0.410407
5.28 -0.0322965 8.9e+07 0.354384
5.29 -0.0249652 8.9e+07 0.273938
5.3 -0.0303879 8.9e+07 0.333441
5.31 -0.0356127 8.9e+07 0.390772
5.32 -0.0177371 8.9e+07 0.194626
5.33 0.0163654 8.9e+07 -0.179574
5.34 0.0466507 8.9e+07 -0.51189
5.35 0.0509229 8.9e+07 -0.558768
5.36 0.031491 8.9e+07 -0.345545
5.37 0.00619285 8.9e+07 -0.0679531
5.38 -0.00708068 8.9e+07 0.077695
5.39 -0.000632901 8.9e+07 0.00694471
5.4 0.0168186 8.9e+07 -0.184547
5.41 0.0209811 8.9e+07 -0.230222
5.42 0.00566529 8.9e+07 -0.0621642
5.43 -0.0159271 8.9e+07 0.174765
5.44 -0.0315107 8.9e+07 0.345761
5.45 -0.0331318 8.9e+07 0.363549
5.46 -0.0162522 8.9e+07 0.178333
5.47 0.00944292 8.9e+07 -0.103615
5.48 0.0255635 8.9e+07 -0.280504
5.49 0.0178063 8.9e+07 -0.195385
5.5 -0.00752118 8.9e+07 0.0825286
5.51 -0.0305797 8.9e+07 0.335545
5.52 -0.0336579 8.9e+07 0.369322
5.53 -0.0103629 8.9e+07 0.113711
5.54 0.0224564 8.9e+07 -0.24641
5.55 0.0482822 8.9e+07 -0.529792
5.56 0.0493777 8.9e+07 -0.541813
5.57 0.023693 8.9e+07 -0.259979
5.58 -0.0112694 8.9e+07 0.123657
5.59 -0.0199931 8.9e+07 0.219381
5.6 -0.00379627 8.9e+07 0.0416557
5.61 0.0148996 8.9e+07 -0.16349
5.62 0.023442 8.9e+07 -0.257225
5.63 0.0237153 8.9e+07 -0.260224
5.64 0.0179803 8.9e+07 -0.197295
5.65 0.0105713 8.9e+07 -0.115997
5.66 0.00439117 8.9e+07 -0.0481835
5.67 9.09334e-05 8.9e+07 -0.000997796
5.68 -0.00375229 8.9e+07 0.0411732
5.69 -0.00756539 8.9e+07 0.0830137
5.7 -0.00973488 8.9e+07 0.106819
5.71 -0.0105194 8.9e+07 0.115428
5.72 -0.0104566 8.9e+07 0.114739
5.73 -0.0111699 8.9e+07 0.122566
5.74 -0.0114206 8.9e+07 0.125316
5.75 -0.0121971 8.9e+07 0.133837
5.76 -0.012399 8.9e+07 0.136052
5.77 -0.0145267 8.9e+07 0.159399
5.78 -0.0194023 8.9e+07 0.212898
5.79 -0.0309018 8.9e+07 0.33908
5.8 -0.042471 8.9e+07 0.466027
5.81 -0.0440372 8.9e+07 0.483212
5.82 -0.0294919 8.9e+07 0.32361
5.83 -0.0059655 8.9e+07 0.0654583
5.84 0.0219891 8.9e+07 -0.241283
5.85 0.0325353 8.9e+07 -0.357004
5.86 0.0186354 8.9e+07 -0.204482
5.87 -0.00512493 8.9e+07 0.0562349
5.88 -0.0263487 8.9e+07 0.28912
5.89 -0.0415879 8.9e+07 0.456337
5.9 -0.0399601 8.9e+07 0.438475
5.91 -0.0166489 8.9e+07 0.182686
5.92 0.0164141 8.9e+07 -0.180109
5.93 0.0392674 8.9e+07 -0.430874
5.94 0.0396566 8.9e+07 -0.435145
5.95 0.0300808 8.9e+07 -0.330071
5.96 0.0160596 8.9e+07 -0.176219
5.97 -0.0108164 8.9e+07 0.118686
5.98 -0.0510375 8.9e+07 0.560025
5.99 -0.0824195 8.9e+07 0.904375
6 -0.0833467 8.9e+07 0.914548
6.01 -0.0571487 8.9e+07 0.627082
6.02 -0.0271418 8.9e+07 0.297822
6.03 0.00372395 8.9e+07 -0.0408623
6.04 0.039381 8.9e+07 -0.43212
6.05 0.072124 8.9e+07 -0.791404
6.06 0.0678107 8.9e+07 -0.744075
6.07 0.0256977 8.9e+07 -0.281976
6.08 -0.016821 8.9e+07 0.184574
6.09 -0.0379027 8.9e+07 0.415899
6.1 -0.0341684 8.9e+07 0.374923
6.11 -0.00902985 8.9e+07 0.099083
6.12 0.0045076 8.9e+07 -0.0494611
6.13 -0.00431908 8.9e+07 0.0473925
6.14 -0.011715 8.9e+07 0.128546
6.15 -0.00491279 8.9e+07 0.0539072
6.16 -0.00211692 8.9e+07 0.0232286
6.17 -0.0158462 8.9e+07 0.173878
6.18 -0.0334779 8.9e+07 0.367347
6.19 -0.0359236 8.9e+07 0.394183
6.2 -0.011201 8.9e+07 0.122906
6.21 0.024934 8.9e+07 -0.273597
6.22 0.0447022 8.9e+07 -0.490509
6.23 0.0308372 8.9e+07 -0.338371
6.24 0.0015822 8.9e+07 -0.0173612
6.25 -0.0251916 8.9e+07 0.276422
6.26 -0.0384368 8.9e+07 0.421761
6.27 -0.0364805 8.9e+07 0.400294
6.28 -0.0212289 8.9e+07 0.232941
6.29 -0.000824881 8.9e+07 0.00905127
6.3 0.0182307 8.9e+07 -0.200042
6.31 0.0187233 8.9e+07 -0.205447
6.32 -0.00174714 8.9e+07 0.019171
6.33 -0.0300602 8.9e+07 0.329846
6.34 -0.0530384 8.9e+07 0.581981
6.35 -0.0631893 8.9e+07 0.693365
6.36 -0.0559347 8.9e+07 0.613761
6.37 -0.0321549 8.9e+07 0.35283
6.38 0.0120933 8.9e+07 -0.132698
6.39 0.0566797 8.9e+07 -0.621936
6.4 0.0788435 8.9e+07 -0.865135
6.41 0.0829545 8.9e+07 -0.910245
6.42 0.072587 8.9e+07 -0.796484
6.43 0.0517787 8.9e+07 -0.568158
6.44 0.0261619 8.9e+07 -0.28707
6.45 0.00397506 8.9e+07 -0.0436176
6.46 -0.0147854 8.9e+07 0.162238
6.47 -0.0304477 8.9e+07 0.334097
6.48 -0.0482919 8.9e+07 0.529899
6.49 -0.0676433 8.9e+07 0.742238
6.5 -0.0780487 8.9e+07 0.856415
6.51 -0.0607328 8.9e+07 0.66641
6.52 -0.0302418 8.9e+07 0.331838
6.53 -0.011798 8.9e+07 0.129457
6.54 -0.011552 8.9e+07 0.126758
6.55 -0.0114009 8.9e+07 0.1251
6.56 -0.00493752 8.9e+07 0.0541785
6.57 -0.00184617 8.9e+07 0.0202577
6.58 -0.0121449 8.9e+07 0.133264
6.59 -0.0232891 8.9e+07 0.255547
6.6 -0.0184708 8.9e+07 0.202676
6.61 0.00272424 8.9e+07 -0.0298925
6.62 0.0229419 8.9e+07 -0.251738
6.63 0.0277195 8.9e+07 -0.304161
6.64 0.0191439 8.9e+07 -0.210062
6.65 0.00859657 8.9e+07 -0.0943287
6.66 0.00214828 8.9e+07 -0.0235727
6.67 -0.00475285 8.9e+07 0.0521522
6.68 -0.0122159 8.9e+07 0.134043
6.69 -0.0112249 8.9e+07 0.123169
6.7 0.00321246 8.9e+07 -0.0352498
6.71 0.0189765 8.9e+07 -0.208225
6.72 0.0266451 8.9e+07 -0.292372
6.73 0.0259498 8.9e+07 -0.284743
6.74 0.0243222 8.9e+07 -0.266883
6.75 0.0185779 8.9e+07 -0.203852
6.76 0.00638254 8.9e+07 -0.0700345
6.77 -0.0151917 8.9e+07 0.166695
6.78 -0.0411568 8.9e+07 0.451607
6.79 -0.0731364 8.9e+07 0.802512
6.8 -0.0992016 8.9e+07 1.08852
6.81 -0.109583 8.9e+07 1.20243
6.82 -0.102333 8.9e+07 1.12288
6.83 -0.0856586 8.9e+07 0.939916
6.84 -0.0623167 8.9e+07 0.68379
6.85 -0.0409482 8.9e+07 0.449318
6.86 -0.0301125 8.9e+07 0.330419
6.87 -0.027566 8.9e+07 0.302477
6.88 -0.0249228 8.9e+07 0.273473
6.89 -0.019295 8.9e+07 0.211721
6.9 -0.00960376 8.9e+07 0.10538
6.91 0.00499216 8.9e+07 -0.0547781
6.92 0.0194287 8.9e+07 -0.213188
6.93 0.0314729 8.9e+07 -0.345347
6.94 0.0384147 8.9e+07 -0.421517
6.95 0.037696 8.9e+07 -0.413632
6.96 0.0272881 8.9e+07 -0.299427
6.97 0.0178382 8.9e+07 -0.195735
6.98 0.0152988 8.9e+07 -0.167871
6.99 0.0206041 8.9e+07 -0.226085
7 0.0275729 8.9e+07 -0.302553
7.01 0.0395958 8.9e+07 -0.434477
7.02 0.0477496 8.9e+07 -0.523947
7.03 0.0485382 8.9e+07 -0.532601
7.04 0.0413221 8.9e+07 -0.45342
7.05 0.0293156 8.9e+07 -0.321674
7.06 0.00961675 8.9e+07 -0.105523
7.07 -0.0181116 8.9e+07 0.198735
7.08 -0.051241 8.9e+07 0.562259
7.09 -0.0720381 8.9e+07 0.790461
7.1 -0.0712104 8.9e+07 0.781379
7.11 -0.0611483 8.9e+07 0.67097
7.12 -0.0560436 8.9e+07 0.614956
7.13 -0.0554101 8.9e+07 0.608005
7.14 -0.0536768 8.9e+07 0.588986
7.15 -0.0509693 8.9e+07 0.559277
7.16 -0.0477808 8.9e+07 0.52429
7.17 -0.0447311 8.9e+07 0.490826
7.18 -0.0389684 8.9e+07 0.427594
7.19 -0.0295896 8.9e+07 0.324681
7.2 -0.0146297 8.9e+07 0.160529
7.21 -0.00332653 8.9e+07 0.0365014
7.22 0.00322482 8.9e+07 -0.0353854
7.23 0.00581402 8.9e+07 -0.0637962
7.24 0.00687515 8.9e+07 -0.0754398
7.25 -0.000646655 8.9e+07 0.00709563
7.26 -0.0134641 8.9e+07 0.14774
7.27 -0.0280146 8.9e+07 0.307399
7.28 -0.0396322 8.9e+07 0.434877
7.29 -0.0464887 8.9e+07 0.510112
7.3 -0.0391094 8.9e+07 0.429141
7.31 -0.0209834 8.9e+07 0.230247
7.32 -0.000687997 8.9e+07 0.00754926
7.33 0.0142838 8.9e+07 -0.156734
7.34 0.0193731 8.9e+07 -0.212578
7.35 0.01472 8.9e+07 -0.16152
7.36 0.0081066 8.9e+07 -0.0889523
7.37 0.00985322 8.9e+07 -0.108118
7.38 0.0252019 8.9e+07 -0.276536
7.39 0.0474516 8.9e+07 -0.520678
7.4 0.0615524 8.9e+07 -0.675403
7.41 0.0657408 8.9e+07 -0.721362
7.42 0.0665888 8.9e+07 -0.730667
7.43 0.0698208 8.9e+07 -0.766131
7.44 0.0703359 8.9e+07 -0.771783
7.45 0.0672232 8.9e+07 -0.737629
7.46 0.0615364 8.9e+07 -0.675227
7.47 0.0633998 8.9e+07 -0.695675
7.48 0.0749265 8.9e+07 -0.822155
7.49 0.0930728 8.9e+07 -1.02127
7.5 0.109265 8.9e+07 -1.19894
7.51 0.124592 8.9e+07 -1.36713
7.52 0.132938 8.9e+07 -1.4587
7.53 0.12958 8.9e+07 -1.42186
7.54 0.117496 8.9e+07 -1.28927
7.55 0.105658 8.9e+07 -1.15937
7.56 0.0932915 8.9e+07 -1.02367
7.57 0.0793043 8.9e+07 -0.870192
7.58 0.0652913 8.9e+07 -0.71643
7.59 0.0611104 8.9e+07 -0.670553
7.6 0.0709017 8.9e+07 -0.777992
7.61 0.084043 8.9e+07 -0.922189
7.62 0.0885046 8.9e+07 -0.971146
7.63 0.0778533 8.9e+07 -0.85427
7.64 0.0569879 8.9e+07 -0.625318
7.65 0.0344047 8.9e+07 -0.377516
7.66 0.0135279 8.9e+07 -0.148439
7.67 -0.00670269 8.9e+07 0.0735474
7.68 -0.0258162 8.9e+07 0.283277
7.69 -0.0391942 8.9e+07 0.430071
7.7 -0.0399643 8.9e+07 0.438521
7.71 -0.039099 8.9e+07 0.429027
7.72 -0.0452435 8.9e+07 0.496449
7.73 -0.0571424 8.9e+07 0.627014
7.74 -0.0661949 8.9e+07 0.726345
7.75 -0.074918 8.9e+07 0.822062
7.76 -0.0841036 8.9e+07 0.922854
7.77 -0.0969282 8.9e+07 1.06358
7.78 -0.109344 8.9e+07 1.19981
7.79 -0.112688 8.9e+07 1.23651
7.8 -0.090338 8.9e+07 0.991263
7.81 -0.0534705 8.9e+07 0.586723
7.82 -0.0237173 8.9e+07 0.260246
7.83 -0.00654672 8.9e+07 0.0718359
7.84 0.00624637 8.9e+07 -0.0685403
7.85 0.0199185 8.9e+07 -0.218562
7.86 0.0328314 8.9e+07 -0.360253
7.87 0.0443699 8.9e+07 -0.486863
7.88 0.050326 8.9e+07 -0.552218
7.89 0.0491527 8.9e+07 -0.539344
7.9 0.0440623 8.9e+07 -0.483488
7.91 0.0393741 8.9e+07 -0.432045
7.92 0.032177 8.9e+07 -0.353073
7.93 0.0226612 8.9e+07 -0.248657
7.94 0.0107792 8.9e+07 -0.118279
7.95 0.00450503 8.9e+07 -0.0494329
7.96 0.00640936 8.9e+07 -0.0703287
7.97 0.0143352 8.9e+07 -0.157298
7.98 0.0182813 8.9e+07 -0.200598
7.99 0.0132482 8.9e+07 -0.14537
8 -0.000491764 8.9e+07 0.00539604
8.01 -0.0102169 8.9e+07 0.112108
8.02 -0.0108204 8.9e+07 0.11873
8.03 -0.00398522 8.9e+07 0.0437291
8.04 0.00137399 8.9e+07 -0.0150766
8.05 -0.000587245 8.9e+07 0.00644374
8.06 -0.00949887 8.9e+07 0.104229
8.07 -0.019756 8.9e+07 0.216779
8.08 -0.028668 8.9e+07 0.314569
8.09 -0.0355534 8.9e+07 0.390121
8.1 -0.0413253 8.9e+07 0.453455
8.11 -0.0470833 8.9e+07 0.516636
8.12 -0.0520928 8.9e+07 0.571605
8.13 -0.0494435 8.9e+07 0.542535
8.14 -0.0281578 8.9e+07 0.30897
8.15 0.00263082 8.9e+07 -0.0288675
8.16 0.0255606 8.9e+07 -0.280472
8.17 0.0322799 8.9e+07 -0.354201
8.18 0.0252314 8.9e+07 -0.276859
8.19 0.0113115 8.9e+07 -0.124119
8.2 -0.00196366 8.9e+07 0.0215469
8.21 -0.0134438 8.9e+07 0.147517
8.22 -0.0192317 8.9e+07 0.211026
8.23 -0.0207307 8.9e+07 0.227474
8.24 -0.0204486 8.9e+07 0.224379
8.25 -0.0222259 8.9e+07 0.243881
8.26 -0.0270963 8.9e+07 0.297323
8.27 -0.0364754 8.9e+07 0.400238
8.28 -0.0473214 8.9e+07 0.51925
8.29 -0.058747 8.9e+07 0.64462
8.3 -0.0702083 8.9e+07 0.770383
8.31 -0.0791616 8.9e+07 0.868626
8.32 -0.070296 8.9e+07 0.771346
8.33 -0.035528 8.9e+07 0.389842
8.34 0.010288 8.9e+07 -0.112888
8.35 0.0502765 8.9e+07 -0.551675
8.36 0.0796339 8.9e+07 -0.873809
8.37 0.0958631 8.9e+07 -1.05189
8.38 0.0986072 8.9e+07 -1.082
8.39 0.092773 8.9e+07 -1.01798
8.4 0.0855228 8.9e+07 -0.938427
8.41 0.0795814 8.9e+07 -0.873232
8.42 0.0716082 8.9e+07 -0.785744
8.43 0.0595408 8.9e+07 -0.653331
8.44 0.0488144 8.9e+07 -0.535632
8.45 0.0453182 8.9e+07 -0.497268
8.46 0.04513 8.9e+07 -0.495204
8.47 0.0440236 8.9e+07 -0.483063
8.48 0.0374756 8.9e+07 -0.411213
8.49 0.027967 8.9e+07 -0.306877
8.5 0.0170761 8.9e+07 -0.187374
8.51 0.00972663 8.9e+07 -0.106729
8.52 0.0088612 8.9e+07 -0.0972324
8.53 0.0141359 8.9e+07 -0.15511
8.54 0.0198422 8.9e+07 -0.217725
8.55 0.0254322 8.9e+07 -0.279063
8.56 0.0307327 8.9e+07 -0.337224
8.57 0.0314878 8.9e+07 -0.34551
8.58 0.0203803 8.9e+07 -0.22363
8.59 0.000811001 8.9e+07 -0.00889897
8.6 -0.0202639 8.9e+07 0.222352
8.61 -0.0394474 8.9e+07 0.432849
8.62 -0.0527329 8.9e+07 0.578628
8.63 -0.0573233 8.9e+07 0.628998
8.64 -0.0493934 8.9e+07 0.541985
8.65 -0.0320007 8.9e+07 0.351138
8.66 -0.0145928 8.9e+07 0.160124
8.67 -0.00389481 8.9e+07 0.0427371
8.68 -0.00127332 8.9e+07 0.0139719
8.69 -0.00867069 8.9e+07 0.0951419
8.7 -0.0203125 8.9e+07 0.222886
8.71 -0.0313238 8.9e+07 0.343711
8.72 -0.0381608 8.9e+07 0.418732
8.73 -0.0346768 8.9e+07 0.380502
8.74 -0.0196585 8.9e+07 0.215709
8.75 -0.00680515 8.9e+07 0.0746717
8.76 -0.00166993 8.9e+07 0.0183239
8.77 0.00029177 8.9e+07 -0.00320155
8.78 0.00512311 8.9e+07 -0.056215
8.79 0.0116092 8.9e+07 -0.127386
8.8 0.0186357 8.9e+07 -0.204486
8.81 0.0244998 8.9e+07 -0.268832
8.82 0.029159 8.9e+07 -0.319957
8.83 0.0323765 8.9e+07 -0.355262
8.84 0.0317894 8.9e+07 -0.348819
8.85 0.0274458 8.9e+07 -0.301157
8.86 0.0206079 8.9e+07 -0.226127
8.87 0.00303513 8.9e+07 -0.0333039
8.88 -0.0297735 8.9e+07 0.326699
8.89 -0.055844 8.9e+07 0.612766
8.9 -0.0611901 8.9e+07 0.671429
8.91 -0.0443839 8.9e+07 0.487016
8.92 -0.0176193 8.9e+07 0.193334
8.93 0.000592072 8.9e+07 -0.0064967
8.94 0.00234196 8.9e+07 -0.0256979
8.95 -0.00382982 8.9e+07 0.042024
8.96 -0.00963615 8.9e+07 0.105736
8.97 -0.015149 8.9e+07 0.166228
8.98 -0.0205927 8.9e+07 0.22596
8.99 -0.0205315 8.9e+07 0.225289
9 -0.0132875 8.9e+07 0.145801
9.01 -0.00367458 8.9e+07 0.0403205
9.02 0.00453757 8.9e+07 -0.0497899
9.03 0.0131406 8.9e+07 -0.14419
9.04 0.0253606 8.9e+07 -0.278277
9.05 0.0404412 8.9e+07 -0.443754
9.06 0.0466775 8.9e+07 -0.512184
9.07 0.042034 8.9e+07 -0.461232
9.08 0.034759 8.9e+07 -0.381404
9.09 0.0280944 8.9e+07 -0.308275
9.1 0.0190244 8.9e+07 -0.208752
9.11 0.00700195 8.9e+07 -0.0768311
9.12 -0.00316345 8.9e+07 0.0347119
9.13 -0.00625161 8.9e+07 0.0685978
9.14 -0.00243489 8.9e+07 0.0267176
9.15 0.000472461 8.9e+07 -0.00518423
9.16 -0.00312412 8.9e+07 0.0342804
9.17 -0.0134938 8.9e+07 0.148065
9.18 -0.0243427 8.9e+07 0.267108
9.19 -0.0339934 8.9e+07 0.373004
9.2 -0.0409126 8.9e+07 0.448927
9.21 -0.0461451 8.9e+07 0.506342
9.22 -0.0489653 8.9e+07 0.537287
9.23 -0.0493193 8.9e+07 0.541172
9.24 -0.0448449 8.9e+07 0.492075
9.25 -0.038346 8.9e+07 0.420763
9.26 -0.0295865 8.9e+07 0.324647
9.27 -0.012778 8.9e+07 0.14021
9.28 0.0132815 8.9e+07 -0.145735
9.29 0.0362758 8.9e+07 -0.398048
9.3 0.0482688 8.9e+07 -0.529644
9.31 0.0488495 8.9e+07 -0.536017
9.32 0.0417966 8.9e+07 -0.458626
9.33 0.0333207 8.9e+07 -0.365622
9.34 0.0261315 8.9e+07 -0.286737
9.35 0.021515 8.9e+07 -0.23608
9.36 0.018282 8.9e+07 -0.200605
9.37 0.0155101 8.9e+07 -0.170189
9.38 0.00957797 8.9e+07 -0.105097
9.39 -0.00256102 8.9e+07 0.0281016
9.4 -0.0200087 8.9e+07 0.219552
9.41 -0.0343909 8.9e+07 0.377366
9.42 -0.036911 8.9e+07 0.405018
9.43 -0.0275407 8.9e+07 0.3022
9.44 -0.0134848 8.9e+07 0.147967
9.45 0.00054824 8.9e+07 -0.00601574
9.46 0.00700798 8.9e+07 -0.0768974
9.47 0.00836019 8.9e+07 -0.0917349
9.48 0.00950079 8.9e+07 -0.10425
9.49 0.0129565 8.9e+07 -0.14217
9.5 0.0171711 8.9e+07 -0.188415
9.51 0.0195882 8.9e+07 -0.214938
9.52 0.0159588 8.9e+07 -0.175113
9.53 0.00666181 8.9e+07 -0.0730989
9.54 -0.00434056 8.9e+07 0.0476282
9.55 -0.0141622 8.9e+07 0.1554
9.56 -0.0213221 8.9e+07 0.233963
9.57 -0.0226456 8.9e+07 0.248486
9.58 -0.0192146 8.9e+07 0.210838
9.59 -0.0146058 8.9e+07 0.160267
9.6 -0.0101862 8.9e+07 0.111771
9.61 -0.0013784 8.9e+07 0.015125
9.62 0.0146939 8.9e+07 -0.161234
9.63 0.0325101 8.9e+07 -0.356727
9.64 0.0430637 8.9e+07 -0.47253
9.65 0.03891 8.9e+07 -0.426953
9.66 0.0269028 8.9e+07 -0.2952
9.67 0.014498 8.9e+07 -0.159083
9.68 0.00422623 8.9e+07 -0.0463737
9.69 -0.00698946 8.9e+07 0.0766941
9.7 -0.0175489 8.9e+07 0.192561
9.71 -0.0215119 8.9e+07 0.236047
9.72 -0.0120941 8.9e+07 0.132706
9.73 0.00432022 8.9e+07 -0.047405
9.74 0.0179107 8.9e+07 -0.196531
9.75 0.0227132 8.9e+07 -0.249228
9.76 0.022557 8.9e+07 -0.247513
9.77 0.0221661 8.9e+07 -0.243224
9.78 0.0226962 8.9e+07 -0.249042
9.79 0.0233625 8.9e+07 -0.256353
9.8 0.0270297 8.9e+07 -0.296592
9.81 0.037419 8.9e+07 -0.410592
9.82 0.0505446 8.9e+07 -0.554617
9.83 0.0601918 8.9e+07 -0.660474
9.84 0.0658961 8.9e+07 -0.723067
9.85 0.0701295 8.9e+07 -0.769519
9.86 0.0690237 8.9e+07 -0.757384
9.87 0.0609901 8.9e+07 -0.669234
9.88 0.0500829 8.9e+07 -0.549551
9.89 0.0408428 8.9e+07 -0.448161
9.9 0.0323769 8.9e+07 -0.355266
9.91 0.0262331 8.9e+07 -0.287852
9.92 0.0258013 8.9e+07 -0.283113
9.93 0.0315543 8.9e+07 -0.346239
9.94 0.0352687 8.9e+07 -0.386997
9.95 0.0324188 8.9e+07 -0.355726
9.96 0.024998 8.9e+07 -0.274299
9.97 0.0187931 8.9e+07 -0.206214
9.98 0.0166723 8.9e+07 -0.182942
9.99 0.0196963 8.9e+07 -0.216124
10 0.0242254 8.9e+07 -0.265821
