0 -0.01
0 -0.02
0 -0.03
0 -0.04
0 -0.05
20 -0.06
40 -0.07
60 -0.08
80 -0.09
100 -0.1
120 -0.11
140 -0.12
160 -0.13
180 -0.14
200 -0.15
220 -0.16
240 -0.17
250 -0.18
250 -0.19
250 -0.2
250 -0.21
250 -0.22
250 -0.23
250 -0.24
250 -0.25
250 -0.26
250 -0.27
250 -0.28
250 -0.29
250 -0.3
250 -0.31
250 -0.32
250 -0.33
250 -0.34
250 -0.35
250 -0.36
250 -0.37
250 -0.38
250 -0.39
250 -0.4
230 -0.39
210 -0.38
190 -0.37
170 -0.36
150 -0.35
130 -0.34
110 -0.33
90 -0.32
70 -0.31
50 -0.3
30 -0.29
10 -0.28
0 -0.27
0 -0.26
0 -0.25
0 -0.24
0 -0.23
0 -0.22
0 -0.21
0 -0.2
0 -0.19
0 -0.18
0 -0.17
0 -0.16
0 -0.15
0 -0.14
0 -0.13
0 -0.12
0 -0.11
0 -0.1
0 -0.09
0 -0.08
0 -0.07
0 -0.06
0 -0.05
0 -0.04
0 -0.03
0 -0.02
0 -0.01
0 3.1225e-17
0 -0.01
0 -0.02
0 -0.03
0 -0.04
0 -0.05
0 -0.06
0 -0.07
0 -0.08
0 -0.09
0 -0.1
0 -0.11
0 -0.12
0 -0.13
0 -0.14
0 -0.15
0 -0.16
0 -0.17
0 -0.18
0 -0.19
0 -0.2
0 -0.21
0 -0.22
0 -0.23
0 -0.24
0 -0.25
0 -0.26
0 -0.27
10 -0.28
30 -0.29
50 -0.3
70 -0.31
90 -0.32
110 -0.33
130 -0.34
150 -0.35
170 -0.36
190 -0.37
210 -0.38
230 -0.39
250 -0.4
250 -0.41
250 -0.42
250 -0.43
250 -0.44
250 -0.45
250 -0.46
250 -0.47
250 -0.48
250 -0.49
250 -0.5
250 -0.51
250 -0.52
250 -0.53
250 -0.54
250 -0.55
250 -0.56
250 -0.57
250 -0.58
250 -0.59
250 -0.6
230 -0.59
210 -0.58
190 -0.57
170 -0.56
150 -0.55
130 -0.54
110 -0.53
90 -0.52
70 -0.51
50 -0.5
30 -0.49
10 -0.48
0 -0.47
0 -0.46
0 -0.45
0 -0.44
0 -0.43
0 -0.42
0 -0.41
0 -0.4
0 -0.39
0 -0.38
0 -0.37
0 -0.36
0 -0.35
0 -0.34
0 -0.33
0 -0.32
0 -0.31
0 -0.3
0 -0.29
0 -0.28
0 -0.27
0 -0.26
0 -0.25
0 -0.24
0 -0.23
0 -0.22
0 -0.21
0 -0.2
0 -0.19
0 -0.18
0 -0.17
0 -0.16
0 -0.15
0 -0.14
0 -0.13
0 -0.12
0 -0.11
0 -0.1
0 -0.09
0 -0.08
0 -0.07
0 -0.06
0 -0.05
0 -0.04
0 -0.03
0 -0.02
0 -0.01
0 8.67362e-17
0 -0.01
0 -0.02
0 -0.03
0 -0.04
0 -0.05
0 -0.06
0 -0.07
0 -0.08
0 -0.09
0 -0.1
0 -0.11
0 -0.12
0 -0.13
0 -0.14
0 -0.15
0 -0.16
0 -0.17
0 -0.18
0 -0.19
0 -0.2
0 -0.21
0 -0.22
0 -0.23
0 -0.24
0 -0.25
0 -0.26
0 -0.27
0 -0.28
0 -0.29
0 -0.3
0 -0.31
0 -0.32
0 -0.33
0 -0.34
0 -0.35
0 -0.36
0 -0.37
0 -0.38
0 -0.39
0 -0.4
0 -0.41
0 -0.42
0 -0.43
0 -0.44
0 -0.45
0 -0.46
0 -0.47
10 -0.48
30 -0.49
50 -0.5
70 -0.51
90 -0.52
110 -0.53
130 -0.54
150 -0.55
170 -0.56
190 -0.57
210 -0.58
230 -0.59
250 -0.6
250 -0.61
250 -0.62
250 -0.63
250 -0.64
250 -0.65
250 -0.66
250 -0.67
250 -0.68
250 -0.69
250 -0.7
250 -0.71
250 -0.72
250 -0.73
250 -0.74
250 -0.75
250 -0.76
250 -0.77
250 -0.78
250 -0.79
250 -0.8
230 -0.79
210 -0.78
190 -0.77
170 -0.76
150 -0.75
130 -0.74
110 -0.73
90 -0.72
70 -0.71
50 -0.7
30 -0.69
10 -0.68
0 -0.67
0 -0.66
0 -0.65
0 -0.64
0 -0.63
0 -0.62
0 -0.61
0 -0.6
0 -0.59
0 -0.58
0 -0.57
0 -0.56
0 -0.55
0 -0.54
0 -0.53
0 -0.52
0 -0.51
0 -0.5
0 -0.49
0 -0.48
0 -0.47
0 -0.46
0 -0.45
0 -0.44
0 -0.43
0 -0.42
0 -0.41
0 -0.4
0 -0.39
0 -0.38
0 -0.37
0 -0.36
0 -0.35
0 -0.34
0 -0.33
0 -0.32
0 -0.31
0 -0.3
0 -0.29
0 -0.28
0 -0.27
0 -0.26
0 -0.25
0 -0.24
0 -0.23
0 -0.22
0 -0.21
0 -0.2
0 -0.19
0 -0.18
0 -0.17
0 -0.16
0 -0.15
0 -0.14
0 -0.13
0 -0.12
0 -0.11
0 -0.1
0 -0.09
0 -0.08
0 -0.07
0 -0.06
0 -0.05
0 -0.04
0 -0.03
0 -0.02
0 -0.01
0 8.67362e-17
