0 0
0 0
0 0
0 0
0 0
20 2e+07
40 4e+07
60 6e+07
80 8e+07
100 1e+08
120 1.2e+08
140 1.4e+08
160 1.6e+08
180 1.8e+08
200 2e+08
220 2.2e+08
240 2.4e+08
250 2.5e+08
250 2.5e+08
250 2.5e+08
250 2.5e+08
250 2.5e+08
250 2.5e+08
250 2.5e+08
250 2.5e+08
250 2.5e+08
250 2.5e+08
250 2.5e+08
250 2.5e+08
250 2.5e+08
250 2.5e+08
250 2.5e+08
250 2.5e+08
250 2.5e+08
250 2.5e+08
250 2.5e+08
250 2.5e+08
250 2.5e+08
250 2.5e+08
250 2.5e+08
230 2.3e+08
210 2.1e+08
190 1.9e+08
170 1.7e+08
150 1.5e+08
130 1.3e+08
110 1.1e+08
90 9e+07
70 7e+07
50 5e+07
30 3e+07
10 1e+07
0 0
0 0
0 0
0 0
0 0
0 0
0 0
0 0
0 0
0 0
0 0
0 0
0 0
0 0
0 0
0 0
0 0
0 0
0 0
0 0
0 0
0 0
0 0
0 0
0 0
0 0
0 0
0 0
0 0
0 0
0 0
0 0
0 0
0 0
0 0
0 0
0 0
0 0
0 0
0 0
0 0
0 0
0 0
0 0
0 0
0 0
0 0
0 0
0 0
0 0
0 0
0 0
0 0
0 0
0 0
10 1e+07
30 3e+07
50 5e+07
70 7e+07
90 9e+07
110 1.1e+08
130 1.3e+08
150 1.5e+08
170 1.7e+08
190 1.9e+08
210 2.1e+08
230 2.3e+08
250 2.5e+08
250 2.5e+08
250 2.5e+08
250 2.5e+08
250 2.5e+08
250 2.5e+08
250 2.5e+08
250 2.5e+08
250 2.5e+08
250 2.5e+08
250 2.5e+08
250 2.5e+08
250 2.5e+08
250 2.5e+08
250 2.5e+08
250 2.5e+08
250 2.5e+08
250 2.5e+08
250 2.5e+08
250 2.5e+08
250 2.5e+08
230 2.3e+08
210 2.1e+08
190 1.9e+08
170 1.7e+08
150 1.5e+08
130 1.3e+08
110 1.1e+08
90 9e+07
70 7e+07
50 5e+07
30 3e+07
10 1e+07
0 0
0 0
0 0
0 0
0 0
0 0
0 0
0 0
0 0
0 0
0 0
0 0
0 0
0 0
0 0
0 0
0 0
0 0
0 0
0 0
0 0
0 0
0 0
0 0
0 0
0 0
0 0
0 0
0 0
0 0
0 0
0 0
0 0
0 0
0 0
0 0
0 0
0 0
0 0
0 0
0 0
0 0
0 0
0 0
0 0
0 0
0 0
0 0
0 0
0 0
0 0
0 0
0 0
0 0
0 0
0 0
0 0
0 0
0 0
0 0
0 0
0 0
0 0
0 0
0 0
0 0
0 0
0 0
0 0
0 0
0 0
0 0
0 0
0 0
0 0
0 0
0 0
0 0
0 0
0 0
0 0
0 0
0 0
0 0
0 0
0 0
0 0
0 0
0 0
0 0
0 0
0 0
0 0
0 0
0 0
10 1e+07
30 3e+07
50 5e+07
70 7e+07
90 9e+07
110 1.1e+08
130 1.3e+08
150 1.5e+08
170 1.7e+08
190 1.9e+08
210 2.1e+08
230 2.3e+08
250 2.5e+08
250 2.5e+08
250 2.5e+08
250 2.5e+08
250 2.5e+08
250 2.5e+08
250 2.5e+08
250 2.5e+08
250 2.5e+08
250 2.5e+08
250 2.5e+08
250 2.5e+08
250 2.5e+08
250 2.5e+08
250 2.5e+08
250 2.5e+08
250 2.5e+08
250 2.5e+08
250 2.5e+08
250 2.5e+08
250 2.5e+08
230 2.3e+08
210 2.1e+08
190 1.9e+08
170 1.7e+08
150 1.5e+08
130 1.3e+08
110 1.1e+08
90 9e+07
70 7e+07
50 5e+07
30 3e+07
10 1e+07
0 0
0 0
0 0
0 0
0 0
0 0
0 0
0 0
0 0
0 0
0 0
0 0
0 0
0 0
0 0
0 0
0 0
0 0
0 0
0 0
0 0
0 0
0 0
0 0
0 0
0 0
0 0
0 0
0 0
0 0
0 0
0 0
0 0
0 0
0 0
0 0
0 0
0 0
0 0
0 0
0 0
0 0
0 0
0 0
0 0
0 0
0 0
0 0
0 0
0 0
0 0
0 0
0 0
0 0
0 0
0 0
0 0
0 0
0 0
0 0
0 0
0 0
0 0
0 0
0 0
0 0
0 0
0 0
