0 0 0 0 0 0 0
0.1 0.749647 22 -0.884039 -0.749647 22 0.884039
0.1 0.749647 22 -0.884039 -0.749647 22 0.884039
0.2 1.4992 44 -1.76808 -1.4992 44 1.76808
0.2 1.4992 44 -1.76808 -1.4992 44 1.76808
0.3 2.24867 66 -2.65213 -2.24867 66 2.65213
0.3 2.24867 66 -2.65213 -2.24867 66 2.65213
0.4 2.99804 88 -3.53618 -2.99804 88 3.53618
0.4 2.99804 88 -3.53618 -2.99804 88 3.53618
0.5 3.74732 110 -4.42023 -3.74732 110 4.42023
0.5 3.74732 110 -4.42023 -3.74732 110 4.42023
0.6 4.49652 132 -5.30428 -4.49652 132 5.30428
0.6 4.49652 132 -5.30428 -4.49652 132 5.30428
0.7 5.24562 154 -6.18834 -5.24562 154 6.18834
0.7 5.24562 154 -6.18834 -5.24562 154 6.18834
0.8 5.99463 176 -7.0724 -5.99463 176 7.0724
0.8 5.99463 176 -7.0724 -5.99463 176 7.0724
0.9 6.74355 198 -7.95647 -6.74355 198 7.95647
0.9 6.74355 198 -7.95647 -6.74355 198 7.95647
1 7.49237 220 -8.84054 -7.49237 220 8.84054
1 7.49237 220 -8.84054 -7.49237 220 8.84054
