0.1 0.749647 22 -0.884039 -0.749647 22 0.884039
0.2 1.4992 44 -1.76808 -1.4992 44 1.76808
0.3 2.24867 66 -2.65213 -2.24867 66 2.65213
0.4 2.99804 88 -3.53618 -2.99804 88 3.53618
0.5 3.74732 110 -4.42023 -3.74732 110 4.42023
0.6 4.49652 132 -5.30428 -4.49652 132 5.30428
0.7 5.24562 154 -6.18834 -5.24562 154 6.18834
0.8 5.99463 176 -7.0724 -5.99463 176 7.0724
0.9 6.74355 198 -7.95647 -6.74355 198 7.95647
1 7.49237 220 -8.84054 -7.49237 220 8.84054
1 7.49237 220 -8.84054 -7.49237 220 8.84054
1 7.49237 220 -8.84054 -7.49237 220 8.84054
1.1 8.24111 242 -9.72461 -8.24111 242 9.72461
1.2 8.98975 264 -10.6087 -8.98975 264 10.6087
1.3 9.73831 286 -11.4928 -9.73831 286 11.4928
1.4 10.4868 308 -12.3768 -10.4868 308 12.3768
1.5 11.2351 330 -13.2609 -11.2351 330 13.2609
1.6 11.9834 352 -14.145 -11.9834 352 14.145
1.7 12.7316 374 -15.0291 -12.7316 374 15.0291
1.8 13.4797 396 -15.9132 -13.4797 396 15.9132
1.9 13.653 418 -16.1283 -13.653 418 16.1283
2 13.1918 440 -15.6047 -13.1918 440 15.6047
