0 0 0 0 0 0 0 0 0 0 0 0 0
0.1 58638.6 890000 -214089 -58638.6 -890000 -429342 -58638.6 890000 214089 58638.6 -890000 429342
0.2 117277 1.78e+06 -428179 -117277 -1.78e+06 -858684 -117277 1.78e+06 428179 117277 -1.78e+06 858684
0.3 175916 2.67e+06 -642268 -175916 -2.67e+06 -1.28803e+06 -175916 2.67e+06 642268 175916 -2.67e+06 1.28803e+06
0.4 234555 3.56e+06 -856357 -234555 -3.56e+06 -1.71737e+06 -234555 3.56e+06 856357 234555 -3.56e+06 1.71737e+06
0.5 293193 4.45e+06 -1.07045e+06 -293193 -4.45e+06 -2.14671e+06 -293193 4.45e+06 1.07045e+06 293193 -4.45e+06 2.14671e+06
0.6 351832 5.34e+06 -1.28454e+06 -351832 -5.34e+06 -2.57605e+06 -351832 5.34e+06 1.28454e+06 351832 -5.34e+06 2.57605e+06
0.7 410471 6.23e+06 -1.49863e+06 -410471 -6.23e+06 -3.00539e+06 -410471 6.23e+06 1.49863e+06 410471 -6.23e+06 3.00539e+06
0.8 469109 7.12e+06 -1.71271e+06 -469109 -7.12e+06 -3.43474e+06 -469109 7.12e+06 1.71271e+06 469109 -7.12e+06 3.43474e+06
0.9 527748 8.01e+06 -1.9268e+06 -527748 -8.01e+06 -3.86408e+06 -527748 8.01e+06 1.9268e+06 527748 -8.01e+06 3.86408e+06
1 586386 8.9e+06 -2.14089e+06 -586386 -8.9e+06 -4.29342e+06 -586386 8.9e+06 2.14089e+06 586386 -8.9e+06 4.29342e+06
