0 0 0 0
1 3.69289e-05 -3.05368e-07 -1.84638e-05
2 7.38797e-05 -6.12131e-07 -3.69374e-05
3 0.000110853 -9.20292e-07 -5.54208e-05
4 0.000147848 -1.22986e-06 -7.3914e-05
5 0.000184865 -1.54083e-06 -9.2417e-05
6 0.000221904 -1.85321e-06 -0.00011093
7 0.000258966 -2.167e-06 -0.000129453
8 0.00029605 -2.48222e-06 -0.000147985
9 0.000333156 -2.79885e-06 -0.000166528
10 0.000370307 -3.11623e-06 -0.000185088
11 0.000407873 -3.42226e-06 -0.000203792
12 0.000447001 -3.6755e-06 -0.000223058
13 0.000488045 -3.85738e-06 -0.000243016
14 0.000531713 -3.93167e-06 -0.000263971
15 0.000578219 -3.87965e-06 -0.000286022
16 0.000627738 -3.68301e-06 -0.000309255
17 0.000680319 -3.32844e-06 -0.000333701
18 0.000735971 -2.80504e-06 -0.000359413
19 0.000794804 -2.096e-06 -0.000386464
20 0.000856622 -1.20224e-06 -0.000414772
21 0.000921231 -1.26191e-07 -0.000444272
22 0.000988492 1.13199e-06 -0.000474924
23 0.00105813 2.56167e-06 -0.000506613
24 0.00113009 4.16496e-06 -0.000539357
25 0.00120432 5.94688e-06 -0.000573148
26 0.00128052 7.88962e-06 -0.000607872
27 0.00135853 9.98617e-06 -0.000643469
28 0.00143838 1.22447e-05 -0.000679942
29 0.0015197 1.46372e-05 -0.000717136
30 0.00160238 1.71552e-05 -0.000755012
31 0.00168655 1.98201e-05 -0.000793638
32 0.00177187 2.25985e-05 -0.000832866
33 0.00185827 2.54863e-05 -0.00087267
34 0.00194586 2.85009e-05 -0.000913071
35 0.00203448 3.16282e-05 -0.000954034
36 0.00212356 3.47999e-05 -0.000995279
37 0.00221395 3.81273e-05 -0.00103719
38 0.002305 4.15285e-05 -0.00107946
39 0.00239652 4.49804e-05 -0.00112203
40 0.0024887 4.85115e-05 -0.00116497
41 0.00258186 5.21703e-05 -0.00120843
42 0.00267534 5.58613e-05 -0.0012521
43 0.00276939 5.96237e-05 -0.00129615
44 0.00286394 6.34499e-05 -0.00134048
45 0.00295894 6.73316e-05 -0.00138512
46 0.0030546 7.13076e-05 -0.00143012
47 0.00315061 7.53244e-05 -0.00147537
48 0.00324688 7.93727e-05 -0.00152078
49 0.00334371 8.35012e-05 -0.00156655
50 0.00344089 8.76759e-05 -0.00161254
51 0.00353823 9.18633e-05 -0.00165867
52 0.00363596 9.61068e-05 -0.00170503
53 0.00373409 0.000100411 -0.00175166
54 0.00383247 0.000104745 -0.00179841
55 0.00393131 0.000109154 -0.0018455
56 0.00403026 0.000113568 -0.00189264
57 0.0041294 0.000118002 -0.00193994
58 0.00422893 0.0001225 -0.00198749
59 0.0043286 0.000127008 -0.00203514
60 0.00442841 0.000131528 -0.00208291
61 0.00452833 0.000136055 -0.00213076
62 0.00462872 0.000140668 -0.00217889
63 0.00472935 0.000145318 -0.00222715
64 0.00483024 0.000150007 -0.00227559
65 0.0049312 0.000154696 -0.00232408
66 0.0050324 0.000159417 -0.00237275
67 0.00513365 0.000164151 -0.0024215
68 0.00523495 0.00016888 -0.00247028
69 0.00533628 0.000173613 -0.00251913
70 0.00543772 0.000178357 -0.00256807
71 0.0055393 0.000183131 -0.00261711
72 0.00564112 0.000187949 -0.00266632
73 0.00574292 0.000192764 -0.00271556
74 0.00584447 0.000197577 -0.00276474
75 0.00594599 0.000202396 -0.00281396
76 0.0060473 0.0002072 -0.00286313
77 0.00614854 0.000211995 -0.00291229
78 0.00624965 0.000216797 -0.00296147
79 0.00635093 0.000221635 -0.00301078
80 0.0064519 0.000226446 -0.00305998
81 0.00655294 0.000231255 -0.00310921
82 0.00665389 0.000236072 -0.00315847
83 0.00675483 0.000240893 -0.00320776
84 0.00685585 0.00024572 -0.0032571
85 0.00695668 0.000250533 -0.00330639
86 0.00705766 0.000255374 -0.0033558
87 0.00715865 0.000260214 -0.00340526
88 0.00725927 0.000265019 -0.00345456
89 0.00735986 0.000269815 -0.00350385
90 0.00746028 0.00027459 -0.00355308
91 0.00756056 0.000279367 -0.00360233
92 0.00766085 0.000284136 -0.00365158
93 0.00776096 0.000288883 -0.00370075
94 0.00786095 0.000293623 -0.00374989
95 0.0079609 0.000298357 -0.00379902
96 0.00806087 0.000303106 -0.00384821
97 0.00816085 0.000307858 -0.00389743
98 0.00826068 0.000312603 -0.0039466
99 0.00836053 0.000317347 -0.00399579
100 0.00846038 0.000322082 -0.00404498
101 0.00856004 0.000326796 -0.0040941
102 0.00865964 0.000331507 -0.00414323
103 0.00875924 0.000336208 -0.00419236
104 0.00885885 0.000340901 -0.0042415
105 0.00895834 0.000345575 -0.00429059
106 0.0090577 0.000350229 -0.00433962
107 0.00915715 0.000354885 -0.0043887
108 0.00925655 0.000359538 -0.0044378
109 0.00935598 0.000364192 -0.00448693
110 0.00945546 0.000368848 -0.0045361
111 0.0095549 0.000373501 -0.00458527
112 0.00965425 0.000378137 -0.00463441
113 0.00975365 0.000382768 -0.00468358
114 0.00985313 0.000387397 -0.00473278
115 0.00995264 0.000392017 -0.004782
116 0.0100519 0.000396617 -0.00483113
117 0.0101512 0.000401205 -0.00488027
118 0.0102505 0.000405791 -0.00492944
119 0.0103497 0.000410353 -0.00497854
120 0.0104489 0.000414909 -0.00502765
121 0.0105482 0.000419453 -0.00507677
122 0.0106473 0.000423977 -0.00512584
123 0.0107463 0.000428491 -0.0051749
124 0.0108455 0.000433009 -0.00522399
125 0.0109447 0.000437535 -0.00527314
126 0.0110439 0.000442046 -0.00532226
127 0.0111431 0.00044655 -0.00537141
128 0.0112424 0.000451047 -0.00542058
129 0.0113415 0.000455525 -0.00546971
130 0.0114408 0.000459993 -0.00551885
131 0.0115401 0.000464461 -0.00556803
132 0.0116394 0.000468931 -0.00561725
133 0.0117387 0.000473385 -0.00566645
134 0.011838 0.00047783 -0.00571566
135 0.0119374 0.000482271 -0.00576491
136 0.012037 0.000486713 -0.00581421
137 0.0121365 0.000491156 -0.00586357
138 0.012236 0.000495579 -0.00591289
139 0.0123356 0.000499993 -0.00596222
140 0.0124352 0.000504404 -0.0060116
141 0.012535 0.000508817 -0.00606104
142 0.0126348 0.000513225 -0.00611051
143 0.0127347 0.000517623 -0.00616
144 0.0128347 0.000522016 -0.00620953
145 0.0129347 0.000526403 -0.00625909
146 0.0130348 0.000530775 -0.00630866
147 0.0131349 0.000535143 -0.00635826
148 0.0132352 0.000539504 -0.00640791
149 0.0133355 0.000543863 -0.00645761
150 0.013436 0.000548221 -0.00650736
151 0.0135366 0.000552587 -0.00655719
152 0.0136373 0.00055695 -0.00660707
153 0.0137382 0.000561308 -0.006657
154 0.0138391 0.000565657 -0.00670696
155 0.0139402 0.000570003 -0.00675698
156 0.0140413 0.000574338 -0.00680702
157 0.0141426 0.000578664 -0.00685707
158 0.014244 0.000582988 -0.00690719
159 0.0143456 0.000587312 -0.00695738
160 0.0144473 0.000591629 -0.00700761
161 0.0145491 0.000595941 -0.00705789
162 0.0146512 0.000600256 -0.00710825
163 0.0147535 0.00060457 -0.00715868
164 0.014856 0.000608883 -0.0072092
165 0.0149587 0.00061319 -0.00725975
166 0.0150617 0.000617502 -0.00731042
167 0.0151649 0.000621819 -0.00736118
168 0.0152683 0.000626149 -0.00741206
169 0.0153721 0.000630492 -0.00746305
170 0.0154763 0.000634842 -0.00751416
171 0.0155808 0.000639204 -0.00756541
172 0.0156858 0.00064358 -0.00761683
173 0.0157912 0.000647975 -0.00766844
174 0.0158969 0.000652372 -0.00772015
175 0.0160031 0.000656777 -0.00777201
176 0.0161099 0.000661202 -0.00782406
177 0.0162172 0.000665647 -0.00787632
178 0.0163252 0.000670118 -0.00792882
179 0.0164338 0.000674617 -0.00798156
180 0.0165431 0.000679141 -0.00803454
181 0.0166532 0.000683694 -0.00808779
182 0.016764 0.000688281 -0.00814133
183 0.0168757 0.0006929 -0.00819516
184 0.0169883 0.000697562 -0.00824933
185 0.0171019 0.000702267 -0.00830385
186 0.0172165 0.000707007 -0.00835869
187 0.0173321 0.000711796 -0.00841392
188 0.0174489 0.000716646 -0.0084696
189 0.017567 0.000721558 -0.00852573
190 0.0176864 0.000726546 -0.00858236
191 0.0178073 0.000731607 -0.00863951
192 0.0179296 0.000736736 -0.00869717
193 0.0180537 0.000741948 -0.0087554
194 0.0181795 0.000747256 -0.0088143
195 0.0183072 0.000752668 -0.00887389
196 0.0184373 0.000758205 -0.00893431
197 0.0185698 0.000763881 -0.00899564
198 0.0187054 0.00076972 -0.00905802
199 0.0188445 0.000775752 -0.00912162
200 0.018988 0.00078203 -0.00918674
