0 0 0 0
1 -1000 -1.0422e-06 3000
2 -2000 -1.04891e-06 6000
3 -3000 -1.05566e-06 9000
4 -4000 -1.06249e-06 12000
5 -5000 -1.06938e-06 15000
6 -6000 -1.07631e-06 18000
7 -7000 -1.08331e-06 21000
8 -8000 -1.09036e-06 24000
9 -9000 -1.09751e-06 27000
10 -10000 -8.86463e-06 30000
11 -11000 -0.000559982 33000
12 -12000 -1.31246e-11 36000
13 -13000 -1.30713e-07 39000
14 -14000 -1.85161e-11 42000
15 -15000 -2.96398e-11 45000
16 -16000 -1.29123e-11 48000
17 -17000 3.45378e-12 51000
18 -18000 -4.8347e-11 54000
19 -19000 -1.73694e-11 57000
20 -20000 -1.20064e-11 60000
21 -21000 -2.39573e-11 63000
22 -22000 3.42689e-11 66000
23 -23000 -0.000166604 69000
24 -24000 -0.00543035 72000
25 -25000 -6.98736e-05 75000
26 -26000 1.36502e-11 78000
27 -27000 -0.00124441 81000
28 -28000 -2.85528e-11 84000
29 -29000 -3.44311e-12 87000
30 -30000 -2.63029e-05 90000
31 -31000 -2.54123e-12 93000
32 -32000 -5.35231e-06 96000
33 -33000 -7.51833e-11 99000
34 -34000 -0.000432491 102000
35 -35000 2.52297e-11 105000
36 -36000 -5.35695e-06 108000
37 -37000 9.55911e-12 111000
38 -38000 -5.31222e-06 114000
39 -39000 -4.57023e-06 117000
40 -40000 -0.00483913 120000
41 -41000 -3.76721e-06 123000
42 -42000 -5.37786e-06 126000
43 -43000 -5.3838e-06 129000
44 -44000 -0.000258 132000
45 -45000 -1.93021e-05 135000
46 -46000 -5.40819e-06 138000
47 -47000 -2.53631e-06 141000
48 -48000 -3.04784e-05 144000
49 -49000 -5.49107e-06 147000
50 -50000 -1.26635e-05 150000
51 -51000 -5.59077e-06 153000
52 -52000 -8.86524e-05 156000
53 -53000 -5.66381e-06 159000
54 -54000 -5.31049e-05 162000
55 -55000 -6.01778e-06 165000
56 -56000 -2.10311e-06 168000
57 -57000 -5.81777e-06 171000
58 -58000 -5.88061e-06 174000
59 -59000 -5.93727e-06 177000
60 -60000 -6.00962e-06 180000
61 -61000 -4.57739e-06 183000
62 -62000 -0.000328751 186000
63 -63000 -6.10299e-06 189000
64 -64000 -6.16725e-06 192000
65 -65000 -6.20097e-06 195000
66 -66000 -6.30882e-06 198000
67 -67000 -2.30104e-05 201000
68 -68000 -5.72588e-06 204000
69 -69000 -6.47511e-06 207000
70 -70000 -6.2768e-06 210000
71 -71000 -3.32891e-06 213000
72 -72000 -6.59764e-06 216000
73 -73000 -5.17512e-06 219000
74 -74000 -6.5197e-05 222000
75 -75000 -9.29633e-06 225000
76 -76000 -6.70451e-06 228000
77 -77000 -3.24768e-05 231000
78 -78000 -6.72613e-06 234000
79 -79000 -9.55736e-05 237000
80 -80000 -6.89857e-06 240000
81 -81000 -6.97941e-06 243000
82 -82000 -7.1874e-05 246000
83 -83000 -7.07509e-06 249000
84 -84000 -3.01569e-06 252000
85 -85000 -8.62986e-06 255000
86 -86000 -7.25098e-06 258000
87 -87000 -1.19017e-05 261000
88 -88000 -7.57343e-05 264000
89 -89000 -7.38815e-06 267000
90 -90000 -2.74102e-05 270000
91 -91000 -7.47967e-06 273000
92 -92000 -6.24944e-06 276000
93 -93000 -7.17017e-06 279000
94 -94000 -1.45456e-05 282000
95 -95000 -2.66619e-05 285000
96 -96000 -9.63072e-06 288000
97 -97000 -1.31483e-05 291000
98 -98000 -3.9385e-05 294000
99 -99000 -8.0175e-06 297000
100 -100000 -1.25081e-05 300000
101 -101000 -2.36954e-05 303000
102 -102000 -8.56241e-06 306000
103 -103000 -8.35509e-06 309000
104 -104000 -1.33576e-05 312000
105 -105000 -8.21889e-06 315000
106 -106000 -8.62786e-06 318000
107 -107000 -2.95624e-06 321000
108 -108000 -4.688e-05 324000
109 -109000 -8.92476e-06 327000
110 -110000 -1.03004e-05 330000
111 -111000 -9.83855e-06 333000
112 -112000 -3.13285e-05 336000
113 -113000 -9.37475e-06 339000
114 -114000 -9.50298e-06 342000
115 -115000 -1.49294e-05 345000
116 -116000 -2.18759e-05 348000
117 -117000 -1.11855e-05 351000
118 -118000 -1.00384e-05 354000
119 -119000 -1.01549e-05 357000
120 -120000 -1.03013e-05 360000
121 -121000 -2.58073e-05 363000
122 -122000 -2.2003e-05 366000
123 -123000 -1.63902e-05 369000
124 -124000 -1.20428e-05 372000
125 -125000 -1.10707e-05 375000
126 -126000 -1.87114e-05 378000
127 -127000 -1.29045e-05 381000
128 -128000 -1.17092e-05 384000
129 -129000 -1.17758e-05 387000
130 -130000 -1.19692e-05 390000
131 -131000 -1.2169e-05 393000
132 -132000 -2.90391e-05 396000
133 -133000 -1.2585e-05 399000
134 -134000 -1.28061e-05 402000
135 -135000 -1.30365e-05 405000
136 -136000 -1.5145e-05 408000
137 -137000 -1.38729e-05 411000
138 -138000 -1.70198e-05 414000
139 -139000 -1.40513e-05 417000
140 -140000 -1.44752e-05 420000
141 -141000 -1.51332e-05 423000
142 -142000 -1.49585e-05 426000
143 -143000 -1.58773e-05 429000
144 -144000 -1.55947e-05 432000
145 -145000 -1.98264e-05 435000
146 -146000 -1.62721e-05 438000
147 -147000 -1.66135e-05 441000
148 -148000 -1.69531e-05 444000
149 -149000 -1.72857e-05 447000
150 -150000 -2.05209e-05 450000
151 -151000 -1.78934e-05 453000
152 -152000 -1.97749e-05 456000
153 -153000 -1.83245e-05 459000
154 -154000 -4.33563e-05 462000
155 -155000 -2.18339e-05 465000
156 -156000 -1.82144e-05 468000
157 -157000 -1.89348e-05 471000
158 -158000 -1.67745e-05 474000
159 -159000 -1.53666e-05 477000
160 -160000 -1.32968e-05 480000
161 -161000 -1.0351e-05 483000
162 -162000 -6.25083e-06 486000
163 -163000 -2.85222e-05 489000
164 -164000 -1.76263e-06 492000
165 -165000 1.61244e-05 495000
166 -166000 2.93364e-05 498000
167 -167000 1.75835e-05 501000
168 -168000 6.8612e-05 504000
169 -169000 9.73763e-05 507000
170 -170000 0.000134233 510000
171 -171000 0.000181093 513000
172 -172000 0.000240172 516000
173 -173000 0.000309852 519000
174 -174000 0.000405693 522000
175 -175000 0.000518602 525000
176 -176000 0.000610969 528000
177 -177000 0.000798342 531000
178 -178000 0.00098351 534000
179 -179000 0.00119739 537000
180 -180000 0.00143841 540000
181 -181000 0.00115074 543000
182 -182000 0.00199776 546000
183 -183000 0.00231687 549000
184 -184000 0.00265492 552000
185 -185000 0.0030225 555000
186 -186000 0.00314245 558000
187 -187000 0.00311487 561000
188 -188000 0.00427417 564000
189 -189000 0.00544382 567000
190 -190000 0.00604021 570000
191 -191000 4.46731e-10 573000
192 -192000 8.63434e-10 576000
193 -193000 1.07511e-09 579000
194 -194000 1.40833e-09 582000
195 -195000 1.19671e-09 585000
196 -196000 4.36553e-09 588000
197 -197000 1.01327e-08 591000
198 -198000 2.50519e-08 594000
199 -199000 9.38509e-08 597000
200 -200000 3.99947e-07 600000
