0 0
0.935 0.01
1.87 0.02
2.805 0.03
3.74 0.04
4.675 0.05
5.61 0.06
6.545 0.07
7.48 0.08
8.415 0.09
9.35 0.1
10.285 0.11
11.22 0.12
12.155 0.13
13.09 0.14
14.025 0.15
14.96 0.16
15.895 0.17
16.83 0.18
17.765 0.19
18.7 0.2
19.635 0.21
20.57 0.22
21.505 0.23
22.44 0.24
23.375 0.25
24.31 0.26
25.245 0.27
26.18 0.28
27.115 0.29
28.05 0.3
28.985 0.31
29.92 0.32
30.855 0.33
31.79 0.34
32.725 0.35
33.66 0.36
34.595 0.37
35.53 0.38
36.465 0.39
37.4 0.4
38.335 0.41
39.27 0.42
40.205 0.43
41.14 0.44
42.075 0.45
43.01 0.46
43.945 0.47
44.88 0.48
45.815 0.49
46.75 0.5
47.685 0.51
48.62 0.52
49.555 0.53
50.49 0.54
51.425 0.55
52.36 0.56
53.295 0.57
54.23 0.58
55.165 0.59
56.1 0.6
57.035 0.61
57.97 0.62
58.905 0.63
59.84 0.64
60.775 0.65
61.71 0.66
62.645 0.67
63.58 0.68
64.515 0.69
65.45 0.7
66.385 0.71
67.32 0.72
68.255 0.73
69.19 0.74
70.125 0.75
71.06 0.76
71.995 0.77
72.93 0.78
73.865 0.79
74.8 0.8
75.735 0.81
76.67 0.82
77.605 0.83
78.54 0.84
79.475 0.85
80.41 0.86
81.345 0.87
82.28 0.88
83.215 0.89
84.15 0.9
85.085 0.91
86.02 0.92
86.955 0.93
87.89 0.94
88.825 0.95
89.76 0.96
90.695 0.97
91.63 0.98
92.565 0.99
93.5 1
94.435 1.01
95.37 1.02
96.305 1.03
97.24 1.04
98.175 1.05
99.11 1.06
100.045 1.07
100.98 1.08
101.915 1.09
102.85 1.1
103.785 1.11
104.72 1.12
105.655 1.13
106.59 1.14
107.525 1.15
108.46 1.16
109.395 1.17
110.33 1.18
111.265 1.19
112.2 1.2
113.135 1.21
114.07 1.22
115.005 1.23
115.94 1.24
116.875 1.25
117.81 1.26
118.745 1.27
119.68 1.28
120.615 1.29
121.55 1.3
122.485 1.31
123.42 1.32
124.355 1.33
125.29 1.34
126.225 1.35
127.16 1.36
128.095 1.37
129.03 1.38
129.965 1.39
130.9 1.4
131.835 1.41
132.77 1.42
133.705 1.43
134.64 1.44
135.575 1.45
136.51 1.46
137.445 1.47
138.38 1.48
139.315 1.49
140.25 1.5
141.185 1.51
142.12 1.52
143.055 1.53
143.99 1.54
144.925 1.55
145.86 1.56
146.795 1.57
147.73 1.58
148.665 1.59
149.6 1.6
150.535 1.61
151.47 1.62
152.405 1.63
153.34 1.64
154.275 1.65
155.21 1.66
156.145 1.67
157.08 1.68
158.015 1.69
158.95 1.7
159.885 1.71
160.82 1.72
161.755 1.73
162.69 1.74
163.625 1.75
164.56 1.76
165.495 1.77
166.43 1.78
167.365 1.79
168.3 1.8
169.235 1.81
170.17 1.82
171.105 1.83
172.04 1.84
172.975 1.85
173.91 1.86
174.845 1.87
175.78 1.88
176.715 1.89
177.65 1.9
178.585 1.91
179.52 1.92
180.455 1.93
181.39 1.94
182.325 1.95
183.26 1.96
184.195 1.97
185.13 1.98
186.065 1.99
187 2
187.935 2.01
188.87 2.02
189.805 2.03
190.74 2.04
191.675 2.05
192.61 2.06
193.545 2.07
194.48 2.08
195.415 2.09
196.35 2.1
197.285 2.11
198.22 2.12
199.155 2.13
200.09 2.14
201.025 2.15
201.96 2.16
202.895 2.17
203.83 2.18
204.765 2.19
205.7 2.2
206.635 2.21
207.57 2.22
208.505 2.23
209.44 2.24
210.375 2.25
211.31 2.26
212.245 2.27
213.18 2.28
214.115 2.29
215.05 2.3
215.985 2.31
216.92 2.32
217.855 2.33
218.79 2.34
219.725 2.35
220.66 2.36
221.595 2.37
222.53 2.38
223.465 2.39
224.4 2.4
225.335 2.41
226.27 2.42
227.205 2.43
228.14 2.44
229.075 2.45
230.01 2.46
230.945 2.47
231.88 2.48
232.815 2.49
233.75 2.5
234.685 2.51
235.62 2.52
236.555 2.53
237.49 2.54
238.425 2.55
239.36 2.56
240.295 2.57
241.23 2.58
242.165 2.59
243.1 2.6
244.035 2.61
244.97 2.62
245.905 2.63
246.84 2.64
247.775 2.65
248.71 2.66
249.645 2.67
250.058 2.68
250.151 2.69
250.245 2.7
250.338 2.71
250.432 2.72
250.525 2.73
250.619 2.74
250.712 2.75
250.806 2.76
250.899 2.77
250.993 2.78
251.086 2.79
251.18 2.8
251.273 2.81
251.367 2.82
251.46 2.83
251.554 2.84
251.647 2.85
251.741 2.86
251.834 2.87
251.928 2.88
252.021 2.89
252.115 2.9
252.208 2.91
252.302 2.92
252.395 2.93
252.489 2.94
252.582 2.95
252.676 2.96
252.769 2.97
252.863 2.98
252.956 2.99
253.05 3
253.143 3.01
253.237 3.02
253.33 3.03
253.424 3.04
253.517 3.05
253.611 3.06
253.704 3.07
253.798 3.08
253.891 3.09
253.985 3.1
254.078 3.11
254.172 3.12
254.265 3.13
254.359 3.14
254.452 3.15
254.546 3.16
254.639 3.17
254.733 3.18
254.826 3.19
254.92 3.2
255.013 3.21
255.107 3.22
255.2 3.23
255.294 3.24
255.387 3.25
255.481 3.26
255.574 3.27
255.668 3.28
255.761 3.29
255.855 3.3
255.948 3.31
256.042 3.32
256.135 3.33
256.229 3.34
256.322 3.35
256.416 3.36
256.509 3.37
256.603 3.38
256.696 3.39
256.79 3.4
256.883 3.41
256.977 3.42
257.07 3.43
257.164 3.44
257.257 3.45
257.351 3.46
257.444 3.47
257.538 3.48
257.631 3.49
257.725 3.5
257.818 3.51
257.912 3.52
258.005 3.53
258.099 3.54
258.192 3.55
258.286 3.56
258.379 3.57
258.473 3.58
258.566 3.59
258.66 3.6
258.753 3.61
258.847 3.62
258.94 3.63
259.034 3.64
259.127 3.65
259.221 3.66
259.314 3.67
259.408 3.68
259.501 3.69
259.595 3.7
259.688 3.71
259.782 3.72
259.875 3.73
259.969 3.74
260.062 3.75
260.156 3.76
260.249 3.77
260.343 3.78
260.436 3.79
260.53 3.8
260.623 3.81
260.717 3.82
260.81 3.83
260.904 3.84
260.997 3.85
261.091 3.86
261.184 3.87
261.278 3.88
261.371 3.89
261.465 3.9
261.558 3.91
261.652 3.92
261.745 3.93
261.839 3.94
261.932 3.95
262.026 3.96
262.119 3.97
262.213 3.98
262.306 3.99
262.4 4
262.493 4.01
262.587 4.02
262.68 4.03
262.774 4.04
262.867 4.05
262.961 4.06
263.054 4.07
263.148 4.08
263.241 4.09
263.335 4.1
263.428 4.11
263.522 4.12
263.615 4.13
263.709 4.14
263.802 4.15
263.896 4.16
263.989 4.17
264.083 4.18
264.176 4.19
264.27 4.2
264.363 4.21
264.457 4.22
264.55 4.23
264.644 4.24
264.737 4.25
264.831 4.26
264.924 4.27
265.018 4.28
265.111 4.29
265.205 4.3
265.298 4.31
265.392 4.32
265.485 4.33
265.579 4.34
265.672 4.35
265.766 4.36
265.859 4.37
265.953 4.38
266.046 4.39
266.14 4.4
266.233 4.41
266.327 4.42
266.42 4.43
266.514 4.44
266.607 4.45
266.701 4.46
266.794 4.47
266.888 4.48
266.981 4.49
267.075 4.5
267.168 4.51
267.262 4.52
267.355 4.53
267.449 4.54
267.542 4.55
267.636 4.56
267.729 4.57
267.823 4.58
267.916 4.59
268.01 4.6
268.103 4.61
268.197 4.62
268.29 4.63
268.384 4.64
268.477 4.65
268.571 4.66
268.664 4.67
268.758 4.68
268.851 4.69
268.945 4.7
269.038 4.71
269.132 4.72
269.225 4.73
269.319 4.74
269.412 4.75
269.506 4.76
269.599 4.77
269.693 4.78
269.786 4.79
269.88 4.8
269.973 4.81
270.067 4.82
270.16 4.83
270.254 4.84
270.347 4.85
270.441 4.86
270.534 4.87
270.628 4.88
270.721 4.89
270.815 4.9
270.908 4.91
271.002 4.92
271.095 4.93
271.189 4.94
271.282 4.95
271.376 4.96
271.469 4.97
271.563 4.98
271.656 4.99
271.75 5
