0 0
0.935 -935000
1.87 -1.87e+06
2.805 -2.805e+06
3.74 -3.74e+06
4.675 -4.675e+06
5.61 -5.61e+06
6.545 -6.545e+06
7.48 -7.48e+06
8.415 -8.415e+06
9.35 -9.35e+06
10.285 -1.0285e+07
11.22 -1.122e+07
12.155 -1.2155e+07
13.09 -1.309e+07
14.025 -1.4025e+07
14.96 -1.496e+07
15.895 -1.5895e+07
16.83 -1.683e+07
17.765 -1.7765e+07
18.7 -1.87e+07
19.635 -1.9635e+07
20.57 -2.057e+07
21.505 -2.1505e+07
22.44 -2.244e+07
23.375 -2.3375e+07
24.31 -2.431e+07
25.245 -2.5245e+07
26.18 -2.618e+07
27.115 -2.7115e+07
28.05 -2.805e+07
28.985 -2.8985e+07
29.92 -2.992e+07
30.855 -3.0855e+07
31.79 -3.179e+07
32.725 -3.2725e+07
33.66 -3.366e+07
34.595 -3.4595e+07
35.53 -3.553e+07
36.465 -3.6465e+07
37.4 -3.74e+07
38.335 -3.8335e+07
39.27 -3.927e+07
40.205 -4.0205e+07
41.14 -4.114e+07
42.075 -4.2075e+07
43.01 -4.301e+07
43.945 -4.3945e+07
44.88 -4.488e+07
45.815 -4.5815e+07
46.75 -4.675e+07
47.685 -4.7685e+07
48.62 -4.862e+07
49.555 -4.9555e+07
50.49 -5.049e+07
51.425 -5.1425e+07
52.36 -5.236e+07
53.295 -5.3295e+07
54.23 -5.423e+07
55.165 -5.5165e+07
56.1 -5.61e+07
57.035 -5.7035e+07
57.97 -5.797e+07
58.905 -5.8905e+07
59.84 -5.984e+07
60.775 -6.0775e+07
61.71 -6.171e+07
62.645 -6.2645e+07
63.58 -6.358e+07
64.515 -6.4515e+07
65.45 -6.545e+07
66.385 -6.6385e+07
67.32 -6.732e+07
68.255 -6.8255e+07
69.19 -6.919e+07
70.125 -7.0125e+07
71.06 -7.106e+07
71.995 -7.1995e+07
72.93 -7.293e+07
73.865 -7.3865e+07
74.8 -7.48e+07
75.735 -7.5735e+07
76.67 -7.667e+07
77.605 -7.7605e+07
78.54 -7.854e+07
79.475 -7.9475e+07
80.41 -8.041e+07
81.345 -8.1345e+07
82.28 -8.228e+07
83.215 -8.3215e+07
84.15 -8.415e+07
85.085 -8.5085e+07
86.02 -8.602e+07
86.955 -8.6955e+07
87.89 -8.789e+07
88.825 -8.8825e+07
89.76 -8.976e+07
90.695 -9.0695e+07
91.63 -9.163e+07
92.565 -9.2565e+07
93.5 -9.35e+07
94.435 -9.4435e+07
95.37 -9.537e+07
96.305 -9.6305e+07
97.24 -9.724e+07
98.175 -9.8175e+07
99.11 -9.911e+07
100.045 -1.00045e+08
100.98 -1.0098e+08
101.915 -1.01915e+08
102.85 -1.0285e+08
103.785 -1.03785e+08
104.72 -1.0472e+08
105.655 -1.05655e+08
106.59 -1.0659e+08
107.525 -1.07525e+08
108.46 -1.0846e+08
109.395 -1.09395e+08
110.33 -1.1033e+08
111.265 -1.11265e+08
112.2 -1.122e+08
113.135 -1.13135e+08
114.07 -1.1407e+08
115.005 -1.15005e+08
115.94 -1.1594e+08
116.875 -1.16875e+08
117.81 -1.1781e+08
118.745 -1.18745e+08
119.68 -1.1968e+08
120.615 -1.20615e+08
121.55 -1.2155e+08
122.485 -1.22485e+08
123.42 -1.2342e+08
124.355 -1.24355e+08
125.29 -1.2529e+08
126.225 -1.26225e+08
127.16 -1.2716e+08
128.095 -1.28095e+08
129.03 -1.2903e+08
129.965 -1.29965e+08
130.9 -1.309e+08
131.835 -1.31835e+08
132.77 -1.3277e+08
133.705 -1.33705e+08
134.64 -1.3464e+08
135.575 -1.35575e+08
136.51 -1.3651e+08
137.445 -1.37445e+08
138.38 -1.3838e+08
139.315 -1.39315e+08
140.25 -1.4025e+08
141.185 -1.41185e+08
142.12 -1.4212e+08
143.055 -1.43055e+08
143.99 -1.4399e+08
144.925 -1.44925e+08
145.86 -1.4586e+08
146.795 -1.46795e+08
147.73 -1.4773e+08
148.665 -1.48665e+08
149.6 -1.496e+08
150.535 -1.50535e+08
151.47 -1.5147e+08
152.405 -1.52405e+08
153.34 -1.5334e+08
154.275 -1.54275e+08
155.21 -1.5521e+08
156.145 -1.56145e+08
157.08 -1.5708e+08
158.015 -1.58015e+08
158.95 -1.5895e+08
159.885 -1.59885e+08
160.82 -1.6082e+08
161.755 -1.61755e+08
162.69 -1.6269e+08
163.625 -1.63625e+08
164.56 -1.6456e+08
165.495 -1.65495e+08
166.43 -1.6643e+08
167.365 -1.67365e+08
168.3 -1.683e+08
169.235 -1.69235e+08
170.17 -1.7017e+08
171.105 -1.71105e+08
172.04 -1.7204e+08
172.975 -1.72975e+08
173.91 -1.7391e+08
174.845 -1.74845e+08
175.78 -1.7578e+08
176.715 -1.76715e+08
177.65 -1.7765e+08
178.585 -1.78585e+08
179.52 -1.7952e+08
180.455 -1.80455e+08
181.39 -1.8139e+08
182.325 -1.82325e+08
183.26 -1.8326e+08
184.195 -1.84195e+08
185.13 -1.8513e+08
186.065 -1.86065e+08
187 -1.87e+08
187.935 -1.87935e+08
188.87 -1.8887e+08
189.805 -1.89805e+08
190.74 -1.9074e+08
191.675 -1.91675e+08
192.61 -1.9261e+08
193.545 -1.93545e+08
194.48 -1.9448e+08
195.415 -1.95415e+08
196.35 -1.9635e+08
197.285 -1.97285e+08
198.22 -1.9822e+08
199.155 -1.99155e+08
200.09 -2.0009e+08
201.025 -2.01025e+08
201.96 -2.0196e+08
202.895 -2.02895e+08
203.83 -2.0383e+08
204.765 -2.04765e+08
205.7 -2.057e+08
206.635 -2.06635e+08
207.57 -2.0757e+08
208.505 -2.08505e+08
209.44 -2.0944e+08
210.375 -2.10375e+08
211.31 -2.1131e+08
212.245 -2.12245e+08
213.18 -2.1318e+08
214.115 -2.14115e+08
215.05 -2.1505e+08
215.985 -2.15985e+08
216.92 -2.1692e+08
217.855 -2.17855e+08
218.79 -2.1879e+08
219.725 -2.19725e+08
220.66 -2.2066e+08
221.595 -2.21595e+08
222.53 -2.2253e+08
223.465 -2.23465e+08
224.4 -2.244e+08
225.335 -2.25335e+08
226.27 -2.2627e+08
227.205 -2.27205e+08
228.14 -2.2814e+08
229.075 -2.29075e+08
230.01 -2.3001e+08
230.945 -2.30945e+08
231.88 -2.3188e+08
232.815 -2.32815e+08
233.75 -2.3375e+08
234.685 -2.34685e+08
235.62 -2.3562e+08
236.555 -2.36555e+08
237.49 -2.3749e+08
238.425 -2.38425e+08
239.36 -2.3936e+08
240.295 -2.40295e+08
241.23 -2.4123e+08
242.165 -2.42165e+08
243.1 -2.431e+08
244.035 -2.44035e+08
244.97 -2.4497e+08
245.905 -2.45905e+08
246.84 -2.4684e+08
247.775 -2.47775e+08
248.71 -2.4871e+08
249.645 -2.49645e+08
250.058 -2.50058e+08
250.151 -2.50151e+08
250.245 -2.50245e+08
250.338 -2.50338e+08
250.432 -2.50432e+08
250.525 -2.50525e+08
250.619 -2.50619e+08
250.712 -2.50712e+08
250.806 -2.50806e+08
250.899 -2.50899e+08
250.993 -2.50993e+08
251.086 -2.51086e+08
251.18 -2.5118e+08
251.273 -2.51273e+08
251.367 -2.51367e+08
251.46 -2.5146e+08
251.554 -2.51554e+08
251.647 -2.51647e+08
251.741 -2.51741e+08
251.834 -2.51834e+08
251.928 -2.51928e+08
252.021 -2.52021e+08
252.115 -2.52115e+08
252.208 -2.52208e+08
252.302 -2.52302e+08
252.395 -2.52395e+08
252.489 -2.52489e+08
252.582 -2.52582e+08
252.676 -2.52676e+08
252.769 -2.52769e+08
252.863 -2.52863e+08
252.956 -2.52956e+08
253.05 -2.5305e+08
253.143 -2.53143e+08
253.237 -2.53237e+08
253.33 -2.5333e+08
253.424 -2.53424e+08
253.517 -2.53517e+08
253.611 -2.53611e+08
253.704 -2.53704e+08
253.798 -2.53798e+08
253.891 -2.53891e+08
253.985 -2.53985e+08
254.078 -2.54078e+08
254.172 -2.54172e+08
254.265 -2.54265e+08
254.359 -2.54359e+08
254.452 -2.54452e+08
254.546 -2.54546e+08
254.639 -2.54639e+08
254.733 -2.54733e+08
254.826 -2.54826e+08
254.92 -2.5492e+08
255.013 -2.55013e+08
255.107 -2.55107e+08
255.2 -2.552e+08
255.294 -2.55294e+08
255.387 -2.55387e+08
255.481 -2.55481e+08
255.574 -2.55574e+08
255.668 -2.55668e+08
255.761 -2.55761e+08
255.855 -2.55855e+08
255.948 -2.55948e+08
256.042 -2.56042e+08
256.135 -2.56135e+08
256.229 -2.56229e+08
256.322 -2.56322e+08
256.416 -2.56416e+08
256.509 -2.56509e+08
256.603 -2.56603e+08
256.696 -2.56696e+08
256.79 -2.5679e+08
256.883 -2.56883e+08
256.977 -2.56977e+08
257.07 -2.5707e+08
257.164 -2.57164e+08
257.257 -2.57257e+08
257.351 -2.57351e+08
257.444 -2.57444e+08
257.538 -2.57538e+08
257.631 -2.57631e+08
257.725 -2.57725e+08
257.818 -2.57818e+08
257.912 -2.57912e+08
258.005 -2.58005e+08
258.099 -2.58099e+08
258.192 -2.58192e+08
258.286 -2.58286e+08
258.379 -2.58379e+08
258.473 -2.58473e+08
258.566 -2.58566e+08
258.66 -2.5866e+08
258.753 -2.58753e+08
258.847 -2.58847e+08
258.94 -2.5894e+08
259.034 -2.59034e+08
259.127 -2.59127e+08
259.221 -2.59221e+08
259.314 -2.59314e+08
259.408 -2.59408e+08
259.501 -2.59501e+08
259.595 -2.59595e+08
259.688 -2.59688e+08
259.782 -2.59782e+08
259.875 -2.59875e+08
259.969 -2.59969e+08
260.062 -2.60062e+08
260.156 -2.60156e+08
260.249 -2.60249e+08
260.343 -2.60343e+08
260.436 -2.60436e+08
260.53 -2.6053e+08
260.623 -2.60623e+08
260.717 -2.60717e+08
260.81 -2.6081e+08
260.904 -2.60904e+08
260.997 -2.60997e+08
261.091 -2.61091e+08
261.184 -2.61184e+08
261.278 -2.61278e+08
261.371 -2.61371e+08
261.465 -2.61465e+08
261.558 -2.61558e+08
261.652 -2.61652e+08
261.745 -2.61745e+08
261.839 -2.61839e+08
261.932 -2.61932e+08
262.026 -2.62026e+08
262.119 -2.62119e+08
262.213 -2.62213e+08
262.306 -2.62306e+08
262.4 -2.624e+08
262.493 -2.62493e+08
262.587 -2.62587e+08
262.68 -2.6268e+08
262.774 -2.62774e+08
262.867 -2.62867e+08
262.961 -2.62961e+08
263.054 -2.63054e+08
263.148 -2.63148e+08
263.241 -2.63241e+08
263.335 -2.63335e+08
263.428 -2.63428e+08
263.522 -2.63522e+08
263.615 -2.63615e+08
263.709 -2.63709e+08
263.802 -2.63802e+08
263.896 -2.63896e+08
263.989 -2.63989e+08
264.083 -2.64083e+08
264.176 -2.64176e+08
264.27 -2.6427e+08
264.363 -2.64363e+08
264.457 -2.64457e+08
264.55 -2.6455e+08
264.644 -2.64644e+08
264.737 -2.64737e+08
264.831 -2.64831e+08
264.924 -2.64924e+08
265.018 -2.65018e+08
265.111 -2.65111e+08
265.205 -2.65205e+08
265.298 -2.65298e+08
265.392 -2.65392e+08
265.485 -2.65485e+08
265.579 -2.65579e+08
265.672 -2.65672e+08
265.766 -2.65766e+08
265.859 -2.65859e+08
265.953 -2.65953e+08
266.046 -2.66046e+08
266.14 -2.6614e+08
266.233 -2.66233e+08
266.327 -2.66327e+08
266.42 -2.6642e+08
266.514 -2.66514e+08
266.607 -2.66607e+08
266.701 -2.66701e+08
266.794 -2.66794e+08
266.888 -2.66888e+08
266.981 -2.66981e+08
267.075 -2.67075e+08
267.168 -2.67168e+08
267.262 -2.67262e+08
267.355 -2.67355e+08
267.449 -2.67449e+08
267.542 -2.67542e+08
267.636 -2.67636e+08
267.729 -2.67729e+08
267.823 -2.67823e+08
267.916 -2.67916e+08
268.01 -2.6801e+08
268.103 -2.68103e+08
268.197 -2.68197e+08
268.29 -2.6829e+08
268.384 -2.68384e+08
268.477 -2.68477e+08
268.571 -2.68571e+08
268.664 -2.68664e+08
268.758 -2.68758e+08
268.851 -2.68851e+08
268.945 -2.68945e+08
269.038 -2.69038e+08
269.132 -2.69132e+08
269.225 -2.69225e+08
269.319 -2.69319e+08
269.412 -2.69412e+08
269.506 -2.69506e+08
269.599 -2.69599e+08
269.693 -2.69693e+08
269.786 -2.69786e+08
269.88 -2.6988e+08
269.973 -2.69973e+08
270.067 -2.70067e+08
270.16 -2.7016e+08
270.254 -2.70254e+08
270.347 -2.70347e+08
270.441 -2.70441e+08
270.534 -2.70534e+08
270.628 -2.70628e+08
270.721 -2.70721e+08
270.815 -2.70815e+08
270.908 -2.70908e+08
271.002 -2.71002e+08
271.095 -2.71095e+08
271.189 -2.71189e+08
271.282 -2.71282e+08
271.376 -2.71376e+08
271.469 -2.71469e+08
271.563 -2.71563e+08
271.656 -2.71656e+08
271.75 -2.7175e+08
