0.01 0 -5.39994e-06 -8.0302e-06 2.32583e-05
0.02 0 -5.10491e-06 -7.68446e-06 2.35968e-05
0.03 0 -4.87954e-06 -7.3395e-06 2.39316e-05
0.04 0 -5.05335e-06 -7.35834e-06 2.39203e-05
0.05 0 -5.64339e-06 -7.86114e-06 2.34725e-05
0.06 0 -6.52496e-06 -8.84998e-06 2.26005e-05
0.07 0 -7.59206e-06 -1.03207e-05 2.12867e-05
0.08 0 -8.76016e-06 -1.22384e-05 1.95034e-05
0.09 0 -9.97439e-06 -1.454e-05 1.72182e-05
0.1 0 -1.12077e-05 -1.7147e-05 1.44033e-05
0.11 0 -1.24522e-05 -1.99816e-05 1.10445e-05
0.12 0 -1.37087e-05 -2.29821e-05 7.14851e-06
0.13 0 -1.49809e-05 -2.61119e-05 2.74593e-06
0.14 0 -1.62712e-05 -2.93591e-05 -2.10903e-06
0.15 0 -1.75817e-05 -3.27292e-05 -7.34233e-06
0.16 0 -1.8917e-05 -3.62355e-05 -1.28674e-05
0.17 0 -2.0287e-05 -3.98884e-05 -1.85932e-05
0.18 0 -2.17077e-05 -4.36881e-05 -2.44311e-05
0.19 0 -2.31982e-05 -4.76216e-05 -3.03011e-05
0.2 0 -2.47758e-05 -5.16629e-05 -3.61349e-05
0.21 0 -2.64487e-05 -5.5775e-05 -4.18757e-05
0.22 0 -2.82091e-05 -5.99116e-05 -4.74758e-05
0.23 0 -3.0031e-05 -6.40193e-05 -5.28937e-05
0.24 0 -3.18714e-05 -6.80398e-05 -5.80918e-05
0.25 0 -3.3677e-05 -7.19122e-05 -6.30353e-05
0.26 0 -3.53935e-05 -7.55775e-05 -6.76936e-05
0.27 0 -3.69735e-05 -7.89821e-05 -7.20399e-05
0.28 0 -3.83829e-05 -8.20816e-05 -7.60518e-05
0.29 0 -3.96038e-05 -8.48441e-05 -7.97107e-05
0.3 0 -4.06336e-05 -8.72528e-05 -8.30013e-05
0.31 0 -4.1483e-05 -8.93062e-05 -8.59113e-05
0.32 0 -4.21695e-05 -9.10149e-05 -8.8429e-05
0.33 0 -4.27125e-05 -9.23975e-05 -9.05426e-05
0.34 0 -4.31308e-05 -9.34763e-05 -9.22414e-05
0.35 0 -4.34417e-05 -9.42751e-05 -9.35186e-05
0.36 0 -4.36605e-05 -9.48162e-05 -9.43739e-05
0.37 0 -4.37972e-05 -9.51156e-05 -9.48113e-05
0.38 0 -4.38531e-05 -9.51794e-05 -9.48373e-05
0.39 0 -4.38207e-05 -9.50022e-05 -9.44585e-05
0.4 0 -4.36866e-05 -9.45709e-05 -9.3683e-05
0.41 0 -4.3435e-05 -9.38684e-05 -9.25205e-05
0.42 0 -4.30503e-05 -9.28773e-05 -9.09811e-05
0.43 0 -4.25192e-05 -9.15832e-05 -8.90749e-05
0.44 0 -4.18331e-05 -8.99778e-05 -8.68114e-05
0.45 0 -4.09905e-05 -8.80617e-05 -8.42005e-05
0.46 0 -3.99979e-05 -8.58459e-05 -8.12542e-05
0.47 0 -3.88696e-05 -8.33518e-05 -7.79865e-05
0.48 0 -3.76257e-05 -8.06089e-05 -7.44146e-05
0.49 0 -3.62929e-05 -7.76557e-05 -7.05623e-05
0.5 0 -3.49039e-05 -7.454e-05 -6.64633e-05
0.51 0 -3.34937e-05 -7.13158e-05 -6.21615e-05
0.52 0 -3.20928e-05 -6.80366e-05 -5.7707e-05
0.53 0 -3.07209e-05 -6.4748e-05 -5.31509e-05
0.54 0 -2.93845e-05 -6.14835e-05 -4.85424e-05
0.55 0 -2.80796e-05 -5.82631e-05 -4.3927e-05
0.56 0 -2.67959e-05 -5.50954e-05 -3.93468e-05
0.57 0 -2.55187e-05 -5.19786e-05 -3.48378e-05
0.58 0 -2.42312e-05 -4.8902e-05 -3.04267e-05
0.59 0 -2.29198e-05 -4.58529e-05 -2.61326e-05
0.6 0 -2.15865e-05 -4.28313e-05 -2.19773e-05
0.61 0 -2.02541e-05 -3.98604e-05 -1.79924e-05
0.62 0 -1.89619e-05 -3.69866e-05 -1.42188e-05
0.63 0 -1.77518e-05 -3.42697e-05 -1.06989e-05
0.64 0 -1.66551e-05 -3.17676e-05 -7.46675e-06
0.65 0 -1.56819e-05 -2.95192e-05 -4.53912e-06
0.66 0 -1.48175e-05 -2.75322e-05 -1.90948e-06
0.67 0 -1.40259e-05 -2.57771e-05 4.53321e-07
0.68 0 -1.32591e-05 -2.41903e-05 2.6019e-06
0.69 0 -1.24695e-05 -2.26864e-05 4.60296e-06
0.7 0 -1.16203e-05 -2.1175e-05 6.52899e-06
0.71 0 -1.0693e-05 -1.95777e-05 8.45045e-06
0.72 0 -9.692e-06 -1.78458e-05 1.04259e-05
0.73 0 -8.64857e-06 -1.59748e-05 1.24904e-05
0.74 0 -7.61772e-06 -1.40095e-05 1.46482e-05
0.75 0 -6.66302e-06 -1.20313e-05 1.6877e-05
0.76 0 -5.83527e-06 -1.01327e-05 1.91414e-05
0.77 0 -5.15619e-06 -8.38846e-06 2.1407e-05
0.78 0 -4.61541e-06 -6.83795e-06 2.36465e-05
0.79 0 -4.18001e-06 -5.48202e-06 2.58377e-05
0.8 0 -3.81006e-06 -4.29103e-06 2.79579e-05
0.81 0 -3.47163e-06 -3.2196e-06 2.99795e-05
0.82 0 -3.14159e-06 -2.22312e-06 3.18694e-05
0.83 0 -2.80761e-06 -1.26841e-06 3.35935e-05
0.84 0 -2.46736e-06 -3.42018e-07 3.5118e-05
0.85 0 -2.12969e-06 5.42618e-07 3.64101e-05
0.86 0 -1.81666e-06 1.34313e-06 3.74341e-05
0.87 0 -1.56172e-06 1.99358e-06 3.81515e-05
0.88 0 -1.40201e-06 2.41848e-06 3.85249e-05
0.89 0 -1.36762e-06 2.55111e-06 3.85256e-05
0.9 0 -1.47431e-06 2.34853e-06 3.81399e-05
0.91 0 -1.72358e-06 1.79745e-06 3.73681e-05
0.92 0 -2.1109e-06 9.07421e-07 3.6217e-05
0.93 0 -2.63686e-06 -3.04622e-07 3.4688e-05
0.94 0 -3.30838e-06 -1.82364e-06 3.27743e-05
0.95 0 -4.12476e-06 -3.63073e-06 3.04741e-05
0.96 0 -5.06226e-06 -5.69098e-06 2.78068e-05
0.97 0 -6.07348e-06 -7.94924e-06 2.48191e-05
0.98 0 -7.10217e-06 -1.03377e-05 2.15771e-05
0.99 0 -8.10354e-06 -1.27904e-05 1.81519e-05
1 0 -9.06278e-06 -1.52616e-05 1.46018e-05
1.01 0 -1.0007e-05 -1.7745e-05 1.09553e-05
1.02 0 -1.10024e-05 -2.02835e-05 7.20269e-06
1.03 0 -1.21322e-05 -2.29586e-05 3.30398e-06
1.04 0 -1.34644e-05 -2.58642e-05 -7.90296e-07
1.05 0 -1.50344e-05 -2.90831e-05 -5.12708e-06
1.06 0 -1.68552e-05 -3.26857e-05 -9.76018e-06
1.07 0 -1.89439e-05 -3.67452e-05 -1.47735e-05
1.08 0 -2.13391e-05 -4.13519e-05 -2.02969e-05
1.09 0 -2.40902e-05 -4.66057e-05 -2.64938e-05
1.1 0 -2.72178e-05 -5.25808e-05 -3.35196e-05
1.11 0 -3.06702e-05 -5.92775e-05 -4.14656e-05
1.12 0 -3.43084e-05 -6.65901e-05 -5.03212e-05
1.13 0 -3.79364e-05 -7.43139e-05 -5.99732e-05
1.14 0 -4.13551e-05 -8.21833e-05 -7.02319e-05
1.15 0 -4.44094e-05 -8.99162e-05 -8.08585e-05
1.16 0 -4.70137e-05 -9.7256e-05 -9.15868e-05
1.17 0 -4.91575e-05 -0.000104007 -0.000102142
1.18 0 -5.08847e-05 -0.000110053 -0.000112254
1.19 0 -5.22578e-05 -0.000115329 -0.000121649
1.2 0 -5.33264e-05 -0.00011979 -0.000130041
1.21 0 -5.41094e-05 -0.000123392 -0.000137136
1.22 0 -5.46083e-05 -0.000126089 -0.000142663
1.23 0 -5.48326e-05 -0.000127839 -0.00014641
1.24 0 -5.48113e-05 -0.000128619 -0.000148255
1.25 0 -5.45848e-05 -0.000128427 -0.000148164
1.26 0 -5.41832e-05 -0.00012727 -0.000146178
1.27 0 -5.36044e-05 -0.000125164 -0.000142397
1.28 0 -5.2805e-05 -0.000122116 -0.000136951
1.29 0 -5.17094e-05 -0.000118127 -0.000129995
1.3 0 -5.02294e-05 -0.000113198 -0.000121693
1.31 0 -4.8287e-05 -0.000107337 -0.00011222
1.32 0 -4.58323e-05 -0.000100568 -0.000101752
1.33 0 -4.28537e-05 -9.294e-05 -9.04621e-05
1.34 0 -3.93768e-05 -8.4525e-05 -7.85109e-05
1.35 0 -3.54482e-05 -7.54115e-05 -6.60293e-05
1.36 0 -3.11084e-05 -6.56767e-05 -5.30933e-05
1.37 0 -2.63687e-05 -5.53575e-05 -3.97026e-05
1.38 0 -2.12037e-05 -4.4432e-05 -2.5773e-05
1.39 0 -1.55651e-05 -3.28195e-05 -1.11492e-05
1.4 0 -9.41794e-06 -2.04126e-05 4.35643e-06
1.41 0 -2.78506e-06 -7.13127e-06 2.09075e-05
1.42 0 4.22719e-06 7.02341e-06 3.85926e-05
1.43 0 1.14401e-05 2.1947e-05 5.74036e-05
1.44 0 1.86511e-05 3.74442e-05 7.7246e-05
1.45 0 2.56854e-05 5.32724e-05 9.79688e-05
1.46 0 3.24288e-05 6.9187e-05 0.000119389
1.47 0 3.88443e-05 8.49731e-05 0.000141302
1.48 0 4.49556e-05 0.000100471 0.000163483
1.49 0 5.08133e-05 0.000115579 0.000185678
1.5 0 5.64774e-05 0.000130248 0.000207622
1.51 0 6.20136e-05 0.000144476 0.000229056
1.52 0 6.74949e-05 0.000158303 0.000249757
1.53 0 7.29888e-05 0.000171781 0.000269548
1.54 0 7.85317e-05 0.000184939 0.000288288
1.55 0 8.40989e-05 0.000197732 0.000305851
1.56 0 8.95841e-05 0.000210021 0.000322097
1.57 0 9.48063e-05 0.00022156 0.000336859
1.58 0 9.95331e-05 0.000232017 0.000349942
1.59 0 0.000103503 0.000241002 0.000361111
1.6 0 0.000106439 0.000248074 0.000370069
1.61 0 0.000108061 0.00025277 0.000376451
1.62 0 0.00010813 0.000254645 0.000379836
1.63 0 0.000106511 0.000253349 0.000379807
1.64 0 0.00010322 0.0002487 0.00037602
1.65 0 9.84353e-05 0.000240729 0.000368251
1.66 0 9.24533e-05 0.000229661 0.000356414
1.67 0 8.56085e-05 0.000215868 0.000340543
1.68 0 7.81933e-05 0.000199775 0.000320768
1.69 0 7.03905e-05 0.000181765 0.000297267
1.7 0 6.22368e-05 0.000162091 0.000270236
1.71 0 5.3625e-05 0.00014083 0.000239859
1.72 0 4.43483e-05 0.000117889 0.000206311
1.73 0 3.41675e-05 9.30566e-05 0.000169762
1.74 0 2.28684e-05 6.60771e-05 0.000130395
1.75 0 1.03018e-05 3.67286e-05 8.83968e-05
1.76 0 -3.58283e-06 4.90277e-06 4.39743e-05
1.77 0 -1.87089e-05 -2.9326e-05 -2.62349e-06
1.78 0 -3.48698e-05 -6.5668e-05 -5.1088e-05
1.79 0 -5.17676e-05 -0.000103648 -0.000101061
1.8 0 -6.90984e-05 -0.000142702 -0.00015218
1.81 0 -8.66405e-05 -0.000182319 -0.000204143
1.82 0 -0.000104262 -0.000222137 -0.000256747
1.83 0 -0.000121886 -0.00026192 -0.00030985
1.84 0 -0.000139437 -0.000301495 -0.000363274
1.85 0 -0.000156756 -0.000340684 -0.000416723
1.86 0 -0.000173593 -0.000379227 -0.000469765
1.87 0 -0.000189671 -0.000416775 -0.000521856
1.88 0 -0.000204762 -0.000452933 -0.000572408
1.89 0 -0.000218743 -0.000487302 -0.000620843
1.9 0 -0.000231595 -0.000519534 -0.000666629
1.91 0 -0.000243365 -0.000549337 -0.000709284
1.92 0 -0.000254113 -0.000576483 -0.000748358
1.93 0 -0.000263862 -0.000600788 -0.00078343
1.94 0 -0.000272554 -0.000622077 -0.000814085
1.95 0 -0.000280021 -0.000640115 -0.000839883
1.96 0 -0.000285986 -0.000654557 -0.00086034
1.97 0 -0.000290128 -0.00066497 -0.000874961
1.98 0 -0.000292169 -0.000670898 -0.000883303
1.99 0 -0.000291921 -0.000671912 -0.000885001
2 0 -0.00028927 -0.000667646 -0.000879752
2.01 0 -0.000284141 -0.000657802 -0.000867292
2.02 0 -0.000276463 -0.000642152 -0.000847365
2.03 0 -0.000266135 -0.000620504 -0.000819696
2.04 0 -0.000253017 -0.000592669 -0.000783969
2.05 0 -0.000236953 -0.000558449 -0.000739837
2.06 0 -0.00021784 -0.000517676 -0.000686993
2.07 0 -0.00019573 -0.000470308 -0.000625273
2.08 0 -0.000170866 -0.000416511 -0.000554735
2.09 0 -0.00014365 -0.00035668 -0.000475684
2.1 0 -0.000114534 -0.000291387 -0.00038862
2.11 0 -8.38911e-05 -0.000221279 -0.000294157
2.12 0 -5.19393e-05 -0.000146964 -0.000192949
2.13 0 -1.87668e-05 -6.89886e-05 -8.56954e-05
2.14 0 1.55529e-05 1.21228e-05 2.67883e-05
2.15 0 5.08489e-05 9.57794e-05 0.000143497
2.16 0 8.68103e-05 0.00018127 0.000263215
2.17 0 0.000123022 0.000267756 0.000384561
2.18 0 0.000159036 0.00035431 0.000506074
2.19 0 0.000194467 0.000439981 0.000626323
2.2 0 0.000229011 0.000523863 0.000743964
2.21 0 0.000262381 0.000605052 0.000857703
2.22 0 0.000294252 0.000682566 0.000966223
2.23 0 0.000324157 0.000755326 0.00106812
2.24 0 0.000351473 0.000822133 0.00116189
2.25 0 0.000375508 0.000881706 0.00124595
2.26 0 0.000395601 0.000932775 0.00131876
2.27 0 0.000411204 0.000974154 0.00137883
2.28 0 0.000421908 0.00100478 0.00142481
2.29 0 0.00042741 0.00102375 0.00145543
2.3 0 0.000427504 0.00103032 0.00146955
2.31 0 0.000422112 0.00102396 0.00146625
2.32 0 0.000411337 0.0010045 0.00144489
2.33 0 0.000395484 0.00097211 0.00140523
2.34 0 0.00037499 0.000927309 0.00134747
2.35 0 0.00035028 0.000870807 0.0012721
2.36 0 0.000321629 0.000803324 0.00117982
2.37 0 0.00028912 0.00072547 0.00107148
2.38 0 0.000252759 0.000637803 0.000948076
2.39 0 0.0002127 0.000541004 0.000810983
2.4 0 0.000169378 0.000436054 0.000661995
2.41 0 0.000123473 0.000324279 0.000503307
2.42 0 7.57274e-05 0.000207234 0.000337316
2.43 0 2.67547e-05 8.65373e-05 0.000166414
2.44 0 -2.30313e-05 -3.62712e-05 -7.1452e-06
2.45 0 -7.33598e-05 -0.000159788 -0.000181284
2.46 0 -0.000123969 -0.00028273 -0.000354053
2.47 0 -0.000174481 -0.000403874 -0.000523577
2.48 0 -0.000224332 -0.000521989 -0.000688008
2.49 0 -0.000272752 -0.000635754 -0.000845495
2.5 0 -0.00031878 -0.000743675 -0.000994136
2.51 0 -0.000361269 -0.000844 -0.00113191
2.52 0 -0.000398879 -0.000934627 -0.00125661
2.53 0 -0.000430249 -0.00101317 -0.00136581
2.54 0 -0.000454221 -0.00107723 -0.00145703
2.55 0 -0.000469932 -0.00112457 -0.00152782
2.56 0 -0.000476866 -0.00115336 -0.00157588
2.57 0 -0.000474886 -0.00116231 -0.00159917
2.58 0 -0.000464195 -0.00115078 -0.00159603
2.59 0 -0.000445256 -0.00111874 -0.00156522
2.6 0 -0.000418641 -0.00106667 -0.00150595
2.61 0 -0.000384887 -0.000995318 -0.00141791
2.62 0 -0.000344422 -0.000905528 -0.00130122
2.63 0 -0.000297533 -0.000798085 -0.00115643
2.64 0 -0.000244393 -0.000673693 -0.00098455
2.65 0 -0.000185125 -0.000533009 -0.000787031
2.66 0 -0.000119894 -0.00037677 -0.0005658
2.67 0 -4.90325e-05 -0.000205993 -0.000323294
2.68 0 2.69025e-05 -2.21281e-05 -6.24475e-05
2.69 0 0.00010718 0.000172928 0.000213428
2.7 0 0.000191022 0.000376951 0.00050084
2.71 0 0.000277644 0.000587502 0.000796245
2.72 0 0.000366171 0.000801949 0.00109604
2.73 0 0.000455489 0.00101743 0.00139648
2.74 0 0.000544143 0.00123083 0.00169362
2.75 0 0.000630478 0.00143887 0.00198333
2.76 0 0.00071281 0.00163824 0.00226151
2.77 0 0.000789512 0.00182575 0.00252421
2.78 0 0.000859293 0.0019984 0.0027677
2.79 0 0.000921225 0.0021536 0.00298853
2.8 0 0.000974534 0.00228908 0.00318342
2.81 0 0.00101845 0.00240275 0.00334921
2.82 0 0.00105214 0.0024926 0.00348277
2.83 0 0.00107474 0.00255676 0.00358114
2.84 0 0.00108554 0.00259355 0.00364166
2.85 0 0.00108422 0.00260175 0.0036623
2.86 0 0.00107089 0.00258074 0.0036418
2.87 0 0.00104611 0.00253066 0.00357978
2.88 0 0.00101067 0.00245229 0.00347671
2.89 0 0.000965407 0.00234694 0.00333381
2.9 0 0.000910904 0.00221614 0.00315281
2.91 0 0.000847429 0.0020614 0.00293579
2.92 0 0.00077499 0.0018841 0.00268509
2.93 0 0.000693548 0.00168554 0.00240336
2.94 0 0.000603255 0.00146709 0.00209361
2.95 0 0.00050455 0.00123027 0.00175916
2.96 0 0.000398151 0.000976897 0.00140357
2.97 0 0.000285024 0.000709124 0.00103051
2.98 0 0.000166323 0.000429464 0.000643721
2.99 0 4.32934e-05 0.000140715 0.000246887
3 0 -8.27945e-05 -0.000154164 -0.000156425
3.01 0 -0.000210664 -0.00045217 -0.000562784
3.02 0 -0.000339022 -0.00075035 -0.000968869
3.03 0 -0.00046653 -0.00104584 -0.00137141
3.04 0 -0.000591808 -0.00133584 -0.00176706
3.05 0 -0.000713375 -0.00161765 -0.00215237
3.06 0 -0.000829524 -0.00188844 -0.00252384
3.07 0 -0.000938656 -0.00214534 -0.00287791
3.08 0 -0.0010397 -0.00238578 -0.0032112
3.09 0 -0.00113205 -0.00260765 -0.00352069
3.1 0 -0.00121546 -0.00280927 -0.00380369
3.11 0 -0.00128979 -0.00298928 -0.00405773
3.12 0 -0.00135471 -0.00314642 -0.00428041
3.13 0 -0.0014096 -0.00327935 -0.00446924
3.14 0 -0.00145356 -0.00338651 -0.00462177
3.15 0 -0.00148559 -0.00346626 -0.00473567
3.16 0 -0.00150488 -0.00351703 -0.00480898
3.17 0 -0.00151093 -0.00353749 -0.0048402
3.18 0 -0.00150356 -0.00352669 -0.00482837
3.19 0 -0.00148288 -0.00348418 -0.00477306
3.2 0 -0.00144913 -0.00340997 -0.00467432
3.21 0 -0.00140263 -0.00330457 -0.00453268
3.22 0 -0.00134382 -0.00316895 -0.00434913
3.23 0 -0.00127319 -0.00300447 -0.00412514
3.24 0 -0.00119124 -0.00281266 -0.00386254
3.25 0 -0.00109844 -0.00259513 -0.00356345
3.26 0 -0.000995329 -0.00235355 -0.00323031
3.27 0 -0.000882683 -0.00208979 -0.00286598
3.28 0 -0.000761656 -0.00180616 -0.00247392
3.29 0 -0.000633832 -0.00150558 -0.00205824
3.3 0 -0.000501163 -0.00119164 -0.00162371
3.31 0 -0.000365803 -0.000868551 -0.0011757
3.32 0 -0.000229824 -0.000540871 -0.000719888
3.33 0 -9.49591e-05 -0.000213114 -0.000262013
3.34 0 3.74931e-05 0.000110574 0.000192358
3.35 0 0.000166599 0.000426531 0.000637873
3.36 0 0.000291505 0.000731508 0.00106934
3.37 0 0.000411192 0.00102256 0.00148172
3.38 0 0.000524541 0.00129692 0.00187014
3.39 0 0.000630345 0.00155196 0.00223003
3.4 0 0.000727391 0.00178508 0.00255726
3.41 0 0.00081459 0.00199386 0.00284826
3.42 0 0.000891021 0.00217601 0.00310007
3.43 0 0.000955969 0.00232962 0.00331044
3.44 0 0.00100895 0.0024532 0.00347787
3.45 0 0.00104969 0.00254586 0.00360156
3.46 0 0.00107801 0.0026072 0.00368137
3.47 0 0.00109373 0.00263732 0.00371765
3.48 0 0.00109678 0.0026367 0.00371121
3.49 0 0.00108718 0.00260614 0.00366328
3.5 0 0.00106512 0.0025467 0.00357551
3.51 0 0.00103094 0.00245965 0.00344986
3.52 0 0.000985098 0.00234638 0.00328851
3.53 0 0.000928166 0.00220834 0.00309381
3.54 0 0.000860844 0.00204717 0.00286828
3.55 0 0.000784009 0.00186471 0.00261462
3.56 0 0.000698721 0.00166311 0.00233574
3.57 0 0.000606205 0.00144482 0.00203479
3.58 0 0.000507797 0.00121257 0.0017151
3.59 0 0.000404857 0.00096925 0.00138017
3.6 0 0.000298636 0.000717749 0.00103351
3.61 0 0.000190147 0.000460722 0.000678523
3.62 0 8.01091e-05 0.000200438 0.000318362
3.63 0 -3.09512e-05 -6.12238e-05 -4.40452e-05
3.64 0 -0.000142476 -0.000322585 -0.000405863
3.65 0 -0.000253631 -0.000581872 -0.000764146
3.66 0 -0.000363192 -0.000836968 -0.0011157
3.67 0 -0.000469639 -0.00108534 -0.00145712
3.68 0 -0.000571432 -0.00132418 -0.00178495
3.69 0 -0.000667331 -0.00155077 -0.00209599
3.7 0 -0.000756559 -0.00176271 -0.00238747
3.71 0 -0.000838724 -0.00195813 -0.00265706
3.72 0 -0.000913541 -0.00213552 -0.00290267
3.73 0 -0.000980531 -0.00229355 -0.00312225
3.74 0 -0.00103885 -0.00243082 -0.0033136
3.75 0 -0.00108735 -0.00254573 -0.00347436
3.76 0 -0.00112484 -0.00263655 -0.00360217
3.77 0 -0.00115048 -0.00270168 -0.00369501
3.78 0 -0.00116406 -0.00274006 -0.00375153
3.79 0 -0.00116614 -0.00275145 -0.00377124
3.8 0 -0.0011578 -0.00273649 -0.00375454
3.81 0 -0.0011402 -0.00269646 -0.00370243
3.82 0 -0.00111409 -0.00263282 -0.00361608
3.83 0 -0.00107954 -0.00254676 -0.00349662
3.84 0 -0.00103603 -0.00243897 -0.00334502
3.85 0 -0.000982801 -0.00230965 -0.00316219
3.86 0 -0.000919155 -0.0021587 -0.00294913
3.87 0 -0.000844805 -0.00198597 -0.00270708
3.88 0 -0.000759984 -0.00179163 -0.00243758
3.89 0 -0.00066543 -0.0015764 -0.00214249
3.9 0 -0.000562276 -0.00134173 -0.00182394
3.91 0 -0.00045192 -0.00108979 -0.00148435
3.92 0 -0.000335879 -0.000823388 -0.00112639
3.93 0 -0.000215688 -0.000545745 -0.000752924
3.94 0 -9.29325e-05 -0.000260349 -0.000367196
3.95 0 3.06549e-05 2.91063e-05 2.70786e-05
3.96 0 0.000153211 0.000318815 0.000425625
3.97 0 0.000272851 0.000604967 0.000823663
3.98 0 0.000387786 0.000883817 0.00121601
3.99 0 0.000496405 0.0011517 0.00159716
4 0 0.000597318 0.00140503 0.00196142
4.01 0 0.000689425 0.00164039 0.0023031
4.02 0 0.000772042 0.00185473 0.00261682
4.03 0 0.000844995 0.00204563 0.0028979
4.04 0 0.000908607 0.00221153 0.00314261
4.05 0 0.000963471 0.00235166 0.00334831
4.06 0 0.00101006 0.0024658 0.00351323
4.07 0 0.00104833 0.00255381 0.00363624
4.08 0 0.00107752 0.00261521 0.00371658
4.09 0 0.00109621 0.00264899 0.00375372
4.1 0 0.00110273 0.00265377 0.00374743
4.11 0 0.00109566 0.00262815 0.00369798
4.12 0 0.00107425 0.00257117 0.00360639
4.13 0 0.00103857 0.00248276 0.00347443
4.14 0 0.000989331 0.00236385 0.00330445
4.15 0 0.000927592 0.00221623 0.00309907
4.16 0 0.000854377 0.00204222 0.00286093
4.17 0 0.000770608 0.0018444 0.00259253
4.18 0 0.000677205 0.0016255 0.00229636
4.19 0 0.000575298 0.00138831 0.00197509
4.2 0 0.000466364 0.00113574 0.00163174
4.21 0 0.000352245 0.000870885 0.00126985
4.22 0 0.000235086 0.000597135 0.000893528
4.23 0 0.000117224 0.000318275 0.000507526
4.24 0 1.0072e-06 3.8507e-05 0.000117192
4.25 0 -0.000111472 -0.000237744 -0.000271735
4.26 0 -0.000218702 -0.000506245 -0.000653499
4.27 0 -0.000320001 -0.000763444 -0.00102276
4.28 0 -0.000415476 -0.00100679 -0.00137485
4.29 0 -0.000505631 -0.00123466 -0.00170581
4.3 0 -0.000590725 -0.00144588 -0.00201198
4.31 0 -0.00067021 -0.00163906 -0.00228971
4.32 0 -0.000742541 -0.0018121 -0.00253509
4.33 0 -0.000805464 -0.00196203 -0.00274408
4.34 0 -0.000856601 -0.00208533 -0.00291291
4.35 0 -0.0008941 -0.00217852 -0.00303849
4.36 0 -0.000917065 -0.00223887 -0.00311885
4.37 0 -0.000925643 -0.00226492 -0.00315327
4.38 0 -0.000920726 -0.00225667 -0.00314216
4.39 0 -0.000903418 -0.00221533 -0.00308672
4.4 0 -0.000874554 -0.00214283 -0.00298853
4.41 0 -0.000834503 -0.00204132 -0.0028493
4.42 0 -0.000783311 -0.00191285 -0.00267091
4.43 0 -0.000721103 -0.00175933 -0.00245561
4.44 0 -0.000648479 -0.00158275 -0.00220628
4.45 0 -0.000566675 -0.00138539 -0.00192664
4.46 0 -0.000477433 -0.00116997 -0.0016211
4.47 0 -0.000382707 -0.000939664 -0.00129461
4.48 0 -0.000284393 -0.000698097 -0.000952417
4.49 0 -0.000184163 -0.000449202 -0.000599946
4.5 0 -8.337e-05 -0.000197011 -0.000242572
4.51 0 1.69923e-05 5.46556e-05 0.000114543
4.52 0 0.000116218 0.00030242 0.00046658
4.53 0 0.000213711 0.000543428 0.000809091
4.54 0 0.000308791 0.00077528 0.00113797
4.55 0 0.000400589 0.000995879 0.00144945
4.56 0 0.000488016 0.00120325 0.00174005
4.57 0 0.000569833 0.00139539 0.00200667
4.58 0 0.000644779 0.00157025 0.00224657
4.59 0 0.000711687 0.00172576 0.00245749
4.6 0 0.000769546 0.0018599 0.00263757
4.61 0 0.00081753 0.00197089 0.00278537
4.62 0 0.000854994 0.00205723 0.00289984
4.63 0 0.000881446 0.00211786 0.0029802
4.64 0 0.000896542 0.00215215 0.00302596
4.65 0 0.000900098 0.00215991 0.0030369
4.66 0 0.000892121 0.00214136 0.00301304
4.67 0 0.00087284 0.0020971 0.00295474
4.68 0 0.000842754 0.00202806 0.00286271
4.69 0 0.000802692 0.00193561 0.00273818
4.7 0 0.000753811 0.00182155 0.00258296
4.71 0 0.000697444 0.00168807 0.00239945
4.72 0 0.000634823 0.00153749 0.00219035
4.73 0 0.000566792 0.00137198 0.00195849
4.74 0 0.000493698 0.00119331 0.00170654
4.75 0 0.000415563 0.00100287 0.00143709
4.76 0 0.000332467 0.00080193 0.00115283
4.77 0 0.000244934 0.000592038 0.000856839
4.78 0 0.000154115 0.000375331 0.000552708
4.79 0 6.16881e-05 0.000154634 0.000244516
4.8 0 -3.0524e-05 -6.67552e-05 -6.34686e-05
4.81 0 -0.000120963 -0.000285445 -0.000367154
4.82 0 -0.000208526 -0.000498288 -0.000662835
4.83 0 -0.000292523 -0.000702578 -0.000947233
4.84 0 -0.000372486 -0.000896112 -0.00121744
4.85 0 -0.000447994 -0.00107718 -0.00147083
4.86 0 -0.000518602 -0.00124451 -0.00170511
4.87 0 -0.000583817 -0.00139716 -0.00191828
4.88 0 -0.000643084 -0.00153436 -0.00210864
4.89 0 -0.000695828 -0.00165536 -0.00227478
4.9 0 -0.000741572 -0.00175945 -0.0024157
4.91 0 -0.000780078 -0.00184609 -0.00253091
4.92 0 -0.000811416 -0.00191508 -0.00262047
4.93 0 -0.000835881 -0.00196658 -0.00268502
4.94 0 -0.000853784 -0.00200104 -0.00272552
4.95 0 -0.000865315 -0.0020191 -0.00274312
4.96 0 -0.000870573 -0.00202158 -0.00273916
4.97 0 -0.000869674 -0.00200946 -0.00271513
4.98 0 -0.000862842 -0.00198387 -0.00267273
4.99 0 -0.000850401 -0.00194603 -0.00261379
5 0 -0.00083268 -0.00189707 -0.0025401
5.01 0 -0.000809934 -0.00183792 -0.00245328
5.02 0 -0.00078233 -0.00176932 -0.00235469
5.03 0 -0.000749979 -0.00169178 -0.00224546
5.04 0 -0.000712978 -0.00160571 -0.00212645
5.05 0 -0.000671482 -0.00151144 -0.00199832
5.06 0 -0.000625834 -0.00140942 -0.00186165
5.07 0 -0.000576665 -0.00130042 -0.00171713
5.08 0 -0.000524906 -0.00118559 -0.00156569
5.09 0 -0.00047165 -0.00106641 -0.00140846
5.1 0 -0.000417909 -0.000944486 -0.00124668
5.11 0 -0.000364375 -0.000821271 -0.00108149
5.12 0 -0.000311347 -0.000697844 -0.000913916
5.13 0 -0.00025884 -0.000574906 -0.000744892
5.14 0 -0.000206821 -0.000452922 -0.000575417
5.15 0 -0.000155467 -0.000332393 -0.000406769
5.16 0 -0.000105274 -0.000214079 -0.000240597
5.17 0 -5.69309e-05 -9.90306e-05 -7.88161e-05
5.18 0 -1.10089e-05 1.1607e-05 7.66882e-05
5.19 0 3.23079e-05 0.000116873 0.000224371
5.2 0 7.32556e-05 0.00021617 0.000363178
5.21 0 0.000112335 0.000309307 0.000492528
5.22 0 0.000150089 0.000396447 0.000612237
5.23 0 0.000186922 0.000478013 0.000722427
5.24 0 0.000223002 0.000554551 0.000823462
5.25 0 0.00025825 0.000626589 0.000915888
5.26 0 0.00029237 0.000694503 0.00100038
5.27 0 0.000324932 0.000758435 0.00107766
5.28 0 0.000355474 0.000818308 0.0011485
5.29 0 0.000383562 0.000873858 0.00121361
5.3 0 0.000408818 0.000924693 0.00127359
5.31 0 0.000430999 0.000970469 0.00132891
5.32 0 0.000450178 0.00101116 0.00138006
5.33 0 0.000466877 0.00104731 0.00142777
5.34 0 0.000482001 0.00108006 0.00147296
5.35 0 0.000496601 0.00111096 0.00151671
5.36 0 0.000511569 0.00114162 0.00155999
5.37 0 0.000527376 0.00117333 0.00160352
5.38 0 0.000543972 0.00120671 0.00164759
5.39 0 0.000560853 0.00124162 0.00169204
5.4 0 0.000577296 0.00127725 0.00173644
5.41 0 0.000592684 0.0013125 0.00178026
5.42 0 0.000606805 0.00134638 0.00182317
5.43 0 0.000620001 0.00137851 0.00186527
5.44 0 0.000633043 0.00140923 0.00190705
5.45 0 0.000646797 0.00143947 0.00194925
5.46 0 0.000661834 0.00147037 0.00199248
5.47 0 0.000678194 0.0015028 0.00203707
5.48 0 0.000695384 0.0015371 0.00208289
5.49 0 0.000712573 0.0015729 0.00212945
5.5 0 0.00072888 0.00160925 0.002176
5.51 0 0.000743634 0.00164489 0.00222177
5.52 0 0.000756439 0.00167842 0.00226592
5.53 0 0.00076708 0.00170855 0.00230756
5.54 0 0.000775398 0.00173417 0.00234564
5.55 0 0.000781235 0.00175441 0.00237898
5.56 0 0.000784463 0.00176876 0.00240633
5.57 0 0.000785013 0.00177696 0.00242646
5.58 0 0.000782794 0.00177882 0.00243814
5.59 0 0.000777569 0.00177397 0.00244002
5.6 0 0.000768909 0.00176168 0.0024306
5.61 0 0.000756267 0.00174085 0.00240831
5.62 0 0.000739038 0.00171011 0.00237157
5.63 0 0.000716575 0.00166787 0.00231877
5.64 0 0.000688165 0.00161244 0.00224825
5.65 0 0.000653069 0.00154214 0.00215834
5.66 0 0.000610663 0.0014555 0.00204745
5.67 0 0.000560609 0.00135154 0.00191429
5.68 0 0.000502996 0.0012299 0.00175805
5.69 0 0.00043837 0.00109096 0.00157852
5.7 0 0.00036756 0.000935738 0.00137607
5.71 0 0.000291409 0.000765572 0.00115146
5.72 0 0.000210575 0.000581865 0.00090575
5.73 0 0.000125444 0.000385878 0.000640194
5.74 0 3.61857e-05 0.000178655 0.000356237
5.75 0 -5.70752e-05 -3.88919e-05 5.56098e-05
5.76 0 -0.000154102 -0.000265828 -0.000259608
5.77 0 -0.000254441 -0.000501017 -0.000586948
5.78 0 -0.000357369 -0.000742948 -0.000923539
5.79 0 -0.00046196 -0.000989682 -0.00126619
5.8 0 -0.00056722 -0.00123894 -0.00161157
5.81 0 -0.000672169 -0.00148819 -0.00195627
5.82 0 -0.00077586 -0.0017348 -0.00229692
5.83 0 -0.000877377 -0.00197615 -0.00263023
5.84 0 -0.000975845 -0.00220977 -0.00295304
5.85 0 -0.00107047 -0.00243349 -0.0032624
5.86 0 -0.00116056 -0.00264548 -0.00355564
5.87 0 -0.00124535 -0.00284408 -0.00383028
5.88 0 -0.00132385 -0.00302756 -0.00408375
5.89 0 -0.00139475 -0.00319389 -0.00431335
5.9 0 -0.00145663 -0.00334076 -0.00451623
5.91 0 -0.00150828 -0.00346583 -0.00468973
5.92 0 -0.00154887 -0.00356703 -0.00483148
5.93 0 -0.00157802 -0.00364269 -0.0049395
5.94 0 -0.00159552 -0.00369157 -0.00501211
5.95 0 -0.00160116 -0.00371268 -0.00504779
5.96 0 -0.00159453 -0.00370513 -0.00504502
5.97 0 -0.00157511 -0.00366806 -0.00500225
5.98 0 -0.00154225 -0.00360059 -0.00491801
5.99 0 -0.00149542 -0.00350189 -0.00479101
6 0 -0.00143444 -0.0033714 -0.00462043
6.01 0 -0.00135965 -0.00320907 -0.00440612
6.02 0 -0.0012719 -0.0030156 -0.00414873
6.03 0 -0.00117248 -0.00279247 -0.00384978
6.04 0 -0.00106287 -0.00254192 -0.00351159
6.05 0 -0.000944624 -0.00226683 -0.00313723
6.06 0 -0.000819234 -0.00197056 -0.0027305
6.07 0 -0.000688237 -0.00165693 -0.00229598
6.08 0 -0.000553258 -0.00133008 -0.00183905
6.09 0 -0.000416011 -0.000994411 -0.00136582
6.1 0 -0.000278189 -0.000654407 -0.000882942
6.11 0 -0.000141293 -0.000314393 -0.00039727
6.12 0 -6.51709e-06 2.16281e-05 8.44238e-05
6.13 0 0.000125273 0.000350079 0.000555707
6.14 0 0.000253372 0.000667735 0.00101057
6.15 0 0.000376943 0.000971514 0.0014434
6.16 0 0.00049484 0.00125828 0.0018489
6.17 0 0.000605603 0.00152478 0.00222216
6.18 0 0.000707562 0.00176767 0.00255878
6.19 0 0.000799034 0.0019837 0.00285496
6.2 0 0.000878489 0.00216989 0.00310763
6.21 0 0.000944555 0.00232358 0.00331433
6.22 0 0.000995931 0.00244242 0.00347305
6.23 0 0.00103142 0.00252441 0.00358214
6.24 0 0.00105007 0.00256805 0.00364033
6.25 0 0.00105136 0.00257248 0.00364687
6.26 0 0.0010353 0.00253767 0.00360165
6.27 0 0.00100242 0.0024643 0.00350513
6.28 0 0.000953639 0.00235377 0.0033584
6.29 0 0.000890117 0.00220799 0.00316311
6.3 0 0.000813118 0.00202927 0.00292142
6.31 0 0.000723888 0.00182013 0.00263596
6.32 0 0.000623682 0.0015833 0.00230988
6.33 0 0.000513784 0.00132168 0.00194693
6.34 0 0.000395485 0.0010383 0.00155136
6.35 0 0.000270065 0.000736316 0.00112789
6.36 0 0.000138803 0.000419028 0.000681629
6.37 0 2.96998e-06 8.9862e-05 0.000217993
6.38 0 -0.000136179 -0.000247656 -0.000257437
6.39 0 -0.000277381 -0.000589911 -0.000739007
6.4 0 -0.000419341 -0.000933229 -0.00122109
6.41 0 -0.000560705 -0.00127391 -0.00169816
6.42 0 -0.000700033 -0.00160825 -0.00216488
6.43 0 -0.000835754 -0.00193253 -0.00261607
6.44 0 -0.000966097 -0.00224294 -0.00304666
6.45 0 -0.00108905 -0.00253549 -0.00345164
6.46 0 -0.0012024 -0.00280601 -0.00382595
6.47 0 -0.00130382 -0.00305013 -0.0041645
6.48 0 -0.00139112 -0.00326357 -0.00446233
6.49 0 -0.00146249 -0.00344239 -0.00471478
6.5 0 -0.00151664 -0.00358319 -0.00491761
6.51 0 -0.00155271 -0.00368325 -0.0050671
6.52 0 -0.00157024 -0.00374058 -0.00516006
6.53 0 -0.00156913 -0.00375397 -0.00519391
6.54 0 -0.00154967 -0.00372305 -0.00516686
6.55 0 -0.00151252 -0.0036483 -0.00507801
6.56 0 -0.0014585 -0.0035308 -0.0049274
6.57 0 -0.00138843 -0.00337199 -0.00471591
6.58 0 -0.00130316 -0.00317366 -0.00444538
6.59 0 -0.00120362 -0.00293793 -0.00411862
6.6 0 -0.00109083 -0.00266732 -0.00373944
6.61 0 -0.000965977 -0.0023648 -0.00331264
6.62 0 -0.000830485 -0.00203396 -0.00284397
6.63 0 -0.000686093 -0.00167909 -0.00234016
6.64 0 -0.000534837 -0.00130521 -0.00180881
6.65 0 -0.000378891 -0.000917909 -0.00125805
6.66 0 -0.000220374 -0.000523012 -0.000696301
6.67 0 -6.11577e-05 -0.000126226 -0.000131846
6.68 0 9.72825e-05 0.000267247 0.000427523
6.69 0 0.000253789 0.000652872 0.000974682
6.7 0 0.000407232 0.00102669 0.00150314
6.71 0 0.000556261 0.00138509 0.00200693
6.72 0 0.000699202 0.00172457 0.00248057
6.73 0 0.000834101 0.00204165 0.00291905
6.74 0 0.000958889 0.00233278 0.00331793
6.75 0 0.0010716 0.00259453 0.0036734
6.76 0 0.00117062 0.00282377 0.00398242
6.77 0 0.00125477 0.00301798 0.00424282
6.78 0 0.00132329 0.0031753 0.00445314
6.79 0 0.00137569 0.00329451 0.00461245
6.8 0 0.0014115 0.00337483 0.00472007
6.81 0 0.00143021 0.00341582 0.00477547
6.82 0 0.00143126 0.00341718 0.00477815
6.83 0 0.00141422 0.00337874 0.00472771
6.84 0 0.00137902 0.00330063 0.00462414
6.85 0 0.00132611 0.00318335 0.0044679
6.86 0 0.00125635 0.00302785 0.00425996
6.87 0 0.00117094 0.00283561 0.00400187
6.88 0 0.00107138 0.00260873 0.00369582
6.89 0 0.000959261 0.00234988 0.00334467
6.9 0 0.000836189 0.00206218 0.00295184
6.91 0 0.000703611 0.00174901 0.00252129
6.92 0 0.000562724 0.00141377 0.00205731
6.93 0 0.000414547 0.00105972 0.00156454
6.94 0 0.000260067 0.000690084 0.00104793
6.95 0 0.000100358 0.000308036 0.000512787
6.96 0 -6.32706e-05 -8.30587e-05 -3.52483e-05
6.97 0 -0.00022911 -0.00047941 -0.000590087
6.98 0 -0.000395058 -0.000876656 -0.00114522
6.99 0 -0.000558764 -0.00126988 -0.00169386
7 0 -0.000717718 -0.00165365 -0.00222897
7.01 0 -0.000869356 -0.00202224 -0.0027434
7.02 0 -0.00101118 -0.00236978 -0.00322998
7.03 0 -0.00114077 -0.00269049 -0.00368155
7.04 0 -0.00125575 -0.00297875 -0.00409095
7.05 0 -0.00135395 -0.00322936 -0.00445122
7.06 0 -0.00143354 -0.00343773 -0.0047558
7.07 0 -0.00149307 -0.00359995 -0.00499869
7.08 0 -0.0015315 -0.00371285 -0.00517455
7.09 0 -0.00154823 -0.00377407 -0.00527906
7.1 0 -0.0015431 -0.0037821 -0.00530891
7.11 0 -0.00151631 -0.00373619 -0.0052619
7.12 0 -0.00146833 -0.00363646 -0.00513705
7.13 0 -0.00139988 -0.00348381 -0.00493472
7.14 0 -0.00131181 -0.0032798 -0.0046566
7.15 0 -0.00120504 -0.00302659 -0.00430557
7.16 0 -0.00108042 -0.00272678 -0.00388559
7.17 0 -0.000938742 -0.00238331 -0.00340154
7.18 0 -0.000780982 -0.00199961 -0.00285924
7.19 0 -0.000608503 -0.00157975 -0.00226554
7.2 0 -0.000423094 -0.00112854 -0.00162812
7.21 0 -0.000226882 -0.000651354 -0.000955327
7.22 0 -2.2176e-05 -0.000154072 -0.000255874
7.23 0 0.000188772 0.000357296 0.000461538
7.24 0 0.000403829 0.000876781 0.00118841
7.25 0 0.00062079 0.00139845 0.00191645
7.26 0 0.000837196 0.00191633 0.00263741
7.27 0 0.00105029 0.00242435 0.00334315
7.28 0 0.00125716 0.00291644 0.00402567
7.29 0 0.00145478 0.00338653 0.00467713
7.3 0 0.00164012 0.00382854 0.00528993
7.31 0 0.00181025 0.00423653 0.00585673
7.32 0 0.0019625 0.00460491 0.00637067
7.33 0 0.00209457 0.00492848 0.00682526
7.34 0 0.0022046 0.00520257 0.00721442
7.35 0 0.00229124 0.00542331 0.0075327
7.36 0 0.00235367 0.00558772 0.00777536
7.37 0 0.00239123 0.00569346 0.00793823
7.38 0 0.00240329 0.00573873 0.00801773
7.39 0 0.0023892 0.005722 0.00801079
7.4 0 0.00234816 0.00564183 0.00791476
7.41 0 0.00227931 0.00549674 0.00772749
7.42 0 0.00218183 0.0052853 0.00744743
7.43 0 0.00205508 0.00500631 0.0070737
7.44 0 0.00189878 0.00465905 0.00660625
7.45 0 0.00171318 0.00424363 0.00604594
7.46 0 0.00149902 0.00376111 0.00539465
7.47 0 0.00125751 0.00321364 0.00465522
7.48 0 0.000990228 0.00260439 0.00383145
7.49 0 0.000698998 0.00193737 0.00292801
7.5 0 0.000385913 0.00121734 0.00195047
7.51 0 5.33938e-05 0.000449767 0.000905427
7.52 0 -0.000295883 -0.000359345 -0.000199611
7.53 0 -0.000659 -0.00120355 -0.0013562
7.54 0 -0.00103286 -0.00207601 -0.00255506
7.55 0 -0.00141435 -0.00296952 -0.00378617
7.56 0 -0.00180044 -0.00387666 -0.0050389
7.57 0 -0.00218833 -0.00478983 -0.00630199
7.58 0 -0.00257493 -0.00570126 -0.00756383
7.59 0 -0.0029563 -0.00660237 -0.00881249
7.6 0 -0.00332811 -0.00748379 -0.0100356
7.61 0 -0.00368599 -0.00833609 -0.0112207
7.62 0 -0.0040258 -0.00914976 -0.0123553
7.63 0 -0.00434404 -0.00991568 -0.0134273
7.64 0 -0.00463781 -0.0106255 -0.0144247
7.65 0 -0.00490437 -0.0112719 -0.0153361
7.66 0 -0.00514079 -0.011848 -0.01615
7.67 0 -0.00534417 -0.0123466 -0.0168558
7.68 0 -0.00551146 -0.0127611 -0.0174437
7.69 0 -0.00563968 -0.0130845 -0.0179046
7.7 0 -0.00572588 -0.0133101 -0.0182303
7.71 0 -0.00576705 -0.0134321 -0.0184136
7.72 0 -0.00576072 -0.0134451 -0.0184484
7.73 0 -0.00570529 -0.0133449 -0.0183297
7.74 0 -0.00560025 -0.013129 -0.0180542
7.75 0 -0.00544554 -0.0127965 -0.0176202
7.76 0 -0.00524157 -0.012348 -0.0170277
7.77 0 -0.00498983 -0.0117859 -0.0162787
7.78 0 -0.00469237 -0.011114 -0.0153767
7.79 0 -0.00435164 -0.0103374 -0.0143272
7.8 0 -0.00397061 -0.0094621 -0.0131376
7.81 0 -0.00355256 -0.00849552 -0.0118169
7.82 0 -0.00310113 -0.00744537 -0.0103754
7.83 0 -0.00261996 -0.00631972 -0.00882495
7.84 0 -0.00211212 -0.00512711 -0.0071785
7.85 0 -0.00158054 -0.00387648 -0.00544979
7.86 0 -0.00102872 -0.0025772 -0.00365332
7.87 0 -0.000460525 -0.0012392 -0.00180417
7.88 0 0.000119665 0.000126942 8.20685e-05
7.89 0 0.000706606 0.00151001 0.00198942
7.9 0 0.00129564 0.0028976 0.00390145
7.91 0 0.00188259 0.00427659 0.00580137
7.92 0 0.00246225 0.00563447 0.00767244
7.93 0 0.00302894 0.00695927 0.00949822
7.94 0 0.0035771 0.00823963 0.0112632
7.95 0 0.00410053 0.00946506 0.0129534
7.96 0 0.00459308 0.010626 0.0145556
7.97 0 0.0050514 0.0117133 0.0160569
7.98 0 0.00547452 0.0127188 0.0174453
7.99 0 0.00586119 0.0136356 0.0187102
8 0 0.00620986 0.0144575 0.0198424
8.01 0 0.00651879 0.0151795 0.0208341
8.02 0 0.00678584 0.015797 0.0216784
8.03 0 0.00700916 0.0163058 0.02237
8.04 0 0.00718712 0.0167031 0.0229051
8.05 0 0.00731794 0.0169867 0.0232811
8.06 0 0.00739992 0.0171555 0.0234972
8.07 0 0.00743173 0.0172091 0.0235538
8.08 0 0.00741253 0.0171477 0.0234523
8.09 0 0.00734189 0.0169716 0.0231959
8.1 0 0.00722043 0.0166826 0.0227885
8.11 0 0.00704986 0.0162837 0.0222351
8.12 0 0.00683254 0.0157789 0.0215419
8.13 0 0.00657152 0.0151738 0.0207159
8.14 0 0.00627057 0.0144758 0.0197656
8.15 0 0.0059339 0.0136933 0.0187003
8.16 0 0.00556603 0.0128359 0.0175307
8.17 0 0.00517142 0.0119134 0.016268
8.18 0 0.00475425 0.0109356 0.0149244
8.19 0 0.00431835 0.00991173 0.0135123
8.2 0 0.00386722 0.00885024 0.0120441
8.21 0 0.00340391 0.00775935 0.0105323
8.22 0 0.00293087 0.0066467 0.00898938
8.23 0 0.0024508 0.00551938 0.00742791
8.24 0 0.00196699 0.00438491 0.00586029
8.25 0 0.00148316 0.00325131 0.0042988
8.26 0 0.00100377 0.00212718 0.00275566
8.27 0 0.000533644 0.00102179 0.00124291
8.28 0 7.6787e-05 -5.52884e-05 -0.000227801
8.29 0 -0.000363141 -0.00109433 -0.00164534
8.3 0 -0.00078466 -0.00207883 -0.00283804
8.31 0 -0.00119363 -0.00295976 -0.00332253
8.32 0 -0.00159855 -0.00364378 -0.00303966
8.33 0 -0.00199156 -0.00403131 -0.0023876
8.34 0 -0.00233114 -0.00406414 -0.00156517
8.35 0 -0.00254544 -0.00374457 -0.000819858
8.36 0 -0.00255477 -0.00312989 -0.000271018
8.37 0 -0.00230074 -0.00231014 0.00012854
8.38 0 -0.00177079 -0.0013797 0.000406669
8.39 0 -0.00100823 -0.000415192 0.000632849
8.4 0 -0.000104337 0.000532284 0.000854122
8.41 0 0.00082317 0.00143314 0.00111697
8.42 0 0.00165968 0.00226962 0.00145601
8.43 0 0.00231805 0.00302645 0.00189763
8.44 0 0.00274961 0.00368636 0.00245761
8.45 0 0.00294676 0.00423098 0.0031399
8.46 0 0.00293723 0.00464614 0.00393438
8.47 0 0.00277213 0.00492809 0.00481614
8.48 0 0.00251282 0.00508826 0.00574662
8.49 0 0.00221951 0.0051542 0.00667688
8.5 0 0.0019437 0.0051648 0.00755321
8.51 0 0.00172449 0.00516296 0.00832382
8.52 0 0.00158782 0.00518747 0.00894536
8.53 0 0.00154716 0.00526552 0.00938832
8.54 0 0.00160498 0.00540808 0.00964
8.55 0 0.00175387 0.00560904 0.00970492
8.56 0 0.00197722 0.00584742 0.00960253
8.57 0 0.00225011 0.00609232 0.0093631
8.58 0 0.00254115 0.00630897 0.00902273
8.59 0 0.00281507 0.00646425 0.00861826
8.6 0 0.00303635 0.00653117 0.00818298
8.61 0 0.00317373 0.00649147 0.00774341
8.62 0 0.00320453 0.00633636 0.00731738
8.63 0 0.003118 0.00606616 0.00691339
8.64 0 0.00291682 0.00568913 0.00653107
8.65 0 0.00261642 0.00521995 0.00616235
8.66 0 0.00224221 0.00467809 0.00579341
8.67 0 0.00182586 0.00408614 0.0054071
8.68 0 0.00140102 0.00346799 0.0049854
8.69 0 0.000998549 0.00284691 0.0045119
8.7 0 0.000642727 0.00224376 0.00397412
8.71 0 0.000349109 0.00167514 0.00336544
8.72 0 0.00012371 0.00115188 0.00268631
8.73 0 -3.63309e-05 0.000678273 0.00194471
8.74 0 -0.000140682 0.000252104 0.00115554
8.75 0 -0.000203858 -0.000134472 0.000338974
8.76 0 -0.000243759 -0.000492913 -0.000481705
8.77 0 -0.000279162 -0.000836271 -0.00128247
8.78 0 -0.000327263 -0.0011771 -0.00204094
8.79 0 -0.000402046 -0.00152501 -0.00273832
8.8 0 -0.000512673 -0.00188541 -0.00336102
8.81 0 -0.000662589 -0.00225901 -0.00390141
8.82 0 -0.000849352 -0.00264185 -0.00435793
8.83 0 -0.00106515 -0.00302586 -0.00473456
8.84 0 -0.00129793 -0.00339996 -0.00503956
8.85 0 -0.00153291 -0.00375157 -0.00528393
8.86 0 -0.00175443 -0.00406802 -0.00547976
8.87 0 -0.00194794 -0.00433797 -0.0056386
8.88 0 -0.00210162 -0.00455274 -0.00577026
8.89 0 -0.00220735 -0.00470705 -0.00588181
8.9 0 -0.00226128 -0.00479902 -0.00597672
8.91 0 -0.00226388 -0.00482984 -0.00605457
8.92 0 -0.00221992 -0.00480341 -0.00611152
8.93 0 -0.00213761 -0.00472584 -0.00614109
8.94 0 -0.00202735 -0.00460463 -0.00613502
8.95 0 -0.00190031 -0.00444789 -0.00608455
8.96 0 -0.00176728 -0.00426379 -0.00598171
8.97 0 -0.00163752 -0.00405978 -0.00582043
8.98 0 -0.00151792 -0.00384207 -0.00559739
8.99 0 -0.0014124 -0.00361509 -0.00531245
9 0 -0.00132158 -0.00338114 -0.00496857
9.01 0 -0.00124294 -0.00314021 -0.0045714
9.02 0 -0.00117143 -0.00289027 -0.00412874
9.03 0 -0.00110031 -0.0026277 -0.00364967
9.04 0 -0.00102226 -0.00234817 -0.00314381
9.05 0 -0.000930505 -0.00204752 -0.00262058
9.06 0 -0.000819666 -0.00172266 -0.00208847
9.07 0 -0.000686688 -0.00137247 -0.00155473
9.08 0 -0.000531373 -0.000998414 -0.0010252
9.09 0 -0.000356128 -0.000604246 -0.000504064
9.1 0 -0.000165398 -0.000195563 6.29368e-06
9.11 0 3.50867e-05 0.000220687 0.000505053
9.12 0 0.000239383 0.000637152 0.000992611
9.13 0 0.000441613 0.0010469 0.00147019
9.14 0 0.000636149 0.00144376 0.00193926
9.15 0 0.000818456 0.00182267 0.00240084
9.16 0 0.000985288 0.0021801 0.00285508
9.17 0 0.00113473 0.00251416 0.00330107
9.18 0 0.00126653 0.00282449 0.00373694
9.19 0 0.00138198 0.00311198 0.00415996
9.2 0 0.00148354 0.00337838 0.00456679
9.21 0 0.00157438 0.00362592 0.00495377
9.22 0 0.00165798 0.00385691 0.00531722
9.23 0 0.00173759 0.00407342 0.00565388
9.24 0 0.00181586 0.00427705 0.00596109
9.25 0 0.00189454 0.00446886 0.00623714
9.26 0 0.00197463 0.00464947 0.00648156
9.27 0 0.00205621 0.00481908 0.0066951
9.28 0 0.00213835 0.00497743 0.00687956
9.29 0 0.00221928 0.00512384 0.00703747
9.3 0 0.00229664 0.00525727 0.00717182
9.31 0 0.00236781 0.00537633 0.00728568
9.32 0 0.0024302 0.00547955 0.00738188
9.33 0 0.00248165 0.00556562 0.0074629
9.34 0 0.00252069 0.00563365 0.00753067
9.35 0 0.00254686 0.00568346 0.00758663
9.36 0 0.00256068 0.00571558 0.00763161
9.37 0 0.00256332 0.00573113 0.0076657
9.38 0 0.00255626 0.00573148 0.00768821
9.39 0 0.00254117 0.00571813 0.00769781
9.4 0 0.00251992 0.00569272 0.00769298
9.41 0 0.00249438 0.0056568 0.00767223
9.42 0 0.0024662 0.0056117 0.00763428
9.43 0 0.00243673 0.00555844 0.00757826
9.44 0 0.00240679 0.00549762 0.00750375
9.45 0 0.00237652 0.00542932 0.00741072
9.46 0 0.0023453 0.00535298 0.00729935
9.47 0 0.00231186 0.00526745 0.00716998
9.48 0 0.00227453 0.00517122 0.00702304
9.49 0 0.00223162 0.00506267 0.0068591
9.5 0 0.00218166 0.00494032 0.00667879
9.51 0 0.00212362 0.00480308 0.0064828
9.52 0 0.00205696 0.00465031 0.00627165
9.53 0 0.00198159 0.00448186 0.0060457
9.54 0 0.00189785 0.00429814 0.00580512
9.55 0 0.00180642 0.00409996 0.00554985
9.56 0 0.00170824 0.00388842 0.0052797
9.57 0 0.00160434 0.00366472 0.00499435
9.58 0 0.00149579 0.00343012 0.00469356
9.59 0 0.00138357 0.00318573 0.00437717
9.6 0 0.00126837 0.00293236 0.00404511
9.61 0 0.00115055 0.00267042 0.00369741
9.62 0 0.00103022 0.00240002 0.00333426
9.63 0 0.000907173 0.00212096 0.00295598
9.64 0 0.000781071 0.0018329 0.00256313
9.65 0 0.000651642 0.00153565 0.00215655
9.66 0 0.000518647 0.00122912 0.00173726
9.67 0 0.000381813 0.000913466 0.00130636
9.68 0 0.000240832 0.000589057 0.000864988
9.69 0 9.56099e-05 0.000256317 0.000414331
9.7 0 -5.3404e-05 -8.39776e-05 -4.42493e-05
9.71 0 -0.000205526 -0.000430439 -0.000509134
9.72 0 -0.000360093 -0.000781127 -0.000978598
9.73 0 -0.000515968 -0.00113384 -0.00145077
9.74 0 -0.000671531 -0.00148633 -0.00192356
9.75 0 -0.000825441 -0.00183639 -0.00239474
9.76 0 -0.000976827 -0.00218195 -0.00286205
9.77 0 -0.00112491 -0.00252111 -0.00332316
9.78 0 -0.00126909 -0.00285243 -0.00377579
9.79 0 -0.00140913 -0.00317488 -0.00421786
9.8 0 -0.00154523 -0.00348794 -0.0046477
9.81 0 -0.00167791 -0.00379157 -0.00506406
9.82 0 -0.00180782 -0.00408593 -0.00546602
9.83 0 -0.00193552 -0.00437136 -0.00585296
9.84 0 -0.00206123 -0.00464821 -0.00622459
9.85 0 -0.00218473 -0.00491672 -0.00658087
9.86 0 -0.00230554 -0.00517682 -0.0069219
9.87 0 -0.00242297 -0.00542818 -0.00724795
9.88 0 -0.00253608 -0.00567009 -0.00755933
9.89 0 -0.00264379 -0.00590138 -0.00785616
9.9 0 -0.00274498 -0.00612059 -0.00813826
9.91 0 -0.00283862 -0.00632617 -0.00840526
9.92 0 -0.00292388 -0.00651662 -0.00865645
9.93 0 -0.00300009 -0.0066906 -0.00889074
9.94 0 -0.00306689 -0.00684707 -0.00910677
9.95 0 -0.00312397 -0.00698505 -0.00930268
9.96 0 -0.00317085 -0.00710339 -0.00947599
9.97 0 -0.00320699 -0.00720072 -0.00962374
9.98 0 -0.00323171 -0.00727527 -0.00974245
9.99 0 -0.0032441 -0.00732473 -0.00982819
10 0 -0.00324333 -0.0073465 -0.00987687
