0 0 0 0 0 0 0
0.1 4.06634e-06 -0.000211603 -0.000205673 -4.06634e-06 -0.000211603 0.000205673
0.2 8.13267e-06 -0.000423207 -0.000411347 -8.13267e-06 -0.000423207 0.000411347
0.3 1.2199e-05 -0.00063481 -0.00061702 -1.2199e-05 -0.00063481 0.00061702
0.4 1.62653e-05 -0.000846414 -0.000822693 -1.62653e-05 -0.000846414 0.000822693
0.5 2.03317e-05 -0.00105802 -0.00102837 -2.03317e-05 -0.00105802 0.00102837
0.6 2.4398e-05 -0.00126962 -0.00123404 -2.4398e-05 -0.00126962 0.00123404
0.7 2.84644e-05 -0.00148122 -0.00143971 -2.84644e-05 -0.00148122 0.00143971
0.8 3.25307e-05 -0.00169283 -0.00164539 -3.25307e-05 -0.00169283 0.00164539
0.9 3.6597e-05 -0.00190443 -0.00185106 -3.6597e-05 -0.00190443 0.00185106
1 4.06634e-05 -0.00211603 -0.00205673 -4.06634e-05 -0.00211603 0.00205673
