0.01 0 -0.000105363 -0.000112202 -0.000141281
0.02 0 -0.000629908 -0.000705473 -0.000722172
0.03 0 -0.00183433 -0.0021594 -0.00214177
0.04 0 -0.00369516 -0.00462956 -0.00455638
0.05 0 -0.00599149 -0.00806572 -0.00795719
0.06 0 -0.00857342 -0.0124125 -0.0123866
0.07 0 -0.0113329 -0.0175587 -0.0178731
0.08 0 -0.0140907 -0.0232324 -0.0242937
0.09 0 -0.0167869 -0.0292379 -0.031574
0.1 0 -0.0194322 -0.0354643 -0.039672
0.11 0 -0.0218954 -0.041686 -0.0483618
0.12 0 -0.0240807 -0.0477347 -0.0574061
0.13 0 -0.0260524 -0.0536116 -0.0666858
0.14 0 -0.0278422 -0.059293 -0.0760211
0.15 0 -0.029335 -0.0646156 -0.0850845
0.16 0 -0.030456 -0.0694341 -0.0935786
0.17 0 -0.0312835 -0.0737176 -0.101329
0.18 0 -0.0318564 -0.0773758 -0.108126
0.19 0 -0.0321599 -0.080278 -0.113749
0.2 0 -0.032249 -0.0823922 -0.118076
0.21 0 -0.0321571 -0.0836751 -0.120988
0.22 0 -0.0318349 -0.084003 -0.122321
0.23 0 -0.0312511 -0.0833049 -0.121966
0.24 0 -0.0304225 -0.0815909 -0.119901
0.25 0 -0.0293243 -0.0788418 -0.116102
0.26 0 -0.0278906 -0.0750286 -0.110556
0.27 0 -0.026103 -0.0701873 -0.103336
