0.01 0 -0.000111988 -0.000119401 -0.00011711 -0.00012628 -9.73002e-05
0.02 0 -0.000600094 -0.000713456 -0.000700799 -0.000708425 -0.000680187
0.03 0 -0.00168086 -0.00215947 -0.0021301 -0.00212771 -0.00210213
0.04 0 -0.00326983 -0.00457855 -0.00456996 -0.00453472 -0.00451376
0.05 0 -0.00512086 -0.0078526 -0.00801246 -0.0079108 -0.0078904
0.06 0 -0.00712449 -0.0118472 -0.0124726 -0.0122891 -0.0122497
0.07 0 -0.00924907 -0.0163938 -0.0179081 -0.0176946 -0.0175989
0.08 0 -0.0113669 -0.0212087 -0.0240873 -0.0240057 -0.0238152
0.09 0 -0.0134417 -0.0261408 -0.0308215 -0.0311485 -0.030863
0.1 0 -0.0154932 -0.0311425 -0.0379815 -0.0390783 -0.0387842
0.11 0 -0.0173891 -0.0360337 -0.0452984 -0.0475633 -0.04747
0.12 0 -0.0190421 -0.0406743 -0.0525562 -0.0563683 -0.0568116
0.13 0 -0.0205325 -0.0450661 -0.0597217 -0.0654104 -0.0668122
0.14 0 -0.021903 -0.0491807 -0.0667248 -0.0745894 -0.0773923
0.15 0 -0.0230376 -0.052868 -0.0733551 -0.0836779 -0.0882792
0.16 0 -0.0238421 -0.0560088 -0.0794452 -0.0924926 -0.0991869
0.17 0 -0.0243614 -0.0586121 -0.0849633 -0.100978 -0.109934
0.18 0 -0.0246046 -0.0606365 -0.0898535 -0.109006 -0.120289
0.19 0 -0.0245412 -0.0620059 -0.0940413 -0.116395 -0.129997
0.2 0 -0.0242145 -0.0627651 -0.0975384 -0.123041 -0.138894
0.21 0 -0.0236542 -0.0629649 -0.100346 -0.128831 -0.14681
0.22 0 -0.022829 -0.062579 -0.102376 -0.133604 -0.153514
0.23 0 -0.0217605 -0.061637 -0.103556 -0.137247 -0.158839
0.24 0 -0.0205558 -0.060243 -0.1039 -0.139716 -0.162698
0.25 0 -0.0192976 -0.0584537 -0.10339 -0.14095 -0.164993
0.26 0 -0.0180313 -0.0562979 -0.10197 -0.140864 -0.165628
0.27 0 -0.0168217 -0.0538713 -0.0996797 -0.139424 -0.164586
