0.01 0 5.61327e-06 -1.66728e-06 3.99374e-07 -2.85155e-07 -1.32628e-06 7.08881e-06 -1.83558e-05
0.02 0 5.17934e-06 -2.27183e-06 -3.02067e-07 -7.81125e-07 -1.1803e-06 7.59209e-06 -1.24861e-05
0.03 0 4.85514e-06 -2.97217e-06 -4.47144e-06 -1.738e-06 -1.6838e-06 9.62201e-06 -2.92262e-06
0.04 0 4.68954e-06 -4.8744e-06 -1.09707e-05 -4.61601e-06 -2.72502e-06 1.37353e-05 8.65106e-06
0.05 0 4.15115e-06 -8.95157e-06 -1.84745e-05 -1.01929e-05 -3.71646e-06 1.98984e-05 2.14514e-05
0.06 0 2.55674e-06 -1.49171e-05 -2.67467e-05 -1.77248e-05 -4.397e-06 2.7697e-05 3.49805e-05
0.07 0 -4.4256e-07 -2.21995e-05 -3.57407e-05 -2.58857e-05 -4.73807e-06 3.63746e-05 4.89499e-05
0.08 0 -4.57382e-06 -3.04373e-05 -4.5528e-05 -3.34928e-05 -4.70842e-06 4.51361e-05 6.31116e-05
0.09 0 -9.23185e-06 -3.94064e-05 -5.55924e-05 -3.99635e-05 -4.20978e-06 5.34159e-05 7.71084e-05
0.1 0 -1.38848e-05 -4.87142e-05 -6.52637e-05 -4.51615e-05 -3.19471e-06 6.09943e-05 9.04425e-05
0.11 0 -1.82161e-05 -5.7696e-05 -7.39074e-05 -4.91706e-05 -1.70905e-06 6.78962e-05 0.000102564
0.12 0 -2.20314e-05 -6.556e-05 -8.1055e-05 -5.21033e-05 1.39283e-07 7.41921e-05 0.000113003
0.13 0 -2.51235e-05 -7.16265e-05 -8.63749e-05 -5.40182e-05 2.23562e-06 7.98475e-05 0.000121463
0.14 0 -2.72397e-05 -7.54678e-05 -8.96403e-05 -5.4889e-05 4.47602e-06 8.46969e-05 0.00012783
0.15 0 -2.81624e-05 -7.69173e-05 -9.07149e-05 -5.46226e-05 6.76385e-06 8.85164e-05 0.000132129
0.16 0 -2.78103e-05 -7.60092e-05 -8.95555e-05 -5.31112e-05 9.01279e-06 9.11221e-05 0.000134447
0.17 0 -2.62778e-05 -7.29227e-05 -8.6213e-05 -5.02958e-05 1.11662e-05 9.24353e-05 0.000134885
0.18 0 -2.37961e-05 -6.79469e-05 -8.08387e-05 -4.62067e-05 1.32167e-05 9.25e-05 0.000133538
0.19 0 -2.06519e-05 -6.14573e-05 -7.36952e-05 -4.09683e-05 1.52082e-05 9.14598e-05 0.000130506
0.2 0 -1.7115e-05 -5.38895e-05 -6.51599e-05 -3.47781e-05 1.72162e-05 8.95186e-05 0.000125921
0.21 0 -1.3406e-05 -4.57052e-05 -5.57042e-05 -2.78828e-05 1.93173e-05 8.69039e-05 0.000119975
0.22 0 -9.69774e-06 -3.73567e-05 -4.58504e-05 -2.0563e-05 2.15584e-05 8.38421e-05 0.000112942
0.23 0 -6.13331e-06 -2.92589e-05 -3.61161e-05 -1.31265e-05 2.39338e-05 8.05465e-05 0.000105173
0.24 0 -2.84255e-06 -2.17696e-05 -2.6967e-05 -5.90091e-06 2.63749e-05 7.72119e-05 9.70879e-05
0.25 0 5.27025e-08 -1.51812e-05 -1.8791e-05 7.79425e-07 2.87536e-05 7.40107e-05 8.91411e-05
0.26 0 2.44461e-06 -9.71879e-06 -1.18942e-05 6.59165e-06 3.09e-05 7.1087e-05 8.17876e-05
0.27 0 4.25071e-06 -5.54315e-06 -6.50932e-06 1.12454e-05 3.26288e-05 6.85513e-05 7.54431e-05
0.28 0 5.42267e-06 -2.75598e-06 -2.80736e-06 1.45015e-05 3.37686e-05 6.64775e-05 7.04469e-05
0.29 0 5.94706e-06 -1.40691e-06 -9.04301e-07 1.61856e-05 3.41856e-05 6.49028e-05 6.70313e-05
0.3 0 5.83876e-06 -1.50075e-06 -8.61482e-07 1.61972e-05 3.37975e-05 6.38298e-05 6.53022e-05
0.31 0 5.13131e-06 -3.00338e-06 -2.68047e-06 1.45143e-05 3.25781e-05 6.32301e-05 6.52332e-05
0.32 0 3.86906e-06 -5.8444e-06 -6.29579e-06 1.11958e-05 3.05537e-05 6.30463e-05 6.66749e-05
0.33 0 2.10315e-06 -9.91741e-06 -1.15702e-05 6.37961e-06 2.7794e-05 6.31942e-05 6.9375e-05
0.34 0 -1.09823e-07 -1.50805e-05 -1.82971e-05 2.72599e-07 2.43985e-05 6.35621e-05 7.30038e-05
0.35 0 -2.70607e-06 -2.11574e-05 -2.62095e-05 -6.86514e-06 2.04803e-05 6.40117e-05 7.71809e-05
0.36 0 -5.6097e-06 -2.79375e-05 -3.49933e-05 -1.47399e-05 1.61536e-05 6.43834e-05 8.15018e-05
0.37 0 -8.72645e-06 -3.51758e-05 -4.43009e-05 -2.30431e-05 1.15256e-05 6.45073e-05 8.55647e-05
0.38 0 -1.19406e-05 -4.25948e-05 -5.37657e-05 -3.14688e-05 6.6931e-06 6.42168e-05 8.89937e-05
0.39 0 -1.51185e-05 -4.98937e-05 -6.302e-05 -3.97299e-05 1.7398e-06 6.33609e-05 9.14565e-05
0.4 0 -1.81185e-05 -5.67655e-05 -7.17136e-05 -4.75723e-05 -3.26596e-06 6.1811e-05 9.26759e-05
0.41 0 -2.08019e-05 -6.29182e-05 -7.95321e-05 -5.47841e-05 -8.27169e-06 5.94662e-05 9.24373e-05
0.42 0 -2.30444e-05 -6.80959e-05 -8.62124e-05 -6.1199e-05 -1.32382e-05 5.6257e-05 9.05938e-05
0.43 0 -2.47457e-05 -7.20972e-05 -9.15548e-05 -6.66971e-05 -1.81359e-05 5.21482e-05 8.70684e-05
0.44 0 -2.58387e-05 -7.47913e-05 -9.5432e-05 -7.12046e-05 -2.29415e-05 4.71393e-05 8.18526e-05
0.45 0 -2.62966e-05 -7.61262e-05 -9.77955e-05 -7.46934e-05 -2.76353e-05 4.1264e-05 7.50023e-05
0.46 0 -2.61351e-05 -7.61313e-05 -9.8677e-05 -7.71806e-05 -3.22003e-05 3.45892e-05 6.66317e-05
0.47 0 -2.54077e-05 -7.49126e-05 -9.81849e-05 -7.87261e-05 -3.66205e-05 2.7213e-05 5.69075e-05
0.48 0 -2.41992e-05 -7.26428e-05 -9.64954e-05 -7.943e-05 -4.0882e-05 1.92622e-05 4.6043e-05
0.49 0 -2.26199e-05 -6.95487e-05 -9.38433e-05 -7.94307e-05 -4.49766e-05 1.08845e-05 3.42886e-05
0.5 0 -2.07984e-05 -6.58972e-05 -9.05103e-05 -7.89013e-05 -4.89074e-05 2.23959e-06 2.19217e-05
0.51 0 -1.88704e-05 -6.1975e-05 -8.68073e-05 -7.80416e-05 -5.26901e-05 -6.50749e-06 9.23937e-06
0.52 0 -1.69665e-05 -5.80668e-05 -8.30529e-05 -7.70652e-05 -5.63504e-05 -1.51898e-05 -3.44746e-06
0.53 0 -1.52018e-05 -5.44338e-05 -7.95506e-05 -7.61839e-05 -5.99187e-05 -2.36413e-05 -1.58205e-05
0.54 0 -1.36706e-05 -5.12983e-05 -7.65698e-05 -7.55943e-05 -6.3426e-05 -3.17005e-05 -2.75638e-05
0.55 0 -1.24461e-05 -4.88354e-05 -7.43326e-05 -7.54664e-05 -6.69001e-05 -3.92167e-05 -3.83777e-05
0.56 0 -1.15806e-05 -4.71705e-05 -7.30047e-05 -7.59345e-05 -7.03625e-05 -4.60561e-05 -4.79938e-05
0.57 0 -1.1105e-05 -4.6378e-05 -7.26899e-05 -7.70878e-05 -7.38224e-05 -5.21053e-05 -5.61873e-05
0.58 0 -1.10274e-05 -4.64806e-05 -7.34267e-05 -7.89621e-05 -7.72703e-05 -5.72717e-05 -6.2786e-05
0.59 0 -1.13385e-05 -4.74573e-05 -7.51935e-05 -8.15411e-05 -8.06773e-05 -6.14889e-05 -6.76817e-05
0.6 0 -1.20214e-05 -4.92578e-05 -7.79234e-05 -8.47668e-05 -8.40046e-05 -6.47272e-05 -7.08444e-05
0.61 0 -1.30571e-05 -5.18142e-05 -8.15178e-05 -8.85524e-05 -8.72109e-05 -6.70001e-05 -7.23292e-05
0.62 0 -1.4418e-05 -5.5043e-05 -8.5853e-05 -9.27868e-05 -9.02544e-05 -6.8361e-05 -7.22696e-05
0.63 0 -1.60585e-05 -5.88364e-05 -9.07778e-05 -9.7335e-05 -9.30878e-05 -6.88906e-05 -7.08587e-05
0.64 0 -1.79087e-05 -6.30512e-05 -9.61087e-05 -0.000102036 -9.56526e-05 -6.86813e-05 -6.83235e-05
0.65 0 -1.9874e-05 -6.75014e-05 -0.000101624 -0.0001067 -9.7874e-05 -6.78224e-05 -6.48997e-05
0.66 0 -2.18407e-05 -7.1959e-05 -0.000107064 -0.000111115 -9.96597e-05 -6.63879e-05 -6.0808e-05
0.67 0 -2.36856e-05 -7.61645e-05 -0.000112133 -0.000115044 -0.000100902 -6.443e-05 -5.62381e-05
0.68 0 -2.52866e-05 -7.98468e-05 -0.000116518 -0.000118242 -0.000101485 -6.19788e-05 -5.13397e-05
0.69 0 -2.65334e-05 -8.27484e-05 -0.000119914 -0.000120466 -0.00010129 -5.90462e-05 -4.62226e-05
0.7 0 -2.73372e-05 -8.46494e-05 -0.000122042 -0.000121495 -0.000100212 -5.56319e-05 -4.09612e-05
0.71 0 -2.76381e-05 -8.53861e-05 -0.000122685 -0.000121145 -9.81555e-05 -5.17282e-05 -3.56003e-05
0.72 0 -2.74107e-05 -8.48668e-05 -0.0001217 -0.000119287 -9.50535e-05 -4.73256e-05 -3.01651e-05
0.73 0 -2.66665e-05 -8.30831e-05 -0.000119045 -0.000115867 -9.08725e-05 -4.24209e-05 -2.46702e-05
0.74 0 -2.5451e-05 -8.01096e-05 -0.000114778 -0.00011091 -8.56211e-05 -3.70209e-05 -1.91242e-05
0.75 0 -2.38287e-05 -7.60852e-05 -0.000109045 -0.000104517 -7.93442e-05 -3.11352e-05 -1.35204e-05
0.76 0 -2.18659e-05 -7.11823e-05 -0.000102054 -9.68445e-05 -7.21095e-05 -2.4762e-05 -7.81858e-06
0.77 0 -1.96202e-05 -6.5577e-05 -9.40396e-05 -8.80762e-05 -6.39917e-05 -1.78754e-05 -1.92922e-06
0.78 0 -1.7142e-05 -5.9432e-05 -8.52362e-05 -7.84079e-05 -5.50661e-05 -1.04223e-05 4.291e-06
0.79 0 -1.44832e-05 -5.28952e-05 -7.58652e-05 -6.8036e-05 -4.54086e-05 -2.33099e-06 1.10287e-05
0.8 0 -1.17047e-05 -4.61094e-05 -6.61314e-05 -5.71524e-05 -3.51007e-05 6.47503e-06 1.84936e-05
0.81 0 -8.8786e-06 -3.92208e-05 -5.62266e-05 -4.59409e-05 -2.42308e-05 1.60632e-05 2.68948e-05
0.82 0 -6.08369e-06 -3.2382e-05 -4.63334e-05 -3.45736e-05 -1.28915e-05 2.64829e-05 3.64193e-05
0.83 0 -3.39792e-06 -2.57478e-05 -3.66269e-05 -2.32069e-05 -1.17299e-06 3.77624e-05 4.72141e-05
0.84 0 -8.92845e-07 -1.94668e-05 -2.72736e-05 -1.19809e-05 1.08419e-05 4.9907e-05 5.93736e-05
0.85 0 1.36797e-06 -1.3676e-05 -1.84292e-05 -1.02104e-06 2.30767e-05 6.28961e-05 7.29282e-05
0.86 0 3.32973e-06 -8.49567e-06 -1.0235e-05 9.55869e-06 3.54568e-05 7.66793e-05 8.78395e-05
0.87 0 4.95027e-06 -4.02255e-06 -2.80921e-06 1.96583e-05 4.79057e-05 9.11754e-05 0.000104004
0.88 0 6.2077e-06 -3.1756e-07 3.76634e-06 2.91999e-05 6.03474e-05 0.000106278 0.000121267
0.89 0 7.10742e-06 2.6079e-06 9.46083e-06 3.8139e-05 7.27124e-05 0.000121863 0.000139442
0.9 0 7.68318e-06 4.79998e-06 1.43042e-05 4.64719e-05 8.49424e-05 0.000137799 0.000158325
0.91 0 7.99079e-06 6.35872e-06 1.83863e-05 5.42347e-05 9.69912e-05 0.000153949 0.000177708
0.92 0 8.09471e-06 7.421e-06 2.18433e-05 6.14925e-05 0.000108817 0.000170169 0.000197371
0.93 0 8.05516e-06 8.1354e-06 2.4834e-05 6.83225e-05 0.000120372 0.000186299 0.000217077
0.94 0 7.92832e-06 8.6449e-06 2.75221e-05 7.48045e-05 0.000131603 0.000202164 0.000236572
0.95 0 7.77722e-06 9.09023e-06 3.00704e-05 8.10256e-05 0.000142463 0.000217593 0.000255599
0.96 0 7.6787e-06 9.62158e-06 3.26438e-05 8.70873e-05 0.000152931 0.00023244 0.000273919
0.97 0 7.71681e-06 1.03966e-05 3.54069e-05 9.31024e-05 0.000163014 0.000246592 0.000291325
0.98 0 7.96572e-06 1.15621e-05 3.85127e-05 9.91818e-05 0.000172741 0.000259966 0.000307641
0.99 0 8.47276e-06 1.32294e-05 4.20839e-05 0.000105417 0.000182138 0.000272499 0.000322715
1 0 9.24727e-06 1.54497e-05 4.61914e-05 0.000111859 0.00019121 0.000284126 0.000336412
1.01 0 1.02563e-05 1.81963e-05 5.08326e-05 0.000118504 0.000199921 0.000294765 0.000348605
1.02 0 1.14321e-05 2.1364e-05 5.59193e-05 0.000125274 0.000208185 0.00030431 0.000359168
1.03 0 1.26941e-05 2.47928e-05 6.12887e-05 0.000132033 0.000215879 0.000312642 0.00036799
1.04 0 1.39731e-05 2.83061e-05 6.67322e-05 0.000138602 0.000222859 0.000319653 0.000374994
1.05 0 1.5219e-05 3.17397e-05 7.20229e-05 0.000144777 0.000228984 0.00032526 0.000380147
1.06 0 1.6384e-05 3.49412e-05 7.69245e-05 0.00015033 0.0002341 0.000329402 0.000383451
1.07 0 1.74004e-05 3.7746e-05 8.11821e-05 0.000154995 0.000238027 0.000332006 0.000384917
1.08 0 1.81737e-05 3.99581e-05 8.45157e-05 0.000158472 0.000240541 0.000332968 0.000384532
1.09 0 1.86033e-05 4.13604e-05 8.66327e-05 0.000160448 0.000241391 0.000332155 0.000382266
1.1 0 1.86215e-05 4.17618e-05 8.72699e-05 0.000160639 0.000240345 0.000329441 0.000378094
1.11 0 1.82253e-05 4.10589e-05 8.62491e-05 0.000158856 0.000237249 0.000324756 0.000372034
1.12 0 1.74756e-05 3.92726e-05 8.35204e-05 0.000155032 0.000232065 0.00031812 0.000364172
1.13 0 1.64627e-05 3.65327e-05 7.9166e-05 0.000149224 0.000224864 0.000309638 0.000354649
1.14 0 1.52665e-05 3.3024e-05 7.33722e-05 0.000141591 0.000215801 0.000299469 0.000343624
1.15 0 1.39353e-05 2.89309e-05 6.63864e-05 0.000132357 0.000205074 0.000287788 0.000331249
1.16 0 1.24851e-05 2.44005e-05 5.84723e-05 0.000121793 0.000192904 0.000274761 0.000317641
1.17 0 1.0907e-05 1.95262e-05 4.98695e-05 0.000110181 0.000179512 0.000260525 0.000302871
1.18 0 9.18318e-06 1.43553e-05 4.07713e-05 9.77895e-05 0.000165115 0.00024519 0.000286969
1.19 0 7.31231e-06 8.92413e-06 3.13348e-05 8.48719e-05 0.00014993 0.000228859 0.000269946
1.2 0 5.32905e-06 3.29822e-06 2.17074e-05 7.1667e-05 0.000134188 0.000211662 0.000251832
1.21 0 3.29864e-06 -2.41196e-06 1.20451e-05 5.83992e-05 0.000118128 0.000193765 0.000232701
1.22 0 1.29033e-06 -8.07061e-06 2.50559e-06 4.52613e-05 0.00010197 0.000175352 0.000212666
1.23 0 -6.48676e-07 -1.3555e-05 -6.77272e-06 3.23951e-05 8.58822e-05 0.000156591 0.000191867
1.24 0 -2.50104e-06 -1.87863e-05 -1.56925e-05 1.98827e-05 6.99625e-05 0.000137618 0.000170456
1.25 0 -4.26889e-06 -2.37363e-05 -2.42069e-05 7.75226e-06 5.42464e-05 0.000118526 0.000148593
1.26 0 -5.95752e-06 -2.84136e-05 -3.23157e-05 -4.00694e-06 3.87298e-05 9.93828e-05 0.000126441
1.27 0 -7.56454e-06 -3.28414e-05 -4.00517e-05 -1.54282e-05 2.33976e-05 8.02546e-05 0.000104176
1.28 0 -9.07896e-06 -3.70406e-05 -4.74647e-05 -2.65539e-05 8.24598e-06 6.12214e-05 8.19822e-05
1.29 0 -1.04888e-05 -4.10257e-05 -5.46084e-05 -3.74272e-05 -6.70832e-06 4.23855e-05 6.00433e-05
1.3 0 -1.17907e-05 -4.48123e-05 -6.15335e-05 -4.80855e-05 -2.14293e-05 2.38661e-05 3.85381e-05
1.31 0 -1.29959e-05 -4.8427e-05 -6.82865e-05 -5.85557e-05 -3.58677e-05 5.78826e-06 1.76315e-05
1.32 0 -1.41307e-05 -5.19131e-05 -7.49101e-05 -6.88497e-05 -4.99676e-05 -1.17291e-05 -2.529e-06
1.33 0 -1.52323e-05 -5.53296e-05 -8.14436e-05 -7.89633e-05 -6.36694e-05 -2.85815e-05 -2.18156e-05
1.34 0 -1.63395e-05 -5.87399e-05 -8.79184e-05 -8.88745e-05 -7.69101e-05 -4.4678e-05 -4.01177e-05
1.35 0 -1.74768e-05 -6.21881e-05 -9.43431e-05 -9.85353e-05 -8.96108e-05 -5.99272e-05 -5.73293e-05
1.36 0 -1.86336e-05 -6.56649e-05 -0.000100675 -0.000107854 -0.000101656 -7.42104e-05 -7.33253e-05
1.37 0 -1.97531e-05 -6.90787e-05 -0.000106795 -0.000116673 -0.000112871 -8.7356e-05 -8.79368e-05
1.38 0 -2.07361e-05 -7.22479e-05 -0.000112492 -0.000124765 -0.000123017 -9.9127e-05 -0.000100937
1.39 0 -2.14626e-05 -7.49225e-05 -0.000117471 -0.000131831 -0.000131793 -0.000109231 -0.000112045
1.4 0 -2.18294e-05 -7.68374e-05 -0.000121396 -0.000137537 -0.000138879 -0.000117354 -0.00012096
1.41 0 -2.1787e-05 -7.77824e-05 -0.000123955 -0.000141564 -0.000143978 -0.000123217 -0.000127407
1.42 0 -2.13537e-05 -7.76572e-05 -0.000124921 -0.000143661 -0.000146867 -0.000126617 -0.000131187
1.43 0 -2.05976e-05 -7.64842e-05 -0.000124195 -0.000143671 -0.000147407 -0.000127441 -0.000132193
1.44 0 -1.95974e-05 -7.43739e-05 -0.000121795 -0.000141529 -0.000145532 -0.000125652 -0.000130397
1.45 0 -1.84057e-05 -7.14638e-05 -0.00011782 -0.000137245 -0.000141219 -0.000121243 -0.000125813
1.46 0 -1.70344e-05 -6.78625e-05 -0.000112404 -0.000130875 -0.000134462 -0.000114208 -0.000118454
1.47 0 -1.54637e-05 -6.36231e-05 -0.000105677 -0.000122507 -0.000125265 -0.000104524 -0.000108315
1.48 0 -1.36616e-05 -5.87499e-05 -9.77321e-05 -0.000112243 -0.000113651 -9.21605e-05 -9.53586e-05
1.49 0 -1.16024e-05 -5.32226e-05 -8.86322e-05 -0.000100189 -9.9674e-05 -7.70923e-05 -7.95248e-05
1.5 0 -9.26996e-06 -4.70141e-05 -7.84055e-05 -8.64419e-05 -8.34099e-05 -5.93132e-05 -6.07375e-05
1.51 0 -6.64752e-06 -4.00915e-05 -6.7047e-05 -7.1067e-05 -6.49388e-05 -3.88268e-05 -3.89056e-05
1.52 0 -3.71144e-06 -3.24111e-05 -5.45209e-05 -5.40836e-05 -4.43175e-05 -1.56337e-05 -1.39304e-05
1.53 0 -4.41157e-07 -2.39277e-05 -4.07767e-05 -3.54764e-05 -2.15721e-05 1.02691e-05 1.42713e-05
1.54 0 3.16143e-06 -1.46197e-05 -2.5778e-05 -1.52227e-05 3.28793e-06 3.88745e-05 4.57336e-05
1.55 0 7.05392e-06 -4.52273e-06 -9.53808e-06 6.6707e-06 3.02395e-05 7.0138e-05 8.04042e-05
1.56 0 1.11489e-05 6.24483e-06 7.84997e-06 3.01359e-05 5.92134e-05 0.00010395 0.000118121
1.57 0 1.533e-05 1.74856e-05 2.62044e-05 5.50318e-05 9.00768e-05 0.000140122 0.000158614
1.58 0 1.94748e-05 2.89496e-05 4.5266e-05 8.11457e-05 0.000122629 0.000178392 0.000201524
1.59 0 2.34642e-05 4.03598e-05 6.47119e-05 0.00010819 0.00015659 0.000218418 0.000246421
1.6 0 2.7181e-05 5.14254e-05 8.41653e-05 0.000135794 0.00019159 0.000259775 0.000292808
1.61 0 3.05126e-05 6.18556e-05 0.00010321 0.0001635 0.000227156 0.000301949 0.000340127
1.62 0 3.33671e-05 7.1395e-05 0.000121431 0.000190799 0.000262736 0.000344369 0.000387788
1.63 0 3.57135e-05 7.98798e-05 0.000138484 0.000217198 0.000297772 0.000386466 0.000435224
1.64 0 3.76192e-05 8.72902e-05 0.000154166 0.0002423 0.000331766 0.000427737 0.000481951
1.65 0 3.924e-05 9.37723e-05 0.000168444 0.000265857 0.000364343 0.000467785 0.000527592
1.66 0 4.07673e-05 9.96081e-05 0.000181446 0.000287781 0.000395258 0.000506324 0.000571868
1.67 0 4.23732e-05 0.000105134 0.000193421 0.000308113 0.000424382 0.000543148 0.000614551
1.68 0 4.41597e-05 0.000110643 0.000204661 0.000326975 0.00045165 0.000578079 0.000655403
1.69 0 4.61311e-05 0.000116292 0.000215409 0.000344503 0.000477017 0.000610915 0.000694125
1.7 0 4.81937e-05 0.000122059 0.000225778 0.000360788 0.000500402 0.000641386 0.000730304
1.71 0 5.01787e-05 0.000127736 0.000235699 0.000375818 0.000521664 0.000669135 0.000763406
1.72 0 5.18872e-05 0.000132979 0.000244919 0.000389452 0.00054059 0.000693735 0.000792804
1.73 0 5.31406e-05 0.000137392 0.000253056 0.00040143 0.000556907 0.000714727 0.000817834
1.74 0 5.38093e-05 0.000140606 0.000259658 0.000411394 0.000570292 0.000731659 0.000837864
1.75 0 5.38218e-05 0.00014233 0.000264277 0.000418915 0.00058038 0.00074411 0.000852348
1.76 0 5.31723e-05 0.000142394 0.000266537 0.000423555 0.000586786 0.000751718 0.000860877
1.77 0 5.19271e-05 0.000140777 0.000266197 0.000424927 0.000589147 0.000754208 0.000863228
1.78 0 5.02081e-05 0.000137596 0.000263178 0.000422754 0.000587164 0.00075141 0.000859369
1.79 0 4.81463e-05 0.00013306 0.000257541 0.000416876 0.000580607 0.000743244 0.000849416
1.8 0 4.58163e-05 0.000127362 0.000249403 0.000407203 0.000569297 0.00072966 0.000833537
1.81 0 4.31836e-05 0.00012056 0.000238824 0.00039365 0.000553049 0.000710568 0.00081183
1.82 0 4.01068e-05 0.000112518 0.000225725 0.000376074 0.000531648 0.000685799 0.000784244
1.83 0 3.64084e-05 0.000102953 0.000209889 0.0003543 0.000504887 0.000655136 0.000750589
1.84 0 3.19662e-05 9.15613e-05 0.000191044 0.000328178 0.000472648 0.000618405 0.000710624
1.85 0 2.67614e-05 7.81475e-05 0.000168979 0.000297653 0.00043496 0.000575552 0.00066416
1.86 0 2.08599e-05 6.26833e-05 0.000143611 0.000262787 0.000392005 0.000526677 0.00061112
1.87 0 1.43553e-05 4.52848e-05 0.000115016 0.00022375 0.000344065 0.000471996 0.000551559
1.88 0 7.31319e-06 2.61364e-05 8.33969e-05 0.000180776 0.000291442 0.00041178 0.000485632
1.89 0 -2.49013e-07 5.41526e-06 4.90233e-05 0.000134127 0.0002344 0.000346289 0.000413565
1.9 0 -8.34565e-06 -1.67455e-05 1.21774e-05 8.40695e-05 0.000173149 0.000275746 0.000335624
1.91 0 -1.69866e-05 -4.02467e-05 -2.68813e-05 3.08658e-05 0.000107867 0.000200347 0.000252103
1.92 0 -2.61481e-05 -6.4989e-05 -6.79249e-05 -2.52288e-05 3.87401e-05 0.000120295 0.000163324
1.93 0 -3.57649e-05 -9.08398e-05 -0.000110746 -8.39633e-05 -3.40021e-05 3.58442e-05 6.96348e-05
1.94 0 -4.57305e-05 -0.000117607 -0.000155123 -0.00014507 -0.000110052 -5.26629e-05 -2.85689e-05
1.95 0 -5.5875e-05 -0.000145012 -0.00020076 -0.000208208 -0.000188982 -0.000144745 -0.000130796
1.96 0 -6.59547e-05 -0.000172676 -0.000247252 -0.000272921 -0.000270223 -0.000239767 -0.000236423
1.97 0 -7.57255e-05 -0.000200161 -0.000294113 -0.000338655 -0.000353101 -0.000336982 -0.000344707
1.98 0 -8.50363e-05 -0.000227053 -0.000340821 -0.000404807 -0.00043691 -0.00043561 -0.000454843
1.99 0 -9.38306e-05 -0.000253035 -0.00038686 -0.000470762 -0.00052095 -0.000534875 -0.000565996
2 0 -0.000102095 -0.000277904 -0.000431741 -0.000535888 -0.000604521 -0.000634004 -0.000677299
2.01 0 -0.00010982 -0.000301514 -0.000475018 -0.000599531 -0.000686896 -0.000732202 -0.000787851
2.02 0 -0.000116976 -0.00032372 -0.000516277 -0.000661022 -0.000767303 -0.00082862 -0.000896701
2.03 0 -0.000123486 -0.000344324 -0.000555101 -0.000719676 -0.000844892 -0.000922312 -0.00100282
2.04 0 -0.000129209 -0.000363038 -0.000591033 -0.00077478 -0.000918719 -0.00101222 -0.00110509
2.05 0 -0.000133975 -0.000379497 -0.000623549 -0.000825586 -0.000987773 -0.00109716 -0.00120226
2.06 0 -0.000137644 -0.000393334 -0.000652115 -0.000871357 -0.00105105 -0.00117595 -0.00129303
2.07 0 -0.000140181 -0.000404294 -0.000676276 -0.000911447 -0.00110766 -0.00124746 -0.00137615
2.08 0 -0.000141673 -0.000412327 -0.000695749 -0.000945371 -0.00115689 -0.00131073 -0.00145048
2.09 0 -0.000142284 -0.000417575 -0.00071045 -0.000972819 -0.00119823 -0.00136503 -0.00151504
2.1 0 -0.000142167 -0.000420286 -0.000720449 -0.000993618 -0.0012313 -0.00140972 -0.00156896
2.11 0 -0.000141383 -0.000420665 -0.00072587 -0.00100765 -0.00125575 -0.00144423 -0.00161144
2.12 0 -0.000139873 -0.000418764 -0.00072678 -0.00101479 -0.00127119 -0.00146795 -0.00164167
2.13 0 -0.000137519 -0.000414483 -0.000723151 -0.00101487 -0.00127721 -0.00148022 -0.00165884
2.14 0 -0.000134246 -0.00040768 -0.000714907 -0.00100778 -0.00127344 -0.00148045 -0.00166224
2.15 0 -0.000130084 -0.000398295 -0.000702001 -0.000993454 -0.00125967 -0.00146823 -0.00165134
2.16 0 -0.000125159 -0.000386424 -0.000684479 -0.000971961 -0.00123587 -0.00144339 -0.00162583
2.17 0 -0.000119627 -0.000372287 -0.000662487 -0.000943435 -0.00120219 -0.00140596 -0.00158565
2.18 0 -0.000113606 -0.00035614 -0.000636239 -0.000908054 -0.00115884 -0.00135615 -0.00153095
2.19 0 -0.000107135 -0.000338171 -0.000605949 -0.000866 -0.00110607 -0.00129427 -0.001462
2.2 0 -0.000100178 -0.000318448 -0.00057178 -0.000817442 -0.00104409 -0.00122064 -0.00137921
2.21 0 -9.26786e-05 -0.000296945 -0.00053384 -0.000762566 -0.00097317 -0.00113565 -0.00128309
2.22 0 -8.46348e-05 -0.000273651 -0.000492247 -0.000701633 -0.000893661 -0.00103982 -0.00117435
2.23 0 -7.61472e-05 -0.000248677 -0.000447217 -0.000635054 -0.000806138 -0.0009339 -0.00105396
2.24 0 -6.73961e-05 -0.000222305 -0.00039912 -0.000563405 -0.000711402 -0.000818892 -0.000923106
2.25 0 -5.85694e-05 -0.000194928 -0.000348467 -0.000487401 -0.000610446 -0.000696035 -0.000783213
2.26 0 -4.97966e-05 -0.00016695 -0.000295849 -0.000407838 -0.000504373 -0.000566702 -0.000635823
2.27 0 -4.11285e-05 -0.000138701 -0.000241871 -0.00032556 -0.000394328 -0.000432326 -0.000482546
2.28 0 -3.25686e-05 -0.000110416 -0.000187117 -0.000241448 -0.000281486 -0.000294363 -0.00032504
2.29 0 -2.41193e-05 -8.22709e-05 -0.00013214 -0.000156422 -0.000167058 -0.000154288 -0.000165003
2.3 0 -1.57916e-05 -5.44161e-05 -7.74536e-05 -7.14141e-05 -5.22874e-05 -1.35948e-05 -4.16145e-06
2.31 0 -7.56431e-06 -2.69501e-05 -2.34875e-05 1.2712e-05 6.16197e-05 0.000126259 0.000155809
2.32 0 6.66041e-07 1.45766e-07 2.94868e-05 9.52681e-05 0.000173599 0.000263945 0.000313379
2.33 0 9.08414e-06 2.70448e-05 8.13963e-05 0.000175802 0.000282805 0.000398329 0.000467229
2.34 0 1.78852e-05 5.40249e-05 0.000132337 0.000254076 0.000388611 0.000528471 0.000616234
2.35 0 2.71629e-05 8.1321e-05 0.000182455 0.000329949 0.00049051 0.000653548 0.000759368
2.36 0 3.68206e-05 0.000108946 0.000231776 0.000403225 0.000587988 0.000772725 0.000895571
2.37 0 4.65869e-05 0.000136609 0.000280093 0.000473567 0.000680438 0.000885095 0.00102369
2.38 0 5.61775e-05 0.000163843 0.000327001 0.000540553 0.000767235 0.000989757 0.0011426
2.39 0 6.54852e-05 0.000190246 0.000372072 0.000603828 0.000847898 0.001086 0.00125134
2.4 0 7.46224e-05 0.000215687 0.000415036 0.000663209 0.000922228 0.00117346 0.00134937
2.41 0 8.38034e-05 0.000240309 0.000455842 0.000718678 0.000990279 0.0012521 0.00143651
2.42 0 9.31625e-05 0.000264348 0.000494567 0.000770266 0.00105219 0.0013221 0.00151289
2.43 0 0.000102631 0.000287888 0.000531254 0.000817919 0.001108 0.00138361 0.00157873
2.44 0 0.000111946 0.000310723 0.000565774 0.000861431 0.00115756 0.0014367 0.00163426
2.45 0 0.000120751 0.00033236 0.000597764 0.000900451 0.00120056 0.00148129 0.00167964
2.46 0 0.000128712 0.000352158 0.000626663 0.00093453 0.00123661 0.00151723 0.00171505
2.47 0 0.000135596 0.000369489 0.0006518 0.000963182 0.00126539 0.00154441 0.00174068
2.48 0 0.000141287 0.000383869 0.000672522 0.000985936 0.00128668 0.00156285 0.00175679
2.49 0 0.000145793 0.000395039 0.000688324 0.00100241 0.00130044 0.00157278 0.00176375
2.5 0 0.000149246 0.000403025 0.000698995 0.00101246 0.00130685 0.00157465 0.00176214
2.51 0 0.000151921 0.00040819 0.000704746 0.00101627 0.00130639 0.00156922 0.00175283
2.52 0 0.000154219 0.000411238 0.000706277 0.00101451 0.00129989 0.00155757 0.00173702
2.53 0 0.000156589 0.000413132 0.000704733 0.00100833 0.00128856 0.00154108 0.00171625
2.54 0 0.000159406 0.000414909 0.000701543 0.000999187 0.00127382 0.00152126 0.00169224
2.55 0 0.000162887 0.00041748 0.000698197 0.00098875 0.00125725 0.00149969 0.00166669
2.56 0 0.000167084 0.0004215 0.000696054 0.000978667 0.00124044 0.00147788 0.00164115
2.57 0 0.00017192 0.000427312 0.000696188 0.000970448 0.00122491 0.00145722 0.00161699
2.58 0 0.000177224 0.000434958 0.000699286 0.000965324 0.00121202 0.00143894 0.00159527
2.59 0 0.000182794 0.000444246 0.000705638 0.000964185 0.00120294 0.0014241 0.00157684
2.6 0 0.000188477 0.000454891 0.000715238 0.000967596 0.00119863 0.00141363 0.00156244
2.61 0 0.000194236 0.000466667 0.000727943 0.000975877 0.00119985 0.0014084 0.00155281
2.62 0 0.000200168 0.000479532 0.000743638 0.000989212 0.00120724 0.00140928 0.00154885
2.63 0 0.000206468 0.000493651 0.000762333 0.00100773 0.00122131 0.00141716 0.00155167
2.64 0 0.000213362 0.000509358 0.0007842 0.00103154 0.00124246 0.00143291 0.00156251
2.65 0 0.000221046 0.000527045 0.000809529 0.00106078 0.00127099 0.00145733 0.00158274
2.66 0 0.000229616 0.000547028 0.000838615 0.00109554 0.00130705 0.00149109 0.0016136
2.67 0 0.000239004 0.000569383 0.000871584 0.0011358 0.00135065 0.0015346 0.00165609
2.68 0 0.000248967 0.00059385 0.000908269 0.00118134 0.00140158 0.00158798 0.00171076
2.69 0 0.000259201 0.000619914 0.000948216 0.00123178 0.0014595 0.00165107 0.00177769
2.7 0 0.000269474 0.000646993 0.000990813 0.00128668 0.0015241 0.00172361 0.00185667
2.71 0 0.000279665 0.000674578 0.00103542 0.0013456 0.00159512 0.00180527 0.00194721
2.72 0 0.000289666 0.000702231 0.00108142 0.00140809 0.00167226 0.00189564 0.00204862
2.73 0 0.00029926 0.000729471 0.00112811 0.00147353 0.00175504 0.00199405 0.00215987
2.74 0 0.000308091 0.000755677 0.00117474 0.00154109 0.00184261 0.00209946 0.00227962
2.75 0 0.000315751 0.000780116 0.00122041 0.00160974 0.00193379 0.00221048 0.00240622
2.76 0 0.000321915 0.000802081 0.00126424 0.00167833 0.00202711 0.00232541 0.00253783
2.77 0 0.000326484 0.000821099 0.00130543 0.00174575 0.00212108 0.00244248 0.00267256
2.78 0 0.000329604 0.000837067 0.00134345 0.00181101 0.00221424 0.00255996 0.0028086
2.79 0 0.000331572 0.00085022 0.00137801 0.00187326 0.00230527 0.00267624 0.00294417
2.8 0 0.000332658 0.000860929 0.00140901 0.00193171 0.00239286 0.00278967 0.00307744
2.81 0 0.000332962 0.000869442 0.00143629 0.0019855 0.0024756 0.00289851 0.0032064
2.82 0 0.000332388 0.000875711 0.00145955 0.00203369 0.00255194 0.00300075 0.00332874
2.83 0 0.000330751 0.000879411 0.00147827 0.00207526 0.0026202 0.00309424 0.00344191
2.84 0 0.000327921 0.00088012 0.00149183 0.00210921 0.00267882 0.0031768 0.00354331
2.85 0 0.000323948 0.000877569 0.00149972 0.00213476 0.00272645 0.00324646 0.00363051
2.86 0 0.000319107 0.000871852 0.00150171 0.00215147 0.00276221 0.00330169 0.00370144
2.87 0 0.000313827 0.000863469 0.001498 0.00215923 0.00278564 0.00334149 0.00375453
2.88 0 0.000308533 0.000853175 0.00148914 0.00215829 0.00279665 0.00336526 0.00378872
2.89 0 0.000303504 0.000841733 0.0014759 0.00214906 0.0027953 0.00337273 0.0038033
2.9 0 0.000298758 0.000829624 0.00145895 0.00213196 0.00278167 0.00336366 0.00379782
2.91 0 0.000294036 0.000816845 0.00143865 0.00210722 0.00275565 0.00333772 0.00377183
2.92 0 0.0002889 0.0008029 0.00141485 0.00207477 0.00271693 0.00329445 0.00372488
2.93 0 0.000282914 0.000786998 0.00138699 0.00203429 0.00266513 0.00323338 0.00365658
2.94 0 0.000275772 0.00076831 0.00135423 0.00198527 0.0025999 0.00315421 0.00356669
2.95 0 0.000267287 0.000746109 0.00131561 0.00192704 0.00252097 0.00305685 0.00345522
2.96 0 0.000257329 0.000719804 0.00127015 0.00185884 0.00242811 0.00294145 0.00332242
2.97 0 0.000245783 0.000688927 0.00121696 0.00177985 0.00232109 0.00280829 0.00316882
2.98 0 0.000232523 0.000653085 0.0011553 0.00168933 0.00219967 0.00265776 0.00299516
2.99 0 0.000217367 0.000611875 0.00108455 0.00158657 0.00206357 0.00249025 0.00280237
3 0 0.000200056 0.000564827 0.00100411 0.00147098 0.00191246 0.00230605 0.00259139
3.01 0 0.000180285 0.000511403 0.000913422 0.00134202 0.00174601 0.00210539 0.00236309
3.02 0 0.000157762 0.000451048 0.000811931 0.00119923 0.00156393 0.00188841 0.00211818
3.03 0 0.000132275 0.000383296 0.000699168 0.00104227 0.00136607 0.00165529 0.00185725
3.04 0 0.000103784 0.000307923 0.000574878 0.000871067 0.00115256 0.00140636 0.00158079
3.05 0 7.2461e-05 0.000225072 0.000439163 0.000685867 0.000923864 0.00114217 0.00128934
3.06 0 3.86342e-05 0.000135261 0.000292549 0.000487319 0.000680814 0.00086354 0.000983548
3.07 0 2.64754e-06 3.92404e-05 0.000135907 0.000276376 0.000424442 0.000571388 0.000664088
3.08 0 -3.52958e-05 -6.22692e-05 -2.9739e-05 5.41269e-05 0.000155787 0.000266559 0.000331548
3.09 0 -7.51775e-05 -0.000168742 -0.000203394 -0.000178357 -0.000124258 -5.0323e-05 -1.36805e-05
3.1 0 -0.000117016 -0.000279784 -0.000384137 -0.000420028 -0.000414911 -0.000378802 -0.000371347
3.11 0 -0.000160646 -0.000394948 -0.000571023 -0.000669759 -0.000715326 -0.000718388 -0.000741157
3.12 0 -0.000205618 -0.000513455 -0.0007629 -0.000926211 -0.00102438 -0.00106831 -0.00112254
3.13 0 -0.000251217 -0.00063403 -0.000958239 -0.00118772 -0.00134054 -0.0014273 -0.00151449
3.14 0 -0.00029653 -0.000754975 -0.00115511 -0.00145228 -0.00166182 -0.00179361 -0.00191546
3.15 0 -0.000340588 -0.000874368 -0.00135133 -0.00171769 -0.001986 -0.0021651 -0.00232353
3.16 0 -0.000382614 -0.000990329 -0.0015446 -0.00198164 -0.00231074 -0.00253944 -0.00273643
3.17 0 -0.000422145 -0.0011013 -0.00173277 -0.00224191 -0.00263377 -0.00291427 -0.00315175
3.18 0 -0.000458953 -0.00120624 -0.00191394 -0.00249633 -0.00295292 -0.00328729 -0.00356699
3.19 0 -0.000492955 -0.00130451 -0.00208659 -0.00274289 -0.00326608 -0.0036562 -0.00397955
3.2 0 -0.000524142 -0.0013958 -0.00224965 -0.00297979 -0.00357112 -0.00401869 -0.00438678
3.21 0 -0.000552554 -0.00148002 -0.00240239 -0.00320546 -0.00386593 -0.00437234 -0.00478598
3.22 0 -0.000578266 -0.00155721 -0.00254446 -0.00341869 -0.00414851 -0.00471466 -0.00517439
3.23 0 -0.000601343 -0.00162753 -0.00267573 -0.00361852 -0.00441694 -0.00504311 -0.00554916
3.24 0 -0.000621814 -0.00169112 -0.00279609 -0.00380414 -0.00466935 -0.00535503 -0.00590725
3.25 0 -0.00063965 -0.00174789 -0.00290532 -0.00397476 -0.0049039 -0.00564766 -0.00624532
3.26 0 -0.000654765 -0.00179766 -0.00300312 -0.00412956 -0.00511886 -0.00591823 -0.00655986
3.27 0 -0.00066719 -0.00184036 -0.00308922 -0.00426779 -0.00531269 -0.00616416 -0.00684738
3.28 0 -0.000677217 -0.00187623 -0.00316353 -0.00438896 -0.00548425 -0.0063833 -0.00710474
3.29 0 -0.000685389 -0.00190588 -0.0032263 -0.00449296 -0.00563285 -0.00657405 -0.00732936
3.3 0 -0.000692392 -0.00193032 -0.00327828 -0.00458015 -0.00575826 -0.00673539 -0.00751943
3.31 0 -0.000698888 -0.00195084 -0.00332068 -0.00465121 -0.00586064 -0.00686688 -0.00767391
3.32 0 -0.00070533 -0.00196863 -0.00335481 -0.00470704 -0.00594035 -0.0069684 -0.00779234
3.33 0 -0.000711808 -0.0019845 -0.00338181 -0.00474842 -0.00599768 -0.00703996 -0.00787465
3.34 0 -0.000718052 -0.00199854 -0.0034023 -0.00477589 -0.00603276 -0.00708154 -0.00792088
3.35 0 -0.00072361 -0.00201029 -0.00341627 -0.00478962 -0.00604558 -0.00709308 -0.00793116
3.36 0 -0.000728049 -0.00201892 -0.0034232 -0.00478948 -0.00603615 -0.00707473 -0.00790584
3.37 0 -0.000731046 -0.00202351 -0.00342223 -0.00477516 -0.00600462 -0.0070269 -0.00784556
3.38 0 -0.000732378 -0.00202323 -0.00341227 -0.00474617 -0.00595129 -0.00695037 -0.00775135
3.39 0 -0.000731845 -0.00201734 -0.00339227 -0.00470194 -0.00587656 -0.00684624 -0.00762458
3.4 0 -0.000729197 -0.00200515 -0.00336121 -0.00464183 -0.0057808 -0.00671577 -0.00746699
3.41 0 -0.000724095 -0.00198596 -0.00331816 -0.00456521 -0.00566433 -0.00656031 -0.00728058
3.42 0 -0.000716132 -0.00195904 -0.00326229 -0.0044715 -0.00552735 -0.00638113 -0.00706749
3.43 0 -0.000704849 -0.00192356 -0.0031928 -0.00436016 -0.00536996 -0.00617938 -0.0068299
3.44 0 -0.000689736 -0.00187863 -0.00310888 -0.00423067 -0.00519218 -0.00595602 -0.00656977
3.45 0 -0.000670298 -0.00182332 -0.00300965 -0.00408248 -0.00499398 -0.00571184 -0.0062888
3.46 0 -0.000646177 -0.00175688 -0.00289433 -0.00391515 -0.00477539 -0.00544752 -0.00598834
3.47 0 -0.000617225 -0.0016788 -0.00276237 -0.00372842 -0.00453664 -0.00516378 -0.0056695
3.48 0 -0.000583482 -0.00158897 -0.00261352 -0.00352225 -0.00427813 -0.00486135 -0.00533316
3.49 0 -0.000545116 -0.0014876 -0.00244791 -0.00329693 -0.00400046 -0.00454095 -0.00497996
3.5 0 -0.000502405 -0.00137519 -0.00226607 -0.00305305 -0.00370434 -0.00420327 -0.0046104
3.51 0 -0.000455763 -0.00125263 -0.00206906 -0.00279162 -0.0033907 -0.00384904 -0.00422495
3.52 0 -0.000405755 -0.00112111 -0.0018584 -0.00251414 -0.00306072 -0.00347905 -0.00382411
3.53 0 -0.000353058 -0.000982188 -0.00163611 -0.00222252 -0.00271582 -0.00309423 -0.00340846
3.54 0 -0.00029839 -0.000837591 -0.00140449 -0.00191898 -0.00235766 -0.0026956 -0.00297865
3.55 0 -0.000242452 -0.000689141 -0.00116606 -0.00160597 -0.00198807 -0.00228431 -0.00253539
3.56 0 -0.000185897 -0.000538602 -0.000923291 -0.00128596 -0.00160896 -0.00186157 -0.00207936
3.57 0 -0.000129326 -0.0003876 -0.00067856 -0.000961405 -0.0012223 -0.00142867 -0.0016113
3.58 0 -7.32965e-05 -0.000237589 -0.00043402 -0.000634632 -0.000830081 -0.000986987 -0.00113204
3.59 0 -1.83581e-05 -8.98799e-05 -0.000191604 -0.000307852 -0.000434332 -0.00053806 -0.000642619
3.6 0 3.48949e-05 5.4258e-05 4.68841e-05 1.67968e-05 -3.71754e-05 -8.3676e-05 -0.000144468
3.61 0 8.57821e-05 0.000193481 0.000279631 0.000337136 0.000359072 0.000373977 0.000360425
3.62 0 0.000133557 0.000326312 0.000504726 0.000650877 0.000751841 0.00083223 0.000869378
3.63 0 0.000177537 0.000451248 0.000720185 0.000955661 0.00113837 0.00128799 0.00137906
3.64 0 0.000217299 0.000567035 0.000924165 0.00124923 0.00151592 0.00173795 0.0018857
3.65 0 0.000252822 0.000672989 0.00111528 0.00152967 0.00188197 0.00217888 0.0023854
3.66 0 0.0002845 0.000769191 0.00129285 0.00179562 0.00223445 0.00260782 0.00287442
3.67 0 0.00031298 0.000856427 0.00145697 0.00204629 0.00257168 0.00302214 0.00334923
3.68 0 0.000338901 0.000935875 0.00160833 0.00228136 0.00289227 0.0034194 0.00380648
3.69 0 0.000362678 0.00100867 0.0017479 0.00250067 0.00319481 0.00379706 0.00424282
3.7 0 0.000384427 0.00107555 0.00187653 0.00270405 0.00347777 0.0041524 0.0046547
3.71 0 0.000404087 0.00113687 0.00199475 0.00289129 0.00373951 0.00448256 0.00503843
3.72 0 0.000421685 0.00119275 0.00210283 0.00306216 0.00397848 0.00478476 0.00539039
3.73 0 0.000437513 0.00124343 0.00220097 0.00321655 0.00419352 0.00505662 0.00570732
3.74 0 0.000452154 0.00128952 0.00228956 0.00335459 0.00438405 0.00529647 0.00598664
3.75 0 0.000466337 0.00133204 0.0023693 0.00347667 0.00455004 0.0055034 0.00622657
3.76 0 0.000480686 0.00137211 0.00244109 0.00358337 0.00469178 0.00567715 0.00642614
3.77 0 0.000495457 0.00141059 0.00250575 0.00367518 0.00480961 0.00581776 0.00658493
3.78 0 0.000510378 0.00144757 0.00256361 0.00375225 0.00490352 0.00592521 0.0067028
3.79 0 0.000524686 0.0014822 0.00261419 0.00381415 0.00497302 0.00599915 0.00677967
3.8 0 0.000537367 0.00151282 0.00265618 0.00385986 0.0050172 0.00603902 0.00681546
3.81 0 0.000547521 0.00153746 0.00268764 0.00388798 0.00503505 0.00604429 0.00681028
3.82 0 0.000554677 0.00155446 0.00270659 0.00389709 0.00502586 0.00601495 0.00676481
3.83 0 0.000558873 0.0015629 0.00271144 0.00388607 0.00498954 0.00595183 0.00668051
3.84 0 0.000560482 0.00156271 0.00270135 0.00385435 0.00492668 0.00585658 0.00655971
3.85 0 0.000559942 0.00155442 0.00267625 0.00380193 0.00483837 0.00573156 0.0064055
3.86 0 0.000557543 0.00153876 0.00263671 0.00372937 0.00472608 0.00557946 0.00622143
3.87 0 0.000553312 0.00151634 0.00258368 0.00363769 0.00459145 0.00540306 0.00601125
3.88 0 0.000547019 0.00148743 0.00251821 0.00352826 0.00443626 0.00520501 0.00577863
3.89 0 0.000538269 0.00145195 0.00244118 0.00340265 0.00426234 0.00498779 0.00552692
3.9 0 0.000526613 0.00140955 0.00235324 0.00326244 0.00407165 0.0047537 0.00525901
3.91 0 0.000511643 0.00135976 0.00225479 0.00310909 0.00386619 0.00450491 0.0049773
3.92 0 0.000493106 0.00130221 0.00214607 0.00294394 0.003648 0.00424354 0.00468377
3.93 0 0.000470945 0.00123677 0.00202735 0.00276819 0.0034191 0.00397166 0.00438015
3.94 0 0.000445236 0.00116355 0.00189897 0.00258292 0.00318131 0.0036912 0.00406795
3.95 0 0.000416067 0.00108279 0.00176133 0.00238895 0.00293606 0.00340374 0.00374848
3.96 0 0.00038352 0.000994786 0.00161485 0.00218693 0.00268431 0.00311041 0.00342285
3.97 0 0.000347731 0.000899912 0.00146005 0.00197733 0.00242659 0.00281196 0.00309204
3.98 0 0.000308924 0.000798642 0.00129749 0.00176053 0.00216308 0.00250876 0.00275684
3.99 0 0.00026739 0.000691541 0.00112776 0.00153681 0.00189375 0.00220091 0.00241781
4 0 0.000223462 0.000579242 0.000951408 0.00130635 0.0016184 0.00188831 0.00207521
4.01 0 0.000177555 0.000462472 0.000769041 0.00106931 0.00133687 0.00157076 0.00172904
4.02 0 0.000130269 0.000342188 0.00058145 0.000826099 0.00104924 0.00124822 0.0013792
4.03 0 8.24664e-05 0.000219747 0.000389864 0.000577609 0.00075613 0.000921029 0.00102578
4.04 0 3.52372e-05 9.69928e-05 0.000196119 0.000325422 0.000458828 0.000590099 0.000669254
4.05 0 -1.0304e-05 -2.39054e-05 2.61569e-06 7.1789e-05 0.000159267 0.000256855 0.000310528
4.06 0 -5.33141e-05 -0.000140836 -0.000187962 -0.00018063 -0.00014026 -7.69945e-05 -4.92295e-05
4.07 0 -9.34527e-05 -0.000252219 -0.000373101 -0.000429169 -0.00043749 -0.000409804 -0.000408896
4.08 0 -0.000130939 -0.000357354 -0.000550911 -0.000671578 -0.000730531 -0.000740296 -0.00076766
4.09 0 -0.000166374 -0.000456474 -0.000720438 -0.000906254 -0.00101802 -0.00106765 -0.0011251
4.1 0 -0.000200399 -0.000550409 -0.00088158 -0.00113224 -0.00129901 -0.00139133 -0.00148102
4.11 0 -0.000233366 -0.000640032 -0.0010347 -0.00134906 -0.00157271 -0.00171074 -0.00183506
4.12 0 -0.000265175 -0.000725767 -0.00118029 -0.00155646 -0.00183824 -0.00202493 -0.00218634
4.13 0 -0.000295342 -0.00080739 -0.00131856 -0.00175424 -0.00209457 -0.00233238 -0.00253326
4.14 0 -0.000323244 -0.000884156 -0.00144931 -0.00194213 -0.00234058 -0.00263117 -0.00287352
4.15 0 -0.000348448 -0.000955228 -0.00157212 -0.0021199 -0.00257531 -0.00291929 -0.00320434
4.16 0 -0.000370908 -0.00102013 -0.0016866 -0.00228747 -0.00279814 -0.00319492 -0.00352289
4.17 0 -0.000390942 -0.00107898 -0.00179267 -0.00244492 -0.00300886 -0.00345668 -0.0038265
4.18 0 -0.000409037 -0.00113239 -0.00189064 -0.00259246 -0.00320742 -0.00370354 -0.00411287
4.19 0 -0.000425636 -0.00118123 -0.0019811 -0.00273029 -0.00339371 -0.00393459 -0.00438001
4.2 0 -0.000441025 -0.00122631 -0.00206474 -0.00285855 -0.00356734 -0.00414885 -0.00462624
4.21 0 -0.000455305 -0.00126818 -0.00214216 -0.00297718 -0.00372759 -0.00434518 -0.00485011
4.22 0 -0.000468384 -0.00130697 -0.00221359 -0.00308584 -0.00387332 -0.00452214 -0.00505026
4.23 0 -0.000479989 -0.00134233 -0.0022787 -0.00318375 -0.00400301 -0.004678 -0.00522524
4.24 0 -0.000489722 -0.00137347 -0.00233654 -0.00326962 -0.00411488 -0.00481084 -0.00537344
4.25 0 -0.000497229 -0.00139939 -0.00238568 -0.00334178 -0.00420703 -0.00491877 -0.00549315
4.26 0 -0.000502414 -0.00141925 -0.00242461 -0.00339851 -0.00427782 -0.00500024 -0.0055829
4.27 0 -0.000505592 -0.00143275 -0.00245221 -0.00343849 -0.00432622 -0.00505443 -0.0056418
4.28 0 -0.000507399 -0.00144031 -0.0024681 -0.00346108 -0.00435196 -0.00508135 -0.00566981
4.29 0 -0.000508457 -0.00144276 -0.00247256 -0.00346632 -0.00435538 -0.00508165 -0.00566761
4.3 0 -0.000508927 -0.00144078 -0.00246617 -0.00345456 -0.004337 -0.00505616 -0.0056362
4.31 0 -0.000508232 -0.0014342 -0.00244918 -0.00342597 -0.00429697 -0.00500526 -0.00557628
4.32 0 -0.000505141 -0.00142172 -0.00242101 -0.0033802 -0.00423482 -0.00492864 -0.00548788
4.33 0 -0.000498171 -0.00140109 -0.00238017 -0.00331629 -0.00414954 -0.00482534 -0.00537035
4.34 0 -0.0004861 -0.00136985 -0.00232453 -0.00323284 -0.0040399 -0.00469411 -0.0052226
4.35 0 -0.000468371 -0.00132605 -0.00225193 -0.00312846 -0.00390494 -0.00453398 -0.00504363
4.36 0 -0.000445238 -0.00126894 -0.00216087 -0.00300211 -0.00374432 -0.00434475 -0.00483303
4.37 0 -0.00041763 -0.00119919 -0.00205103 -0.00285353 -0.00355848 -0.00412713 -0.00459135
4.38 0 -0.000386786 -0.00111862 -0.00192342 -0.00268328 -0.00334855 -0.00388268 -0.00432004
4.39 0 -0.000353792 -0.00102957 -0.00178005 -0.00249268 -0.00311595 -0.00361331 -0.00402124
4.4 0 -0.000319267 -0.000934125 -0.00162339 -0.00228348 -0.00286212 -0.00332085 -0.00369723
4.41 0 -0.000283333 -0.000833708 -0.00145579 -0.0020576 -0.00258833 -0.00300675 -0.00335011
4.42 0 -0.000245818 -0.000728997 -0.00127918 -0.00181699 -0.00229575 -0.0026721 -0.00298152
4.43 0 -0.000206603 -0.000620273 -0.00109499 -0.00156359 -0.00198582 -0.00231794 -0.0025928
4.44 0 -0.000165877 -0.000507898 -0.000904477 -0.00129946 -0.00166045 -0.00194572 -0.00218518
4.45 0 -0.000124177 -0.000392633 -0.000708906 -0.00102681 -0.00132218 -0.00155747 -0.00176011
4.46 0 -8.22282e-05 -0.000275681 -0.000509786 -0.000747993 -0.000974026 -0.00115583 -0.00131936
4.47 0 -4.07419e-05 -0.000158498 -0.000308886 -0.000465441 -0.000619212 -0.000743875 -0.000865171
4.48 0 -2.87899e-07 -4.25558e-05 -0.000108178 -0.000181642 -0.000260901 -0.000324853 -0.000400257
4.49 0 3.87412e-05 7.08227e-05 9.02804e-05 0.000100907 9.79479e-05 9.80061e-05 7.21788e-05
4.5 0 7.61669e-05 0.000180636 0.000284567 0.000379825 0.000454698 0.000521636 0.000548595
4.51 0 0.000112043 0.00028635 0.000473191 0.000653086 0.000807128 0.000943263 0.00102536
4.52 0 0.000146602 0.000387857 0.000655213 0.000919179 0.00115344 0.00136042 0.00149897
4.53 0 0.000180133 0.000485417 0.000830284 0.00117713 0.00149218 0.00177085 0.00196618
4.54 0 0.000212858 0.000579492 0.00099861 0.00142647 0.00182207 0.00217239 0.00242396
4.55 0 0.000244855 0.000670493 0.00116066 0.00166706 0.00214192 0.00256289 0.00286949
4.56 0 0.000276066 0.000758701 0.00131697 0.00189892 0.0024506 0.00294015 0.00330004
4.57 0 0.000306367 0.000844255 0.001468 0.00212207 0.00274695 0.00330203 0.00371292
4.58 0 0.000335665 0.000927189 0.001614 0.00233639 0.0030299 0.00364648 0.00410553
4.59 0 0.000363946 0.00100749 0.00175498 0.0025416 0.00329846 0.00397166 0.00447539
4.6 0 0.000391282 0.00108515 0.00189072 0.00273725 0.00355169 0.00427595 0.00482021
4.61 0 0.000417789 0.00116012 0.00202083 0.0029227 0.00378873 0.004558 0.00513805
4.62 0 0.000443572 0.00123235 0.0021448 0.00309716 0.00400872 0.00481668 0.00542732
4.63 0 0.000468654 0.00130164 0.00226204 0.00325979 0.00421079 0.00505104 0.00568685
4.64 0 0.000492946 0.00136769 0.00237187 0.00340964 0.004394 0.00526026 0.0059159
4.65 0 0.000516239 0.00142998 0.00247352 0.00354577 0.00455741 0.00544365 0.00611407
4.66 0 0.000538231 0.00148789 0.00256615 0.0036672 0.0047001 0.00560067 0.0062813
4.67 0 0.000558564 0.00154065 0.00264883 0.00377296 0.00482123 0.00573093 0.00641776
4.68 0 0.000576904 0.00158749 0.00272061 0.00386213 0.00492015 0.00583428 0.00652384
4.69 0 0.00059305 0.00162777 0.00278063 0.00393399 0.00499651 0.00591089 0.00660019
4.7 0 0.000606933 0.0016611 0.0028283 0.00398811 0.00505035 0.00596131 0.00664777
4.71 0 0.000618484 0.00168727 0.00286324 0.00402433 0.00508203 0.00598641 0.00666774
4.72 0 0.000627487 0.00170601 0.00288519 0.00404264 0.00509204 0.00598713 0.00666129
4.73 0 0.000633461 0.00171672 0.00289375 0.00404292 0.0050807 0.00596417 0.00662935
4.74 0 0.000635651 0.00171835 0.00288815 0.0040248 0.00504799 0.00591783 0.00657243
4.75 0 0.000633263 0.0017096 0.00286736 0.00398768 0.0049936 0.00584801 0.00649065
4.76 0 0.000625813 0.00168932 0.00283033 0.00393096 0.00491722 0.00575457 0.00638401
4.77 0 0.000613344 0.00165701 0.00277644 0.00385436 0.00481884 0.00563762 0.00625273
4.78 0 0.000596431 0.00161312 0.00270581 0.00375814 0.00469898 0.0054978 0.00609748
4.79 0 0.00057597 0.001559 0.00261946 0.00364315 0.00455868 0.00533629 0.00591945
4.8 0 0.000552825 0.00149644 0.00251905 0.00351073 0.00439928 0.00515453 0.00572009
4.81 0 0.000527545 0.00142714 0.00240654 0.00336238 0.00422208 0.00495388 0.0055008
4.82 0 0.000500338 0.00135231 0.00228377 0.00319965 0.00402818 0.00473538 0.00526269
4.83 0 0.000471205 0.00127267 0.00215227 0.003024 0.00381854 0.00449972 0.00500651
4.84 0 0.000440109 0.00118852 0.00201314 0.00283681 0.00359407 0.00424741 0.00473266
4.85 0 0.000407075 0.00110001 0.00186712 0.00263929 0.00335572 0.00397887 0.00444135
4.86 0 0.000372187 0.00100725 0.00171465 0.00243242 0.00310448 0.0036946 0.00413258
4.87 0 0.000335588 0.000910381 0.00155603 0.00221693 0.00284132 0.00339519 0.00380638
4.88 0 0.000297495 0.000809709 0.00139154 0.00199343 0.00256717 0.00308135 0.00346291
4.89 0 0.000258187 0.000705668 0.0012216 0.00176245 0.0022829 0.00275394 0.00310265
4.9 0 0.00021791 0.000598742 0.00104667 0.0015245 0.00198923 0.00241384 0.00272641
4.91 0 0.00017677 0.000489289 0.000867186 0.00127992 0.00168659 0.00206175 0.00233517
4.92 0 0.000134689 0.000377404 0.000683363 0.00102886 0.00137512 0.00169817 0.00192993
4.93 0 9.14996e-05 0.000262944 0.00049519 0.000771257 0.00105474 0.00132343 0.00151166
4.94 0 4.71156e-05 0.000145704 0.000302521 0.000506965 0.00072537 0.000937863 0.00108133
4.95 0 1.6005e-06 2.55896e-05 0.000105202 0.000235896 0.000387086 0.000541973 0.000639979
4.96 0 -4.49116e-05 -9.73694e-05 -9.68992e-05 -4.19802e-05 4.01797e-05 0.000136452 0.000188629
4.97 0 -9.23176e-05 -0.000223096 -0.000303876 -0.000326632 -0.000314908 -0.000277898 -0.00027173
4.98 0 -0.00014058 -0.000351526 -0.000515748 -0.000617939 -0.000677636 -0.000700227 -0.000740175
4.99 0 -0.000189671 -0.000482589 -0.000732393 -0.000915591 -0.00104733 -0.00112963 -0.00121576
5 0 -0.000239474 -0.000616076 -0.000953414 -0.00121894 -0.0014231 -0.00156504 -0.0016974
5.01 0 -0.000289728 -0.000751496 -0.00117802 -0.00152692 -0.00180372 -0.00200516 -0.00218372
5.02 0 -0.000340052 -0.000888034 -0.00140501 -0.00183803 -0.00218759 -0.00244839 -0.00267307
5.03 0 -0.00038999 -0.00102459 -0.0016328 -0.00215039 -0.00257281 -0.00289283 -0.00316348
5.04 0 -0.000439049 -0.00115984 -0.00185946 -0.00246183 -0.00295714 -0.00333631 -0.00365278
5.05 0 -0.000486738 -0.0012924 -0.0020829 -0.00276996 -0.00333818 -0.00377643 -0.00413859
5.06 0 -0.000532668 -0.00142095 -0.00230105 -0.00307235 -0.00371341 -0.00421073 -0.00461847
5.07 0 -0.000576625 -0.00154451 -0.00251212 -0.00336679 -0.0040805 -0.00463687 -0.00509012
5.08 0 -0.000618569 -0.00166248 -0.00271472 -0.00365134 -0.00443731 -0.0050527 -0.0055514
5.09 0 -0.000658525 -0.00177459 -0.00290792 -0.00392445 -0.00478196 -0.00545626 -0.00600032
5.1 0 -0.000696429 -0.00188064 -0.00309103 -0.00418476 -0.00511268 -0.00584562 -0.00643488
5.11 0 -0.00073199 -0.00198027 -0.00326337 -0.004431 -0.00542765 -0.00621866 -0.0068528
5.12 0 -0.000764716 -0.00207283 -0.00342412 -0.00466185 -0.00572493 -0.00657302 -0.00725145
5.13 0 -0.000794147 -0.00215747 -0.00357231 -0.00487592 -0.00600253 -0.00690613 -0.00762792
5.14 0 -0.000820035 -0.0022334 -0.00370699 -0.00507199 -0.00625859 -0.00721547 -0.00797918
5.15 0 -0.000842364 -0.00230017 -0.00382742 -0.00524912 -0.00649163 -0.00749881 -0.00830239
5.16 0 -0.000861403 -0.00235782 -0.00393327 -0.0054068 -0.00670066 -0.00775441 -0.00859511
5.17 0 -0.00087758 -0.00240684 -0.00402461 -0.00554481 -0.00688512 -0.00798095 -0.00885532
5.18 0 -0.00089116 -0.00244783 -0.00410171 -0.005663 -0.00704454 -0.00817737 -0.00908126
5.19 0 -0.000902103 -0.00248109 -0.00416478 -0.00576104 -0.00717813 -0.0083425 -0.00927121
5.2 0 -0.000910104 -0.00250645 -0.00421375 -0.00583835 -0.00728475 -0.0084749 -0.00942343
5.21 0 -0.000914731 -0.0025233 -0.00424813 -0.00589412 -0.00736302 -0.00857288 -0.00953617
5.22 0 -0.000915585 -0.0025308 -0.00426702 -0.0059273 -0.00741146 -0.00863467 -0.0096077
5.23 0 -0.000912385 -0.00252807 -0.00426928 -0.00593668 -0.00742856 -0.00865854 -0.00963642
5.24 0 -0.000904969 -0.00251433 -0.00425365 -0.00592092 -0.00741291 -0.008643 -0.00962085
5.25 0 -0.000893286 -0.00248902 -0.00421893 -0.00587862 -0.00736326 -0.00858687 -0.00955976
5.26 0 -0.000877363 -0.0024518 -0.00416414 -0.00580851 -0.00727855 -0.00848928 -0.00945224
5.27 0 -0.000857263 -0.00240252 -0.0040886 -0.00570958 -0.00715796 -0.00834969 -0.00929773
5.28 0 -0.000833056 -0.00234115 -0.0039919 -0.00558115 -0.00700092 -0.0081678 -0.00909607
5.29 0 -0.000804803 -0.00226776 -0.00387398 -0.00542294 -0.00680712 -0.00794354 -0.00884746
5.3 0 -0.000772564 -0.00218251 -0.00373504 -0.00523506 -0.00657662 -0.00767711 -0.00855241
5.31 0 -0.000736341 -0.00208559 -0.00357548 -0.00501797 -0.00630975 -0.00736895 -0.00821165
5.32 0 -0.000695963 -0.00197701 -0.00339566 -0.00477216 -0.00600697 -0.00701955 -0.00782584
5.33 0 -0.000651028 -0.00185643 -0.00319563 -0.00449799 -0.0056687 -0.00662929 -0.00739542
5.34 0 -0.000601031 -0.00172321 -0.00297513 -0.00419556 -0.00529521 -0.00619843 -0.00692051
5.35 0 -0.000545592 -0.00157663 -0.0027337 -0.00386487 -0.00488678 -0.0057272 -0.00640118
5.36 0 -0.000484658 -0.0014163 -0.00247099 -0.00350604 -0.00444387 -0.00521606 -0.00583768
5.37 0 -0.000418612 -0.00124242 -0.00218713 -0.00311956 -0.00396736 -0.00466594 -0.00523082
5.38 0 -0.000348218 -0.00105603 -0.00188298 -0.00270648 -0.00345865 -0.00407841 -0.00458213
5.39 0 -0.000274468 -0.000858876 -0.00156028 -0.0022685 -0.00291971 -0.00345566 -0.00389394
5.4 0 -0.000198353 -0.000653133 -0.00122148 -0.00180794 -0.00235292 -0.00280039 -0.00316925
5.41 0 -0.000120614 -0.00044094 -0.000869355 -0.00132746 -0.00176089 -0.00211552 -0.00241137
5.42 0 -4.15758e-05 -0.000223932 -0.000506521 -0.000829724 -0.00114617 -0.00140385 -0.00162356
5.43 0 3.88716e-05 -2.93789e-06 -0.000134989 -0.000317135 -0.000511037 -0.000667838 -0.000808694
5.44 0 0.000121079 0.000221971 0.000244023 0.000208366 0.000142451 9.04065e-05 3.08554e-05
5.45 0 0.000205337 0.000451151 0.000629953 0.000745191 0.000812345 0.000868892 0.000893004
5.46 0 0.000291619 0.000684775 0.00102247 0.0012919 0.00149647 0.00166538 0.00177561
5.47 0 0.000379514 0.000922485 0.001421 0.00184694 0.00219229 0.00247711 0.00267611
5.48 0 0.000468287 0.00116334 0.00182448 0.00240846 0.00289693 0.00330074 0.00359125
5.49 0 0.000557048 0.00140573 0.00223121 0.00297421 0.00360718 0.00413242 0.00451705
5.5 0 0.000644997 0.00164776 0.00263892 0.0035416 0.00431968 0.00496805 0.00544892
5.51 0 0.000731681 0.00188772 0.00304508 0.00410785 0.00503116 0.00580349 0.0063819
5.52 0 0.000816897 0.00212439 0.0034472 0.00467004 0.00573841 0.00663465 0.00731093
5.53 0 0.000900266 0.00235677 0.00384317 0.00522517 0.00643816 0.0074575 0.00823092
5.54 0 0.000981368 0.0025838 0.00423108 0.00577037 0.00712707 0.00826796 0.0091369
5.55 0 0.00105991 0.00280458 0.00460908 0.00630297 0.00780168 0.00906193 0.010024
5.56 0 0.00113572 0.00301804 0.00497554 0.00682059 0.00845851 0.00983532 0.0108876
5.57 0 0.00120869 0.00322312 0.00532891 0.00732104 0.00909421 0.0105841 0.0117234
5.58 0 0.00127844 0.00341906 0.00566754 0.007802 0.0097055 0.0113043 0.0125272
5.59 0 0.0013444 0.00360505 0.00598986 0.0082608 0.0102891 0.0119917 0.0132946
5.6 0 0.0014059 0.00377997 0.00629402 0.00869447 0.0108413 0.0126423 0.0140211
5.61 0 0.0014623 0.0039424 0.00657787 0.00909994 0.0113582 0.0132519 0.0147022
5.62 0 0.00151309 0.00409075 0.00683904 0.00947408 0.011836 0.0138162 0.0153331
5.63 0 0.00155775 0.0042234 0.00707493 0.00981362 0.0122709 0.0143309 0.0159092
5.64 0 0.00159575 0.00433866 0.00728277 0.0101151 0.0126588 0.0147915 0.0164258
5.65 0 0.00162651 0.0044349 0.00745981 0.0103752 0.012996 0.0151937 0.0168782
5.66 0 0.00164956 0.00451063 0.00760347 0.0105905 0.0132788 0.0155336 0.0172619
5.67 0 0.00166462 0.00456468 0.00771161 0.0107581 0.0135037 0.0158072 0.0175729
5.68 0 0.00167168 0.00459642 0.00778274 0.0108759 0.0136679 0.0160114 0.0178075
5.69 0 0.00167099 0.00460583 0.0078161 0.0109422 0.0137693 0.0161437 0.0179631
5.7 0 0.00166283 0.00459328 0.0078116 0.0109561 0.0138063 0.016202 0.0180375
5.71 0 0.00164742 0.00455935 0.00776952 0.0109173 0.0137777 0.0161847 0.0180286
5.72 0 0.00162474 0.00450446 0.00769034 0.0108256 0.0136827 0.0160906 0.017935
5.73 0 0.00159462 0.0044287 0.00757449 0.0106811 0.0135208 0.0159184 0.0177551
5.74 0 0.00155682 0.0043319 0.00742218 0.0104841 0.0132917 0.0156673 0.0174875
5.75 0 0.00151119 0.00421385 0.00723353 0.0102349 0.0129954 0.0153366 0.0171311
5.76 0 0.00145777 0.00407449 0.00700867 0.00993395 0.0126324 0.0149263 0.0166851
5.77 0 0.00139681 0.00391408 0.00674797 0.00958199 0.0122034 0.0144368 0.0161497
5.78 0 0.00132877 0.00373331 0.00645216 0.00918007 0.0117098 0.0138694 0.0155257
5.79 0 0.00125416 0.0035332 0.00612242 0.00872959 0.0111533 0.0132259 0.0148149
5.8 0 0.00117349 0.00331493 0.00576025 0.00823221 0.010536 0.0125086 0.0140197
5.81 0 0.00108715 0.00307969 0.00536737 0.00768986 0.00986009 0.0117203 0.0131435
5.82 0 0.00099547 0.0028286 0.00494556 0.00710463 0.00912796 0.0108641 0.0121901
5.83 0 0.000898723 0.00256261 0.00449659 0.00647882 0.00834236 0.00994348 0.0111637
5.84 0 0.00079709 0.0022825 0.00402211 0.00581477 0.00750623 0.00896216 0.0100691
5.85 0 0.000690673 0.0019889 0.00352347 0.00511475 0.00662271 0.00792413 0.00891085
5.86 0 0.000579561 0.00168224 0.0030018 0.00438095 0.00569512 0.00683359 0.007694
5.87 0 0.000463902 0.00136291 0.0024582 0.00361566 0.00472702 0.00569506 0.00642362
5.88 0 0.000344067 0.00103165 0.00189413 0.00282153 0.00372241 0.00451358 0.00510532
5.89 0 0.000220712 0.00068971 0.00131162 0.00200179 0.00268589 0.00329477 0.00374534
5.9 0 9.46088e-05 0.000338803 0.000713277 0.00116019 0.0016225 0.00204477 0.00235054
5.91 0 -3.34961e-05 -1.92256e-05 0.000102056 0.000300823 0.000537516 0.000769922 0.000928107
5.92 0 -0.000163368 -0.000382621 -0.000518939 -0.000572102 -0.000563785 -0.000523427 -0.00051468
5.93 0 -0.000294821 -0.000749736 -0.00114665 -0.00145434 -0.00167615 -0.001829 -0.00197058
5.94 0 -0.000427096 -0.00111899 -0.00177796 -0.00234152 -0.00279425 -0.00314051 -0.00343243
5.95 0 -0.000559573 -0.00148867 -0.00240958 -0.00322907 -0.00391253 -0.00445152 -0.00489297
5.96 0 -0.000691433 -0.00185668 -0.00303801 -0.00411207 -0.00502501 -0.00575523 -0.00634473
5.97 0 -0.00082146 -0.00222042 -0.00365942 -0.0049853 -0.00612531 -0.00704447 -0.00778002
5.98 0 -0.000948375 -0.00257696 -0.0042697 -0.0058433 -0.00720674 -0.00831178 -0.00919088
5.99 0 -0.00107098 -0.00292323 -0.00486438 -0.00668052 -0.0082625 -0.00954954 -0.0105692
6 0 -0.00118849 -0.00325669 -0.00543897 -0.00749142 -0.00928618 -0.0107504 -0.0119071
6.01 0 -0.00130044 -0.0035754 -0.00598973 -0.00827088 -0.0102719 -0.0119074 -0.0131968
6.02 0 -0.00140649 -0.00387754 -0.00651355 -0.00901436 -0.0112142 -0.0130144 -0.0144313
6.03 0 -0.00150637 -0.00416189 -0.00700772 -0.00971768 -0.0121077 -0.0140658 -0.0156041
6.04 0 -0.00160003 -0.00442786 -0.00747019 -0.0103773 -0.0129479 -0.0150563 -0.0167094
6.05 0 -0.00168746 -0.00467503 -0.00789948 -0.0109904 -0.0137306 -0.015981 -0.0177423
6.06 0 -0.00176866 -0.00490312 -0.00829453 -0.0115546 -0.0144524 -0.0168354 -0.018698
6.07 0 -0.00184373 -0.00511199 -0.00865473 -0.0120685 -0.0151104 -0.0176159 -0.0195725
6.08 0 -0.00191264 -0.00530175 -0.00897991 -0.012531 -0.0157025 -0.0183192 -0.020362
6.09 0 -0.00197547 -0.00547268 -0.00927023 -0.0129418 -0.0162274 -0.0189431 -0.0210634
6.1 0 -0.00203231 -0.005625 -0.00952596 -0.0133009 -0.0166843 -0.019486 -0.0216741
6.11 0 -0.00208307 -0.00575876 -0.00974732 -0.0136084 -0.017073 -0.0199467 -0.0221919
6.12 0 -0.00212744 -0.00587366 -0.00993419 -0.0138642 -0.0173931 -0.0203241 -0.022615
6.13 0 -0.0021647 -0.00596894 -0.0100861 -0.0140682 -0.0176446 -0.0206173 -0.0229419
6.14 0 -0.00219402 -0.0060435 -0.0102023 -0.01422 -0.0178269 -0.0208259 -0.0231715
6.15 0 -0.00221483 -0.00609621 -0.0102819 -0.014319 -0.0179399 -0.0209494 -0.0233034
6.16 0 -0.002227 -0.0061262 -0.0103241 -0.0143649 -0.0179834 -0.020988 -0.0233381
6.17 0 -0.00223068 -0.00613316 -0.0103282 -0.0143573 -0.0179577 -0.0209427 -0.023277
6.18 0 -0.00222611 -0.00611714 -0.0102938 -0.014296 -0.0178631 -0.0208147 -0.0231222
6.19 0 -0.00221345 -0.00607827 -0.0102205 -0.0141808 -0.0177004 -0.0206058 -0.0228762
6.2 0 -0.00219273 -0.00601668 -0.0101085 -0.0140115 -0.0174702 -0.0203179 -0.0225421
6.21 0 -0.00216392 -0.00593256 -0.00995785 -0.0137886 -0.0171735 -0.0199532 -0.0221234
6.22 0 -0.00212707 -0.00582609 -0.00976902 -0.0135125 -0.0168116 -0.0195144 -0.0216235
6.23 0 -0.00208233 -0.0056976 -0.00954276 -0.0131847 -0.0163866 -0.0190042 -0.0210465
6.24 0 -0.00202987 -0.00554758 -0.00928007 -0.0128068 -0.0159008 -0.0184261 -0.0203964
6.25 0 -0.00196973 -0.00537647 -0.00898211 -0.0123809 -0.015357 -0.0177833 -0.019677
6.26 0 -0.00190185 -0.00518462 -0.00865006 -0.0119091 -0.0147584 -0.0170793 -0.0188922
6.27 0 -0.00182613 -0.00497239 -0.00828521 -0.0113939 -0.014108 -0.0163177 -0.0180454
6.28 0 -0.0017426 -0.00474022 -0.00788899 -0.0108377 -0.0134092 -0.015502 -0.0171403
6.29 0 -0.00165145 -0.0044888 -0.00746301 -0.0102433 -0.0126653 -0.0146358 -0.0161803
6.3 0 -0.00155315 -0.0042192 -0.00700923 -0.00961341 -0.0118798 -0.0137228 -0.0151692
6.31 0 -0.00144839 -0.00393299 -0.00652999 -0.00895136 -0.0110565 -0.0127669 -0.0141112
6.32 0 -0.00133802 -0.00363208 -0.00602803 -0.00826039 -0.010199 -0.0117722 -0.0130103
6.33 0 -0.00122289 -0.00331866 -0.00550634 -0.00754385 -0.00931112 -0.0107428 -0.0118712
6.34 0 -0.00110393 -0.00299503 -0.00496817 -0.0068052 -0.00839655 -0.00968295 -0.0106984
6.35 0 -0.000982053 -0.00266358 -0.00441679 -0.00604806 -0.00745911 -0.00859681 -0.00949668
6.36 0 -0.00085816 -0.00232659 -0.00385533 -0.00527606 -0.00650272 -0.00748872 -0.00827083
6.37 0 -0.000733347 -0.00198621 -0.00328685 -0.00449287 -0.00553147 -0.00636308 -0.00702573
6.38 0 -0.000608641 -0.00164457 -0.0027143 -0.00370222 -0.00454956 -0.00522446 -0.00576624
6.39 0 -0.000484689 -0.00130352 -0.00214055 -0.00290788 -0.00356134 -0.00407754 -0.00449723
6.4 0 -0.000361943 -0.000964624 -0.00156844 -0.00211358 -0.00257123 -0.00292712 -0.00322362
6.41 0 -0.000240797 -0.000629327 -0.00100071 -0.00132306 -0.00158373 -0.00177808 -0.00195043
6.42 0 -0.000121587 -0.000298884 -0.00043982 -0.000539961 -0.000603259 -0.000635334 -0.000682783
6.43 0 -4.53047e-06 2.57868e-05 0.000112046 0.000232284 0.000365874 0.000496345 0.000574117
6.44 0 0.000110018 0.000343672 0.000652942 0.000990548 0.00131962 0.0016123 0.00181514
6.45 0 0.000221964 0.00065398 0.00118128 0.00173222 0.00225435 0.00270816 0.00303538
6.46 0 0.000331816 0.000956856 0.00169614 0.00245534 0.00316701 0.00377997 0.0042303
6.47 0 0.000439761 0.00125255 0.0021971 0.0031585 0.00405517 0.00482428 0.00539568
6.48 0 0.000545797 0.00154126 0.00268407 0.00384076 0.00491685 0.00583802 0.0065276
6.49 0 0.000649908 0.00182319 0.00315714 0.00450142 0.00575027 0.00681837 0.00762231
6.5 0 0.000751809 0.00209822 0.00361632 0.00513995 0.00655385 0.00776263 0.00867617
6.51 0 0.000851199 0.00236591 0.00406142 0.00575584 0.00732613 0.00866822 0.00968574
6.52 0 0.000947807 0.00262561 0.00449173 0.00634851 0.00806579 0.00953277 0.0106478
6.53 0 0.00104143 0.0028768 0.00490618 0.0069169 0.00877155 0.0103541 0.0115595
6.54 0 0.0011319 0.00311855 0.00530347 0.00745941 0.00944185 0.0111301 0.0124182
6.55 0 0.0012186 0.00334941 0.00568198 0.00797423 0.0100747 0.0118589 0.0132216
6.56 0 0.00130063 0.00356805 0.00604014 0.00845944 0.0106679 0.0125386 0.0139677
6.57 0 0.00137749 0.00377334 0.00637621 0.00891291 0.0112195 0.0131673 0.0146551
6.58 0 0.0014488 0.00396415 0.00668829 0.00933248 0.0117273 0.0137435 0.0152829
6.59 0 0.00151424 0.00413934 0.00697445 0.009716 0.0121895 0.0142656 0.0158501
6.6 0 0.00157349 0.00429773 0.0072327 0.0100613 0.012604 0.0147324 0.0163562
6.61 0 0.0016261 0.004438 0.00746105 0.010366 0.012969 0.0151423 0.0168001
6.62 0 0.00167141 0.00455872 0.00765741 0.0106278 0.0132823 0.015494 0.017181
6.63 0 0.00170848 0.00465825 0.00781959 0.0108443 0.0135416 0.0157856 0.0174974
6.64 0 0.00173624 0.00473466 0.00794526 0.0110129 0.0137448 0.0160153 0.0177475
6.65 0 0.00175378 0.0047859 0.00803211 0.0111313 0.0138893 0.0161808 0.0179291
6.66 0 0.00176053 0.00481029 0.00807798 0.0111973 0.0139733 0.0162799 0.0180401
6.67 0 0.00175643 0.0048069 0.00808129 0.0112096 0.0139951 0.016311 0.0180787
6.68 0 0.00174195 0.00477582 0.00804152 0.0111673 0.013954 0.0162729 0.0180434
6.69 0 0.00171797 0.00471823 0.00795927 0.0110706 0.0138498 0.0161653 0.0179333
6.7 0 0.00168539 0.004636 0.00783622 0.0109205 0.0136832 0.0159882 0.0177483
6.71 0 0.00164499 0.00453123 0.00767474 0.0107186 0.013455 0.0157422 0.0174883
6.72 0 0.00159742 0.00440595 0.00747754 0.0104672 0.0131665 0.0154278 0.0171537
6.73 0 0.00154323 0.00426198 0.00724741 0.0101686 0.0128191 0.0150458 0.0167447
6.74 0 0.00148291 0.00410092 0.00698701 0.0098257 0.0124148 0.0145971 0.016262
6.75 0 0.00141706 0.00392428 0.00669886 0.00944133 0.0119557 0.014083 0.0157062
6.76 0 0.0013464 0.00373367 0.00638543 0.00901856 0.0114447 0.0135054 0.0150785
6.77 0 0.00127179 0.0035309 0.00604928 0.00856059 0.010885 0.012867 0.0143809
6.78 0 0.00119408 0.0033178 0.00569298 0.00807067 0.0102802 0.0121709 0.0136158
6.79 0 0.00111393 0.00309614 0.00531907 0.00755195 0.00963395 0.0114208 0.0127865
6.8 0 0.00103174 0.0028673 0.00492983 0.00700738 0.0089498 0.0106206 0.0118969
6.81 0 0.00094762 0.00263209 0.00452711 0.00643955 0.0082309 0.00977411 0.0109514
6.82 0 0.000861385 0.00239069 0.00411214 0.00585043 0.00747996 0.00888507 0.00995449
6.83 0 0.000772649 0.00214296 0.0036854 0.00524133 0.00669942 0.00795706 0.00891119
6.84 0 0.000681234 0.00188857 0.00324668 0.00461326 0.00589166 0.00699383 0.0078266
6.85 0 0.000587218 0.00162704 0.00279558 0.00396704 0.00505907 0.0059994 0.00670613
6.86 0 0.000490608 0.00135806 0.00233196 0.00330338 0.00420404 0.00497803 0.00555534
6.87 0 0.000391367 0.00108152 0.00185587 0.00262316 0.00332915 0.00393416 0.00437999
6.88 0 0.00028951 0.000797503 0.00136763 0.00192752 0.00243718 0.0028724 0.003186
6.89 0 0.000185081 0.000506317 0.000867962 0.00121805 0.00153115 0.00179741 0.00197933
6.9 0 7.8154e-05 0.000208406 0.000357913 0.000496739 0.000614308 0.000713809 0.000765866
6.91 0 -3.11836e-05 -9.56901e-05 -0.000161184 -0.000234144 -0.000310032 -0.000373912 -0.000448823
6.92 0 -0.000142965 -0.000405488 -0.000687958 -0.000972205 -0.00123854 -0.00146155 -0.00165968
6.93 0 -0.000257282 -0.000720635 -0.001221 -0.00171494 -0.00216794 -0.00254517 -0.00286225
6.94 0 -0.000374019 -0.00104051 -0.0017586 -0.00245968 -0.00309489 -0.00362102 -0.00405258
6.95 0 -0.000492836 -0.00136402 -0.00229878 -0.00320359 -0.00401597 -0.00468556 -0.00522712
6.96 0 -0.000613076 -0.00168975 -0.0028393 -0.00394357 -0.00492764 -0.00573523 -0.00638249
6.97 0 -0.00073365 -0.0020156 -0.00337731 -0.00467612 -0.00582608 -0.00676635 -0.00751528
6.98 0 -0.000853122 -0.00233869 -0.00390926 -0.00539723 -0.00670712 -0.00777497 -0.0086218
6.99 0 -0.000969886 -0.00265567 -0.00443095 -0.00610251 -0.00756638 -0.00875693 -0.00969812
7 0 -0.00108254 -0.00296284 -0.00493758 -0.00678714 -0.00839924 -0.00970783 -0.0107401
7.01 0 -0.00118972 -0.00325642 -0.00542381 -0.0074458 -0.00920092 -0.0106231 -0.0117432
7.02 0 -0.00128992 -0.00353283 -0.00588432 -0.00807284 -0.00996645 -0.0114981 -0.0127029
7.03 0 -0.00138182 -0.00378861 -0.00631422 -0.00866262 -0.0106905 -0.0123281 -0.0136145
7.04 0 -0.00146405 -0.00402055 -0.00670886 -0.00920957 -0.0113674 -0.013108 -0.014473
7.05 0 -0.00153548 -0.00422588 -0.00706395 -0.00970847 -0.0119915 -0.0138323 -0.0152734
7.06 0 -0.00159545 -0.00440242 -0.00737584 -0.0101546 -0.0125575 -0.0144959 -0.0160106
7.07 0 -0.00164357 -0.00454865 -0.00764155 -0.0105437 -0.0130604 -0.0150932 -0.0166795
7.08 0 -0.00167977 -0.00466368 -0.00785891 -0.0108723 -0.0134957 -0.0156191 -0.0172747
7.09 0 -0.00170425 -0.00474731 -0.0080266 -0.0111378 -0.0138594 -0.016069 -0.0177908
7.1 0 -0.00171736 -0.00479998 -0.00814425 -0.0113385 -0.0141485 -0.0164383 -0.0182227
7.11 0 -0.00171959 -0.00482258 -0.00821228 -0.0114734 -0.0143603 -0.0167232 -0.0185651
7.12 0 -0.00171153 -0.0048164 -0.0082318 -0.0115425 -0.0144934 -0.0169203 -0.0188131
7.13 0 -0.00169393 -0.00478304 -0.00820455 -0.0115465 -0.0145467 -0.0170267 -0.0189623
7.14 0 -0.00166764 -0.00472434 -0.00813271 -0.011487 -0.01452 -0.0170403 -0.0190086
7.15 0 -0.00163345 -0.00464219 -0.00801874 -0.011366 -0.014414 -0.0169593 -0.0189489
7.16 0 -0.00159202 -0.00453838 -0.00786511 -0.0111857 -0.0142293 -0.0167828 -0.0187804
7.17 0 -0.00154389 -0.00441452 -0.00767419 -0.0109483 -0.0139671 -0.0165102 -0.0185015
7.18 0 -0.00148964 -0.00427213 -0.00744826 -0.0106562 -0.0136288 -0.0161418 -0.018111
7.19 0 -0.00143002 -0.00411282 -0.00718959 -0.0103118 -0.0132166 -0.0156788 -0.0176096
7.2 0 -0.00136585 -0.0039383 -0.00690046 -0.0099175 -0.0127328 -0.0151232 -0.0169989
7.21 0 -0.00129789 -0.00375023 -0.00658302 -0.00947597 -0.0121802 -0.0144781 -0.0162821
7.22 0 -0.00122663 -0.00354995 -0.00623917 -0.00898956 -0.0115619 -0.0137472 -0.0154635
7.23 0 -0.00115219 -0.00333822 -0.00587034 -0.00846036 -0.010881 -0.0129347 -0.0145482
7.24 0 -0.00107428 -0.00311506 -0.00547727 -0.00789004 -0.0101403 -0.0120451 -0.0135419
7.25 0 -0.000992456 -0.00287994 -0.0050602 -0.00728009 -0.00934282 -0.011083 -0.012451
7.26 0 -0.000906289 -0.0026321 -0.00461912 -0.00663194 -0.00849192 -0.0100538 -0.0112827
7.27 0 -0.000815511 -0.00237079 -0.00415388 -0.00594703 -0.00759121 -0.00896336 -0.0100446
7.28 0 -0.000720019 -0.00209553 -0.00366432 -0.00522688 -0.00664466 -0.00781813 -0.00874489
7.29 0 -0.000619749 -0.00180625 -0.00315056 -0.00447331 -0.00565661 -0.00662487 -0.00739221
7.3 0 -0.000514724 -0.0015032 -0.00261334 -0.00368849 -0.0046318 -0.00539077 -0.00599553
7.31 0 -0.000405042 -0.00118674 -0.00205389 -0.00287524 -0.00357536 -0.00412329 -0.00456402
7.32 0 -0.000290819 -0.000857548 -0.00147409 -0.00203705 -0.00249275 -0.00283004 -0.00310699
7.33 0 -0.000172218 -0.000516647 -0.000876409 -0.00117801 -0.00138976 -0.00151865 -0.00163364
7.34 0 -4.93999e-05 -0.000165257 -0.000263676 -0.000302623 -0.000272409 -0.000196618 -0.000152849
7.35 0 7.73248e-05 0.000195215 0.000361012 0.000584349 0.000853194 0.00112877 0.00132699
7.36 0 0.000207409 0.000562934 0.000994164 0.00147784 0.0019808 0.00245041 0.00279806
7.37 0 0.000340091 0.000935632 0.00163185 0.00237245 0.00310392 0.0037612 0.00425288
7.38 0 0.000474204 0.0013106 0.00226973 0.00326237 0.00421581 0.00505398 0.00568423
7.39 0 0.000608132 0.00168433 0.00290274 0.0041413 0.00530936 0.00632145 0.00708487
7.4 0 0.000739866 0.00205249 0.00352503 0.00500228 0.00637704 0.007556 0.0084473
7.41 0 0.000867189 0.00241018 0.00413008 0.00583783 0.0074109 0.00874972 0.0097637
7.42 0 0.000987901 0.00275208 0.00471056 0.00663996 0.00840276 0.00989441 0.0110259
7.43 0 0.00110013 0.00307297 0.00525859 0.00740016 0.0093443 0.0109818 0.0122256
7.44 0 0.00120237 0.00336782 0.00576649 0.00810964 0.0102271 0.0120035 0.0133545
7.45 0 0.0012929 0.0036319 0.00622731 0.00876014 0.0110425 0.0129516 0.0144043
7.46 0 0.0013701 0.00386147 0.00663512 0.00934404 0.0117824 0.0138181 0.0153671
7.47 0 0.0014329 0.0040537 0.00698482 0.00985443 0.012439 0.014595 0.0162353
7.48 0 0.00148054 0.00420632 0.00727212 0.0102855 0.0130052 0.0152748 0.0170011
7.49 0 0.00151248 0.00431761 0.00749371 0.0106322 0.0134747 0.0158498 0.017657
7.5 0 0.00152845 0.00438629 0.00764713 0.0108904 0.0138418 0.0163133 0.0181951
7.51 0 0.00152842 0.00441167 0.00773079 0.0110569 0.0141014 0.0166589 0.0186076
7.52 0 0.0015124 0.00439372 0.00774382 0.0111294 0.0142494 0.0168807 0.0188872
7.53 0 0.00148064 0.00433301 0.0076861 0.0111064 0.0142823 0.0169735 0.0190269
7.54 0 0.00143367 0.00423058 0.00755829 0.0109875 0.0141979 0.0169322 0.01902
7.55 0 0.00137223 0.00408777 0.00736169 0.0107729 0.0139943 0.0167529 0.0188607
7.56 0 0.00129711 0.00390615 0.00709812 0.0104634 0.0136705 0.0164321 0.0185438
7.57 0 0.00120928 0.00368767 0.00676985 0.0100607 0.0132263 0.0159677 0.0180654
7.58 0 0.00110989 0.00343477 0.00637972 0.00956694 0.0126625 0.0153585 0.0174228
7.59 0 0.00100035 0.00315037 0.00593118 0.00898528 0.0119813 0.0146053 0.0166152
7.6 0 0.000882172 0.00283764 0.00542819 0.0083194 0.0111854 0.0137097 0.0156433
7.61 0 0.000756748 0.00249967 0.00487491 0.00757357 0.0102787 0.0126752 0.01451
7.62 0 0.00062497 0.00213922 0.00427547 0.00675236 0.00926585 0.011506 0.0132196
7.63 0 0.000487483 0.00175875 0.00363361 0.0058605 0.00815185 0.0102078 0.0117782
7.64 0 0.00034508 0.00136037 0.00295261 0.00490272 0.00694252 0.00878693 0.0101931
7.65 0 0.000198498 0.000945689 0.00223568 0.00388386 0.00564424 0.00725126 0.00847341
7.66 0 4.83005e-05 0.000516308 0.0014861 0.00280878 0.00426394 0.00560982 0.00662978
7.67 0 -0.000104903 7.41165e-05 0.00070718 0.00168262 0.00280938 0.00387304 0.00467447
7.68 0 -0.000260445 -0.000378964 -9.74109e-05 0.000511446 0.00128944 0.00205266 0.00262127
7.69 0 -0.000417619 -0.000840892 -0.000923881 -0.000698063 -0.000286108 0.000161437 0.000485316
7.7 0 -0.0005758 -0.00130988 -0.00176819 -0.00193881 -0.00190669 -0.00178695 -0.00171713
7.71 0 -0.000734637 -0.00178409 -0.00262583 -0.00320316 -0.00356107 -0.00377806 -0.00396897
7.72 0 -0.000893823 -0.00226132 -0.00349217 -0.00448318 -0.00523771 -0.00579693 -0.00625259
7.73 0 -0.001053 -0.00273981 -0.00436255 -0.00577061 -0.00692478 -0.00782826 -0.00855015
7.74 0 -0.00121205 -0.00321782 -0.00523227 -0.00705716 -0.00861012 -0.00985672 -0.0108438
7.75 0 -0.00137101 -0.00369357 -0.00609651 -0.00833453 -0.010282 -0.0118673 -0.0131163
7.76 0 -0.00152972 -0.00416576 -0.00695077 -0.00959426 -0.0119287 -0.0138456 -0.0153507
7.77 0 -0.00168781 -0.0046328 -0.00779094 -0.0108283 -0.0135386 -0.0157773 -0.0175307
7.78 0 -0.00184465 -0.00509251 -0.00861254 -0.0120291 -0.0151004 -0.0176487 -0.0196409
7.79 0 -0.0019996 -0.00554231 -0.00941081 -0.0131893 -0.0166037 -0.0194465 -0.0216663
7.8 0 -0.00215203 -0.00597936 -0.0101807 -0.0143016 -0.0180384 -0.021158 -0.0235929
7.81 0 -0.00230013 -0.00639993 -0.0109165 -0.0153585 -0.019395 -0.0227718 -0.0254073
7.82 0 -0.00244011 -0.00679901 -0.0116127 -0.0163537 -0.020665 -0.0242775 -0.0270968
7.83 0 -0.00256827 -0.00717167 -0.0122647 -0.0172813 -0.0218404 -0.0256653 -0.0286497
7.84 0 -0.00268256 -0.00751379 -0.0128677 -0.018135 -0.0229133 -0.0269253 -0.0300547
7.85 0 -0.00278192 -0.007821 -0.013415 -0.0189078 -0.0238766 -0.0280484 -0.0313017
7.86 0 -0.00286603 -0.00808944 -0.0138988 -0.0195922 -0.0247235 -0.0290262 -0.0323814
7.87 0 -0.00293524 -0.00831592 -0.0143122 -0.0201805 -0.0254473 -0.0298518 -0.0332859
7.88 0 -0.00298967 -0.00849728 -0.0146497 -0.0206648 -0.0260406 -0.0305191 -0.0340088
7.89 0 -0.00302904 -0.00863108 -0.0149064 -0.0210377 -0.0264957 -0.0310227 -0.0345456
7.9 0 -0.00305259 -0.0087161 -0.015078 -0.0212921 -0.0268054 -0.0313578 -0.0348937
7.91 0 -0.00305945 -0.00875156 -0.0151609 -0.0214224 -0.0269633 -0.0315202 -0.0350516
7.92 0 -0.00304893 -0.00873626 -0.0151527 -0.021424 -0.0269641 -0.0315062 -0.0350191
7.93 0 -0.00302042 -0.00866861 -0.015051 -0.0212933 -0.0268035 -0.0313127 -0.0347955
7.94 0 -0.00297316 -0.0085466 -0.0148536 -0.0210277 -0.0264789 -0.0309379 -0.0343802
7.95 0 -0.00290622 -0.0083683 -0.0145589 -0.0206261 -0.0259892 -0.0303804 -0.033772
7.96 0 -0.00281842 -0.00813214 -0.014166 -0.0200889 -0.0253348 -0.02964 -0.0329691
7.97 0 -0.00270895 -0.00783661 -0.0136741 -0.0194171 -0.0245176 -0.0287172 -0.0319702
7.98 0 -0.00257754 -0.00748103 -0.0130834 -0.0186128 -0.0235407 -0.0276135 -0.0307743
7.99 0 -0.00242432 -0.00706585 -0.0123957 -0.0176792 -0.0224078 -0.0263314 -0.0293817
8 0 -0.00224975 -0.00659254 -0.0116136 -0.0166205 -0.0211235 -0.0248739 -0.0277937
8.01 0 -0.0020547 -0.0060636 -0.010741 -0.0154413 -0.0196923 -0.0232451 -0.0260135
8.02 0 -0.00184045 -0.00548252 -0.00978298 -0.0141473 -0.0181194 -0.0214495 -0.0240454
8.03 0 -0.00160864 -0.00485356 -0.00874555 -0.0127442 -0.0164101 -0.0194926 -0.0218955
8.04 0 -0.00136114 -0.00418139 -0.007635 -0.0112385 -0.0145704 -0.0173806 -0.019571
8.05 0 -0.0011 -0.00347088 -0.00645776 -0.00963669 -0.0126065 -0.0151204 -0.0170799
8.06 0 -0.000827087 -0.00272674 -0.00522019 -0.00794543 -0.0105254 -0.0127198 -0.0144311
8.07 0 -0.000544373 -0.00195335 -0.00392844 -0.00617184 -0.00833475 -0.0101876 -0.0116345
8.08 0 -0.000254222 -0.00115499 -0.00258828 -0.00432324 -0.0060433 -0.00753349 -0.00870083
8.09 0 4.14345e-05 -0.000336341 -0.00120596 -0.00240739 -0.00366058 -0.00476841 -0.00564184
8.1 0 0.00034128 0.000498299 0.000211569 -0.000433095 -0.00119709 -0.00190427 -0.00247027
8.11 0 0.000644388 0.00134587 0.00165775 0.00159048 0.00133594 0.00104614 0.000800334
8.12 0 0.000950396 0.00220313 0.0031261 0.00365398 0.00392687 0.00406966 0.00415585
8.13 0 0.00125889 0.00306724 0.00460998 0.00574687 0.00656347 0.00715271 0.00758167
8.14 0 0.00156995 0.00393644 0.00610359 0.0078589 0.00923272 0.0102813 0.0110627
8.15 0 0.0018842 0.00480877 0.0076016 0.00998096 0.0119219 0.0134413 0.0145836
8.16 0 0.0022029 0.00568357 0.00909906 0.0121039 0.0146188 0.0166178 0.0181285
8.17 0 0.00252588 0.00656172 0.0105933 0.0142188 0.0173102 0.0197956 0.0216809
8.18 0 0.00284891 0.00744352 0.0120837 0.0163194 0.0199835 0.0229586 0.0252227
8.19 0 0.00316602 0.00832583 0.0135703 0.0184011 0.0226277 0.0260903 0.0287341
8.2 0 0.00347297 0.00920118 0.0150513 0.0204601 0.0252323 0.0291746 0.0321938
8.21 0 0.00376948 0.0100601 0.0165194 0.0224944 0.0277886 0.0321954 0.0355797
8.22 0 0.00405864 0.0108947 0.0179625 0.0244991 0.0302907 0.0351366 0.0388698
8.23 0 0.00434422 0.0117023 0.0193668 0.0264636 0.0327326 0.0379842 0.0420425
8.24 0 0.00462796 0.0124838 0.0207225 0.028375 0.0351058 0.040727 0.0450784
8.25 0 0.0049085 0.0132396 0.0220242 0.0302187 0.0373985 0.043355 0.0479618
8.26 0 0.00518256 0.0139692 0.0232692 0.0319809 0.0395941 0.0458577 0.0506817
8.27 0 0.00544678 0.0146703 0.0244572 0.0336519 0.0416758 0.0482224 0.0532318
8.28 0 0.00569847 0.0153401 0.0255852 0.035224 0.0436286 0.0504356 0.0556085
8.29 0 0.00593552 0.0159753 0.0266478 0.0366901 0.0454381 0.052484 0.0578089
8.3 0 0.00615937 0.0165571 0.0275348 0.0380282 0.0470949 0.0543564 0.0598289
8.31 0 0.00637515 0.0170122 0.027979 0.0391624 0.0485958 0.056047 0.0616633
8.32 0 0.00656563 0.0172421 0.0280984 0.03999 0.0499207 0.0575594 0.0633068
8.33 0 0.00666863 0.0172339 0.0282376 0.0404953 0.0510083 0.0588976 0.0647576
8.34 0 0.0066194 0.017079 0.0284071 0.0407725 0.0517932 0.0600412 0.0660223
8.35 0 0.00641813 0.0168918 0.0286182 0.04094 0.0522625 0.0609406 0.0671077
8.36 0 0.00614495 0.0167426 0.0288316 0.0410684 0.052464 0.0615455 0.0680043
8.37 0 0.00591145 0.0166479 0.0289549 0.0411604 0.0524729 0.0618407 0.0686755
8.38 0 0.00579499 0.0165991 0.0289908 0.0411785 0.0523516 0.0618545 0.0690635
8.39 0 0.00581016 0.016589 0.0289345 0.0410838 0.0521291 0.0616402 0.0691084
8.4 0 0.00591784 0.016615 0.0288039 0.0408579 0.0518058 0.0612429 0.068773
8.41 0 0.00605526 0.0166667 0.0286176 0.0405064 0.0513686 0.0606746 0.0680563
8.42 0 0.00616993 0.0167175 0.0283926 0.0400516 0.0508012 0.0599161 0.0669897
8.43 0 0.00623398 0.0167321 0.0281395 0.0395209 0.0500864 0.0589342 0.0656219
8.44 0 0.00624009 0.0166801 0.0278584 0.0389339 0.0492091 0.0577042 0.0639998
8.45 0 0.00619231 0.0165458 0.0275384 0.0382926 0.0481609 0.0562247 0.0621584
8.46 0 0.00609961 0.0163297 0.0271608 0.0375792 0.0469415 0.0545161 0.0601188
8.47 0 0.0059733 0.0160428 0.0267035 0.0367627 0.0455579 0.052611 0.057893
8.48 0 0.00582582 0.0156983 0.0261444 0.0358095 0.0440209 0.0505445 0.0554918
8.49 0 0.00566855 0.0153045 0.025465 0.0346946 0.0423401 0.0483452 0.0529304
8.5 0 0.00550844 0.0148622 0.0246525 0.0334065 0.0405213 0.046032 0.0502308
8.51 0 0.0053452 0.0143648 0.0237015 0.0319467 0.038567 0.043614 0.0474197
8.52 0 0.00517082 0.0138011 0.022614 0.0303259 0.0364777 0.0410952 0.0445249
8.53 0 0.00497207 0.0131585 0.0213977 0.0285592 0.0342557 0.0384786 0.0415704
8.54 0 0.00473494 0.0124271 0.0200628 0.0266622 0.0319071 0.0357694 0.0385729
8.55 0 0.00444922 0.0116012 0.0186192 0.0246498 0.0294428 0.0329762 0.0355416
8.56 0 0.00411124 0.0106806 0.0170749 0.0225353 0.0268788 0.0301109 0.0324783
8.57 0 0.00372403 0.00967025 0.0154365 0.0203309 0.0242339 0.027186 0.0293801
8.58 0 0.00329538 0.00857999 0.0137105 0.018049 0.0215274 0.0242137 0.0262425
8.59 0 0.00283541 0.00742323 0.0119057 0.0157023 0.0187769 0.0212037 0.0230616
8.6 0 0.00235512 0.00621574 0.0100353 0.0133044 0.0159961 0.0181637 0.019836
8.61 0 0.00186703 0.00497483 0.00811742 0.0108698 0.0131947 0.0150989 0.016568
8.62 0 0.00138397 0.00371992 0.0061734 0.00841323 0.0103792 0.0120132 0.0132631
8.63 0 0.000914526 0.00247219 0.00422605 0.00595012 0.00755446 0.00890938 0.00992892
8.64 0 0.000461934 0.00125193 0.00229889 0.0034958 0.00472574 0.00579099 0.00657389
8.65 0 2.85509e-05 7.6195e-05 0.000415194 0.00106563 0.00189924 0.00266282 0.00320643
8.66 0 -0.00038258 -0.00104098 -0.00140472 -0.00132534 -0.000916933 -0.000468581 -0.000165847
8.67 0 -0.000770218 -0.00209134 -0.00314288 -0.00366139 -0.00371158 -0.0035953 -0.00353673
8.68 0 -0.00113489 -0.00307283 -0.00478872 -0.00592442 -0.00646964 -0.0067073 -0.00690151
8.69 0 -0.0014748 -0.00398383 -0.00634034 -0.00810059 -0.009172 -0.00979164 -0.0102559
8.7 0 -0.00178612 -0.00482512 -0.00779535 -0.0101816 -0.0118002 -0.0128339 -0.0135939
8.71 0 -0.00206641 -0.00560105 -0.00915502 -0.0121577 -0.0143393 -0.0158196 -0.0169062
8.72 0 -0.00231424 -0.00631491 -0.0104247 -0.0140228 -0.0167757 -0.0187341 -0.0201799
8.73 0 -0.00253101 -0.00696975 -0.0116077 -0.0157773 -0.0190993 -0.0215623 -0.0233978
8.74 0 -0.00272255 -0.00756895 -0.0127069 -0.0174231 -0.0213046 -0.0242889 -0.0265391
8.75 0 -0.00289586 -0.0081164 -0.013725 -0.0189637 -0.0233905 -0.0269004 -0.0295799
8.76 0 -0.00305612 -0.00861698 -0.0146664 -0.0204033 -0.0253581 -0.0293853 -0.0324936
8.77 0 -0.00320783 -0.00907736 -0.0155351 -0.0217465 -0.0272098 -0.0317331 -0.0352531
8.78 0 -0.00335373 -0.00950704 -0.0163373 -0.0229991 -0.0289485 -0.0339346 -0.0378328
8.79 0 -0.00349368 -0.00991292 -0.0170832 -0.0241693 -0.0305763 -0.0359821 -0.0402116
8.8 0 -0.0036285 -0.0102967 -0.0177826 -0.0252643 -0.0320934 -0.0378685 -0.0423733
8.81 0 -0.00375984 -0.0106605 -0.0184439 -0.0262873 -0.033497 -0.0395855 -0.0443082
8.82 0 -0.00388786 -0.011009 -0.0190738 -0.027242 -0.0347805 -0.0411247 -0.0460118
8.83 0 -0.00401238 -0.0113469 -0.0196763 -0.0281307 -0.0359375 -0.0424783 -0.0474837
8.84 0 -0.00413426 -0.0116781 -0.0202535 -0.0289523 -0.0369628 -0.0436403 -0.0487258
8.85 0 -0.00425524 -0.0120048 -0.0208053 -0.0297029 -0.037852 -0.0446083 -0.0497411
8.86 0 -0.00437713 -0.0123279 -0.0213294 -0.0303766 -0.038601 -0.0453832 -0.0505333
8.87 0 -0.00450111 -0.0126469 -0.0218212 -0.0309663 -0.0392072 -0.0459684 -0.0511067
8.88 0 -0.00462745 -0.0129591 -0.0222737 -0.0314647 -0.0396691 -0.0463694 -0.0514671
8.89 0 -0.00475505 -0.0132597 -0.0226782 -0.0318648 -0.0399874 -0.0465926 -0.051622
8.9 0 -0.00488078 -0.0135411 -0.0230244 -0.0321604 -0.0401641 -0.0466442 -0.05158
8.91 0 -0.00499949 -0.0137928 -0.0233012 -0.0323468 -0.0402011 -0.0465301 -0.051351
8.92 0 -0.00510484 -0.0140023 -0.0234978 -0.03242 -0.0400995 -0.0462563 -0.0509453
8.93 0 -0.00518959 -0.0141562 -0.0236041 -0.0323766 -0.0398606 -0.0458289 -0.0503734
8.94 0 -0.00524613 -0.0142417 -0.0236111 -0.0322132 -0.0394856 -0.045254 -0.0496456
8.95 0 -0.0052679 -0.0142477 -0.0235099 -0.0319259 -0.0389762 -0.0445377 -0.0487716
8.96 0 -0.00525046 -0.0141657 -0.0232933 -0.031511 -0.038334 -0.0436863 -0.0477608
8.97 0 -0.00519171 -0.0139907 -0.0229557 -0.0309656 -0.0375609 -0.0427061 -0.0466222
8.98 0 -0.00509222 -0.0137224 -0.0224939 -0.0302877 -0.036659 -0.041603 -0.0453642
8.99 0 -0.00495484 -0.0133633 -0.0219073 -0.0294765 -0.0356304 -0.0403826 -0.0439945
9 0 -0.00478281 -0.0129182 -0.0211985 -0.0285331 -0.0344772 -0.0390495 -0.04252
9.01 0 -0.0045794 -0.0123933 -0.0203731 -0.0274601 -0.0332015 -0.0376072 -0.0409458
9.02 0 -0.00434787 -0.0117961 -0.0194387 -0.0262622 -0.0318055 -0.0360581 -0.0392754
9.03 0 -0.0040912 -0.0111339 -0.0184047 -0.0249461 -0.0302923 -0.0344035 -0.0375101
9.04 0 -0.00381246 -0.0104147 -0.0172814 -0.0235205 -0.0286659 -0.0326443 -0.0356495
9.05 0 -0.00351489 -0.00964631 -0.0160799 -0.0219954 -0.0269319 -0.0307809 -0.033691
9.06 0 -0.00320193 -0.00883706 -0.0148117 -0.020382 -0.025097 -0.0288144 -0.031631
9.07 0 -0.00287737 -0.00799564 -0.0134889 -0.0186928 -0.0231698 -0.0267466 -0.0294654
9.08 0 -0.00254547 -0.00713121 -0.0121239 -0.0169406 -0.0211601 -0.0245805 -0.0271907
9.09 0 -0.00221036 -0.00625316 -0.0107293 -0.0151388 -0.0190781 -0.0223204 -0.0248047
9.1 0 -0.00187562 -0.00537058 -0.00931769 -0.0133005 -0.0169343 -0.019971 -0.0223066
9.11 0 -0.00154509 -0.00449168 -0.0079005 -0.0114375 -0.0147382 -0.0175378 -0.0196978
9.12 0 -0.00122311 -0.00362354 -0.00648809 -0.00956078 -0.0124985 -0.0150265 -0.016982
9.13 0 -0.000912237 -0.0027718 -0.00508868 -0.00767914 -0.010223 -0.0124434 -0.0141649
9.14 0 -0.000612983 -0.00194089 -0.00370788 -0.0057992 -0.00791812 -0.00979547 -0.0112546
9.15 0 -0.000324911 -0.00113466 -0.00234998 -0.00392521 -0.00558895 -0.00709003 -0.00826098
9.16 0 -4.58033e-05 -0.000353822 -0.00101871 -0.00206048 -0.00324043 -0.00433546 -0.00519573
9.17 0 0.000225118 0.000405606 0.000286198 -0.000207493 -0.000877819 -0.00154117 -0.0020719
9.18 0 0.000486596 0.00114641 0.00157037 0.00163448 0.00149363 0.00128265 0.00109631
9.19 0 0.000739643 0.0018686 0.00283746 0.00346927 0.00387047 0.00412572 0.00429373
9.2 0 0.000986231 0.00257396 0.00408802 0.00529788 0.00625043 0.00697795 0.00750472
9.21 0 0.00122828 0.00326712 0.00532477 0.00711712 0.00862782 0.0098285 0.0107139
9.22 0 0.0014693 0.00395475 0.00655203 0.00892558 0.0109946 0.0126662 0.0139063
9.23 0 0.00171333 0.00464286 0.00777497 0.010724 0.0133445 0.0154799 0.0170677
9.24 0 0.00196282 0.00533606 0.00899751 0.0125119 0.0156715 0.0182584 0.0201844
9.25 0 0.00221862 0.00603857 0.0102222 0.0142877 0.0179683 0.0209908 0.0232434
9.26 0 0.00248182 0.00675391 0.011452 0.0160494 0.0202282 0.0236666 0.0262327
9.27 0 0.00275319 0.00748399 0.0126888 0.0177959 0.022445 0.0262764 0.0291413
9.28 0 0.00303209 0.00822922 0.0139323 0.0195251 0.0246138 0.028812 0.0319587
9.29 0 0.00331737 0.00898835 0.0151809 0.0212342 0.0267306 0.0312668 0.0346753
9.3 0 0.00360822 0.0097574 0.0164308 0.0229198 0.0287913 0.0336348 0.0372827
9.31 0 0.00390357 0.0105304 0.0176769 0.0245775 0.0307916 0.0359107 0.0397736
9.32 0 0.00420098 0.0113019 0.0189109 0.0262014 0.032727 0.0380902 0.0421425
9.33 0 0.00449715 0.0120671 0.0201233 0.0277843 0.0345926 0.0401692 0.0443854
9.34 0 0.00478929 0.0128191 0.021305 0.0293175 0.0363831 0.042144 0.0465
9.35 0 0.00507468 0.0135493 0.0224482 0.0307917 0.0380924 0.0440121 0.048486
9.36 0 0.00534964 0.0142502 0.0235444 0.032198 0.0397134 0.0457709 0.0503442
9.37 0 0.00561003 0.0149152 0.0245843 0.0335276 0.0412391 0.0474181 0.0520767
9.38 0 0.00585249 0.0155378 0.0255585 0.0347717 0.0426623 0.0489508 0.0536855
9.39 0 0.00607475 0.016111 0.0264579 0.0359213 0.0439767 0.0503665 0.0551724
9.4 0 0.00627509 0.0166291 0.0272741 0.036968 0.0451762 0.0516625 0.0565383
9.41 0 0.00645209 0.017087 0.0279997 0.0379039 0.0462556 0.0528366 0.0577831
9.42 0 0.00660531 0.0174815 0.028628 0.0387224 0.0472104 0.0538868 0.0589057
9.43 0 0.00673342 0.0178109 0.0291547 0.0394181 0.0480368 0.0548105 0.059904
9.44 0 0.00683394 0.0180738 0.0295775 0.0399876 0.0487314 0.0556049 0.0607747
9.45 0 0.00690642 0.0182676 0.0298956 0.0404291 0.0492916 0.0562667 0.0615139
9.46 0 0.00695112 0.0183901 0.0301085 0.0407425 0.0497151 0.0567915 0.0621163
9.47 0 0.00696747 0.0184418 0.0302159 0.0409287 0.0500002 0.0571747 0.062576
9.48 0 0.00695497 0.0184231 0.030219 0.0409888 0.050146 0.0574118 0.0628858
9.49 0 0.00691381 0.0183354 0.03012 0.0409244 0.0501517 0.0574984 0.0630383
9.5 0 0.00684514 0.0181815 0.0299224 0.0407376 0.0500171 0.0574309 0.0630257
9.51 0 0.00675116 0.0179651 0.0296305 0.0404311 0.0497419 0.0572055 0.0628412
9.52 0 0.00663476 0.0176912 0.0292493 0.0400079 0.0493265 0.0568193 0.0624786
9.53 0 0.00649888 0.0173656 0.0287843 0.0394714 0.0487712 0.0562694 0.0619329
9.54 0 0.00634635 0.0169943 0.0282412 0.0388252 0.0480766 0.0555536 0.0612001
9.55 0 0.00617992 0.0165829 0.0276262 0.0380733 0.0472434 0.0546703 0.0602775
9.56 0 0.00600197 0.0161368 0.026945 0.0372194 0.0462728 0.0536188 0.0591634
9.57 0 0.00581441 0.01566 0.0262027 0.0362672 0.0451662 0.0523994 0.0578572
9.58 0 0.0056187 0.0151562 0.0254037 0.0352204 0.0439259 0.0510129 0.0563595
9.59 0 0.00541573 0.0146275 0.0245513 0.0340823 0.0425546 0.0494616 0.0546721
9.6 0 0.00520584 0.0140752 0.0236476 0.0328559 0.0410555 0.0477484 0.0527976
9.61 0 0.00498882 0.0134993 0.0226935 0.0315435 0.0394322 0.0458772 0.0507398
9.62 0 0.00476404 0.0128987 0.021689 0.0301471 0.0376884 0.0438526 0.0485038
9.63 0 0.00453051 0.0122718 0.0206332 0.0286682 0.0358281 0.0416803 0.0460958
9.64 0 0.00428704 0.0116164 0.0195249 0.0271079 0.0338552 0.0393664 0.0435235
9.65 0 0.00403257 0.0109303 0.0183624 0.025467 0.031774 0.0369181 0.0407957
9.66 0 0.00376605 0.0102113 0.0171443 0.0237465 0.0295887 0.0343429 0.0379228
9.67 0 0.0034865 0.00945762 0.0158692 0.0219473 0.0273038 0.0316491 0.034916
9.68 0 0.00319303 0.00866794 0.0145358 0.0200704 0.0249239 0.0288452 0.0317873
9.69 0 0.00288481 0.00784129 0.0131435 0.0181172 0.0224537 0.0259402 0.0285488
9.7 0 0.0025613 0.00697728 0.011693 0.0160898 0.019899 0.0229436 0.0252134
9.71 0 0.00222284 0.00607623 0.0101857 0.0139914 0.0172658 0.0198647 0.0217937
9.72 0 0.00187153 0.00513933 0.00862383 0.0118264 0.0145608 0.0167136 0.0183025
9.73 0 0.00151182 0.00416934 0.00701082 0.00960042 0.0117915 0.0134998 0.0147525
9.74 0 0.00114776 0.00317112 0.0053513 0.00731925 0.00896536 0.0102336 0.0111556
9.75 0 0.000780008 0.00215066 0.00365068 0.00498852 0.00609073 0.00692539 0.00752278
9.76 0 0.000408 0.0011135 0.00191558 0.0026152 0.0031769 0.00358531 0.00386423
9.77 0 3.21708e-05 6.43018e-05 0.000154855 0.000208712 0.000233107 0.000222525 0.000189658
9.78 0 -0.000347509 -0.000993238 -0.00162293 -0.00222135 -0.00273211 -0.00315415 -0.00349172
9.79 0 -0.000732241 -0.00205721 -0.0034111 -0.0046655 -0.00570958 -0.00653558 -0.00717233
9.8 0 -0.00112573 -0.00312922 -0.00520515 -0.00711414 -0.00868883 -0.00991312 -0.0108459
9.81 0 -0.00153019 -0.00421002 -0.00700014 -0.00955754 -0.0116591 -0.0132794 -0.0145067
9.82 0 -0.0019416 -0.00529671 -0.00878843 -0.011984 -0.0146098 -0.0166271 -0.018149
9.83 0 -0.00235555 -0.00638613 -0.010565 -0.0143838 -0.0175303 -0.0199479 -0.0217673
9.84 0 -0.00276785 -0.00747306 -0.0123259 -0.0167513 -0.0204113 -0.0232333 -0.0253555
9.85 0 -0.00317332 -0.0085501 -0.0140647 -0.0190809 -0.0232452 -0.0264743 -0.0289066
9.86 0 -0.00356975 -0.00960863 -0.0157745 -0.0213675 -0.0260263 -0.029663 -0.0324119
9.87 0 -0.003957 -0.0106396 -0.0174479 -0.0236064 -0.0287496 -0.0327919 -0.0358608
9.88 0 -0.00433398 -0.0116362 -0.0190753 -0.0257918 -0.0314113 -0.035854 -0.0392413
9.89 0 -0.00469729 -0.0125945 -0.0206476 -0.0279171 -0.0340073 -0.0388425 -0.0425412
9.9 0 -0.00504288 -0.0135111 -0.0221576 -0.0299747 -0.0365323 -0.0417502 -0.0457483
9.91 0 -0.00536835 -0.0143825 -0.0236004 -0.0319572 -0.0389789 -0.0445689 -0.0488521
9.92 0 -0.00567413 -0.0152053 -0.0249736 -0.0338579 -0.0413381 -0.0472894 -0.0518435
9.93 0 -0.00596396 -0.0159787 -0.0262761 -0.035672 -0.0435995 -0.0499019 -0.0547143
9.94 0 -0.00623979 -0.0167068 -0.02751 -0.0373973 -0.0457537 -0.0523956 -0.0574567
9.95 0 -0.00649796 -0.017395 -0.028679 -0.0390305 -0.0477939 -0.0547598 -0.0600625
9.96 0 -0.00673534 -0.0180432 -0.0297801 -0.040568 -0.0497147 -0.0569856 -0.0625219
9.97 0 -0.00695144 -0.01865 -0.0308095 -0.0420057 -0.0515095 -0.0590671 -0.0648236
9.98 0 -0.00714681 -0.0192133 -0.0317654 -0.0433369 -0.053173 -0.0609991 -0.0669566
9.99 0 -0.00732303 -0.0197297 -0.0326431 -0.0445567 -0.0546998 -0.062774 -0.0689113
10 0 -0.00748147 -0.0201953 -0.0334375 -0.045661 -0.0560828 -0.0643823 -0.0706799
