1.03643e-17 0 0 0 0 0 0
0.0790108 0 0 0 0 0 0
0.147961 0 0 0 0 0 0
0.202064 0 0 0 0 0 0
0.240586 0 0 0 0 0 0
0.264745 0 0 0 0 0 0
0.209596 0 0 0 0 0 0
0.154385 0 0 0 0 0 0
0.0957903 0 0 0 0 0 0
0.0274427 0 0 0 0 0 0
-0.0451134 0 0 0 0 0 0
-0.107367 0 0 0 0 0 0
-0.160791 0 0 0 0 0 0
-0.207489 0 0 0 0 0 0
-0.24182 0 0 0 0 0 0
-0.263496 0 0 0 0 0 0
-0.211435 0 0 0 0 0 0
-0.15909 0 0 0 0 0 0
-0.104744 0 0 0 0 0 0
-0.0467567 0 0 0 0 0 0
0.0148756 0 0 0 0 0 0
0.0148756 0 0 0 0 0 0
0.0722111 0 0 0 0 0 0
0.123231 0 0 0 0 0 0
0.17486 0 0 0 0 0 0
0.223102 0 0 0 0 0 0
0.259204 0 0 0 0 0 0
0.206847 0 0 0 0 0 0
0.154204 0 0 0 0 0 0
0.0996333 0 0 0 0 0 0
0.0418458 0 0 0 0 0 0
-0.019333 0 0 0 0 0 0
-0.0746336 0 0 0 0 0 0
-0.122984 0 0 0 0 0 0
-0.172743 0 0 0 0 0 0
-0.219002 0 0 0 0 0 0
-0.258899 0 0 0 0 0 0
-0.206983 0 0 0 0 0 0
-0.154733 0 0 0 0 0 0
-0.100442 0 0 0 0 0 0
-0.0429226 0 0 0 0 0 0
0.0179661 0 0 0 0 0 0
0.0179661 0 0 0 0 0 0
0.0733216 0 0 0 0 0 0
0.121731 0 0 0 0 0 0
0.171067 0 0 0 0 0 0
0.217291 0 0 0 0 0 0
0.257744 0 0 0 0 0 0
0.205497 0 0 0 0 0 0
0.152907 0 0 0 0 0 0
0.0984131 0 0 0 0 0 0
0.0408838 0 0 0 0 0 0
-0.0198093 0 0 0 0 0 0
-0.0744954 0 0 0 0 0 0
-0.122212 0 0 0 0 0 0
-0.171516 0 0 0 0 0 0
-0.217495 0 0 0 0 0 0
-0.257799 0 0 0 0 0 0
-0.205914 0 0 0 0 0 0
-0.153647 0 0 0 0 0 0
-0.0993546 0 0 0 0 0 0
-0.0419284 0 0 0 0 0 0
0.0187237 0 0 0 0 0 0
0.0187237 0 0 0 0 0 0
0.073676 0 0 0 0 0 0
0.121644 0 0 0 0 0 0
0.170743 0 0 0 0 0 0
0.216896 0 0 0 0 0 0
0.257454 0 0 0 0 0 0
0.270685 0 0 0 0 0 0
0.276904 0 0 0 0 0 0
0.280216 0 0 0 0 0 0
0.28212 0 0 0 0 0 0
0.283908 0 0 0 0 0 0
0.235918 0 0 0 0 0 0
0.188895 0 0 0 0 0 0
0.143763 0 0 0 0 0 0
0.101101 0 0 0 0 0 0
0.0618385 0 0 0 0 0 0
0.0282008 0 0 0 0 0 0
0.00210885 0 0 0 0 0 0
-0.0190402 0 0 0 0 0 0
-0.0399895 0 0 0 0 0 0
-0.0667378 0 0 0 0 0 0
-0.102765 0 0 0 0 0 0
-0.142321 0 0 0 0 0 0
-0.186028 0 0 0 0 0 0
-0.225401 0 0 0 0 0 0
-0.252927 0 0 0 0 0 0
-0.266093 0 0 0 0 0 0
-0.272318 0 0 0 0 0 0
-0.276648 0 0 0 0 0 0
-0.279612 0 0 0 0 0 0
-0.281834 0 0 0 0 0 0
-0.233862 0 0 0 0 0 0
-0.186955 0 0 0 0 0 0
-0.142073 0 0 0 0 0 0
-0.099874 0 0 0 0 0 0
-0.0613086 0 0 0 0 0 0
-0.0286201 0 0 0 0 0 0
-0.00300725 0 0 0 0 0 0
0.018242 0 0 0 0 0 0
0.0384456 0 0 0 0 0 0
0.0616497 0 0 0 0 0 0
0.0616497 0 0 0 0 0 0
0.0916051 0 0 0 0 0 0
0.120954 0 0 0 0 0 0
0.151889 0 0 0 0 0 0
0.180265 0 0 0 0 0 0
0.205242 0 0 0 0 0 0
0.225048 0 0 0 0 0 0
0.240404 0 0 0 0 0 0
0.252707 0 0 0 0 0 0
0.262557 0 0 0 0 0 0
0.269664 0 0 0 0 0 0
0.221734 0 0 0 0 0 0
0.175027 0 0 0 0 0 0
0.130465 0 0 0 0 0 0
0.0886878 0 0 0 0 0 0
0.0511875 0 0 0 0 0 0
0.0204417 0 0 0 0 0 0
-0.00275269 0 0 0 0 0 0
-0.0219766 0 0 0 0 0 0
-0.0406671 0 0 0 0 0 0
-0.0630928 0 0 0 0 0 0
-0.0920497 0 0 0 0 0 0
-0.121142 0 0 0 0 0 0
-0.151326 0 0 0 0 0 0
-0.179492 0 0 0 0 0 0
-0.204381 0 0 0 0 0 0
-0.224359 0 0 0 0 0 0
-0.239777 0 0 0 0 0 0
-0.252069 0 0 0 0 0 0
-0.261974 0 0 0 0 0 0
-0.269844 0 0 0 0 0 0
-0.221908 0 0 0 0 0 0
-0.17519 0 0 0 0 0 0
-0.130614 0 0 0 0 0 0
-0.0888628 0 0 0 0 0 0
-0.0513369 0 0 0 0 0 0
-0.0205782 0 0 0 0 0 0
0.00266429 0 0 0 0 0 0
0.0217369 0 0 0 0 0 0
0.0401248 0 0 0 0 0 0
0.0621371 0 0 0 0 0 0
0.0621371 0 0 0 0 0 0
0.0911537 0 0 0 0 0 0
0.120519 0 0 0 0 0 0
0.150703 0 0 0 0 0 0
0.178805 0 0 0 0 0 0
0.203694 0 0 0 0 0 0
0.223673 0 0 0 0 0 0
0.239086 0 0 0 0 0 0
0.251451 0 0 0 0 0 0
0.261428 0 0 0 0 0 0
0.269279 0 0 0 0 0 0
0.221353 0 0 0 0 0 0
0.174654 0 0 0 0 0 0
0.130105 0 0 0 0 0 0
0.0883586 0 0 0 0 0 0
0.0509199 0 0 0 0 0 0
0.0202875 0 0 0 0 0 0
-0.00279148 0 0 0 0 0 0
-0.0217905 0 0 0 0 0 0
-0.0399445 0 0 0 0 0 0
-0.061958 0 0 0 0 0 0
-0.0909055 0 0 0 0 0 0
-0.120087 0 0 0 0 0 0
-0.150263 0 0 0 0 0 0
-0.178463 0 0 0 0 0 0
-0.203394 0 0 0 0 0 0
-0.223407 0 0 0 0 0 0
-0.238871 0 0 0 0 0 0
-0.251242 0 0 0 0 0 0
-0.261235 0 0 0 0 0 0
-0.269248 0 0 0 0 0 0
-0.221315 0 0 0 0 0 0
-0.174607 0 0 0 0 0 0
-0.130048 0 0 0 0 0 0
-0.0883196 0 0 0 0 0 0
-0.0508589 0 0 0 0 0 0
-0.0202096 0 0 0 0 0 0
0.00291155 0 0 0 0 0 0
0.0218421 0 0 0 0 0 0
0.0400656 0 0 0 0 0 0
0.0619743 0 0 0 0 0 0
0.0619743 0 0 0 0 0 0
0.0909689 0 0 0 0 0 0
0.120353 0 0 0 0 0 0
0.150535 0 0 0 0 0 0
0.178665 0 0 0 0 0 0
0.203562 0 0 0 0 0 0
0.223562 0 0 0 0 0 0
0.238982 0 0 0 0 0 0
0.251355 0 0 0 0 0 0
0.26134 0 0 0 0 0 0
0.269246 0 0 0 0 0 0
0.273444 0 0 0 0 0 0
0.276597 0 0 0 0 0 0
0.27922 0 0 0 0 0 0
0.28149 0 0 0 0 0 0
0.283463 0 0 0 0 0 0
0.285212 0 0 0 0 0 0
0.286805 0 0 0 0 0 0
0.288235 0 0 0 0 0 0
0.289407 0 0 0 0 0 0
0.290504 0 0 0 0 0 0
0.291627 0 0 0 0 0 0
0.292709 0 0 0 0 0 0
0.293756 0 0 0 0 0 0
0.294768 0 0 0 0 0 0
0.295754 0 0 0 0 0 0
0.296719 0 0 0 0 0 0
0.297664 0 0 0 0 0 0
0.298594 0 0 0 0 0 0
0.299508 0 0 0 0 0 0
0.30041 0 0 0 0 0 0
0.301299 0 0 0 0 0 0
0.302172 0 0 0 0 0 0
0.30302 0 0 0 0 0 0
0.303843 0 0 0 0 0 0
0.304649 0 0 0 0 0 0
0.259192 0 0 0 0 0 0
0.215613 0 0 0 0 0 0
0.175826 0 0 0 0 0 0
0.140304 0 0 0 0 0 0
0.108994 0 0 0 0 0 0
0.0819451 0 0 0 0 0 0
0.0593115 0 0 0 0 0 0
0.0408681 0 0 0 0 0 0
0.0260015 0 0 0 0 0 0
0.014036 0 0 0 0 0 0
0.00430074 0 0 0 0 0 0
-0.00367265 0 0 0 0 0 0
-0.010353 0 0 0 0 0 0
-0.0159305 0 0 0 0 0 0
-0.0207551 0 0 0 0 0 0
-0.0249785 0 0 0 0 0 0
-0.0287686 0 0 0 0 0 0
-0.0327346 0 0 0 0 0 0
-0.0366861 0 0 0 0 0 0
-0.0405472 0 0 0 0 0 0
-0.04411 0 0 0 0 0 0
-0.0476958 0 0 0 0 0 0
-0.0510935 0 0 0 0 0 0
-0.0542921 0 0 0 0 0 0
-0.0572975 0 0 0 0 0 0
-0.0604892 0 0 0 0 0 0
-0.0636203 0 0 0 0 0 0
-0.0670934 0 0 0 0 0 0
-0.070783 0 0 0 0 0 0
-0.0747855 0 0 0 0 0 0
-0.0794973 0 0 0 0 0 0
-0.0853332 0 0 0 0 0 0
-0.0941828 0 0 0 0 0 0
-0.106664 0 0 0 0 0 0
-0.124742 0 0 0 0 0 0
-0.14576 0 0 0 0 0 0
-0.167373 0 0 0 0 0 0
-0.188073 0 0 0 0 0 0
-0.208121 0 0 0 0 0 0
-0.226319 0 0 0 0 0 0
-0.240973 0 0 0 0 0 0
-0.251637 0 0 0 0 0 0
-0.259981 0 0 0 0 0 0
-0.266983 0 0 0 0 0 0
-0.272754 0 0 0 0 0 0
-0.276134 0 0 0 0 0 0
-0.278432 0 0 0 0 0 0
-0.280434 0 0 0 0 0 0
-0.282258 0 0 0 0 0 0
-0.283963 0 0 0 0 0 0
-0.285567 0 0 0 0 0 0
-0.287085 0 0 0 0 0 0
-0.28848 0 0 0 0 0 0
-0.289778 0 0 0 0 0 0
-0.290951 0 0 0 0 0 0
-0.291763 0 0 0 0 0 0
-0.292509 0 0 0 0 0 0
-0.293505 0 0 0 0 0 0
-0.294482 0 0 0 0 0 0
-0.295442 0 0 0 0 0 0
-0.296387 0 0 0 0 0 0
-0.297318 0 0 0 0 0 0
-0.29823 0 0 0 0 0 0
-0.29913 0 0 0 0 0 0
-0.30002 0 0 0 0 0 0
-0.3009 0 0 0 0 0 0
-0.301771 0 0 0 0 0 0
-0.302635 0 0 0 0 0 0
-0.30349 0 0 0 0 0 0
-0.304298 0 0 0 0 0 0
-0.259001 0 0 0 0 0 0
-0.215615 0 0 0 0 0 0
-0.176046 0 0 0 0 0 0
-0.140762 0 0 0 0 0 0
-0.109743 0 0 0 0 0 0
-0.0830264 0 0 0 0 0 0
-0.0606844 0 0 0 0 0 0
-0.0424288 0 0 0 0 0 0
-0.0276722 0 0 0 0 0 0
-0.0157295 0 0 0 0 0 0
-0.00597353 0 0 0 0 0 0
0.00202939 0 0 0 0 0 0
0.00872092 0 0 0 0 0 0
0.014319 0 0 0 0 0 0
0.019162 0 0 0 0 0 0
0.0234246 0 0 0 0 0 0
0.0272492 0 0 0 0 0 0
0.0308814 0 0 0 0 0 0
0.0345633 0 0 0 0 0 0
0.0384389 0 0 0 0 0 0
0.0420686 0 0 0 0 0 0
0.0453597 0 0 0 0 0 0
0.0484882 0 0 0 0 0 0
0.0516325 0 0 0 0 0 0
0.0546266 0 0 0 0 0 0
0.0574867 0 0 0 0 0 0
0.0606353 0 0 0 0 0 0
0.0636736 0 0 0 0 0 0
0.0671889 0 0 0 0 0 0
0.0706725 0 0 0 0 0 0
0.0750198 0 0 0 0 0 0
0.080037 0 0 0 0 0 0
0.087228 0 0 0 0 0 0
0.0974315 0 0 0 0 0 0
0.11097 0 0 0 0 0 0
0.11097 0 0 0 0 0 0
0.125946 0 0 0 0 0 0
0.141874 0 0 0 0 0 0
0.156793 0 0 0 0 0 0
0.171638 0 0 0 0 0 0
0.183488 0 0 0 0 0 0
0.193228 0 0 0 0 0 0
0.201133 0 0 0 0 0 0
0.20761 0 0 0 0 0 0
0.212819 0 0 0 0 0 0
0.217092 0 0 0 0 0 0
0.22083 0 0 0 0 0 0
0.224774 0 0 0 0 0 0
0.228753 0 0 0 0 0 0
0.232938 0 0 0 0 0 0
0.236976 0 0 0 0 0 0
0.240824 0 0 0 0 0 0
0.244241 0 0 0 0 0 0
0.24759 0 0 0 0 0 0
0.251565 0 0 0 0 0 0
0.255842 0 0 0 0 0 0
0.260097 0 0 0 0 0 0
0.264603 0 0 0 0 0 0
0.269364 0 0 0 0 0 0
0.273856 0 0 0 0 0 0
0.277929 0 0 0 0 0 0
0.281646 0 0 0 0 0 0
0.285218 0 0 0 0 0 0
0.288205 0 0 0 0 0 0
0.290971 0 0 0 0 0 0
0.293087 0 0 0 0 0 0
0.294307 0 0 0 0 0 0
0.2953 0 0 0 0 0 0
0.29628 0 0 0 0 0 0
0.297248 0 0 0 0 0 0
0.298204 0 0 0 0 0 0
0.252772 0 0 0 0 0 0
0.209527 0 0 0 0 0 0
0.170231 0 0 0 0 0 0
0.135207 0 0 0 0 0 0
0.104549 0 0 0 0 0 0
0.0781256 0 0 0 0 0 0
0.0561292 0 0 0 0 0 0
0.038208 0 0 0 0 0 0
0.0237183 0 0 0 0 0 0
0.0118879 0 0 0 0 0 0
0.00186634 0 0 0 0 0 0
-0.00654105 0 0 0 0 0 0
-0.0137286 0 0 0 0 0 0
-0.0198668 0 0 0 0 0 0
-0.0251988 0 0 0 0 0 0
-0.0300399 0 0 0 0 0 0
-0.0346222 0 0 0 0 0 0
-0.0388901 0 0 0 0 0 0
-0.0428427 0 0 0 0 0 0
-0.0465134 0 0 0 0 0 0
-0.0500888 0 0 0 0 0 0
-0.0536141 0 0 0 0 0 0
-0.0572926 0 0 0 0 0 0
-0.0607521 0 0 0 0 0 0
-0.064259 0 0 0 0 0 0
-0.0680627 0 0 0 0 0 0
-0.0716775 0 0 0 0 0 0
-0.0756 0 0 0 0 0 0
-0.0795648 0 0 0 0 0 0
-0.0837614 0 0 0 0 0 0
-0.0887632 0 0 0 0 0 0
-0.0947069 0 0 0 0 0 0
-0.102198 0 0 0 0 0 0
-0.112175 0 0 0 0 0 0
-0.124529 0 0 0 0 0 0
-0.138419 0 0 0 0 0 0
-0.152415 0 0 0 0 0 0
-0.166383 0 0 0 0 0 0
-0.179205 0 0 0 0 0 0
-0.189834 0 0 0 0 0 0
-0.198469 0 0 0 0 0 0
-0.205367 0 0 0 0 0 0
-0.211044 0 0 0 0 0 0
-0.215555 0 0 0 0 0 0
-0.219439 0 0 0 0 0 0
-0.223159 0 0 0 0 0 0
-0.226908 0 0 0 0 0 0
-0.230871 0 0 0 0 0 0
-0.2348 0 0 0 0 0 0
-0.238668 0 0 0 0 0 0
-0.24234 0 0 0 0 0 0
-0.24567 0 0 0 0 0 0
-0.24904 0 0 0 0 0 0
-0.25303 0 0 0 0 0 0
-0.257273 0 0 0 0 0 0
-0.261468 0 0 0 0 0 0
-0.265893 0 0 0 0 0 0
-0.270526 0 0 0 0 0 0
-0.274852 0 0 0 0 0 0
-0.278751 0 0 0 0 0 0
-0.282435 0 0 0 0 0 0
-0.285959 0 0 0 0 0 0
-0.288851 0 0 0 0 0 0
-0.291596 0 0 0 0 0 0
-0.293473 0 0 0 0 0 0
-0.294578 0 0 0 0 0 0
-0.295552 0 0 0 0 0 0
-0.296515 0 0 0 0 0 0
-0.297467 0 0 0 0 0 0
-0.29841 0 0 0 0 0 0
-0.253118 0 0 0 0 0 0
-0.209996 0 0 0 0 0 0
-0.170797 0 0 0 0 0 0
-0.135831 0 0 0 0 0 0
-0.105215 0 0 0 0 0 0
-0.0787774 0 0 0 0 0 0
-0.0567442 0 0 0 0 0 0
-0.038764 0 0 0 0 0 0
-0.024218 0 0 0 0 0 0
-0.0123385 0 0 0 0 0 0
-0.00226484 0 0 0 0 0 0
0.00618591 0 0 0 0 0 0
0.0134119 0 0 0 0 0 0
0.0195762 0 0 0 0 0 0
0.0249331 0 0 0 0 0 0
0.0297632 0 0 0 0 0 0
0.0342496 0 0 0 0 0 0
0.038538 0 0 0 0 0 0
0.0425073 0 0 0 0 0 0
0.0461994 0 0 0 0 0 0
0.0497928 0 0 0 0 0 0
0.053364 0 0 0 0 0 0
0.0570567 0 0 0 0 0 0
0.0605268 0 0 0 0 0 0
0.0639555 0 0 0 0 0 0
0.0676564 0 0 0 0 0 0
0.0712818 0 0 0 0 0 0
0.075209 0 0 0 0 0 0
0.0791754 0 0 0 0 0 0
0.0833822 0 0 0 0 0 0
0.0883478 0 0 0 0 0 0
0.0942406 0 0 0 0 0 0
0.101318 0 0 0 0 0 0
0.110578 0 0 0 0 0 0
0.120966 0 0 0 0 0 0
0.120966 0 0 0 0 0 0
0.133473 0 0 0 0 0 0
0.145304 0 0 0 0 0 0
0.157619 0 0 0 0 0 0
0.168056 0 0 0 0 0 0
0.177929 0 0 0 0 0 0
0.186742 0 0 0 0 0 0
0.193902 0 0 0 0 0 0
0.200103 0 0 0 0 0 0
0.205359 0 0 0 0 0 0
0.209666 0 0 0 0 0 0
0.213449 0 0 0 0 0 0
0.217235 0 0 0 0 0 0
0.220875 0 0 0 0 0 0
0.224093 0 0 0 0 0 0
0.227363 0 0 0 0 0 0
0.230822 0 0 0 0 0 0
0.234472 0 0 0 0 0 0
0.238448 0 0 0 0 0 0
0.242185 0 0 0 0 0 0
0.245872 0 0 0 0 0 0
0.249737 0 0 0 0 0 0
0.25433 0 0 0 0 0 0
0.258661 0 0 0 0 0 0
0.263113 0 0 0 0 0 0
0.267757 0 0 0 0 0 0
0.272372 0 0 0 0 0 0
0.27686 0 0 0 0 0 0
0.280859 0 0 0 0 0 0
0.284415 0 0 0 0 0 0
0.287753 0 0 0 0 0 0
0.290576 0 0 0 0 0 0
0.292465 0 0 0 0 0 0
0.293606 0 0 0 0 0 0
0.294599 0 0 0 0 0 0
0.29538 0 0 0 0 0 0
0.249915 0 0 0 0 0 0
0.206817 0 0 0 0 0 0
0.167732 0 0 0 0 0 0
0.133006 0 0 0 0 0 0
0.102279 0 0 0 0 0 0
0.0758395 0 0 0 0 0 0
0.0537467 0 0 0 0 0 0
0.0355266 0 0 0 0 0 0
0.0206373 0 0 0 0 0 0
0.00850621 0 0 0 0 0 0
-0.00140895 0 0 0 0 0 0
-0.00969002 0 0 0 0 0 0
-0.0168334 0 0 0 0 0 0
-0.0230978 0 0 0 0 0 0
-0.0287992 0 0 0 0 0 0
-0.0342902 0 0 0 0 0 0
-0.0394525 0 0 0 0 0 0
-0.0442171 0 0 0 0 0 0
-0.048683 0 0 0 0 0 0
-0.0528182 0 0 0 0 0 0
-0.0566302 0 0 0 0 0 0
-0.060107 0 0 0 0 0 0
-0.0638122 0 0 0 0 0 0
-0.0676673 0 0 0 0 0 0
-0.071466 0 0 0 0 0 0
-0.0752859 0 0 0 0 0 0
-0.0790403 0 0 0 0 0 0
-0.0830784 0 0 0 0 0 0
-0.0873558 0 0 0 0 0 0
-0.0922584 0 0 0 0 0 0
-0.09696 0 0 0 0 0 0
-0.102912 0 0 0 0 0 0
-0.110372 0 0 0 0 0 0
-0.119187 0 0 0 0 0 0
-0.128831 0 0 0 0 0 0
-0.140245 0 0 0 0 0 0
-0.15131 0 0 0 0 0 0
-0.162265 0 0 0 0 0 0
-0.171746 0 0 0 0 0 0
-0.180667 0 0 0 0 0 0
-0.189115 0 0 0 0 0 0
-0.195925 0 0 0 0 0 0
-0.201863 0 0 0 0 0 0
-0.206889 0 0 0 0 0 0
-0.211 0 0 0 0 0 0
-0.214652 0 0 0 0 0 0
-0.218257 0 0 0 0 0 0
-0.221725 0 0 0 0 0 0
-0.224991 0 0 0 0 0 0
-0.228188 0 0 0 0 0 0
-0.231582 0 0 0 0 0 0
-0.235188 0 0 0 0 0 0
-0.239098 0 0 0 0 0 0
-0.242766 0 0 0 0 0 0
-0.24644 0 0 0 0 0 0
-0.250315 0 0 0 0 0 0
-0.254885 0 0 0 0 0 0
-0.259188 0 0 0 0 0 0
-0.263663 0 0 0 0 0 0
-0.268285 0 0 0 0 0 0
-0.272881 0 0 0 0 0 0
-0.277276 0 0 0 0 0 0
-0.281242 0 0 0 0 0 0
-0.284711 0 0 0 0 0 0
-0.288032 0 0 0 0 0 0
-0.290819 0 0 0 0 0 0
-0.292623 0 0 0 0 0 0
-0.293713 0 0 0 0 0 0
-0.294697 0 0 0 0 0 0
-0.29546 0 0 0 0 0 0
-0.250133 0 0 0 0 0 0
-0.207153 0 0 0 0 0 0
-0.168155 0 0 0 0 0 0
-0.13348 0 0 0 0 0 0
-0.10278 0 0 0 0 0 0
-0.0763242 0 0 0 0 0 0
-0.0541902 0 0 0 0 0 0
-0.0359191 0 0 0 0 0 0
-0.0209817 0 0 0 0 0 0
-0.00880329 0 0 0 0 0 0
0.00115162 0 0 0 0 0 0
0.00946596 0 0 0 0 0 0
0.016601 0 0 0 0 0 0
0.022862 0 0 0 0 0 0
0.0285954 0 0 0 0 0 0
0.0341222 0 0 0 0 0 0
0.0392977 0 0 0 0 0 0
0.0440728 0 0 0 0 0 0
0.0485481 0 0 0 0 0 0
0.052693 0 0 0 0 0 0
0.0565144 0 0 0 0 0 0
0.0599959 0 0 0 0 0 0
0.0636073 0 0 0 0 0 0
0.0674878 0 0 0 0 0 0
0.0713077 0 0 0 0 0 0
0.0751805 0 0 0 0 0 0
0.0789141 0 0 0 0 0 0
0.0829581 0 0 0 0 0 0
0.0872199 0 0 0 0 0 0
0.0921017 0 0 0 0 0 0
0.096747 0 0 0 0 0 0
0.102604 0 0 0 0 0 0
0.109687 0 0 0 0 0 0
0.117378 0 0 0 0 0 0
0.126753 0 0 0 0 0 0
0.126753 0 0 0 0 0 0
0.1366 0 0 0 0 0 0
0.14613 0 0 0 0 0 0
0.155881 0 0 0 0 0 0
0.165299 0 0 0 0 0 0
0.173813 0 0 0 0 0 0
0.18097 0 0 0 0 0 0
0.186937 0 0 0 0 0 0
0.192555 0 0 0 0 0 0
0.198288 0 0 0 0 0 0
0.203469 0 0 0 0 0 0
0.207681 0 0 0 0 0 0
0.211311 0 0 0 0 0 0
0.214801 0 0 0 0 0 0
0.21796 0 0 0 0 0 0
0.221488 0 0 0 0 0 0
0.225281 0 0 0 0 0 0
0.228961 0 0 0 0 0 0
0.232446 0 0 0 0 0 0
0.235894 0 0 0 0 0 0
0.239613 0 0 0 0 0 0
0.243173 0 0 0 0 0 0
0.246941 0 0 0 0 0 0
0.251376 0 0 0 0 0 0
0.256029 0 0 0 0 0 0
0.260538 0 0 0 0 0 0
0.265435 0 0 0 0 0 0
0.270305 0 0 0 0 0 0
0.274843 0 0 0 0 0 0
0.279001 0 0 0 0 0 0
0.282947 0 0 0 0 0 0
0.286318 0 0 0 0 0 0
0.289352 0 0 0 0 0 0
0.29128 0 0 0 0 0 0
0.292376 0 0 0 0 0 0
0.293137 0 0 0 0 0 0
0.293525 0 0 0 0 0 0
0.294029 0 0 0 0 0 0
0.294527 0 0 0 0 0 0
0.295017 0 0 0 0 0 0
0.295499 0 0 0 0 0 0
0.295962 0 0 0 0 0 0
0.296355 0 0 0 0 0 0
0.296179 0 0 0 0 0 0
0.296483 0 0 0 0 0 0
0.296783 0 0 0 0 0 0
0.297079 0 0 0 0 0 0
0.293592 0 0 0 0 0 0
0.289821 0 0 0 0 0 0
0.292209 0 0 0 0 0 0
0.294648 0 0 0 0 0 0
0.294918 0 0 0 0 0 0
0.295187 0 0 0 0 0 0
0.295455 0 0 0 0 0 0
0.295721 0 0 0 0 0 0
0.295987 0 0 0 0 0 0
0.296251 0 0 0 0 0 0
0.296527 0 0 0 0 0 0
0.297047 0 0 0 0 0 0
0.29758 0 0 0 0 0 0
0.292361 0 0 0 0 0 0
0.288803 0 0 0 0 0 0
0.28542 0 0 0 0 0 0
0.283023 0 0 0 0 0 0
0.283194 0 0 0 0 0 0
0.286242 0 0 0 0 0 0
0.28599 0 0 0 0 0 0
0.290719 0 0 0 0 0 0
0.293067 0 0 0 0 0 0
0.293462 0 0 0 0 0 0
0.293826 0 0 0 0 0 0
0.294151 0 0 0 0 0 0
0.294505 0 0 0 0 0 0
0.290811 0 0 0 0 0 0
0.285654 0 0 0 0 0 0
0.282779 0 0 0 0 0 0
0.284851 0 0 0 0 0 0
0.286207 0 0 0 0 0 0
0.285511 0 0 0 0 0 0
0.281533 0 0 0 0 0 0
0.277252 0 0 0 0 0 0
0.275031 0 0 0 0 0 0
0.2755 0 0 0 0 0 0
0.276049 0 0 0 0 0 0
0.28029 0 0 0 0 0 0
0.286609 0 0 0 0 0 0
0.289441 0 0 0 0 0 0
0.287255 0 0 0 0 0 0
0.28417 0 0 0 0 0 0
0.282376 0 0 0 0 0 0
0.281029 0 0 0 0 0 0
0.284186 0 0 0 0 0 0
0.288164 0 0 0 0 0 0
0.29087 0 0 0 0 0 0
0.291386 0 0 0 0 0 0
0.291883 0 0 0 0 0 0
0.292472 0 0 0 0 0 0
0.291992 0 0 0 0 0 0
0.291362 0 0 0 0 0 0
0.290731 0 0 0 0 0 0
0.290094 0 0 0 0 0 0
0.247046 0 0 0 0 0 0
0.210205 0 0 0 0 0 0
0.176735 0 0 0 0 0 0
0.146275 0 0 0 0 0 0
0.119012 0 0 0 0 0 0
0.0949808 0 0 0 0 0 0
0.0741259 0 0 0 0 0 0
0.0563279 0 0 0 0 0 0
0.0413593 0 0 0 0 0 0
0.0288271 0 0 0 0 0 0
0.018339 0 0 0 0 0 0
0.00973264 0 0 0 0 0 0
0.0026218 0 0 0 0 0 0
-0.00338169 0 0 0 0 0 0
-0.00854353 0 0 0 0 0 0
-0.0130532 0 0 0 0 0 0
-0.0179778 0 0 0 0 0 0
-0.0227207 0 0 0 0 0 0
-0.0268662 0 0 0 0 0 0
-0.0304624 0 0 0 0 0 0
-0.0336969 0 0 0 0 0 0
-0.0366149 0 0 0 0 0 0
-0.0392576 0 0 0 0 0 0
-0.0416173 0 0 0 0 0 0
-0.0437338 0 0 0 0 0 0
-0.0468327 0 0 0 0 0 0
-0.0497188 0 0 0 0 0 0
-0.0529833 0 0 0 0 0 0
-0.0561131 0 0 0 0 0 0
-0.0596002 0 0 0 0 0 0
-0.0627968 0 0 0 0 0 0
-0.0657053 0 0 0 0 0 0
-0.0681777 0 0 0 0 0 0
-0.0704485 0 0 0 0 0 0
-0.0724441 0 0 0 0 0 0
-0.0742442 0 0 0 0 0 0
-0.0772426 0 0 0 0 0 0
-0.081328 0 0 0 0 0 0
-0.0846639 0 0 0 0 0 0
-0.0870606 0 0 0 0 0 0
-0.0890512 0 0 0 0 0 0
-0.0906828 0 0 0 0 0 0
-0.0919803 0 0 0 0 0 0
-0.0931147 0 0 0 0 0 0
-0.0942172 0 0 0 0 0 0
-0.0952932 0 0 0 0 0 0
-0.0962901 0 0 0 0 0 0
-0.0972534 0 0 0 0 0 0
-0.0982026 0 0 0 0 0 0
-0.0998826 0 0 0 0 0 0
-0.10171 0 0 0 0 0 0
-0.104657 0 0 0 0 0 0
-0.108422 0 0 0 0 0 0
-0.111612 0 0 0 0 0 0
-0.114314 0 0 0 0 0 0
-0.117215 0 0 0 0 0 0
-0.119722 0 0 0 0 0 0
-0.121809 0 0 0 0 0 0
-0.123554 0 0 0 0 0 0
-0.125003 0 0 0 0 0 0
-0.126387 0 0 0 0 0 0
-0.127701 0 0 0 0 0 0
-0.128919 0 0 0 0 0 0
-0.130065 0 0 0 0 0 0
-0.131166 0 0 0 0 0 0
-0.132608 0 0 0 0 0 0
-0.135314 0 0 0 0 0 0
-0.138155 0 0 0 0 0 0
-0.140868 0 0 0 0 0 0
-0.143282 0 0 0 0 0 0
-0.145223 0 0 0 0 0 0
-0.146917 0 0 0 0 0 0
-0.148454 0 0 0 0 0 0
-0.1499 0 0 0 0 0 0
-0.151261 0 0 0 0 0 0
-0.152668 0 0 0 0 0 0
-0.154451 0 0 0 0 0 0
-0.156112 0 0 0 0 0 0
-0.158235 0 0 0 0 0 0
-0.160662 0 0 0 0 0 0
-0.163763 0 0 0 0 0 0
-0.166594 0 0 0 0 0 0
-0.169295 0 0 0 0 0 0
-0.171743 0 0 0 0 0 0
-0.173837 0 0 0 0 0 0
-0.175367 0 0 0 0 0 0
-0.176619 0 0 0 0 0 0
-0.17782 0 0 0 0 0 0
-0.179178 0 0 0 0 0 0
-0.181064 0 0 0 0 0 0
-0.183084 0 0 0 0 0 0
-0.185955 0 0 0 0 0 0
-0.188954 0 0 0 0 0 0
-0.191914 0 0 0 0 0 0
-0.194764 0 0 0 0 0 0
-0.197292 0 0 0 0 0 0
-0.199366 0 0 0 0 0 0
-0.201209 0 0 0 0 0 0
-0.202995 0 0 0 0 0 0
-0.204724 0 0 0 0 0 0
-0.206627 0 0 0 0 0 0
-0.208488 0 0 0 0 0 0
-0.211439 0 0 0 0 0 0
-0.214336 0 0 0 0 0 0
-0.216939 0 0 0 0 0 0
-0.21954 0 0 0 0 0 0
-0.221779 0 0 0 0 0 0
-0.223825 0 0 0 0 0 0
-0.226439 0 0 0 0 0 0
-0.228813 0 0 0 0 0 0
-0.23112 0 0 0 0 0 0
-0.233751 0 0 0 0 0 0
-0.236254 0 0 0 0 0 0
-0.239036 0 0 0 0 0 0
-0.242146 0 0 0 0 0 0
-0.245401 0 0 0 0 0 0
-0.24861 0 0 0 0 0 0
-0.251568 0 0 0 0 0 0
-0.254683 0 0 0 0 0 0
-0.258061 0 0 0 0 0 0
-0.261918 0 0 0 0 0 0
-0.265774 0 0 0 0 0 0
-0.269921 0 0 0 0 0 0
-0.273816 0 0 0 0 0 0
-0.277137 0 0 0 0 0 0
-0.280194 0 0 0 0 0 0
-0.283057 0 0 0 0 0 0
-0.285252 0 0 0 0 0 0
-0.287099 0 0 0 0 0 0
-0.288704 0 0 0 0 0 0
-0.289631 0 0 0 0 0 0
-0.290405 0 0 0 0 0 0
-0.29091 0 0 0 0 0 0
-0.291374 0 0 0 0 0 0
-0.291519 0 0 0 0 0 0
-0.291826 0 0 0 0 0 0
-0.292133 0 0 0 0 0 0
-0.292438 0 0 0 0 0 0
-0.289164 0 0 0 0 0 0
-0.290449 0 0 0 0 0 0
-0.290796 0 0 0 0 0 0
-0.290806 0 0 0 0 0 0
-0.290404 0 0 0 0 0 0
-0.286896 0 0 0 0 0 0
-0.288246 0 0 0 0 0 0
-0.28926 0 0 0 0 0 0
-0.286803 0 0 0 0 0 0
-0.284502 0 0 0 0 0 0
-0.282206 0 0 0 0 0 0
-0.283636 0 0 0 0 0 0
-0.285405 0 0 0 0 0 0
-0.286958 0 0 0 0 0 0
-0.287855 0 0 0 0 0 0
-0.288258 0 0 0 0 0 0
-0.286547 0 0 0 0 0 0
-0.28482 0 0 0 0 0 0
-0.281804 0 0 0 0 0 0
-0.279859 0 0 0 0 0 0
-0.280462 0 0 0 0 0 0
-0.281062 0 0 0 0 0 0
-0.281642 0 0 0 0 0 0
-0.281521 0 0 0 0 0 0
-0.277989 0 0 0 0 0 0
-0.275553 0 0 0 0 0 0
-0.275095 0 0 0 0 0 0
-0.280486 0 0 0 0 0 0
-0.284835 0 0 0 0 0 0
-0.28494 0 0 0 0 0 0
-0.283717 0 0 0 0 0 0
-0.282875 0 0 0 0 0 0
-0.282103 0 0 0 0 0 0
-0.278059 0 0 0 0 0 0
-0.273024 0 0 0 0 0 0
-0.269743 0 0 0 0 0 0
-0.268423 0 0 0 0 0 0
-0.267481 0 0 0 0 0 0
-0.268333 0 0 0 0 0 0
-0.268362 0 0 0 0 0 0
-0.268579 0 0 0 0 0 0
-0.272631 0 0 0 0 0 0
-0.276193 0 0 0 0 0 0
-0.279321 0 0 0 0 0 0
-0.28066 0 0 0 0 0 0
-0.281999 0 0 0 0 0 0
-0.283337 0 0 0 0 0 0
-0.28467 0 0 0 0 0 0
-0.282758 0 0 0 0 0 0
-0.279765 0 0 0 0 0 0
-0.276834 0 0 0 0 0 0
-0.27436 0 0 0 0 0 0
-0.271879 0 0 0 0 0 0
-0.272737 0 0 0 0 0 0
-0.275013 0 0 0 0 0 0
-0.27657 0 0 0 0 0 0
-0.277786 0 0 0 0 0 0
-0.277399 0 0 0 0 0 0
-0.277009 0 0 0 0 0 0
-0.277139 0 0 0 0 0 0
-0.277872 0 0 0 0 0 0
-0.278603 0 0 0 0 0 0
-0.235633 0 0 0 0 0 0
-0.19909 0 0 0 0 0 0
-0.166067 0 0 0 0 0 0
-0.136155 0 0 0 0 0 0
-0.109345 0 0 0 0 0 0
-0.0857128 0 0 0 0 0 0
-0.0652517 0 0 0 0 0 0
-0.0478145 0 0 0 0 0 0
-0.0330557 0 0 0 0 0 0
-0.0208293 0 0 0 0 0 0
-0.0108137 0 0 0 0 0 0
-0.00235789 0 0 0 0 0 0
0.00456237 0 0 0 0 0 0
0.0103584 0 0 0 0 0 0
0.015206 0 0 0 0 0 0
0.0193658 0 0 0 0 0 0
0.0234062 0 0 0 0 0 0
0.0274628 0 0 0 0 0 0
0.031033 0 0 0 0 0 0
0.034219 0 0 0 0 0 0
0.0371173 0 0 0 0 0 0
0.0397277 0 0 0 0 0 0
0.0421202 0 0 0 0 0 0
0.0443197 0 0 0 0 0 0
0.0468594 0 0 0 0 0 0
0.0495059 0 0 0 0 0 0
0.052395 0 0 0 0 0 0
0.0553477 0 0 0 0 0 0
0.0581104 0 0 0 0 0 0
0.0606959 0 0 0 0 0 0
0.0644097 0 0 0 0 0 0
0.068015 0 0 0 0 0 0
0.0714414 0 0 0 0 0 0
0.0743961 0 0 0 0 0 0
0.0771491 0 0 0 0 0 0
0.0789789 0 0 0 0 0 0
0.0800583 0 0 0 0 0 0
0.0810252 0 0 0 0 0 0
0.0819015 0 0 0 0 0 0
0.0826976 0 0 0 0 0 0
0.0834757 0 0 0 0 0 0
0.0841457 0 0 0 0 0 0
0.0846573 0 0 0 0 0 0
0.0852505 0 0 0 0 0 0
0.0864961 0 0 0 0 0 0
0.0876012 0 0 0 0 0 0
0.088587 0 0 0 0 0 0
0.0894928 0 0 0 0 0 0
0.0916071 0 0 0 0 0 0
0.0951527 0 0 0 0 0 0
0.099272 0 0 0 0 0 0
0.10322 0 0 0 0 0 0
0.106954 0 0 0 0 0 0
0.109631 0 0 0 0 0 0
0.111234 0 0 0 0 0 0
0.112156 0 0 0 0 0 0
0.11282 0 0 0 0 0 0
0.113314 0 0 0 0 0 0
0.113613 0 0 0 0 0 0
0.113893 0 0 0 0 0 0
0.114167 0 0 0 0 0 0
0.114509 0 0 0 0 0 0
0.114841 0 0 0 0 0 0
0.115165 0 0 0 0 0 0
0.115478 0 0 0 0 0 0
0.117743 0 0 0 0 0 0
0.120486 0 0 0 0 0 0
0.123195 0 0 0 0 0 0
0.12602 0 0 0 0 0 0
0.127396 0 0 0 0 0 0
0.128736 0 0 0 0 0 0
0.129293 0 0 0 0 0 0
0.12972 0 0 0 0 0 0
0.130365 0 0 0 0 0 0
0.130992 0 0 0 0 0 0
0.13157 0 0 0 0 0 0
0.132132 0 0 0 0 0 0
0.132882 0 0 0 0 0 0
0.133628 0 0 0 0 0 0
0.135091 0 0 0 0 0 0
0.13777 0 0 0 0 0 0
0.140668 0 0 0 0 0 0
0.142614 0 0 0 0 0 0
0.144501 0 0 0 0 0 0
0.145592 0 0 0 0 0 0
0.14609 0 0 0 0 0 0
0.146604 0 0 0 0 0 0
0.147148 0 0 0 0 0 0
0.147585 0 0 0 0 0 0
0.148094 0 0 0 0 0 0
0.148642 0 0 0 0 0 0
0.149685 0 0 0 0 0 0
0.151901 0 0 0 0 0 0
0.155092 0 0 0 0 0 0
0.158164 0 0 0 0 0 0
0.160022 0 0 0 0 0 0
0.161019 0 0 0 0 0 0
0.162012 0 0 0 0 0 0
0.162998 0 0 0 0 0 0
0.16398 0 0 0 0 0 0
0.16398 0 0 0 0 0 0
0.164959 0 0 0 0 0 0
0.165935 0 0 0 0 0 0
0.167141 0 0 0 0 0 0
0.168435 0 0 0 0 0 0
0.170946 0 0 0 0 0 0
0.173621 0 0 0 0 0 0
0.176252 0 0 0 0 0 0
0.178224 0 0 0 0 0 0
0.179728 0 0 0 0 0 0
0.181241 0 0 0 0 0 0
0.182719 0 0 0 0 0 0
0.184168 0 0 0 0 0 0
0.185525 0 0 0 0 0 0
0.186708 0 0 0 0 0 0
0.188194 0 0 0 0 0 0
0.190286 0 0 0 0 0 0
0.192356 0 0 0 0 0 0
0.194345 0 0 0 0 0 0
0.195703 0 0 0 0 0 0
0.196946 0 0 0 0 0 0
0.197821 0 0 0 0 0 0
0.198324 0 0 0 0 0 0
0.199231 0 0 0 0 0 0
0.201138 0 0 0 0 0 0
0.203312 0 0 0 0 0 0
0.205822 0 0 0 0 0 0
0.208186 0 0 0 0 0 0
0.210356 0 0 0 0 0 0
0.211617 0 0 0 0 0 0
0.212718 0 0 0 0 0 0
0.213468 0 0 0 0 0 0
0.214281 0 0 0 0 0 0
0.215487 0 0 0 0 0 0
0.217151 0 0 0 0 0 0
0.219293 0 0 0 0 0 0
0.221417 0 0 0 0 0 0
0.22343 0 0 0 0 0 0
0.22505 0 0 0 0 0 0
0.22629 0 0 0 0 0 0
0.227781 0 0 0 0 0 0
0.229056 0 0 0 0 0 0
0.230297 0 0 0 0 0 0
0.231575 0 0 0 0 0 0
0.233276 0 0 0 0 0 0
0.234817 0 0 0 0 0 0
0.236024 0 0 0 0 0 0
0.23723 0 0 0 0 0 0
0.238319 0 0 0 0 0 0
0.239144 0 0 0 0 0 0
0.239961 0 0 0 0 0 0
0.240775 0 0 0 0 0 0
0.241587 0 0 0 0 0 0
0.242398 0 0 0 0 0 0
0.243188 0 0 0 0 0 0
0.243968 0 0 0 0 0 0
0.244748 0 0 0 0 0 0
0.245528 0 0 0 0 0 0
0.246308 0 0 0 0 0 0
0.247088 0 0 0 0 0 0
0.247867 0 0 0 0 0 0
0.248645 0 0 0 0 0 0
0.249428 0 0 0 0 0 0
0.250224 0 0 0 0 0 0
0.25102 0 0 0 0 0 0
0.251816 0 0 0 0 0 0
0.252611 0 0 0 0 0 0
0.253407 0 0 0 0 0 0
0.254202 0 0 0 0 0 0
0.254998 0 0 0 0 0 0
0.255793 0 0 0 0 0 0
0.256588 0 0 0 0 0 0
0.257383 0 0 0 0 0 0
0.258178 0 0 0 0 0 0
0.258972 0 0 0 0 0 0
0.259767 0 0 0 0 0 0
0.260562 0 0 0 0 0 0
0.261356 0 0 0 0 0 0
0.262151 0 0 0 0 0 0
0.262944 0 0 0 0 0 0
0.263738 0 0 0 0 0 0
0.264532 0 0 0 0 0 0
0.265326 0 0 0 0 0 0
0.266119 0 0 0 0 0 0
0.266913 0 0 0 0 0 0
0.267707 0 0 0 0 0 0
0.2685 0 0 0 0 0 0
0.269293 0 0 0 0 0 0
0.270087 0 0 0 0 0 0
0.27088 0 0 0 0 0 0
0.271673 0 0 0 0 0 0
0.272466 0 0 0 0 0 0
0.273259 0 0 0 0 0 0
0.274052 0 0 0 0 0 0
0.274845 0 0 0 0 0 0
0.275636 0 0 0 0 0 0
0.276426 0 0 0 0 0 0
0.277217 0 0 0 0 0 0
0.278007 0 0 0 0 0 0
0.278798 0 0 0 0 0 0
0.279588 0 0 0 0 0 0
0.236385 0 0 0 0 0 0
0.199517 0 0 0 0 0 0
0.166139 0 0 0 0 0 0
0.135702 0 0 0 0 0 0
0.108203 0 0 0 0 0 0
0.0837089 0 0 0 0 0 0
0.0622668 0 0 0 0 0 0
0.0438705 0 0 0 0 0 0
0.0282816 0 0 0 0 0 0
0.0151838 0 0 0 0 0 0
0.00431599 0 0 0 0 0 0
-0.00486431 0 0 0 0 0 0
-0.0126438 0 0 0 0 0 0
-0.0193582 0 0 0 0 0 0
-0.0251892 0 0 0 0 0 0
-0.0301897 0 0 0 0 0 0
-0.0345489 0 0 0 0 0 0
-0.0383551 0 0 0 0 0 0
-0.0417528 0 0 0 0 0 0
-0.0448503 0 0 0 0 0 0
-0.0477044 0 0 0 0 0 0
-0.050396 0 0 0 0 0 0
-0.0530743 0 0 0 0 0 0
-0.0557059 0 0 0 0 0 0
-0.0582065 0 0 0 0 0 0
-0.0607062 0 0 0 0 0 0
-0.0630841 0 0 0 0 0 0
-0.0653261 0 0 0 0 0 0
-0.0672985 0 0 0 0 0 0
-0.0697895 0 0 0 0 0 0
-0.0721612 0 0 0 0 0 0
-0.0744567 0 0 0 0 0 0
-0.0766537 0 0 0 0 0 0
-0.0787806 0 0 0 0 0 0
-0.0805038 0 0 0 0 0 0
-0.0819289 0 0 0 0 0 0
-0.0833072 0 0 0 0 0 0
-0.0846412 0 0 0 0 0 0
-0.0860055 0 0 0 0 0 0
-0.0875659 0 0 0 0 0 0
-0.089255 0 0 0 0 0 0
-0.0909756 0 0 0 0 0 0
-0.0928023 0 0 0 0 0 0
-0.0945703 0 0 0 0 0 0
-0.0960769 0 0 0 0 0 0
-0.0975669 0 0 0 0 0 0
-0.0990058 0 0 0 0 0 0
-0.100428 0 0 0 0 0 0
-0.101763 0 0 0 0 0 0
-0.103102 0 0 0 0 0 0
-0.104861 0 0 0 0 0 0
-0.106589 0 0 0 0 0 0
-0.108263 0 0 0 0 0 0
-0.109796 0 0 0 0 0 0
-0.111098 0 0 0 0 0 0
-0.112622 0 0 0 0 0 0
-0.114236 0 0 0 0 0 0
-0.115809 0 0 0 0 0 0
-0.117456 0 0 0 0 0 0
-0.119091 0 0 0 0 0 0
-0.120627 0 0 0 0 0 0
-0.121901 0 0 0 0 0 0
-0.123108 0 0 0 0 0 0
-0.124282 0 0 0 0 0 0
-0.125527 0 0 0 0 0 0
-0.126848 0 0 0 0 0 0
-0.128122 0 0 0 0 0 0
-0.129388 0 0 0 0 0 0
-0.131108 0 0 0 0 0 0
-0.132718 0 0 0 0 0 0
-0.134311 0 0 0 0 0 0
-0.135907 0 0 0 0 0 0
-0.137233 0 0 0 0 0 0
-0.138495 0 0 0 0 0 0
-0.139999 0 0 0 0 0 0
-0.14141 0 0 0 0 0 0
-0.142802 0 0 0 0 0 0
-0.144187 0 0 0 0 0 0
-0.145549 0 0 0 0 0 0
-0.146794 0 0 0 0 0 0
-0.147873 0 0 0 0 0 0
-0.148939 0 0 0 0 0 0
-0.150004 0 0 0 0 0 0
-0.151118 0 0 0 0 0 0
-0.152218 0 0 0 0 0 0
-0.153313 0 0 0 0 0 0
-0.154488 0 0 0 0 0 0
-0.155968 0 0 0 0 0 0
-0.157376 0 0 0 0 0 0
-0.15878 0 0 0 0 0 0
-0.160178 0 0 0 0 0 0
-0.161759 0 0 0 0 0 0
-0.162902 0 0 0 0 0 0
-0.164109 0 0 0 0 0 0
-0.165537 0 0 0 0 0 0
-0.166934 0 0 0 0 0 0
-0.168282 0 0 0 0 0 0
-0.169602 0 0 0 0 0 0
-0.170828 0 0 0 0 0 0
-0.171999 0 0 0 0 0 0
-0.173098 0 0 0 0 0 0
-0.174046 0 0 0 0 0 0
-0.175085 0 0 0 0 0 0
-0.17637 0 0 0 0 0 0
-0.177754 0 0 0 0 0 0
-0.179131 0 0 0 0 0 0
-0.180505 0 0 0 0 0 0
-0.181871 0 0 0 0 0 0
-0.183149 0 0 0 0 0 0
-0.184224 0 0 0 0 0 0
-0.185427 0 0 0 0 0 0
-0.186714 0 0 0 0 0 0
-0.188081 0 0 0 0 0 0
-0.189437 0 0 0 0 0 0
-0.190759 0 0 0 0 0 0
-0.192077 0 0 0 0 0 0
-0.193617 0 0 0 0 0 0
-0.19522 0 0 0 0 0 0
-0.196656 0 0 0 0 0 0
-0.198016 0 0 0 0 0 0
-0.199213 0 0 0 0 0 0
-0.200394 0 0 0 0 0 0
-0.201519 0 0 0 0 0 0
-0.202619 0 0 0 0 0 0
-0.20394 0 0 0 0 0 0
-0.205239 0 0 0 0 0 0
-0.206521 0 0 0 0 0 0
-0.207968 0 0 0 0 0 0
-0.209546 0 0 0 0 0 0
-0.211094 0 0 0 0 0 0
-0.21263 0 0 0 0 0 0
-0.214165 0 0 0 0 0 0
-0.215463 0 0 0 0 0 0
-0.216631 0 0 0 0 0 0
-0.217677 0 0 0 0 0 0
-0.218837 0 0 0 0 0 0
-0.220078 0 0 0 0 0 0
-0.221526 0 0 0 0 0 0
-0.222942 0 0 0 0 0 0
-0.224342 0 0 0 0 0 0
-0.22575 0 0 0 0 0 0
-0.227135 0 0 0 0 0 0
-0.228513 0 0 0 0 0 0
-0.22988 0 0 0 0 0 0
-0.231001 0 0 0 0 0 0
-0.232102 0 0 0 0 0 0
-0.233202 0 0 0 0 0 0
-0.234298 0 0 0 0 0 0
-0.235391 0 0 0 0 0 0
-0.236483 0 0 0 0 0 0
-0.237575 0 0 0 0 0 0
-0.238665 0 0 0 0 0 0
-0.239755 0 0 0 0 0 0
-0.240674 0 0 0 0 0 0
-0.241549 0 0 0 0 0 0
-0.242422 0 0 0 0 0 0
-0.243286 0 0 0 0 0 0
-0.24413 0 0 0 0 0 0
-0.244968 0 0 0 0 0 0
-0.245807 0 0 0 0 0 0
-0.246643 0 0 0 0 0 0
-0.24747 0 0 0 0 0 0
-0.248296 0 0 0 0 0 0
-0.249122 0 0 0 0 0 0
-0.249947 0 0 0 0 0 0
-0.250772 0 0 0 0 0 0
-0.251596 0 0 0 0 0 0
-0.252421 0 0 0 0 0 0
-0.253245 0 0 0 0 0 0
-0.254068 0 0 0 0 0 0
-0.254891 0 0 0 0 0 0
-0.255714 0 0 0 0 0 0
-0.256537 0 0 0 0 0 0
-0.257359 0 0 0 0 0 0
-0.258181 0 0 0 0 0 0
-0.259 0 0 0 0 0 0
-0.25982 0 0 0 0 0 0
-0.260633 0 0 0 0 0 0
-0.26144 0 0 0 0 0 0
-0.262247 0 0 0 0 0 0
-0.263053 0 0 0 0 0 0
-0.26386 0 0 0 0 0 0
-0.264666 0 0 0 0 0 0
-0.265472 0 0 0 0 0 0
-0.266277 0 0 0 0 0 0
-0.267082 0 0 0 0 0 0
-0.267888 0 0 0 0 0 0
-0.268692 0 0 0 0 0 0
-0.269497 0 0 0 0 0 0
-0.270302 0 0 0 0 0 0
-0.271106 0 0 0 0 0 0
-0.27191 0 0 0 0 0 0
-0.272714 0 0 0 0 0 0
-0.273518 0 0 0 0 0 0
-0.274321 0 0 0 0 0 0
-0.275125 0 0 0 0 0 0
-0.275928 0 0 0 0 0 0
-0.276731 0 0 0 0 0 0
-0.277534 0 0 0 0 0 0
-0.278336 0 0 0 0 0 0
-0.235211 0 0 0 0 0 0
-0.198399 0 0 0 0 0 0
-0.165159 0 0 0 0 0 0
-0.134888 0 0 0 0 0 0
-0.107622 0 0 0 0 0 0
-0.0834018 0 0 0 0 0 0
-0.0622846 0 0 0 0 0 0
-0.0442841 0 0 0 0 0 0
-0.0291215 0 0 0 0 0 0
-0.0163623 0 0 0 0 0 0
-0.00565825 0 0 0 0 0 0
0.00335554 0 0 0 0 0 0
0.011027 0 0 0 0 0 0
0.0176988 0 0 0 0 0 0
0.0236072 0 0 0 0 0 0
0.0287548 0 0 0 0 0 0
0.033297 0 0 0 0 0 0
0.0373553 0 0 0 0 0 0
0.0410256 0 0 0 0 0 0
0.0443505 0 0 0 0 0 0
0.0474769 0 0 0 0 0 0
0.0504899 0 0 0 0 0 0
0.0533157 0 0 0 0 0 0
0.0558675 0 0 0 0 0 0
0.0582893 0 0 0 0 0 0
0.0605996 0 0 0 0 0 0
0.0628125 0 0 0 0 0 0
0.0649397 0 0 0 0 0 0
0.0669871 0 0 0 0 0 0
0.0689231 0 0 0 0 0 0
0.0707075 0 0 0 0 0 0
0.0724955 0 0 0 0 0 0
0.0742334 0 0 0 0 0 0
0.0759291 0 0 0 0 0 0
0.0775855 0 0 0 0 0 0
0.0791769 0 0 0 0 0 0
0.0807236 0 0 0 0 0 0
0.0822399 0 0 0 0 0 0
0.083728 0 0 0 0 0 0
0.0851909 0 0 0 0 0 0
0.0866307 0 0 0 0 0 0
0.0880378 0 0 0 0 0 0
0.089424 0 0 0 0 0 0
0.0909098 0 0 0 0 0 0
0.0923889 0 0 0 0 0 0
0.0938438 0 0 0 0 0 0
0.0953644 0 0 0 0 0 0
0.096918 0 0 0 0 0 0
0.0984549 0 0 0 0 0 0
0.0999761 0 0 0 0 0 0
0.10151 0 0 0 0 0 0
0.102981 0 0 0 0 0 0
0.104357 0 0 0 0 0 0
0.105706 0 0 0 0 0 0
0.107073 0 0 0 0 0 0
0.108357 0 0 0 0 0 0
0.109591 0 0 0 0 0 0
0.110817 0 0 0 0 0 0
0.112035 0 0 0 0 0 0
0.113239 0 0 0 0 0 0
0.114425 0 0 0 0 0 0
0.115599 0 0 0 0 0 0
0.116766 0 0 0 0 0 0
0.117919 0 0 0 0 0 0
0.119058 0 0 0 0 0 0
0.12019 0 0 0 0 0 0
0.121315 0 0 0 0 0 0
0.12252 0 0 0 0 0 0
0.123774 0 0 0 0 0 0
0.12512 0 0 0 0 0 0
0.126453 0 0 0 0 0 0
0.127761 0 0 0 0 0 0
0.129062 0 0 0 0 0 0
0.130356 0 0 0 0 0 0
0.131657 0 0 0 0 0 0
0.13292 0 0 0 0 0 0
0.134229 0 0 0 0 0 0
0.135452 0 0 0 0 0 0
0.136632 0 0 0 0 0 0
0.137752 0 0 0 0 0 0
0.138841 0 0 0 0 0 0
0.139918 0 0 0 0 0 0
0.140987 0 0 0 0 0 0
0.142052 0 0 0 0 0 0
0.143105 0 0 0 0 0 0
0.144142 0 0 0 0 0 0
0.145173 0 0 0 0 0 0
0.146202 0 0 0 0 0 0
0.147227 0 0 0 0 0 0
0.148249 0 0 0 0 0 0
0.149269 0 0 0 0 0 0
0.150351 0 0 0 0 0 0
0.151571 0 0 0 0 0 0
0.152781 0 0 0 0 0 0
0.153982 0 0 0 0 0 0
0.155188 0 0 0 0 0 0
0.156448 0 0 0 0 0 0
0.157734 0 0 0 0 0 0
0.159001 0 0 0 0 0 0
0.160226 0 0 0 0 0 0
0.160226 0 0 0 0 0 0
0.164088 0 0 0 0 0 0
0.165475 0 0 0 0 0 0
0.166539 0 0 0 0 0 0
0.167537 0 0 0 0 0 0
0.168525 0 0 0 0 0 0
0.169495 0 0 0 0 0 0
0.170448 0 0 0 0 0 0
0.171399 0 0 0 0 0 0
0.172342 0 0 0 0 0 0
0.173266 0 0 0 0 0 0
0.174152 0 0 0 0 0 0
0.175102 0 0 0 0 0 0
0.176188 0 0 0 0 0 0
0.177447 0 0 0 0 0 0
0.178672 0 0 0 0 0 0
0.179837 0 0 0 0 0 0
0.180959 0 0 0 0 0 0
0.18208 0 0 0 0 0 0
0.18325 0 0 0 0 0 0
0.184419 0 0 0 0 0 0
0.185587 0 0 0 0 0 0
0.186755 0 0 0 0 0 0
0.187878 0 0 0 0 0 0
0.188913 0 0 0 0 0 0
0.189879 0 0 0 0 0 0
0.190827 0 0 0 0 0 0
0.191775 0 0 0 0 0 0
0.192723 0 0 0 0 0 0
0.193805 0 0 0 0 0 0
0.194961 0 0 0 0 0 0
0.196133 0 0 0 0 0 0
0.197231 0 0 0 0 0 0
0.198292 0 0 0 0 0 0
0.199353 0 0 0 0 0 0
0.200413 0 0 0 0 0 0
0.201467 0 0 0 0 0 0
0.202516 0 0 0 0 0 0
0.20367 0 0 0 0 0 0
0.204901 0 0 0 0 0 0
0.206116 0 0 0 0 0 0
0.207285 0 0 0 0 0 0
0.208496 0 0 0 0 0 0
0.209704 0 0 0 0 0 0
0.210954 0 0 0 0 0 0
0.212193 0 0 0 0 0 0
0.213396 0 0 0 0 0 0
0.214597 0 0 0 0 0 0
0.215797 0 0 0 0 0 0
0.216998 0 0 0 0 0 0
0.218198 0 0 0 0 0 0
0.219362 0 0 0 0 0 0
0.2207 0 0 0 0 0 0
0.222081 0 0 0 0 0 0
0.223564 0 0 0 0 0 0
0.225008 0 0 0 0 0 0
0.226395 0 0 0 0 0 0
0.227746 0 0 0 0 0 0
0.229032 0 0 0 0 0 0
0.23033 0 0 0 0 0 0
0.231713 0 0 0 0 0 0
0.233158 0 0 0 0 0 0
0.234649 0 0 0 0 0 0
0.236218 0 0 0 0 0 0
0.237717 0 0 0 0 0 0
0.239192 0 0 0 0 0 0
0.240758 0 0 0 0 0 0
0.242412 0 0 0 0 0 0
0.244027 0 0 0 0 0 0
0.245548 0 0 0 0 0 0
0.247039 0 0 0 0 0 0
0.248493 0 0 0 0 0 0
0.24994 0 0 0 0 0 0
0.251373 0 0 0 0 0 0
0.25278 0 0 0 0 0 0
0.254133 0 0 0 0 0 0
0.255454 0 0 0 0 0 0
0.256727 0 0 0 0 0 0
0.257915 0 0 0 0 0 0
0.259094 0 0 0 0 0 0
0.260168 0 0 0 0 0 0
0.261145 0 0 0 0 0 0
0.262073 0 0 0 0 0 0
0.262985 0 0 0 0 0 0
0.263876 0 0 0 0 0 0
0.264764 0 0 0 0 0 0
0.265651 0 0 0 0 0 0
0.266523 0 0 0 0 0 0
0.267394 0 0 0 0 0 0
0.268261 0 0 0 0 0 0
0.269104 0 0 0 0 0 0
0.269949 0 0 0 0 0 0
0.270795 0 0 0 0 0 0
0.27164 0 0 0 0 0 0
0.272478 0 0 0 0 0 0
0.273315 0 0 0 0 0 0
0.274153 0 0 0 0 0 0
0.27499 0 0 0 0 0 0
0.275827 0 0 0 0 0 0
0.276664 0 0 0 0 0 0
0.277502 0 0 0 0 0 0
0.234408 0 0 0 0 0 0
0.197612 0 0 0 0 0 0
0.164378 0 0 0 0 0 0
0.134118 0 0 0 0 0 0
0.10681 0 0 0 0 0 0
0.0825336 0 0 0 0 0 0
0.0613733 0 0 0 0 0 0
0.0433042 0 0 0 0 0 0
0.0280811 0 0 0 0 0 0
0.0152682 0 0 0 0 0 0
0.00448034 0 0 0 0 0 0
-0.00462989 0 0 0 0 0 0
-0.0123751 0 0 0 0 0 0
-0.0190787 0 0 0 0 0 0
-0.0249694 0 0 0 0 0 0
-0.0301882 0 0 0 0 0 0
-0.0347983 0 0 0 0 0 0
-0.0388687 0 0 0 0 0 0
-0.042519 0 0 0 0 0 0
-0.0458556 0 0 0 0 0 0
-0.0489167 0 0 0 0 0 0
-0.0517457 0 0 0 0 0 0
-0.0543321 0 0 0 0 0 0
-0.0567559 0 0 0 0 0 0
-0.0590295 0 0 0 0 0 0
-0.0611888 0 0 0 0 0 0
-0.0632523 0 0 0 0 0 0
-0.0652911 0 0 0 0 0 0
-0.0673049 0 0 0 0 0 0
-0.0692603 0 0 0 0 0 0
-0.0712523 0 0 0 0 0 0
-0.0731695 0 0 0 0 0 0
-0.0750201 0 0 0 0 0 0
-0.0768238 0 0 0 0 0 0
-0.0785843 0 0 0 0 0 0
-0.0803052 0 0 0 0 0 0
-0.0819901 0 0 0 0 0 0
-0.0836655 0 0 0 0 0 0
-0.0852727 0 0 0 0 0 0
-0.0868193 0 0 0 0 0 0
-0.088309 0 0 0 0 0 0
-0.0897443 0 0 0 0 0 0
-0.0911112 0 0 0 0 0 0
-0.0924582 0 0 0 0 0 0
-0.0937869 0 0 0 0 0 0
-0.0950982 0 0 0 0 0 0
-0.0963773 0 0 0 0 0 0
-0.0976357 0 0 0 0 0 0
-0.0988796 0 0 0 0 0 0
-0.100111 0 0 0 0 0 0
-0.101391 0 0 0 0 0 0
-0.102818 0 0 0 0 0 0
-0.104273 0 0 0 0 0 0
-0.105717 0 0 0 0 0 0
-0.107149 0 0 0 0 0 0
-0.108568 0 0 0 0 0 0
-0.109973 0 0 0 0 0 0
-0.111342 0 0 0 0 0 0
-0.112684 0 0 0 0 0 0
-0.113994 0 0 0 0 0 0
-0.115267 0 0 0 0 0 0
-0.116481 0 0 0 0 0 0
-0.11761 0 0 0 0 0 0
-0.118724 0 0 0 0 0 0
-0.11983 0 0 0 0 0 0
-0.120928 0 0 0 0 0 0
-0.12202 0 0 0 0 0 0
-0.123093 0 0 0 0 0 0
-0.124159 0 0 0 0 0 0
-0.125218 0 0 0 0 0 0
-0.12626 0 0 0 0 0 0
-0.127297 0 0 0 0 0 0
-0.128438 0 0 0 0 0 0
-0.129724 0 0 0 0 0 0
-0.131039 0 0 0 0 0 0
-0.132349 0 0 0 0 0 0
-0.133641 0 0 0 0 0 0
-0.134887 0 0 0 0 0 0
-0.136104 0 0 0 0 0 0
-0.137297 0 0 0 0 0 0
-0.138483 0 0 0 0 0 0
-0.139656 0 0 0 0 0 0
-0.140818 0 0 0 0 0 0
-0.141947 0 0 0 0 0 0
-0.142999 0 0 0 0 0 0
-0.143996 0 0 0 0 0 0
-0.144988 0 0 0 0 0 0
-0.145969 0 0 0 0 0 0
-0.146933 0 0 0 0 0 0
-0.147894 0 0 0 0 0 0
-0.148873 0 0 0 0 0 0
-0.149855 0 0 0 0 0 0
-0.150835 0 0 0 0 0 0
-0.151812 0 0 0 0 0 0
-0.152826 0 0 0 0 0 0
-0.154037 0 0 0 0 0 0
-0.155245 0 0 0 0 0 0
-0.156445 0 0 0 0 0 0
-0.157634 0 0 0 0 0 0
-0.158789 0 0 0 0 0 0
-0.159931 0 0 0 0 0 0
-0.161041 0 0 0 0 0 0
-0.162134 0 0 0 0 0 0
-0.163223 0 0 0 0 0 0
-0.16431 0 0 0 0 0 0
-0.165394 0 0 0 0 0 0
-0.166475 0 0 0 0 0 0
-0.167505 0 0 0 0 0 0
-0.168445 0 0 0 0 0 0
-0.169405 0 0 0 0 0 0
-0.170359 0 0 0 0 0 0
-0.171306 0 0 0 0 0 0
-0.172277 0 0 0 0 0 0
-0.17325 0 0 0 0 0 0
-0.17422 0 0 0 0 0 0
-0.175184 0 0 0 0 0 0
-0.176147 0 0 0 0 0 0
-0.177163 0 0 0 0 0 0
-0.178216 0 0 0 0 0 0
-0.179371 0 0 0 0 0 0
-0.180524 0 0 0 0 0 0
-0.181676 0 0 0 0 0 0
-0.182825 0 0 0 0 0 0
-0.183961 0 0 0 0 0 0
-0.185067 0 0 0 0 0 0
-0.18616 0 0 0 0 0 0
-0.187234 0 0 0 0 0 0
-0.188307 0 0 0 0 0 0
-0.189378 0 0 0 0 0 0
-0.190448 0 0 0 0 0 0
-0.191515 0 0 0 0 0 0
-0.192525 0 0 0 0 0 0
-0.1935 0 0 0 0 0 0
-0.194418 0 0 0 0 0 0
-0.195343 0 0 0 0 0 0
-0.196337 0 0 0 0 0 0
-0.197351 0 0 0 0 0 0
-0.198473 0 0 0 0 0 0
-0.199623 0 0 0 0 0 0
-0.200761 0 0 0 0 0 0
-0.201899 0 0 0 0 0 0
-0.203035 0 0 0 0 0 0
-0.204171 0 0 0 0 0 0
-0.205306 0 0 0 0 0 0
-0.206435 0 0 0 0 0 0
-0.207554 0 0 0 0 0 0
-0.208669 0 0 0 0 0 0
-0.209837 0 0 0 0 0 0
-0.211018 0 0 0 0 0 0
-0.212204 0 0 0 0 0 0
-0.21342 0 0 0 0 0 0
-0.214633 0 0 0 0 0 0
-0.215797 0 0 0 0 0 0
-0.216958 0 0 0 0 0 0
-0.218127 0 0 0 0 0 0
-0.219373 0 0 0 0 0 0
-0.220632 0 0 0 0 0 0
-0.221966 0 0 0 0 0 0
-0.223339 0 0 0 0 0 0
-0.224747 0 0 0 0 0 0
-0.226132 0 0 0 0 0 0
-0.22746 0 0 0 0 0 0
-0.228772 0 0 0 0 0 0
-0.230058 0 0 0 0 0 0
-0.231454 0 0 0 0 0 0
-0.23303 0 0 0 0 0 0
-0.234639 0 0 0 0 0 0
-0.236248 0 0 0 0 0 0
-0.23785 0 0 0 0 0 0
-0.239492 0 0 0 0 0 0
-0.241242 0 0 0 0 0 0
-0.242975 0 0 0 0 0 0
-0.244645 0 0 0 0 0 0
-0.24625 0 0 0 0 0 0
-0.247833 0 0 0 0 0 0
-0.249367 0 0 0 0 0 0
-0.250885 0 0 0 0 0 0
-0.252403 0 0 0 0 0 0
-0.253921 0 0 0 0 0 0
-0.255433 0 0 0 0 0 0
-0.256881 0 0 0 0 0 0
-0.258303 0 0 0 0 0 0
-0.259665 0 0 0 0 0 0
-0.260923 0 0 0 0 0 0
-0.262031 0 0 0 0 0 0
-0.263065 0 0 0 0 0 0
-0.26404 0 0 0 0 0 0
-0.264992 0 0 0 0 0 0
-0.265941 0 0 0 0 0 0
-0.266888 0 0 0 0 0 0
-0.267819 0 0 0 0 0 0
-0.268836 0 0 0 0 0 0
-0.26965 0 0 0 0 0 0
-0.27054 0 0 0 0 0 0
-0.271431 0 0 0 0 0 0
-0.272317 0 0 0 0 0 0
-0.273198 0 0 0 0 0 0
-0.274078 0 0 0 0 0 0
-0.274953 0 0 0 0 0 0
-0.275824 0 0 0 0 0 0
-0.232722 0 0 0 0 0 0
-0.19593 0 0 0 0 0 0
-0.162804 0 0 0 0 0 0
-0.132595 0 0 0 0 0 0
-0.105301 0 0 0 0 0 0
-0.0810524 0 0 0 0 0 0
-0.0599635 0 0 0 0 0 0
-0.0419806 0 0 0 0 0 0
-0.0268577 0 0 0 0 0 0
-0.014156 0 0 0 0 0 0
-0.00350554 0 0 0 0 0 0
0.00542231 0 0 0 0 0 0
0.0130201 0 0 0 0 0 0
0.0195878 0 0 0 0 0 0
0.0253572 0 0 0 0 0 0
0.030441 0 0 0 0 0 0
0.0349246 0 0 0 0 0 0
0.0388864 0 0 0 0 0 0
0.0424338 0 0 0 0 0 0
0.0456874 0 0 0 0 0 0
0.0486724 0 0 0 0 0 0
0.051432 0 0 0 0 0 0
0.0540256 0 0 0 0 0 0
0.0565241 0 0 0 0 0 0
0.0589141 0 0 0 0 0 0
0.0611833 0 0 0 0 0 0
0.0633555 0 0 0 0 0 0
0.0654413 0 0 0 0 0 0
0.067451 0 0 0 0 0 0
0.069393 0 0 0 0 0 0
0.0712761 0 0 0 0 0 0
0.0731067 0 0 0 0 0 0
0.0748806 0 0 0 0 0 0
0.0765979 0 0 0 0 0 0
0.0782664 0 0 0 0 0 0
0.0798966 0 0 0 0 0 0
0.081493 0 0 0 0 0 0
0.0830605 0 0 0 0 0 0
0.0846182 0 0 0 0 0 0
0.0861076 0 0 0 0 0 0
0.0875744 0 0 0 0 0 0
0.0889643 0 0 0 0 0 0
0.0903338 0 0 0 0 0 0
0.0916847 0 0 0 0 0 0
0.0930182 0 0 0 0 0 0
0.0943356 0 0 0 0 0 0
0.0956382 0 0 0 0 0 0
0.0969266 0 0 0 0 0 0
0.0982307 0 0 0 0 0 0
0.0995913 0 0 0 0 0 0
0.100957 0 0 0 0 0 0
0.10231 0 0 0 0 0 0
0.10365 0 0 0 0 0 0
0.104979 0 0 0 0 0 0
0.106296 0 0 0 0 0 0
0.107603 0 0 0 0 0 0
0.108901 0 0 0 0 0 0
0.11019 0 0 0 0 0 0
0.111495 0 0 0 0 0 0
0.112766 0 0 0 0 0 0
0.114018 0 0 0 0 0 0
0.115268 0 0 0 0 0 0
0.116488 0 0 0 0 0 0
0.117678 0 0 0 0 0 0
0.118801 0 0 0 0 0 0
0.119898 0 0 0 0 0 0
0.120988 0 0 0 0 0 0
0.122071 0 0 0 0 0 0
0.123137 0 0 0 0 0 0
0.124216 0 0 0 0 0 0
0.125393 0 0 0 0 0 0
0.126568 0 0 0 0 0 0
0.127736 0 0 0 0 0 0
0.128898 0 0 0 0 0 0
0.130053 0 0 0 0 0 0
0.131203 0 0 0 0 0 0
0.132347 0 0 0 0 0 0
0.133487 0 0 0 0 0 0
0.134628 0 0 0 0 0 0
0.135763 0 0 0 0 0 0
0.136882 0 0 0 0 0 0
0.137981 0 0 0 0 0 0
0.139066 0 0 0 0 0 0
0.140157 0 0 0 0 0 0
0.141229 0 0 0 0 0 0
0.142294 0 0 0 0 0 0
0.143336 0 0 0 0 0 0
0.144327 0 0 0 0 0 0
0.145309 0 0 0 0 0 0
0.146286 0 0 0 0 0 0
0.14738 0 0 0 0 0 0
0.148482 0 0 0 0 0 0
0.149579 0 0 0 0 0 0
0.150659 0 0 0 0 0 0
0.151735 0 0 0 0 0 0
0.152808 0 0 0 0 0 0
0.153875 0 0 0 0 0 0
0.154929 0 0 0 0 0 0
0.155998 0 0 0 0 0 0
0.157069 0 0 0 0 0 0
