3.19543e-17 277676 8.9e+06 560855 -277676 8.9e+06 -560855
0.636776 792173 1.7824e+06 -6.13264e+06 -792173 1.60176e+07 -8.10256e+06
0.850911 2.50389e+06 -1.1607e+06 -7.12325e+06 -2.50389e+06 1.89607e+07 -1.29982e+07
0.891363 2.93455e+06 -2.4798e+06 -7.44463e+06 -2.93455e+06 2.02798e+07 -1.5315e+07
0.905483 3.26939e+06 -3.0258e+06 -6.87516e+06 -3.26939e+06 2.08258e+07 -1.69764e+07
0.908841 3.28329e+06 -3.2875e+06 -6.81373e+06 -3.28329e+06 2.10875e+07 -1.75613e+07
0.478128 2.04618e+06 1.41252e+06 -3.73368e+06 -2.04618e+06 1.63875e+07 -1.12413e+07
0.130806 967458 5.38129e+06 -1.26317e+06 -967458 1.24187e+07 -5.77424e+06
-0.0664263 -232623 8.13767e+06 -97528.8 232623 9.66233e+06 -1.42713e+06
-0.171239 -1.10636e+06 9.98672e+06 283202 1.10636e+06 7.81328e+06 1.89024e+06
-0.298013 -1.50669e+06 1.22109e+07 1.68362e+06 1.50669e+06 5.58908e+06 4.93822e+06
-0.655227 786598 1.64532e+07 8.38932e+06 -786598 1.34681e+06 6.71707e+06
-0.824442 2.45651e+06 1.87329e+07 1.26648e+07 -2.45651e+06 -932943 7.00107e+06
-0.867969 2.92026e+06 1.98231e+07 1.48782e+07 -2.92026e+06 -2.0231e+06 6.96803e+06
-0.889509 3.18784e+06 2.05235e+07 1.64721e+07 -3.18784e+06 -2.72353e+06 6.77498e+06
-0.89626 3.17818e+06 2.0816e+07 1.7034e+07 -3.17818e+06 -3.01605e+06 6.79812e+06
-0.482036 1.83164e+06 1.63291e+07 1.07923e+07 -1.83164e+06 1.47093e+06 4.06585e+06
-0.14929 701747 1.25477e+07 5.42701e+06 -701747 5.25227e+06 1.86845e+06
0.0449113 -286076 9.87502e+06 1.31052e+06 286076 7.92498e+06 639531
0.149649 -1.05284e+06 8.08733e+06 -1.72364e+06 1.05284e+06 9.71267e+06 98302.7
0.224232 -1.66892e+06 6.7383e+06 -4.06264e+06 1.66892e+06 1.10617e+07 -260756
0.224232 -1.66892e+06 6.7383e+06 -4.06264e+06 1.66892e+06 1.10617e+07 -260756
0.391729 -1.5555e+06 4.42549e+06 -6.18838e+06 1.5555e+06 1.33745e+07 -2.76064e+06
0.531031 -622254 2.43636e+06 -6.93293e+06 622254 1.53636e+07 -5.99435e+06
0.650881 553067 617524 -7.0606e+06 -553067 1.71825e+07 -9.50435e+06
0.781037 2.01114e+06 -1.18847e+06 -6.77097e+06 -2.01114e+06 1.89885e+07 -1.3406e+07
0.868837 3.05331e+06 -2.58416e+06 -6.4236e+06 -3.05331e+06 2.03842e+07 -1.65447e+07
0.452054 1.75627e+06 1.96663e+06 -3.5282e+06 -1.75627e+06 1.58334e+07 -1.03385e+07
0.120933 630961 5.71485e+06 -1.31177e+06 -630961 1.20852e+07 -5.05854e+06
-0.0626357 -338403 8.24602e+06 -231301 338403 9.55398e+06 -1.07665e+06
-0.163133 -1.12362e+06 9.89483e+06 124453 1.12362e+06 7.90517e+06 1.86521e+06
-0.234257 -1.7248e+06 1.11459e+07 369019 1.7248e+06 6.6541e+06 4.12278e+06
-0.401939 -1.44282e+06 1.33908e+07 2.88652e+06 1.44282e+06 4.40919e+06 6.09509e+06
-0.537949 -576192 1.53194e+07 6.00838e+06 576192 2.48057e+06 6.83048e+06
-0.655806 584234 1.71372e+07 9.49966e+06 -584234 662844 6.97466e+06
-0.785947 2.03122e+06 1.89584e+07 1.33894e+07 -2.03122e+06 -1.15844e+06 6.72752e+06
-0.869952 3.02114e+06 2.03396e+07 1.64473e+07 -3.02114e+06 -2.53961e+06 6.43195e+06
-0.45654 1.67555e+06 1.58712e+07 1.02278e+07 -1.67555e+06 1.92883e+06 3.71458e+06
-0.124961 537151 1.2131e+07 4.9199e+06 -537151 5.66898e+06 1.54213e+06
0.061504 -408295 9.56609e+06 938053 408295 8.23391e+06 394117
0.163091 -1.16278e+06 7.90949e+06 -1.95359e+06 1.16278e+06 9.89051e+06 -27424.9
0.234064 -1.75966e+06 6.67304e+06 -4.1744e+06 1.75966e+06 1.1127e+07 -279513
0.234064 -1.75966e+06 6.67304e+06 -4.1744e+06 1.75966e+06 1.1127e+07 -279513
0.381508 -1.62774e+06 4.55515e+06 -6.10821e+06 1.62774e+06 1.32449e+07 -2.58149e+06
0.514137 -794024 2.63536e+06 -6.88646e+06 794024 1.51646e+07 -5.64282e+06
0.629589 319035 857544 -7.05132e+06 -319035 1.69425e+07 -9.03359e+06
0.761195 1.77738e+06 -956464 -6.80182e+06 -1.77738e+06 1.87565e+07 -1.29111e+07
0.863415 2.97544e+06 -2.47325e+06 -6.43299e+06 -2.97544e+06 2.02732e+07 -1.63135e+07
0.44613 1.66735e+06 2.07043e+06 -3.55189e+06 -1.66735e+06 1.57296e+07 -1.01073e+07
0.116103 554259 5.81003e+06 -1.32761e+06 -554259 1.199e+07 -4.85234e+06
-0.0683044 -419270 8.31801e+06 -260379 419270 9.48199e+06 -903599
-0.16782 -1.18483e+06 9.94225e+06 104983 1.18483e+06 7.85775e+06 1.97952e+06
-0.23874 -1.77451e+06 1.11735e+07 355096 1.77451e+06 6.62645e+06 4.192e+06
-0.38723 -1.58426e+06 1.32564e+07 2.64721e+06 1.58426e+06 4.54364e+06 6.06551e+06
-0.518952 -787498 1.51355e+07 5.63471e+06 787498 2.66453e+06 6.83623e+06
-0.63231 315301 1.69018e+07 8.99309e+06 -315301 898193 7.01052e+06
-0.764027 1.76994e+06 1.87297e+07 1.28757e+07 -1.76994e+06 -929669 6.78368e+06
-0.864208 2.9441e+06 2.02331e+07 1.62265e+07 -2.9441e+06 -2.43306e+06 6.43966e+06
-0.449893 1.58332e+06 1.57725e+07 1.00053e+07 -1.58332e+06 2.02745e+06 3.73981e+06
-0.119241 456957 1.2043e+07 4.72421e+06 -456957 5.757e+06 1.56179e+06
0.0679635 -494269 9.50257e+06 777011 494269 8.29743e+06 428137
0.168671 -1.23208e+06 7.86894e+06 -2.06239e+06 1.23208e+06 9.93106e+06 281.943
0.239194 -1.81371e+06 6.63879e+06 -4.24897e+06 1.81371e+06 1.11612e+07 -273450
0.239194 -1.81371e+06 6.63879e+06 -4.24897e+06 1.81371e+06 1.11612e+07 -273450
0.376257 -1.70069e+06 4.61024e+06 -6.10114e+06 1.70069e+06 1.31898e+07 -2.47837e+06
0.504706 -905627 2.73364e+06 -6.88881e+06 905627 1.50664e+07 -5.44392e+06
0.620066 201615 963053 -7.07002e+06 -201615 1.68369e+07 -8.80387e+06
0.752589 1.66615e+06 -850559 -6.83148e+06 -1.66615e+06 1.86506e+07 -1.26696e+07
0.86046 2.93036e+06 -2.41873e+06 -6.44839e+06 -2.93036e+06 2.02187e+07 -1.61891e+07
0.872881 2.97877e+06 -2.8871e+06 -6.52965e+06 -2.97877e+06 2.06871e+07 -1.70445e+07
0.86881 2.7828e+06 -3.00363e+06 -6.7394e+06 -2.7828e+06 2.08036e+07 -1.70679e+07
0.846798 2.45873e+06 -3.06455e+06 -6.8692e+06 -2.45873e+06 2.08646e+07 -1.70599e+07
0.803411 1.94561e+06 -3.07064e+06 -6.97087e+06 -1.94561e+06 2.08706e+07 -1.69704e+07
0.792064 1.78133e+06 -3.24421e+06 -6.98536e+06 -1.78133e+06 2.10442e+07 -1.73031e+07
0.422343 722348 782099 -4.32816e+06 -722348 1.70179e+07 -1.19076e+07
0.156346 123003 3.96011e+06 -2.20167e+06 -123003 1.38399e+07 -7.6781e+06
-0.00610917 -344599 6.18357e+06 -910687 344599 1.16164e+07 -4.52217e+06
-0.0964579 -821291 7.73971e+06 -269495 821291 1.00603e+07 -2.05108e+06
-0.154984 -1.24041e+06 8.93699e+06 33426.7 1.24041e+06 8.86301e+06 40559
-0.198061 -1.59633e+06 9.83144e+06 143404 1.59633e+06 7.96856e+06 1.71947e+06
-0.233138 -1.89374e+06 1.05107e+07 187659 1.89374e+06 7.28933e+06 3.03367e+06
-0.260985 -2.12323e+06 1.10587e+07 206723 2.12323e+06 6.74131e+06 4.11065e+06
-0.287493 -2.33518e+06 1.15443e+07 229210 2.33518e+06 6.25568e+06 5.05942e+06
-0.320613 -2.48946e+06 1.22217e+07 591320 2.48946e+06 5.57832e+06 6.05205e+06
-0.417892 -1.95289e+06 1.37647e+07 2.68285e+06 1.95289e+06 4.03529e+06 7.04657e+06
-0.526045 -1.0393e+06 1.53723e+07 5.50844e+06 1.0393e+06 2.4277e+06 7.43616e+06
-0.631718 125038 1.69717e+07 8.81811e+06 -125038 828298 7.32529e+06
-0.759991 1.62569e+06 1.86946e+07 1.26808e+07 -1.62569e+06 -894624 6.9085e+06
-0.864163 2.89374e+06 2.01959e+07 1.61392e+07 -2.89374e+06 -2.39591e+06 6.45264e+06
-0.875618 2.97882e+06 2.06941e+07 1.71004e+07 -2.97882e+06 -2.89411e+06 6.48784e+06
-0.870206 2.79006e+06 2.081e+07 1.71291e+07 -2.79006e+06 -3.01004e+06 6.69093e+06
-0.847633 2.4671e+06 2.08658e+07 1.71157e+07 -2.4671e+06 -3.06578e+06 6.81585e+06
-0.804528 1.96179e+06 2.08727e+07 1.70308e+07 -1.96179e+06 -3.07275e+06 6.9147e+06
-0.792581 1.78616e+06 2.10252e+07 1.73075e+07 -1.78616e+06 -3.22516e+06 6.94282e+06
-0.42199 713331 1.70014e+07 1.18863e+07 -713331 798625 4.31648e+06
-0.157193 107544 1.38443e+07 7.66239e+06 -107544 3.95569e+06 2.22624e+06
0.00370939 -360013 1.16449e+07 4.51752e+06 360013 6.15515e+06 972188
0.093944 -832502 1.0098e+07 2.0494e+06 832502 7.70203e+06 346543
0.152659 -1.24345e+06 8.90708e+06 -20523.1 1.24345e+06 8.89292e+06 34691.7
0.195733 -1.58939e+06 8.0162e+06 -1.674e+06 1.58939e+06 9.7838e+06 -93594.6
0.230945 -1.87996e+06 7.34257e+06 -2.96221e+06 1.87996e+06 1.04574e+07 -152653
0.258902 -2.10379e+06 6.80017e+06 -4.01579e+06 2.10379e+06 1.09998e+07 -183865
0.284895 -2.31674e+06 6.32897e+06 -4.96373e+06 2.31674e+06 1.1471e+07 -178325
0.312882 -2.54463e+06 5.79347e+06 -5.99693e+06 2.54463e+06 1.20065e+07 -216122
0.312882 -2.54463e+06 5.79347e+06 -5.99693e+06 2.54463e+06 1.20065e+07 -216122
0.354423 -2.55744e+06 4.84773e+06 -6.90877e+06 2.55744e+06 1.29523e+07 -1.19577e+06
0.397099 -2.38305e+06 3.91765e+06 -7.51806e+06 2.38305e+06 1.38823e+07 -2.44664e+06
0.439939 -2.06185e+06 3.06932e+06 -7.81457e+06 2.06185e+06 1.47307e+07 -3.84679e+06
0.484946 -1.68953e+06 2.23913e+06 -7.95516e+06 1.68953e+06 1.55609e+07 -5.36657e+06
0.529359 -1.25538e+06 1.44108e+06 -7.95214e+06 1.25538e+06 1.63589e+07 -6.9657e+06
0.576753 -752397 616038 -7.84677e+06 752397 1.7184e+07 -8.72116e+06
0.631674 -139160 -262128 -7.65053e+06 139160 1.80621e+07 -1.06737e+07
0.688504 499292 -1.11821e+06 -7.41935e+06 -499292 1.89182e+07 -1.26171e+07
0.754517 1.23875e+06 -1.98329e+06 -7.15684e+06 -1.23875e+06 1.97833e+07 -1.46097e+07
0.756114 1.24314e+06 -2.32151e+06 -7.10787e+06 -1.24314e+06 2.01215e+07 -1.53352e+07
0.375284 26271.4 1.64452e+06 -4.60338e+06 -26271.4 1.61555e+07 -9.90758e+06
0.113154 -553579 4.64776e+06 -2.57069e+06 553579 1.31522e+07 -5.93379e+06
-0.0384614 -898633 6.72995e+06 -1.28969e+06 898633 1.107e+07 -3.05041e+06
-0.121692 -1.26942e+06 8.18656e+06 -620050 1.26942e+06 9.61344e+06 -806833
-0.178764 -1.62755e+06 9.23533e+06 -286168 1.62755e+06 8.56467e+06 956819
-0.21996 -1.91884e+06 1.00287e+07 -107200 1.91884e+06 7.77132e+06 2.36456e+06
-0.250357 -2.13992e+06 1.06481e+07 -4400 2.13992e+06 7.15189e+06 3.50061e+06
-0.275766 -2.32249e+06 1.11455e+07 53744.9 2.32249e+06 6.65448e+06 4.43729e+06
-0.302202 -2.52247e+06 1.16125e+07 71329.5 2.52247e+06 6.1875e+06 5.35366e+06
-0.329232 -2.64398e+06 1.21819e+07 297163 2.64398e+06 5.61809e+06 6.26665e+06
-0.366206 -2.53412e+06 1.30943e+07 1.37632e+06 2.53412e+06 4.7057e+06 7.01228e+06
-0.404777 -2.31887e+06 1.39673e+07 2.6079e+06 2.31887e+06 3.8327e+06 7.5267e+06
-0.447028 -2.02067e+06 1.47909e+07 3.96472e+06 2.02067e+06 3.00908e+06 7.81713e+06
-0.490746 -1.65224e+06 1.5589e+07 5.42686e+06 1.65224e+06 2.21104e+06 7.95107e+06
-0.534838 -1.22187e+06 1.63899e+07 7.0247e+06 1.22187e+06 1.4101e+06 7.9551e+06
-0.582964 -710237 1.72252e+07 8.79944e+06 710237 574795 7.85097e+06
-0.636657 -110579 1.8096e+07 1.07333e+07 110579 -296015 7.65878e+06
-0.692453 524344 1.89436e+07 1.2659e+07 -524344 -1.14363e+06 7.42824e+06
-0.755761 1.25099e+06 1.98019e+07 1.46358e+07 -1.25099e+06 -2.0019e+06 7.16798e+06
-0.755835 1.24001e+06 2.01348e+07 1.53471e+07 -1.24001e+06 -2.33482e+06 7.12249e+06
-0.373335 10533.9 1.61612e+07 9.88651e+06 -10533.9 1.63877e+06 4.63594e+06
-0.112127 -563436 1.31606e+07 5.90866e+06 563436 4.63937e+06 2.61259e+06
0.0387635 -910366 1.10767e+07 3.01931e+06 910366 6.72328e+06 1.33414e+06
0.123077 -1.29292e+06 9.62095e+06 775479 1.29292e+06 8.17905e+06 666429
0.180953 -1.65683e+06 8.58062e+06 -971773 1.65683e+06 9.21938e+06 333021
0.221172 -1.93453e+06 7.78528e+06 -2.37137e+06 1.93453e+06 1.00147e+07 141934
0.250809 -2.14631e+06 7.16603e+06 -3.50042e+06 2.14631e+06 1.0634e+07 32468.9
0.276035 -2.32754e+06 6.66118e+06 -4.44917e+06 2.32754e+06 1.11388e+07 -28459.4
0.301758 -2.53044e+06 6.19878e+06 -5.36518e+06 2.53044e+06 1.16012e+07 -37263.6
0.327338 -2.67315e+06 5.66038e+06 -6.26813e+06 2.67315e+06 1.21396e+07 -211119
0.327338 -2.67315e+06 5.66038e+06 -6.26813e+06 2.67315e+06 1.21396e+07 -211119
0.355069 -2.65927e+06 4.88828e+06 -6.98332e+06 2.65927e+06 1.29117e+07 -1.04011e+06
0.384852 -2.54068e+06 4.10042e+06 -7.51481e+06 2.54068e+06 1.36996e+07 -2.08436e+06
0.4142 -2.36339e+06 3.35064e+06 -7.85468e+06 2.36339e+06 1.44494e+07 -3.24404e+06
0.447767 -2.12844e+06 2.62724e+06 -8.03242e+06 2.12844e+06 1.51728e+07 -4.51311e+06
0.483618 -1.8069e+06 1.9142e+06 -8.09177e+06 1.8069e+06 1.58858e+07 -5.87984e+06
0.522894 -1.41737e+06 1.19404e+06 -8.05142e+06 1.41737e+06 1.6606e+07 -7.36051e+06
0.569977 -913359 417046 -7.9163e+06 913359 1.7383e+07 -9.04961e+06
0.623536 -315053 -413691 -7.7086e+06 315053 1.82137e+07 -1.09188e+07
0.697578 529994 -1.34765e+06 -7.41117e+06 -529994 1.91476e+07 -1.30841e+07
0.739869 1.00866e+06 -2.01297e+06 -7.22174e+06 -1.00866e+06 1.9813e+07 -1.46042e+07
0.361381 -183772 1.92968e+06 -4.71327e+06 183772 1.58703e+07 -9.22736e+06
0.098934 -769721 4.91567e+06 -2.69613e+06 769721 1.28843e+07 -5.27252e+06
-0.054653 -1.14495e+06 6.9392e+06 -1.46716e+06 1.14495e+06 1.08608e+07 -2.45444e+06
-0.13855 -1.50821e+06 8.3058e+06 -816465 1.50821e+06 9.4942e+06 -371942
-0.189342 -1.77725e+06 9.30216e+06 -421999 1.77725e+06 8.49784e+06 1.22631e+06
-0.225381 -2.00041e+06 1.00756e+07 -198463 2.00041e+06 7.72439e+06 2.54968e+06
-0.256673 -2.2188e+06 1.06739e+07 -78653 2.2188e+06 7.12607e+06 3.62651e+06
-0.28322 -2.40975e+06 1.11703e+07 -17388.5 2.40975e+06 6.62972e+06 4.55796e+06
-0.306445 -2.5694e+06 1.16241e+07 21399.2 2.5694e+06 6.17586e+06 5.42688e+06
-0.330533 -2.67414e+06 1.21989e+07 289359 2.67414e+06 5.60108e+06 6.30848e+06
-0.357037 -2.64265e+06 1.29776e+07 1.14324e+06 2.64265e+06 4.8224e+06 7.01196e+06
-0.386837 -2.50808e+06 1.37739e+07 2.22716e+06 2.50808e+06 4.02611e+06 7.52062e+06
-0.416686 -2.34907e+06 1.44841e+07 3.33442e+06 2.34907e+06 3.31593e+06 7.83372e+06
-0.448725 -2.11361e+06 1.51932e+07 4.57756e+06 2.11361e+06 2.6068e+06 8.00884e+06
-0.483886 -1.79748e+06 1.59029e+07 5.93812e+06 1.79748e+06 1.89715e+06 8.06758e+06
-0.522837 -1.41151e+06 1.66251e+07 7.41812e+06 1.41151e+06 1.17494e+06 8.03201e+06
-0.569403 -913010 1.74033e+07 9.10511e+06 913010 396739 7.90141e+06
-0.622698 -309011 1.82339e+07 1.09727e+07 309011 -433948 7.69517e+06
-0.697052 544487 1.91725e+07 1.31482e+07 -544487 -1.3725e+06 7.39677e+06
-0.73849 1.0125e+06 1.9832e+07 1.46515e+07 -1.0125e+06 -2.03201e+06 7.21251e+06
-0.359184 -181310 1.58809e+07 9.24818e+06 181310 1.91907e+06 4.71369e+06
-0.0949929 -795556 1.2901e+07 5.26767e+06 795556 4.89903e+06 2.73427e+06
0.0566336 -1.16057e+06 1.08956e+07 2.47601e+06 1.16057e+06 6.90439e+06 1.51521e+06
0.139111 -1.50791e+06 9.52083e+06 395923 1.50791e+06 8.27917e+06 845738
0.18952 -1.77335e+06 8.51608e+06 -1.21072e+06 1.77335e+06 9.28392e+06 442871
0.226107 -1.99969e+06 7.74384e+06 -2.53152e+06 1.99969e+06 1.00562e+07 219198
0.257819 -2.22333e+06 7.1408e+06 -3.61959e+06 2.22333e+06 1.06592e+07 101195
0.283794 -2.40831e+06 6.64559e+06 -4.54699e+06 2.40831e+06 1.11544e+07 38171.5
0.306349 -2.57184e+06 6.19702e+06 -5.41357e+06 2.57184e+06 1.1603e+07 7610.59
0.329793 -2.67912e+06 5.63263e+06 -6.29724e+06 2.67912e+06 1.21674e+07 -237510
0.329793 -2.67912e+06 5.63263e+06 -6.29724e+06 2.67912e+06 1.21674e+07 -237510
0.355889 -2.64604e+06 4.86395e+06 -6.98394e+06 2.64604e+06 1.2936e+07 -1.08816e+06
0.382092 -2.55098e+06 4.10538e+06 -7.497e+06 2.55098e+06 1.36946e+07 -2.09225e+06
0.411041 -2.4138e+06 3.40914e+06 -7.83336e+06 2.4138e+06 1.43909e+07 -3.14835e+06
0.439707 -2.2198e+06 2.73665e+06 -8.01684e+06 2.2198e+06 1.50633e+07 -4.30985e+06
0.469372 -1.97102e+06 2.072e+06 -8.10591e+06 1.97102e+06 1.5728e+07 -5.55009e+06
0.503795 -1.6421e+06 1.39293e+06 -8.09678e+06 1.6421e+06 1.64071e+07 -6.91737e+06
0.545312 -1.20688e+06 659755 -7.99633e+06 1.20688e+06 1.71402e+07 -8.48416e+06
0.595415 -637351 -147383 -7.80513e+06 637351 1.79474e+07 -1.02896e+07
0.666893 182310 -1.06559e+06 -7.52155e+06 -182310 1.88656e+07 -1.24096e+07
0.730304 900721 -1.87386e+06 -7.26212e+06 -900721 1.96739e+07 -1.42856e+07
0.739747 995764 -2.26501e+06 -7.18735e+06 -995764 2.0065e+07 -1.51427e+07
0.748586 1.08153e+06 -2.63161e+06 -7.11538e+06 -1.08153e+06 2.04316e+07 -1.59478e+07
0.759318 1.16603e+06 -2.94732e+06 -7.07119e+06 -1.16603e+06 2.07473e+07 -1.66234e+07
0.767041 1.13274e+06 -3.03853e+06 -7.16928e+06 -1.13274e+06 2.08385e+07 -1.67078e+07
0.775382 1.10438e+06 -3.10538e+06 -7.27225e+06 -1.10438e+06 2.09054e+07 -1.67385e+07
0.773664 1.14248e+06 -3.15439e+06 -7.38587e+06 -1.14248e+06 2.09544e+07 -1.67229e+07
0.774513 1.15579e+06 -3.19736e+06 -7.49656e+06 -1.15579e+06 2.09974e+07 -1.66981e+07
0.778763 1.15727e+06 -3.23567e+06 -7.6098e+06 -1.15727e+06 2.10357e+07 -1.66616e+07
0.784391 1.14858e+06 -3.26811e+06 -7.7239e+06 -1.14858e+06 2.10681e+07 -1.66123e+07
0.790024 1.13747e+06 -3.2931e+06 -7.83431e+06 -1.13747e+06 2.10931e+07 -1.65519e+07
0.795688 1.12511e+06 -3.31386e+06 -7.9415e+06 -1.12511e+06 2.11139e+07 -1.64862e+07
0.801603 1.1149e+06 -3.33282e+06 -8.04845e+06 -1.1149e+06 2.11328e+07 -1.64172e+07
0.807974 1.10859e+06 -3.34497e+06 -8.15426e+06 -1.10859e+06 2.1145e+07 -1.63357e+07
0.813999 1.09682e+06 -3.34134e+06 -8.26283e+06 -1.09682e+06 2.11413e+07 -1.62198e+07
0.819837 1.07837e+06 -3.32401e+06 -8.37634e+06 -1.07837e+06 2.1124e+07 -1.60717e+07
0.825056 1.03453e+06 -3.25776e+06 -8.51151e+06 -1.03453e+06 2.10578e+07 -1.5804e+07
0.830988 1.02148e+06 -3.25059e+06 -8.62048e+06 -1.02148e+06 2.10506e+07 -1.56807e+07
0.836716 998977 -3.22723e+06 -8.73972e+06 -998977 2.10272e+07 -1.55147e+07
0.84242 976405 -3.20335e+06 -8.85883e+06 -976405 2.10033e+07 -1.53479e+07
0.848218 951873 -3.17224e+06 -8.98127e+06 -951873 2.09722e+07 -1.51632e+07
0.854198 926714 -3.13619e+06 -9.1071e+06 -926714 2.09362e+07 -1.49653e+07
0.860018 895960 -3.08903e+06 -9.23755e+06 -895960 2.0889e+07 -1.47405e+07
0.864382 800985 -2.92635e+06 -9.43021e+06 -800985 2.07264e+07 -1.42225e+07
0.867431 646519 -2.66118e+06 -9.68432e+06 -646519 2.04612e+07 -1.3438e+07
0.873824 649086 -2.669e+06 -9.77831e+06 -649086 2.0469e+07 -1.33597e+07
0.544572 -434631 713523 -7.72106e+06 434631 1.70865e+07 -8.65189e+06
0.32205 -1.03389e+06 3.08753e+06 -6.04259e+06 1.03389e+06 1.47125e+07 -5.58236e+06
0.18459 -1.31091e+06 4.77591e+06 -4.74636e+06 1.31091e+06 1.30241e+07 -3.50182e+06
0.0960644 -1.48421e+06 6.06974e+06 -3.76768e+06 1.48421e+06 1.17303e+07 -1.89285e+06
0.0419737 -1.55924e+06 7.03634e+06 -3.04982e+06 1.55924e+06 1.07637e+07 -677508
0.00358258 -1.63554e+06 7.80944e+06 -2.53497e+06 1.63554e+06 9.99056e+06 353854
-0.0260292 -1.72415e+06 8.40383e+06 -2.19756e+06 1.72415e+06 9.39617e+06 1.20522e+06
-0.0504795 -1.81958e+06 8.89995e+06 -1.95972e+06 1.81958e+06 8.90005e+06 1.95963e+06
-0.0710941 -1.91057e+06 9.30932e+06 -1.79002e+06 1.91057e+06 8.49068e+06 2.60865e+06
-0.0892645 -1.99989e+06 9.65926e+06 -1.66821e+06 1.99989e+06 8.14074e+06 3.18673e+06
-0.105319 -2.07856e+06 9.95888e+06 -1.56882e+06 2.07856e+06 7.84112e+06 3.68657e+06
-0.120219 -2.15485e+06 1.02282e+07 -1.48567e+06 2.15485e+06 7.57184e+06 4.142e+06
-0.134016 -2.22651e+06 1.04671e+07 -1.41092e+06 2.22651e+06 7.33286e+06 4.54519e+06
-0.147082 -2.29466e+06 1.06843e+07 -1.34337e+06 2.29466e+06 7.1157e+06 4.91198e+06
-0.159461 -2.35589e+06 1.08772e+07 -1.27627e+06 2.35589e+06 6.92279e+06 5.23068e+06
-0.171152 -2.41141e+06 1.10517e+07 -1.21111e+06 2.41141e+06 6.74833e+06 5.51446e+06
-0.182363 -2.46323e+06 1.12122e+07 -1.14676e+06 2.46323e+06 6.58781e+06 5.77115e+06
-0.193154 -2.51058e+06 1.13583e+07 -1.081e+06 2.51058e+06 6.44173e+06 5.99754e+06
-0.203521 -2.55529e+06 1.14886e+07 -1.02052e+06 2.55529e+06 6.31141e+06 6.1977e+06
-0.213676 -2.60217e+06 1.16162e+07 -965901 2.60217e+06 6.18385e+06 6.3982e+06
-0.223677 -2.65182e+06 1.17438e+07 -916249 2.65182e+06 6.05623e+06 6.60379e+06
-0.233715 -2.70006e+06 1.18693e+07 -867220 2.70006e+06 5.93073e+06 6.80576e+06
-0.243529 -2.74507e+06 1.19862e+07 -815737 2.74507e+06 5.81375e+06 6.98823e+06
-0.253114 -2.78617e+06 1.20938e+07 -761030 2.78617e+06 5.7062e+06 7.14863e+06
-0.262481 -2.82417e+06 1.21946e+07 -703802 2.82417e+06 5.60538e+06 7.29303e+06
-0.271648 -2.85843e+06 1.22869e+07 -643331 2.85843e+06 5.51311e+06 7.41712e+06
-0.280594 -2.89264e+06 1.23765e+07 -581082 2.89264e+06 5.42346e+06 7.53417e+06
-0.289017 -2.92092e+06 1.24828e+07 -508181 2.92092e+06 5.31718e+06 7.67383e+06
-0.296668 -2.94021e+06 1.26368e+07 -416944 2.94021e+06 5.16323e+06 7.89048e+06
-0.307196 -2.98949e+06 1.27347e+07 -368057 2.98949e+06 5.06528e+06 8.0375e+06
-0.317863 -3.03093e+06 1.28222e+07 -315022 3.03093e+06 4.97776e+06 8.1595e+06
-0.329203 -3.06536e+06 1.29123e+07 -255619 3.06536e+06 4.8877e+06 8.28022e+06
-0.341379 -3.10169e+06 1.30236e+07 -193634 3.10169e+06 4.77641e+06 8.44082e+06
-0.354327 -3.13481e+06 1.31588e+07 -113713 3.13481e+06 4.64123e+06 8.63126e+06
-0.369555 -3.10155e+06 1.34571e+07 277866 3.10155e+06 4.3429e+06 8.83634e+06
-0.389839 -2.95948e+06 1.40028e+07 1.20947e+06 2.95948e+06 3.79717e+06 8.9962e+06
-0.413742 -2.77511e+06 1.46438e+07 2.30654e+06 2.77511e+06 3.15618e+06 9.18111e+06
-0.436923 -2.56034e+06 1.52361e+07 3.44183e+06 2.56034e+06 2.56387e+06 9.23042e+06
-0.463186 -2.25763e+06 1.58246e+07 4.74888e+06 2.25763e+06 1.9754e+06 9.10031e+06
-0.490956 -1.91753e+06 1.64152e+07 6.12931e+06 1.91753e+06 1.38477e+06 8.90115e+06
-0.524092 -1.5044e+06 1.70523e+07 7.65026e+06 1.5044e+06 747697 8.65435e+06
-0.564358 -999147 1.77604e+07 9.35695e+06 999147 39640.5 8.36377e+06
-0.613515 -391100 1.85264e+07 1.1216e+07 391100 -726358 8.03669e+06
-0.696492 587853 1.9473e+07 1.35374e+07 -587853 -1.67304e+06 7.60865e+06
-0.732209 1.0053e+06 2.00572e+07 1.49274e+07 -1.0053e+06 -2.25719e+06 7.38698e+06
-0.74084 1.09846e+06 2.0412e+07 1.57444e+07 -1.09846e+06 -2.61198e+06 7.27955e+06
-0.75001 1.19237e+06 2.07516e+07 1.65217e+07 -1.19237e+06 -2.95163e+06 7.18153e+06
-0.758592 1.20183e+06 2.09031e+07 1.67972e+07 -1.20183e+06 -3.1031e+06 7.20899e+06
-0.766161 1.16816e+06 2.09676e+07 1.68463e+07 -1.16816e+06 -3.16762e+06 7.28898e+06
-0.774415 1.13457e+06 2.10092e+07 1.6837e+07 -1.13457e+06 -3.20919e+06 7.38141e+06
-0.775897 1.14096e+06 2.10479e+07 1.68073e+07 -1.14096e+06 -3.24793e+06 7.48855e+06
-0.776884 1.1572e+06 2.10811e+07 1.67697e+07 -1.1572e+06 -3.28107e+06 7.59244e+06
-0.780975 1.16239e+06 2.11103e+07 1.67206e+07 -1.16239e+06 -3.31031e+06 7.70003e+06
-0.786442 1.1518e+06 2.11348e+07 1.66583e+07 -1.1518e+06 -3.33478e+06 7.81128e+06
-0.791985 1.13854e+06 2.11542e+07 1.65871e+07 -1.13854e+06 -3.35417e+06 7.92119e+06
-0.797223 1.12628e+06 2.11654e+07 1.65062e+07 -1.12628e+06 -3.36544e+06 8.02469e+06
-0.803022 1.12043e+06 2.11717e+07 1.64177e+07 -1.12043e+06 -3.37172e+06 8.12579e+06
-0.808889 1.11236e+06 2.11705e+07 1.63112e+07 -1.11236e+06 -3.37046e+06 8.22977e+06
-0.814757 1.09619e+06 2.11563e+07 1.61734e+07 -1.09619e+06 -3.35631e+06 8.33921e+06
-0.819384 1.02534e+06 2.10413e+07 1.57832e+07 -1.02534e+06 -3.24131e+06 8.49944e+06
-0.825683 1.03253e+06 2.10663e+07 1.5749e+07 -1.03253e+06 -3.26626e+06 8.58355e+06
-0.83136 1.00848e+06 2.10392e+07 1.55761e+07 -1.00848e+06 -3.2392e+06 8.70235e+06
-0.83702 984461 2.1012e+07 1.54029e+07 -984461 -3.212e+06 8.8211e+06
-0.842606 958096 2.098e+07 1.52182e+07 -958096 -3.17999e+06 8.94178e+06
-0.848531 931811 2.09409e+07 1.50156e+07 -931811 -3.14092e+06 9.06624e+06
-0.854319 900414 2.08918e+07 1.47884e+07 -900414 -3.09181e+06 9.19522e+06
-0.858874 815782 2.07459e+07 1.43173e+07 -815782 -2.94587e+06 9.37445e+06
-0.861381 638001 2.04382e+07 1.34277e+07 -638001 -2.63817e+06 9.64861e+06
-0.867797 641598 2.0447e+07 1.33545e+07 -641598 -2.64697e+06 9.73947e+06
-0.873593 617386 2.04082e+07 1.31569e+07 -617386 -2.60819e+06 9.85946e+06
-0.543696 -451658 1.70156e+07 8.45645e+06 451658 784424 7.7747e+06
-0.328028 -989339 1.46527e+07 5.40677e+06 989339 3.14732e+06 6.0986e+06
-0.19507 -1.25485e+06 1.29664e+07 3.28108e+06 1.25485e+06 4.83364e+06 4.85163e+06
-0.104872 -1.46815e+06 1.16675e+07 1.60689e+06 1.46815e+06 6.13248e+06 3.92814e+06
-0.0479805 -1.57875e+06 1.06937e+07 357897 1.57875e+06 7.10629e+06 3.22952e+06
-0.00850537 -1.66603e+06 9.92714e+06 -664378 1.66603e+06 7.87286e+06 2.71865e+06
0.0208615 -1.74786e+06 9.33147e+06 -1.50327e+06 1.74786e+06 8.46853e+06 2.36622e+06
0.0444827 -1.82849e+06 8.83914e+06 -2.23079e+06 1.82849e+06 8.96086e+06 2.10907e+06
0.0651694 -1.91445e+06 8.42666e+06 -2.86785e+06 1.91445e+06 9.37334e+06 1.92118e+06
0.0837194 -2.0017e+06 8.07932e+06 -3.42675e+06 2.0017e+06 9.72068e+06 1.7854e+06
0.0999998 -2.07834e+06 7.78619e+06 -3.90601e+06 2.07834e+06 1.00138e+07 1.6784e+06
0.1146 -2.14429e+06 7.53334e+06 -4.31824e+06 2.14429e+06 1.02667e+07 1.58492e+06
0.128289 -2.207e+06 7.30515e+06 -4.69172e+06 2.207e+06 1.04949e+07 1.50201e+06
0.141084 -2.26577e+06 7.10091e+06 -5.02334e+06 2.26577e+06 1.06991e+07 1.42516e+06
0.153231 -2.32025e+06 6.91605e+06 -5.31955e+06 2.32025e+06 1.08839e+07 1.35166e+06
0.164839 -2.37116e+06 6.74702e+06 -5.58669e+06 2.37116e+06 1.1053e+07 1.28073e+06
0.176055 -2.42201e+06 6.58677e+06 -5.84171e+06 2.42201e+06 1.12132e+07 1.21526e+06
0.186845 -2.47196e+06 6.43548e+06 -6.08384e+06 2.47196e+06 1.13645e+07 1.1548e+06
0.19718 -2.52064e+06 6.29581e+06 -6.30972e+06 2.52064e+06 1.15042e+07 1.10135e+06
0.207203 -2.56785e+06 6.16494e+06 -6.51998e+06 2.56785e+06 1.16351e+07 1.04986e+06
0.217138 -2.61324e+06 6.0384e+06 -6.72176e+06 2.61324e+06 1.17616e+07 998564
0.226882 -2.65569e+06 5.91921e+06 -6.9073e+06 2.65569e+06 1.18808e+07 945716
0.23627 -2.69054e+06 5.81641e+06 -7.05362e+06 2.69054e+06 1.19836e+07 886446
0.245484 -2.72409e+06 5.7182e+06 -7.19036e+06 2.72409e+06 1.20818e+07 826748
0.25454 -2.7565e+06 5.62399e+06 -7.31864e+06 2.7565e+06 1.2176e+07 766615
0.263452 -2.78785e+06 5.53334e+06 -7.43941e+06 2.78785e+06 1.22667e+07 706082
0.272169 -2.81872e+06 5.44505e+06 -7.5543e+06 2.81872e+06 1.23549e+07 644405
0.281166 -2.84633e+06 5.35701e+06 -7.66942e+06 2.84633e+06 1.2443e+07 583435
0.290177 -2.87807e+06 5.2629e+06 -7.8023e+06 2.87807e+06 1.25371e+07 528103
0.299352 -2.9108e+06 5.16622e+06 -7.94497e+06 2.9108e+06 1.26338e+07 477419
0.308744 -2.93618e+06 5.06973e+06 -8.08427e+06 2.93618e+06 1.27303e+07 423722
0.315981 -2.94e+06 4.87842e+06 -8.36683e+06 2.94e+06 1.29216e+07 323666
0.326301 -2.97508e+06 4.75448e+06 -8.5762e+06 2.97508e+06 1.30455e+07 285168
0.337387 -3.00472e+06 4.6255e+06 -8.78099e+06 3.00472e+06 1.31745e+07 231994
0.350796 -3.04601e+06 4.46508e+06 -9.01848e+06 3.04601e+06 1.33349e+07 148639
0.350796 -3.04601e+06 4.46508e+06 -9.01848e+06 3.04601e+06 1.33349e+07 148639
0.368406 -3.11347e+06 4.0971e+06 -9.53251e+06 3.11347e+06 1.37029e+07 -73288.5
0.383689 -3.10083e+06 3.81903e+06 -9.75037e+06 3.10083e+06 1.3981e+07 -411569
0.398983 -3.06361e+06 3.5433e+06 -9.89653e+06 3.06361e+06 1.42567e+07 -816875
0.413569 -3.01584e+06 3.31113e+06 -9.9696e+06 3.01584e+06 1.44889e+07 -1.20814e+06
0.427521 -2.96309e+06 3.11632e+06 -9.99155e+06 2.96309e+06 1.46837e+07 -1.5758e+06
0.441037 -2.90602e+06 2.92424e+06 -1.00111e+07 2.90602e+06 1.48758e+07 -1.94042e+06
0.454269 -2.8284e+06 2.72557e+06 -9.98708e+06 2.8284e+06 1.50744e+07 -2.36178e+06
0.467101 -2.76291e+06 2.55051e+06 -9.97618e+06 2.76291e+06 1.52495e+07 -2.7228e+06
0.479761 -2.70153e+06 2.38355e+06 -9.97013e+06 2.70153e+06 1.54165e+07 -3.06277e+06
0.492268 -2.64323e+06 2.22298e+06 -9.96773e+06 2.64323e+06 1.5577e+07 -3.38631e+06
0.504764 -2.58363e+06 2.06128e+06 -9.96507e+06 2.58363e+06 1.57387e+07 -3.71238e+06
0.51754 -2.51917e+06 1.89705e+06 -9.9623e+06 2.51917e+06 1.5903e+07 -4.0436e+06
0.530071 -2.45899e+06 1.74239e+06 -9.96455e+06 2.45899e+06 1.60576e+07 -4.35068e+06
0.542307 -2.40045e+06 1.59975e+06 -9.96296e+06 2.40045e+06 1.62002e+07 -4.63753e+06
0.555001 -2.32057e+06 1.42058e+06 -9.93996e+06 2.32057e+06 1.63794e+07 -5.01887e+06
0.567522 -2.23885e+06 1.2403e+06 -9.91754e+06 2.23885e+06 1.65597e+07 -5.40186e+06
0.579685 -2.16375e+06 1.06847e+06 -9.91173e+06 2.16375e+06 1.67315e+07 -5.75133e+06
0.59173 -2.08374e+06 887915 -9.90808e+06 2.08374e+06 1.69121e+07 -6.11608e+06
0.603514 -1.99954e+06 703610 -9.90421e+06 1.99954e+06 1.70964e+07 -6.48857e+06
0.614965 -1.91328e+06 518849 -9.90306e+06 1.91328e+06 1.72812e+07 -6.85925e+06
0.625793 -1.82513e+06 329031 -9.90002e+06 1.82513e+06 1.7471e+07 -7.24192e+06
0.636784 -1.73288e+06 142183 -9.90138e+06 1.73288e+06 1.76578e+07 -7.61426e+06
0.648177 -1.62878e+06 -54763.8 -9.89825e+06 1.62878e+06 1.78548e+07 -8.01127e+06
0.65905 -1.52343e+06 -247006 -9.89814e+06 1.52343e+06 1.8047e+07 -8.39588e+06
0.669906 -1.40936e+06 -452018 -9.89088e+06 1.40936e+06 1.8252e+07 -8.81316e+06
0.680347 -1.29342e+06 -663781 -9.87905e+06 1.29342e+06 1.84638e+07 -9.24851e+06
0.691446 -1.16957e+06 -876934 -9.86684e+06 1.16957e+06 1.86769e+07 -9.68702e+06
0.703919 -1.02312e+06 -1.11064e+06 -9.8434e+06 1.02312e+06 1.89106e+07 -1.01779e+07
0.717687 -861853 -1.35082e+06 -9.81775e+06 861853 1.91508e+07 -1.06839e+07
0.736133 -643826 -1.62535e+06 -9.77593e+06 643826 1.94253e+07 -1.12748e+07
0.764621 -320517 -1.93836e+06 -9.71799e+06 320517 1.97384e+07 -1.19587e+07
0.807973 136220 -2.26081e+06 -9.66406e+06 -136220 2.00608e+07 -1.26576e+07
0.84181 384770 -2.31303e+06 -9.76394e+06 -384770 2.0113e+07 -1.26621e+07
0.861004 438193 -2.21447e+06 -9.93886e+06 -438193 2.00145e+07 -1.22901e+07
0.866824 392042 -2.1478e+06 -1.00833e+07 -392042 1.99478e+07 -1.20123e+07
0.536828 -700331 1.18974e+06 -8.04443e+06 700331 1.66103e+07 -7.37608e+06
0.319863 -1.25186e+06 3.51705e+06 -6.39195e+06 1.25186e+06 1.4283e+07 -4.37395e+06
0.186715 -1.51257e+06 5.1807e+06 -5.14549e+06 1.51257e+06 1.26193e+07 -2.29312e+06
0.0977851 -1.69567e+06 6.45789e+06 -4.19586e+06 1.69567e+06 1.13421e+07 -688359
0.0425095 -1.77433e+06 7.38957e+06 -3.48016e+06 1.77433e+06 1.04104e+07 459287
0.00441324 -1.83186e+06 8.09708e+06 -2.95867e+06 1.83186e+06 9.70292e+06 1.35284e+06
-0.0246975 -1.89353e+06 8.67279e+06 -2.57104e+06 1.89353e+06 9.12721e+06 2.11662e+06
-0.0480853 -1.9582e+06 9.13938e+06 -2.29134e+06 1.9582e+06 8.66062e+06 2.77011e+06
-0.0678159 -2.02369e+06 9.5294e+06 -2.08393e+06 2.02369e+06 8.2706e+06 3.34273e+06
-0.0852692 -2.09201e+06 9.86657e+06 -1.929e+06 2.09201e+06 7.93343e+06 3.86213e+06
-0.101122 -2.15857e+06 1.01614e+07 -1.80391e+06 2.15857e+06 7.63856e+06 4.32678e+06
-0.115755 -2.2227e+06 1.04225e+07 -1.70006e+06 2.2227e+06 7.37749e+06 4.74509e+06
-0.129421 -2.28247e+06 1.06546e+07 -1.60768e+06 2.28247e+06 7.14538e+06 5.11692e+06
-0.142277 -2.34021e+06 1.08651e+07 -1.5251e+06 2.34021e+06 6.93494e+06 5.45522e+06
-0.154477 -2.39529e+06 1.10568e+07 -1.44899e+06 2.39529e+06 6.74324e+06 5.76251e+06
-0.165971 -2.44351e+06 1.12261e+07 -1.37441e+06 2.44351e+06 6.57386e+06 6.02669e+06
-0.177006 -2.4894e+06 1.1383e+07 -1.30308e+06 2.4894e+06 6.41701e+06 6.26905e+06
-0.187662 -2.53334e+06 1.15293e+07 -1.23367e+06 2.53334e+06 6.2707e+06 6.49226e+06
-0.197927 -2.5724e+06 1.16608e+07 -1.1631e+06 2.5724e+06 6.13915e+06 6.6848e+06
-0.208082 -2.61407e+06 1.17879e+07 -1.10503e+06 2.61407e+06 6.01207e+06 6.88088e+06
-0.21807 -2.65756e+06 1.19135e+07 -1.05145e+06 2.65756e+06 5.88646e+06 7.07853e+06
-0.227847 -2.69993e+06 1.20338e+07 -998201 2.69993e+06 5.76618e+06 7.26585e+06
-0.237435 -2.74135e+06 1.21494e+07 -945252 2.74135e+06 5.65056e+06 7.44413e+06
-0.24674 -2.77749e+06 1.22532e+07 -887980 2.77749e+06 5.54682e+06 7.59434e+06
-0.255773 -2.80904e+06 1.23464e+07 -826748 2.80904e+06 5.45362e+06 7.7195e+06
-0.264562 -2.84066e+06 1.24371e+07 -764093 2.84066e+06 5.36293e+06 7.83822e+06
-0.273688 -2.86862e+06 1.25263e+07 -702754 2.86862e+06 5.27372e+06 7.95532e+06
-0.282658 -2.89491e+06 1.26134e+07 -639907 2.89491e+06 5.18661e+06 8.06668e+06
-0.291314 -2.91761e+06 1.27052e+07 -572156 2.91761e+06 5.09477e+06 8.18263e+06
-0.300693 -2.93635e+06 1.28154e+07 -493981 2.93635e+06 4.98459e+06 8.32481e+06
-0.309942 -2.95436e+06 1.29376e+07 -410927 2.95436e+06 4.86243e+06 8.48607e+06
-0.319016 -2.9613e+06 1.30756e+07 -313802 2.9613e+06 4.7244e+06 8.665e+06
-0.329143 -2.96283e+06 1.32461e+07 -174018 2.96283e+06 4.55388e+06 8.86627e+06
-0.341034 -2.96617e+06 1.34121e+07 -8444.96 2.96617e+06 4.38788e+06 9.03269e+06
-0.354508 -2.9567e+06 1.36324e+07 252950 2.9567e+06 4.16755e+06 9.21194e+06
-0.368195 -2.93349e+06 1.38592e+07 555310 2.93349e+06 3.9408e+06 9.36308e+06
-0.381791 -2.90408e+06 1.40815e+07 869196 2.90408e+06 3.71848e+06 9.49384e+06
-0.395808 -2.85131e+06 1.43261e+07 1.26833e+06 2.85131e+06 3.47391e+06 9.58386e+06
-0.409338 -2.79172e+06 1.4537e+07 1.64863e+06 2.79172e+06 3.26299e+06 9.62538e+06
-0.422689 -2.73955e+06 1.47272e+07 1.97927e+06 2.73955e+06 3.0728e+06 9.67513e+06
-0.435539 -2.68498e+06 1.48926e+07 2.28931e+06 2.68498e+06 2.90735e+06 9.69598e+06
-0.448365 -2.62755e+06 1.50599e+07 2.60662e+06 2.62755e+06 2.74014e+06 9.71309e+06
-0.460843 -2.56624e+06 1.52265e+07 2.92437e+06 2.56624e+06 2.57354e+06 9.72855e+06
-0.473016 -2.50526e+06 1.53881e+07 3.23078e+06 2.50526e+06 2.41194e+06 9.74534e+06
-0.485062 -2.44606e+06 1.55436e+07 3.523e+06 2.44606e+06 2.25641e+06 9.76417e+06
-0.496938 -2.38884e+06 1.56936e+07 3.8022e+06 2.38884e+06 2.1064e+06 9.785e+06
-0.508848 -2.32698e+06 1.58509e+07 4.09978e+06 2.32698e+06 1.94912e+06 9.80199e+06
-0.520307 -2.27133e+06 1.59895e+07 4.3594e+06 2.27133e+06 1.81049e+06 9.81963e+06
-0.531268 -2.22008e+06 1.61214e+07 4.60463e+06 2.22008e+06 1.67862e+06 9.83813e+06
-0.542104 -2.17092e+06 1.62509e+07 4.83921e+06 2.17092e+06 1.54913e+06 9.86253e+06
-0.5535 -2.10215e+06 1.64215e+07 5.16842e+06 2.10215e+06 1.37846e+06 9.87466e+06
-0.564753 -2.03396e+06 1.65897e+07 5.49086e+06 2.03396e+06 1.21031e+06 9.88852e+06
-0.575838 -1.96704e+06 1.6754e+07 5.80307e+06 1.96704e+06 1.04601e+06 9.90491e+06
-0.586939 -1.90069e+06 1.6909e+07 6.09142e+06 1.90069e+06 890984 9.92661e+06
-0.598792 -1.81728e+06 1.70833e+07 6.42867e+06 1.81728e+06 716709 9.93791e+06
-0.610466 -1.73466e+06 1.72545e+07 6.75748e+06 1.73466e+06 545515 9.95149e+06
-0.622432 -1.63412e+06 1.74549e+07 7.16289e+06 1.63412e+06 345057 9.947e+06
-0.633816 -1.53803e+06 1.76516e+07 7.55859e+06 1.53803e+06 148364 9.94468e+06
-0.643943 -1.46326e+06 1.78206e+07 7.88212e+06 1.46326e+06 -20604.6 9.95909e+06
-0.655466 -1.36345e+06 1.80146e+07 8.26913e+06 1.36345e+06 -214592 9.96005e+06
-0.667212 -1.26034e+06 1.82075e+07 8.65284e+06 1.26034e+06 -407534 9.96223e+06
-0.679759 -1.13518e+06 1.84288e+07 9.11082e+06 1.13518e+06 -628816 9.94681e+06
-0.693454 -1.0015e+06 1.86439e+07 9.55056e+06 1.0015e+06 -843887 9.93721e+06
-0.70924 -834252 1.88891e+07 1.00673e+07 834252 -1.08905e+06 9.9108e+06
-0.730143 -610099 1.91588e+07 1.0644e+07 610099 -1.35883e+06 9.87362e+06
-0.761554 -267963 1.94846e+07 1.13592e+07 267963 -1.68463e+06 9.81011e+06
-0.80484 192923 1.98308e+07 1.21331e+07 -192923 -2.03083e+06 9.72852e+06
-0.838715 484779 1.99828e+07 1.24099e+07 -484779 -2.1828e+06 9.75567e+06
-0.852991 494446 1.98956e+07 1.20698e+07 -494446 -2.09563e+06 9.92146e+06
-0.85879 438080 1.9817e+07 1.17578e+07 -438080 -2.01697e+06 1.00762e+07
-0.528023 -657833 1.6453e+07 7.07357e+06 657833 1.34699e+06 8.03246e+06
-0.311524 -1.22417e+06 1.41331e+07 4.08137e+06 1.22417e+06 3.66685e+06 6.38492e+06
-0.17951 -1.49031e+06 1.24899e+07 2.03282e+06 1.49031e+06 5.31009e+06 5.147e+06
-0.0915413 -1.6724e+06 1.12285e+07 459095 1.6724e+06 6.57147e+06 4.19796e+06
-0.037146 -1.74402e+06 1.03284e+07 -630380 1.74402e+06 7.4716e+06 3.48718e+06
0.000434931 -1.79569e+06 9.62964e+06 -1.50223e+06 1.79569e+06 8.17036e+06 2.96152e+06
0.029141 -1.85098e+06 9.0646e+06 -2.23978e+06 1.85098e+06 8.7354e+06 2.56899e+06
0.0520271 -1.90962e+06 8.6114e+06 -2.8661e+06 1.90962e+06 9.1886e+06 2.28889e+06
0.0713865 -1.97214e+06 8.23061e+06 -3.42149e+06 1.97214e+06 9.56939e+06 2.08271e+06
0.0885591 -2.03854e+06 7.90092e+06 -3.9255e+06 2.03854e+06 9.89908e+06 1.92734e+06
0.104102 -2.10251e+06 7.61518e+06 -4.37023e+06 2.10251e+06 1.01848e+07 1.80059e+06
0.118498 -2.1667e+06 7.35842e+06 -4.78002e+06 2.1667e+06 1.04416e+07 1.69686e+06
0.131893 -2.22596e+06 7.13197e+06 -5.14016e+06 2.22596e+06 1.0668e+07 1.60411e+06
0.144564 -2.28339e+06 6.92556e+06 -5.47015e+06 2.28339e+06 1.08744e+07 1.52126e+06
0.156538 -2.33827e+06 6.73828e+06 -5.76792e+06 2.33827e+06 1.10617e+07 1.44448e+06
0.167814 -2.38759e+06 6.57015e+06 -6.02997e+06 2.38759e+06 1.12298e+07 1.37027e+06
0.178785 -2.44072e+06 6.40506e+06 -6.29619e+06 2.44072e+06 1.13949e+07 1.30632e+06
0.189385 -2.49205e+06 6.25024e+06 -6.5439e+06 2.49205e+06 1.15498e+07 1.24437e+06
0.199548 -2.53818e+06 6.11146e+06 -6.75834e+06 2.53818e+06 1.16885e+07 1.18125e+06
0.209593 -2.58422e+06 5.97968e+06 -6.96748e+06 2.58422e+06 1.18203e+07 1.12685e+06
0.219429 -2.62893e+06 5.8539e+06 -7.16546e+06 2.62893e+06 1.19461e+07 1.07325e+06
0.228975 -2.66926e+06 5.73936e+06 -7.33833e+06 2.66926e+06 1.20606e+07 1.01704e+06
0.238265 -2.70502e+06 5.63608e+06 -7.48523e+06 2.70502e+06 1.21639e+07 957392
0.247355 -2.73827e+06 5.53959e+06 -7.61707e+06 2.73827e+06 1.22604e+07 896249
0.256218 -2.77097e+06 5.44574e+06 -7.74241e+06 2.77097e+06 1.23543e+07 833879
0.265006 -2.80261e+06 5.35387e+06 -7.86321e+06 2.80261e+06 1.24461e+07 770956
0.27406 -2.83134e+06 5.26339e+06 -7.98275e+06 2.83134e+06 1.25366e+07 709531
0.283013 -2.85915e+06 5.17571e+06 -8.09654e+06 2.85915e+06 1.26243e+07 647964
0.292312 -2.88992e+06 5.08074e+06 -8.23282e+06 2.88992e+06 1.27193e+07 594292
0.302004 -2.91523e+06 4.9824e+06 -8.36706e+06 2.91523e+06 1.28176e+07 531851
0.311927 -2.93629e+06 4.88304e+06 -8.49689e+06 2.93629e+06 1.2917e+07 462976
0.3221 -2.95473e+06 4.7852e+06 -8.62601e+06 2.95473e+06 1.30148e+07 396407
0.330427 -2.93862e+06 4.56758e+06 -8.8982e+06 2.93862e+06 1.32324e+07 233366
0.341672 -2.93524e+06 4.39868e+06 -9.0751e+06 2.93524e+06 1.34013e+07 72447.1
0.354703 -2.92279e+06 4.23969e+06 -9.17305e+06 2.92279e+06 1.35603e+07 -147574
0.354703 -2.92279e+06 4.23969e+06 -9.17305e+06 2.92279e+06 1.35603e+07 -147574
0.372277 -2.94455e+06 3.90214e+06 -9.59533e+06 2.94455e+06 1.38979e+07 -400401
0.385987 -2.93203e+06 3.70605e+06 -9.73626e+06 2.93203e+06 1.4094e+07 -651648
0.399689 -2.91198e+06 3.51042e+06 -9.85548e+06 2.91198e+06 1.42896e+07 -923675
0.412958 -2.88606e+06 3.34406e+06 -9.93048e+06 2.88606e+06 1.44559e+07 -1.1814e+06
0.426013 -2.85623e+06 3.19103e+06 -9.98189e+06 2.85623e+06 1.4609e+07 -1.43606e+06
0.439351 -2.82337e+06 3.0365e+06 -1.00339e+07 2.82337e+06 1.47635e+07 -1.69314e+06
0.452581 -2.77077e+06 2.87578e+06 -1.00402e+07 2.77077e+06 1.49242e+07 -2.00823e+06
0.46508 -2.72453e+06 2.73706e+06 -1.00533e+07 2.72453e+06 1.50629e+07 -2.27256e+06
0.47748 -2.67942e+06 2.60159e+06 -1.00691e+07 2.67942e+06 1.51984e+07 -2.52768e+06
0.489785 -2.6361e+06 2.46973e+06 -1.00874e+07 2.6361e+06 1.53303e+07 -2.7731e+06
0.502191 -2.58857e+06 2.33075e+06 -1.01023e+07 2.58857e+06 1.54692e+07 -3.03623e+06
0.514703 -2.53591e+06 2.18295e+06 -1.01124e+07 2.53591e+06 1.56171e+07 -3.32168e+06
0.526848 -2.49076e+06 2.05364e+06 -1.01275e+07 2.49076e+06 1.57464e+07 -3.56523e+06
0.538812 -2.44514e+06 1.9317e+06 -1.01361e+07 2.44514e+06 1.58683e+07 -3.80052e+06
0.551224 -2.37947e+06 1.77356e+06 -1.01235e+07 2.37947e+06 1.60264e+07 -4.12935e+06
0.563313 -2.31358e+06 1.61304e+06 -1.01095e+07 2.31358e+06 1.6187e+07 -4.46446e+06
0.57514 -2.24914e+06 1.45767e+06 -1.00992e+07 2.24914e+06 1.63423e+07 -4.78546e+06
0.586808 -2.18159e+06 1.29978e+06 -1.00881e+07 2.18159e+06 1.65002e+07 -5.11229e+06
0.59819 -2.11396e+06 1.14454e+06 -1.00809e+07 2.11396e+06 1.66555e+07 -5.43004e+06
0.609173 -2.04857e+06 996559 -1.00803e+07 2.04857e+06 1.68034e+07 -5.72657e+06
0.6204 -1.96554e+06 820727 -1.0069e+07 1.96554e+06 1.69793e+07 -6.08952e+06
0.631988 -1.87798e+06 642292 -1.00716e+07 1.87798e+06 1.71577e+07 -6.44377e+06
0.643371 -1.78469e+06 457481 -1.00719e+07 1.78469e+06 1.73425e+07 -6.81316e+06
0.654561 -1.68742e+06 268701 -1.00711e+07 1.68742e+06 1.75313e+07 -7.19148e+06
0.664633 -1.59398e+06 75697.7 -1.00665e+07 1.59398e+06 1.77243e+07 -7.5821e+06
0.675788 -1.47798e+06 -129652 -1.00562e+07 1.47798e+06 1.79297e+07 -8.00312e+06
0.687035 -1.35988e+06 -331981 -1.00487e+07 1.35988e+06 1.8132e+07 -8.41531e+06
0.699157 -1.2275e+06 -545639 -1.00362e+07 1.2275e+06 1.83456e+07 -8.8551e+06
0.713763 -1.06651e+06 -772349 -1.00185e+07 1.06651e+06 1.85723e+07 -9.32624e+06
0.73176 -862601 -1.02543e+06 -9.98649e+06 862601 1.88254e+07 -9.86438e+06
0.759126 -557935 -1.31981e+06 -9.93699e+06 557935 1.91198e+07 -1.05026e+07
0.801775 -90398.3 -1.67652e+06 -9.85818e+06 90398.3 1.94765e+07 -1.12949e+07
0.838134 251535 -1.88993e+06 -9.8727e+06 -251535 1.96899e+07 -1.17072e+07
0.858397 316480 -1.81831e+06 -1.00584e+07 -316480 1.96183e+07 -1.13782e+07
0.86461 269981 -1.76354e+06 -1.02196e+07 -269981 1.95635e+07 -1.11074e+07
0.5372 -793834 1.57214e+06 -8.17596e+06 793834 1.62279e+07 -6.47976e+06
0.318346 -1.36661e+06 3.90044e+06 -6.523e+06 1.36661e+06 1.38996e+07 -3.47612e+06
0.184396 -1.62506e+06 5.55038e+06 -5.26623e+06 1.62506e+06 1.22496e+07 -1.43301e+06
0.0956887 -1.7941e+06 6.79703e+06 -4.29919e+06 1.7941e+06 1.1003e+07 93244.7
0.0407601 -1.86573e+06 7.68981e+06 -3.58783e+06 1.86573e+06 1.01102e+07 1.16745e+06
0.00333303 -1.91027e+06 8.37692e+06 -3.05283e+06 1.91027e+06 9.42308e+06 2.00667e+06
-0.025046 -1.9594e+06 8.92814e+06 -2.65735e+06 1.9594e+06 8.87186e+06 2.71364e+06
-0.0477446 -2.01176e+06 9.36885e+06 -2.37184e+06 2.01176e+06 8.43115e+06 3.30954e+06
-0.0670124 -2.06969e+06 9.74102e+06 -2.16294e+06 2.06969e+06 8.05898e+06 3.84497e+06
-0.0841899 -2.13023e+06 1.00648e+07 -2e+06 2.13023e+06 7.73524e+06 4.32953e+06
-0.0998953 -2.19248e+06 1.03522e+07 -1.87066e+06 2.19248e+06 7.44778e+06 4.77511e+06
-0.114423 -2.25229e+06 1.06063e+07 -1.76186e+06 2.25229e+06 7.19369e+06 5.17448e+06
-0.128034 -2.3122e+06 1.08381e+07 -1.66964e+06 2.3122e+06 6.96193e+06 5.54578e+06
-0.140793 -2.36633e+06 1.10417e+07 -1.58429e+06 2.36633e+06 6.75834e+06 5.86761e+06
-0.152896 -2.41728e+06 1.12265e+07 -1.50547e+06 2.41728e+06 6.57353e+06 6.15842e+06
-0.164421 -2.46539e+06 1.13963e+07 -1.43179e+06 2.46539e+06 6.40372e+06 6.42436e+06
-0.175503 -2.50757e+06 1.15483e+07 -1.35751e+06 2.50757e+06 6.25172e+06 6.65408e+06
-0.186287 -2.54838e+06 1.16905e+07 -1.28771e+06 2.54838e+06 6.10951e+06 6.8687e+06
-0.196715 -2.58893e+06 1.18215e+07 -1.22589e+06 2.58893e+06 5.97848e+06 7.06892e+06
-0.206798 -2.62574e+06 1.19409e+07 -1.16325e+06 2.62574e+06 5.85913e+06 7.24499e+06
-0.216591 -2.65948e+06 1.20505e+07 -1.09961e+06 2.65948e+06 5.74946e+06 7.4007e+06
-0.226239 -2.69511e+06 1.21596e+07 -1.03996e+06 2.69511e+06 5.64038e+06 7.55919e+06
-0.235788 -2.73386e+06 1.22705e+07 -985491 2.73386e+06 5.52948e+06 7.72652e+06
-0.245123 -2.77236e+06 1.23775e+07 -930678 2.77236e+06 5.42253e+06 7.88561e+06
-0.254604 -2.80839e+06 1.24825e+07 -876273 2.80839e+06 5.31752e+06 8.04123e+06
-0.263952 -2.84055e+06 1.25804e+07 -819353 2.84055e+06 5.21963e+06 8.18009e+06
-0.273063 -2.86802e+06 1.26693e+07 -758301 2.86802e+06 5.13073e+06 8.29684e+06
-0.282494 -2.89123e+06 1.27554e+07 -698739 2.89123e+06 5.04456e+06 8.40962e+06
-0.291982 -2.9128e+06 1.28397e+07 -639710 2.9128e+06 4.9603e+06 8.51912e+06
-0.301785 -2.92914e+06 1.29241e+07 -574871 2.92914e+06 4.87592e+06 8.62303e+06
-0.311952 -2.94371e+06 1.30165e+07 -504120 2.94371e+06 4.78352e+06 8.73708e+06
-0.322616 -2.96371e+06 1.31205e+07 -445930 2.96371e+06 4.67946e+06 8.88701e+06
-0.332665 -2.9677e+06 1.32404e+07 -364976 2.9677e+06 4.55956e+06 9.04585e+06
-0.341886 -2.92978e+06 1.34601e+07 -137154 2.92978e+06 4.33986e+06 9.25743e+06
-0.35425 -2.91717e+06 1.36166e+07 60040.7 2.91717e+06 4.18337e+06 9.37322e+06
-0.366718 -2.90799e+06 1.37667e+07 239521 2.90799e+06 4.03333e+06 9.49382e+06
-0.378884 -2.89836e+06 1.39005e+07 402871 2.89836e+06 3.89952e+06 9.59808e+06
-0.391333 -2.87298e+06 1.40499e+07 624510 2.87298e+06 3.75005e+06 9.67539e+06
-0.403944 -2.84015e+06 1.42122e+07 879302 2.84015e+06 3.5878e+06 9.74509e+06
-0.416609 -2.8088e+06 1.4367e+07 1.11552e+06 2.8088e+06 3.43298e+06 9.81853e+06
-0.42912 -2.77603e+06 1.45127e+07 1.34414e+06 2.77603e+06 3.28731e+06 9.88123e+06
-0.441309 -2.73971e+06 1.46413e+07 1.56343e+06 2.73971e+06 3.15873e+06 9.91911e+06
-0.453592 -2.69626e+06 1.47813e+07 1.81219e+06 2.69626e+06 3.01872e+06 9.95037e+06
-0.465464 -2.64802e+06 1.49225e+07 2.06469e+06 2.64802e+06 2.87754e+06 9.98022e+06
-0.477096 -2.60522e+06 1.50515e+07 2.28702e+06 2.60522e+06 2.74846e+06 1.0016e+07
-0.488579 -2.56212e+06 1.5176e+07 2.50402e+06 2.56212e+06 2.62402e+06 1.00479e+07
-0.499941 -2.51948e+06 1.52967e+07 2.71398e+06 2.51948e+06 2.50328e+06 1.00795e+07
-0.511684 -2.46074e+06 1.54458e+07 2.99656e+06 2.46074e+06 2.3542e+06 1.0095e+07
-0.523393 -2.39928e+06 1.55982e+07 3.2883e+06 2.39928e+06 2.20184e+06 1.0108e+07
-0.534324 -2.35493e+06 1.57183e+07 3.50115e+06 2.35493e+06 2.08169e+06 1.01355e+07
-0.545264 -2.30622e+06 1.58482e+07 3.73566e+06 2.30622e+06 1.95175e+06 1.01608e+07
-0.55654 -2.24333e+06 1.60063e+07 4.03687e+06 2.24333e+06 1.79373e+06 1.01757e+07
-0.567673 -2.1812e+06 1.61616e+07 4.33064e+06 2.1812e+06 1.63844e+06 1.01925e+07
-0.578784 -2.11526e+06 1.63222e+07 4.63812e+06 2.11526e+06 1.47784e+06 1.02062e+07
-0.590009 -2.04035e+06 1.64976e+07 4.98356e+06 2.04035e+06 1.30236e+06 1.02117e+07
-0.600711 -1.97945e+06 1.66467e+07 5.259e+06 1.97945e+06 1.1533e+06 1.02344e+07
-0.612079 -1.90242e+06 1.68127e+07 5.57751e+06 1.90242e+06 987275 1.02479e+07
-0.62358 -1.81731e+06 1.69897e+07 5.92399e+06 1.81731e+06 810330 1.02553e+07
-0.634944 -1.7295e+06 1.71704e+07 6.28029e+06 1.7295e+06 629554 1.02606e+07
-0.645908 -1.63559e+06 1.73666e+07 6.67825e+06 1.63559e+06 433364 1.0255e+07
-0.657786 -1.53386e+06 1.75591e+07 7.06418e+06 1.53386e+06 240863 1.02541e+07
-0.670184 -1.41373e+06 1.77779e+07 7.51805e+06 1.41373e+06 22085.3 1.02378e+07
-0.683195 -1.28424e+06 1.80014e+07 7.98338e+06 1.28424e+06 -201449 1.02195e+07
-0.698503 -1.12334e+06 1.82474e+07 8.50401e+06 1.12334e+06 -447386 1.01908e+07
-0.716734 -928720 1.85087e+07 9.06153e+06 928720 -708711 1.01559e+07
-0.743454 -636425 1.88202e+07 9.74253e+06 636425 -1.02019e+06 1.00979e+07
-0.78539 -172915 1.92151e+07 1.06295e+07 172915 -1.41514e+06 1.00008e+07
-0.823832 230072 1.95462e+07 1.13454e+07 -230072 -1.74615e+06 9.94687e+06
-0.846891 332359 1.95048e+07 1.11099e+07 -332359 -1.70476e+06 1.00996e+07
-0.854193 292666 1.94444e+07 1.08418e+07 -292666 -1.64442e+06 1.0247e+07
-0.526695 -762113 1.60904e+07 6.19819e+06 762113 1.70964e+06 8.18253e+06
-0.309325 -1.33953e+06 1.37645e+07 3.20091e+06 1.33953e+06 4.03554e+06 6.52801e+06
-0.176993 -1.60016e+06 1.21227e+07 1.17271e+06 1.60016e+06 5.67731e+06 5.27266e+06
-0.0896549 -1.76668e+06 1.08883e+07 -331455 1.76668e+06 6.91173e+06 4.30799e+06
-0.0353491 -1.8296e+06 9.98045e+06 -1.40861e+06 1.8296e+06 7.81955e+06 3.56952e+06
0.00168768 -1.86965e+06 9.30245e+06 -2.22793e+06 1.86965e+06 8.49755e+06 3.03283e+06
0.029641 -1.91311e+06 8.75939e+06 -2.91637e+06 1.91311e+06 9.04061e+06 2.63515e+06
0.0526015 -1.9693e+06 8.30933e+06 -3.52694e+06 1.9693e+06 9.49067e+06 2.3456e+06
0.0719345 -2.03034e+06 7.94411e+06 -4.05475e+06 2.03034e+06 9.85589e+06 2.14297e+06
0.088768 -2.09033e+06 7.63392e+06 -4.52048e+06 2.09033e+06 1.01661e+07 1.98832e+06
0.104087 -2.15091e+06 7.35933e+06 -4.9447e+06 2.15091e+06 1.04407e+07 1.86336e+06
0.11826 -2.21058e+06 7.1135e+06 -5.33146e+06 2.21058e+06 1.06865e+07 1.75846e+06
0.131468 -2.26899e+06 6.89155e+06 -5.68426e+06 2.26899e+06 1.09085e+07 1.66735e+06
0.143825 -2.32117e+06 6.69636e+06 -5.98871e+06 2.32117e+06 1.11036e+07 1.58142e+06
0.15561 -2.37219e+06 6.51582e+06 -6.2712e+06 2.37219e+06 1.12842e+07 1.50284e+06
0.16685 -2.41959e+06 6.35173e+06 -6.52359e+06 2.41959e+06 1.14483e+07 1.42705e+06
0.177596 -2.46253e+06 6.20362e+06 -6.74437e+06 2.46253e+06 1.15964e+07 1.3516e+06
0.188117 -2.50338e+06 6.06355e+06 -6.95191e+06 2.50338e+06 1.17365e+07 1.27901e+06
0.198331 -2.54247e+06 5.93266e+06 -7.14427e+06 2.54247e+06 1.18673e+07 1.2096e+06
0.208135 -2.57812e+06 5.8174e+06 -7.30959e+06 2.57812e+06 1.19826e+07 1.14438e+06
0.217713 -2.61314e+06 5.70728e+06 -7.4664e+06 2.61314e+06 1.20927e+07 1.08095e+06
0.227227 -2.65298e+06 5.59298e+06 -7.63903e+06 2.65298e+06 1.2207e+07 1.02498e+06
0.236562 -2.69194e+06 5.48288e+06 -7.80355e+06 2.69194e+06 1.23171e+07 969319
0.245663 -2.73082e+06 5.37595e+06 -7.96122e+06 2.73082e+06 1.24241e+07 913114
0.25492 -2.76517e+06 5.27375e+06 -8.10845e+06 2.76517e+06 1.25263e+07 855942
0.264052 -2.79447e+06 5.18144e+06 -8.23247e+06 2.79447e+06 1.26186e+07 795352
0.273171 -2.81784e+06 5.08807e+06 -8.34035e+06 2.81784e+06 1.27119e+07 716493
0.282786 -2.83672e+06 4.995e+06 -8.44887e+06 2.83672e+06 1.2805e+07 638868
0.292366 -2.85433e+06 4.90414e+06 -8.55264e+06 2.85433e+06 1.28959e+07 560911
0.302339 -2.86688e+06 4.81493e+06 -8.65414e+06 2.86688e+06 1.29851e+07 484007
0.312243 -2.87951e+06 4.69902e+06 -8.80782e+06 2.87951e+06 1.3101e+07 405873
0.322284 -2.88444e+06 4.57126e+06 -8.96825e+06 2.88444e+06 1.32287e+07 310765
0.332796 -2.87084e+06 4.41737e+06 -9.11528e+06 2.87084e+06 1.33826e+07 150026
0.343645 -2.86109e+06 4.2858e+06 -9.24111e+06 2.86109e+06 1.35142e+07 12708
0.354628 -2.85642e+06 4.16456e+06 -9.36725e+06 2.85642e+06 1.36354e+07 -103638
0.354628 -2.85642e+06 4.16456e+06 -9.36725e+06 2.85642e+06 1.36354e+07 -103638
0.366494 -2.83963e+06 4.00271e+06 -9.49875e+06 2.83963e+06 1.37973e+07 -295833
0.378748 -2.82929e+06 3.87188e+06 -9.59648e+06 2.82929e+06 1.39281e+07 -459761
0.390757 -2.81953e+06 3.752e+06 -9.68835e+06 2.81953e+06 1.4048e+07 -607642
0.402653 -2.80907e+06 3.63446e+06 -9.77962e+06 2.80907e+06 1.41655e+07 -751460
0.414534 -2.79761e+06 3.51666e+06 -9.86986e+06 2.79761e+06 1.42833e+07 -896814
0.426974 -2.76599e+06 3.37213e+06 -9.93431e+06 2.76599e+06 1.44279e+07 -1.12144e+06
0.439133 -2.72967e+06 3.24381e+06 -9.97144e+06 2.72967e+06 1.45562e+07 -1.34093e+06
0.450985 -2.70043e+06 3.13045e+06 -1.00155e+07 2.70043e+06 1.46696e+07 -1.5236e+06
0.462684 -2.67059e+06 3.0195e+06 -1.00599e+07 2.67059e+06 1.47805e+07 -1.70107e+06
0.474032 -2.63785e+06 2.90906e+06 -1.01041e+07 2.63785e+06 1.48909e+07 -1.87776e+06
0.485584 -2.59302e+06 2.78174e+06 -1.01318e+07 2.59302e+06 1.50183e+07 -2.1047e+06
0.497106 -2.54607e+06 2.65307e+06 -1.01569e+07 2.54607e+06 1.51469e+07 -2.33698e+06
0.508314 -2.50617e+06 2.53951e+06 -1.01889e+07 2.50617e+06 1.52605e+07 -2.53207e+06
0.519355 -2.46859e+06 2.4317e+06 -1.02237e+07 2.46859e+06 1.53683e+07 -2.71292e+06
0.530606 -2.41988e+06 2.30515e+06 -1.02479e+07 2.41988e+06 1.54948e+07 -2.94184e+06
0.540001 -2.26957e+06 1.98682e+06 -1.02833e+07 2.26957e+06 1.58132e+07 -3.54309e+06
0.552172 -2.2054e+06 1.81325e+06 -1.0293e+07 2.2054e+06 1.59868e+07 -3.88046e+06
0.564598 -2.14464e+06 1.64293e+06 -1.03014e+07 2.14464e+06 1.61571e+07 -4.21275e+06
0.577282 -2.07628e+06 1.45884e+06 -1.03002e+07 2.07628e+06 1.63412e+07 -4.58215e+06
0.590334 -1.99702e+06 1.25501e+06 -1.02853e+07 1.99702e+06 1.6545e+07 -5.00468e+06
0.603627 -1.90993e+06 1.03731e+06 -1.02609e+07 1.90993e+06 1.67627e+07 -5.46453e+06
0.617515 -1.81733e+06 819934 -1.02383e+07 1.81733e+06 1.69801e+07 -5.92186e+06
0.63167 -1.71456e+06 585020 -1.02058e+07 1.71456e+06 1.7215e+07 -6.42418e+06
0.645651 -1.61033e+06 348400 -1.01732e+07 1.61033e+06 1.74516e+07 -6.92998e+06
0.659367 -1.49875e+06 99066 -1.01326e+07 1.49875e+06 1.77009e+07 -7.46924e+06
0.67363 -1.37014e+06 -162172 -1.00877e+07 1.37014e+06 1.79622e+07 -8.03668e+06
0.687825 -1.23362e+06 -417365 -1.00505e+07 1.23362e+06 1.82174e+07 -8.58426e+06
0.701785 -1.08446e+06 -670493 -1.00141e+07 1.08446e+06 1.84705e+07 -9.12685e+06
0.717602 -901326 -935970 -9.97417e+06 901326 1.8736e+07 -9.69777e+06
0.736882 -681951 -1.20549e+06 -9.93678e+06 681951 1.90055e+07 -1.02742e+07
0.765112 -410464 -1.41828e+06 -9.94228e+06 410464 1.92183e+07 -1.06943e+07
0.798386 -214082 -1.38352e+06 -1.01085e+07 214082 1.91835e+07 -1.04586e+07
0.827754 -45622.8 -1.34699e+06 -1.02569e+07 45622.8 1.9147e+07 -1.02371e+07
0.850532 72024.6 -1.32406e+06 -1.03947e+07 -72024.6 1.91241e+07 -1.00535e+07
0.857915 55673.6 -1.29547e+06 -1.05217e+07 -55673.6 1.90955e+07 -9.86928e+06
0.864313 39703.5 -1.28416e+06 -1.06385e+07 -39703.5 1.90842e+07 -9.72985e+06
0.870642 30144.3 -1.28572e+06 -1.07481e+07 -30144.3 1.90857e+07 -9.62335e+06
0.876818 18339.8 -1.28644e+06 -1.08606e+07 -18339.8 1.90864e+07 -9.51232e+06
0.882824 4123.65 -1.28706e+06 -1.09744e+07 -4123.65 1.90871e+07 -9.39971e+06
0.88909 2252.02 -1.30948e+06 -1.10746e+07 -2252.02 1.91095e+07 -9.34432e+06
0.895259 807.855 -1.33319e+06 -1.11742e+07 -807.855 1.91332e+07 -9.29218e+06
0.900547 -20129.2 -1.32095e+06 -1.12931e+07 20129.2 1.91209e+07 -9.14876e+06
0.905428 -54103.1 -1.2876e+06 -1.14245e+07 54103.1 1.90876e+07 -8.95067e+06
0.910627 -74108.8 -1.28211e+06 -1.15429e+07 74108.8 1.90821e+07 -8.82133e+06
0.915736 -94505.5 -1.27922e+06 -1.16617e+07 94505.5 1.90792e+07 -8.69676e+06
0.920779 -115436 -1.27618e+06 -1.17803e+07 115436 1.90762e+07 -8.57205e+06
0.925776 -136813 -1.27305e+06 -1.1899e+07 136813 1.90731e+07 -8.44712e+06
0.931559 -130286 -1.31559e+06 -1.19901e+07 130286 1.91156e+07 -8.44103e+06
0.937491 -116905 -1.36921e+06 -1.2074e+07 116905 1.91692e+07 -8.46442e+06
0.943338 -104758 -1.42259e+06 -1.21576e+07 104758 1.92226e+07 -8.48756e+06
0.949151 -92792.6 -1.47504e+06 -1.22403e+07 92792.6 1.9275e+07 -8.50974e+06
0.954909 -80825.5 -1.52566e+06 -1.23206e+07 80825.5 1.93257e+07 -8.53069e+06
0.960605 -69128.5 -1.57447e+06 -1.2399e+07 69128.5 1.93745e+07 -8.54992e+06
0.966054 -60495.7 -1.61333e+06 -1.24737e+07 60495.7 1.94133e+07 -8.55296e+06
