3.19543e-17 277676 8.9e+06 -272173 -277676 8.9e+06 272173
0.636776 -4.87513e+06 1.7824e+06 8.49276e+06 -6.45948e+06 1.60176e+07 1.12759e+07
0.850911 -5.06922e+06 -1.1607e+06 8.08441e+06 -1.0077e+07 1.89607e+07 1.72328e+07
0.891363 -4.99859e+06 -2.4798e+06 7.55112e+06 -1.08677e+07 2.02798e+07 1.72881e+07
0.905483 -4.78941e+06 -3.0258e+06 7.49308e+06 -1.13282e+07 2.08258e+07 1.70081e+07
0.908841 -4.80539e+06 -3.2875e+06 7.60243e+06 -1.1372e+07 2.10875e+07 1.65547e+07
0.478128 -2.20915e+06 1.41252e+06 2.89378e+06 -6.30152e+06 1.63875e+07 7.66329e+06
0.130806 -196712 5.38129e+06 -673035 -2.13163e+06 1.24187e+07 620637
-0.0664263 358572 8.13767e+06 -1.17324e+06 823817 9.66233e+06 -3.89858e+06
-0.171239 417673 9.98672e+06 -969817 2.63039e+06 7.81328e+06 -6.00092e+06
-0.298013 1.14563e+06 1.22109e+07 -1.75328e+06 4.15901e+06 5.58908e+06 -7.5388e+06
-0.655227 6.61812e+06 1.64532e+07 -1.1465e+07 5.04492e+06 1.34681e+06 -8.4177e+06
-0.824442 9.79405e+06 1.87329e+07 -1.67173e+07 4.88102e+06 -932943 -7.64199e+06
-0.867969 1.06452e+07 1.98231e+07 -1.70574e+07 4.80467e+06 -2.0231e+06 -7.44597e+06
-0.889509 1.11045e+07 2.05235e+07 -1.68413e+07 4.72879e+06 -2.72353e+06 -7.41139e+06
-0.89626 1.11549e+07 2.0816e+07 -1.64307e+07 4.79854e+06 -3.01605e+06 -7.59751e+06
-0.482036 6.12176e+06 1.63291e+07 -7.57299e+06 2.45848e+06 1.47093e+06 -3.3096e+06
-0.14929 2.03042e+06 1.25477e+07 -664261 626931 5.25227e+06 -12343.7
0.0449113 -685787 9.87502e+06 3.36788e+06 -113635 7.92498e+06 980434
0.149649 -2.38471e+06 8.08733e+06 5.4305e+06 -279036 9.71267e+06 935411
0.224232 -3.66459e+06 6.7383e+06 6.93112e+06 -326741 1.10617e+07 719468
0.224232 -3.66459e+06 6.7383e+06 6.93112e+06 -326741 1.10617e+07 719468
0.391729 -5.04189e+06 4.42549e+06 8.9373e+06 -1.93089e+06 1.33745e+07 3.03202e+06
0.531031 -5.34843e+06 2.43636e+06 9.11236e+06 -4.10392e+06 1.53636e+07 6.31743e+06
0.650881 -5.23977e+06 617524 8.65871e+06 -6.3459e+06 1.71825e+07 9.53336e+06
0.781037 -4.94009e+06 -1.18847e+06 8.04929e+06 -8.96237e+06 1.89885e+07 1.34812e+07
0.868837 -4.67934e+06 -2.58416e+06 7.61443e+06 -1.0786e+07 2.03842e+07 1.58132e+07
0.452054 -2.26701e+06 1.96663e+06 3.27285e+06 -5.77955e+06 1.58334e+07 7.00013e+06
0.120933 -445338 5.71485e+06 24248.1 -1.70726e+06 1.20852e+07 63246.4
-0.0626357 219055 8.24602e+06 -888466 895861 9.55398e+06 -3.76423e+06
-0.163133 328270 9.89483e+06 -860357 2.5755e+06 7.90517e+06 -5.8613e+06
-0.234257 360096 1.11459e+07 -711270 3.80969e+06 6.6541e+06 -7.30628e+06
-0.401939 2.13444e+06 1.33908e+07 -3.51678e+06 5.02008e+06 4.40919e+06 -8.96515e+06
-0.537949 4.21155e+06 1.53194e+07 -6.62627e+06 5.36394e+06 2.48057e+06 -9.26133e+06
-0.655806 6.42091e+06 1.71372e+07 -9.76306e+06 5.25244e+06 662844 -8.78266e+06
-0.785947 9.02615e+06 1.89584e+07 -1.36891e+07 4.96371e+06 -1.15844e+06 -8.16361e+06
-0.869952 1.07637e+07 2.03396e+07 -1.58438e+07 4.72143e+06 -2.53961e+06 -7.73235e+06
-0.45654 5.73876e+06 1.58712e+07 -6.98853e+06 2.38765e+06 1.92883e+06 -3.44837e+06
-0.124961 1.6493e+06 1.2131e+07 -28009.3 575003 5.66898e+06 -182879
0.061504 -955681 9.56609e+06 3.8051e+06 -139091 8.23391e+06 811391
0.163091 -2.61429e+06 7.90949e+06 5.88927e+06 -288735 9.89051e+06 838780
0.234064 -3.84282e+06 6.67304e+06 7.35408e+06 -323514 1.1127e+07 691029
0.234064 -3.84282e+06 6.67304e+06 7.35408e+06 -323514 1.1127e+07 691029
0.381508 -5.02317e+06 4.55515e+06 8.96128e+06 -1.76768e+06 1.32449e+07 2.72155e+06
0.514137 -5.36984e+06 2.63536e+06 9.22306e+06 -3.78179e+06 1.51646e+07 5.70255e+06
0.629589 -5.28431e+06 857544 8.80161e+06 -5.92238e+06 1.69425e+07 8.73355e+06
0.761195 -4.99726e+06 -956464 8.18996e+06 -8.55202e+06 1.87565e+07 1.27449e+07
0.863415 -4.70895e+06 -2.47325e+06 7.69387e+06 -1.06598e+07 2.02732e+07 1.5666e+07
0.44613 -2.30321e+06 2.07043e+06 3.35775e+06 -5.63791e+06 1.57296e+07 6.80646e+06
0.116103 -479062 5.81003e+06 109581 -1.58758e+06 1.199e+07 -89599.7
-0.0683044 188639 8.31801e+06 -826295 1.02718e+06 9.48199e+06 -3.98514e+06
-0.16782 308769 9.94225e+06 -821324 2.67842e+06 7.85775e+06 -6.05575e+06
-0.23874 350275 1.11735e+07 -695730 3.89929e+06 6.62645e+06 -7.50587e+06
-0.38723 1.86208e+06 1.32564e+07 -2.93904e+06 5.03061e+06 4.54364e+06 -9.02633e+06
-0.518952 3.83118e+06 1.51355e+07 -5.85881e+06 5.40617e+06 2.66453e+06 -9.38229e+06
-0.63231 5.94286e+06 1.69018e+07 -8.83549e+06 5.31226e+06 898193 -8.92625e+06
-0.764027 8.56978e+06 1.87297e+07 -1.28337e+07 5.0299e+06 -929669 -8.30603e+06
-0.864208 1.06356e+07 2.02331e+07 -1.56802e+07 4.74735e+06 -2.43306e+06 -7.8024e+06
-0.449893 5.58737e+06 1.57725e+07 -6.75682e+06 2.42072e+06 2.02745e+06 -3.52236e+06
-0.119241 1.5182e+06 1.2043e+07 169608 604287 5.757e+06 -251077
0.0679635 -1.09914e+06 9.50257e+06 4.07444e+06 -110606 8.29743e+06 759954
0.168671 -2.73325e+06 7.86894e+06 6.13736e+06 -269088 9.93106e+06 807545
0.239194 -3.94253e+06 6.63879e+06 7.57862e+06 -315115 1.11612e+07 671895
0.239194 -3.94253e+06 6.63879e+06 7.57862e+06 -315115 1.11612e+07 671895
0.376257 -5.04938e+06 4.61024e+06 9.04699e+06 -1.648e+06 1.31898e+07 2.46563e+06
0.504706 -5.39751e+06 2.73364e+06 9.30372e+06 -3.58626e+06 1.50664e+07 5.31485e+06
0.620066 -5.31697e+06 963053 8.88089e+06 -5.7202e+06 1.68369e+07 8.35672e+06
0.752589 -5.03189e+06 -850559 8.26418e+06 -8.36419e+06 1.86506e+07 1.24229e+07
0.86046 -4.72773e+06 -2.41873e+06 7.73482e+06 -1.05884e+07 2.02187e+07 1.55763e+07
0.872881 -4.78987e+06 -2.8871e+06 7.83997e+06 -1.07474e+07 2.06871e+07 1.51977e+07
0.86881 -4.94961e+06 -3.00363e+06 8.10944e+06 -1.05152e+07 2.08036e+07 1.44778e+07
0.846798 -5.07777e+06 -3.06455e+06 8.36412e+06 -9.99523e+06 2.08646e+07 1.29258e+07
0.803411 -5.20475e+06 -3.07064e+06 8.64339e+06 -9.09597e+06 2.08706e+07 1.03175e+07
0.792064 -5.26804e+06 -3.24421e+06 8.81876e+06 -8.8307e+06 2.10442e+07 9.18906e+06
0.422343 -3.03651e+06 782099 4.78136e+06 -4.4812e+06 1.70179e+07 1.53597e+06
0.156346 -1.26847e+06 3.96011e+06 1.60374e+06 -1.51448e+06 1.38399e+07 -3.13466e+06
-0.00610917 -290227 6.18357e+06 -40005.8 398970 1.16164e+07 -5.71908e+06
-0.0964579 37184.1 7.73971e+06 -381047 1.67977e+06 1.00603e+07 -7.09038e+06
-0.154984 138944 8.93699e+06 -383405 2.61977e+06 8.86301e+06 -7.81875e+06
-0.198061 166421 9.83144e+06 -355860 3.35907e+06 7.96856e+06 -8.35774e+06
-0.233138 181190 1.05107e+07 -355912 3.96866e+06 7.28933e+06 -8.87232e+06
-0.260985 199535 1.10587e+07 -391881 4.446e+06 6.74131e+06 -9.22735e+06
-0.287493 223509 1.15443e+07 -441317 4.89386e+06 6.25568e+06 -9.62216e+06
-0.320613 363995 1.22217e+07 -500666 5.34291e+06 5.57832e+06 -9.97668e+06
-0.417892 1.76635e+06 1.37647e+07 -2.6162e+06 5.67213e+06 4.03529e+06 -9.96983e+06
-0.526045 3.6425e+06 1.53723e+07 -5.41906e+06 5.72109e+06 2.4277e+06 -9.72712e+06
-0.631718 5.74733e+06 1.69717e+07 -8.42389e+06 5.49726e+06 828298 -9.16648e+06
-0.759991 8.38961e+06 1.86946e+07 -1.24881e+07 5.13823e+06 -894624 -8.50619e+06
-0.864163 1.05848e+07 2.01959e+07 -1.56152e+07 4.79731e+06 -2.39591e+06 -7.93928e+06
-0.875618 1.07718e+07 2.06941e+07 -1.52151e+07 4.81418e+06 -2.89411e+06 -7.95469e+06
-0.870206 1.05349e+07 2.081e+07 -1.44755e+07 4.95477e+06 -3.01004e+06 -8.17338e+06
-0.847633 1.0011e+07 2.08658e+07 -1.29174e+07 5.07684e+06 -3.06578e+06 -8.41466e+06
-0.804528 9.12209e+06 2.08727e+07 -1.03355e+07 5.19851e+06 -3.07275e+06 -8.68084e+06
-0.792581 8.84013e+06 2.10252e+07 -9.21289e+06 5.26781e+06 -3.22516e+06 -8.86059e+06
-0.42199 4.46904e+06 1.70014e+07 -1.52085e+06 3.04238e+06 798625 -4.81065e+06
-0.157193 1.50656e+06 1.38443e+07 3.14271e+06 1.29147e+06 3.95569e+06 -1.64817e+06
0.00370939 -393026 1.16449e+07 5.6966e+06 326999 6.15515e+06 -8809.39
0.093944 -1.6686e+06 1.0098e+07 7.05521e+06 -3599.04 7.70203e+06 357340
0.152659 -2.60211e+06 8.90708e+06 7.78581e+06 -115213 8.89292e+06 380330
0.195733 -3.33142e+06 8.0162e+06 8.32025e+06 -152637 9.7838e+06 364317
0.230945 -3.93537e+06 7.34257e+06 8.8439e+06 -175452 1.04574e+07 373704
0.258902 -4.40802e+06 6.80017e+06 9.20827e+06 -200437 1.09998e+07 417447
0.284895 -4.85231e+06 6.32897e+06 9.5932e+06 -218822 1.1471e+07 478141
0.312882 -5.32928e+06 5.79347e+06 9.99092e+06 -240021 1.20065e+07 503942
0.312882 -5.32928e+06 5.79347e+06 9.99092e+06 -240021 1.20065e+07 503942
0.354423 -5.7118e+06 4.84773e+06 1.02266e+07 -596928 1.29523e+07 595015
0.397099 -5.91723e+06 3.91765e+06 1.02336e+07 -1.15113e+06 1.38823e+07 1.00675e+06
0.439939 -5.97731e+06 3.06932e+06 1.01173e+07 -1.85361e+06 1.47307e+07 1.71403e+06
0.484946 -6.00554e+06 2.23913e+06 1.00615e+07 -2.62649e+06 1.55609e+07 2.51291e+06
0.529359 -5.96667e+06 1.44108e+06 9.94787e+06 -3.45592e+06 1.63589e+07 3.40206e+06
0.576753 -5.8855e+06 616038 9.80974e+06 -4.38071e+06 1.7184e+07 4.42097e+06
0.631674 -5.76106e+06 -262128 9.63265e+06 -5.48274e+06 1.80621e+07 5.77449e+06
0.688504 -5.62839e+06 -1.11821e+06 9.46583e+06 -6.62698e+06 1.89182e+07 7.26387e+06
0.754517 -5.47645e+06 -1.98329e+06 9.27252e+06 -7.95394e+06 1.97833e+07 9.2521e+06
0.756114 -5.48627e+06 -2.32151e+06 9.35093e+06 -7.97256e+06 2.01215e+07 8.58252e+06
0.375284 -3.31376e+06 1.64452e+06 5.3379e+06 -3.3663e+06 1.61555e+07 191322
0.113154 -1.56065e+06 4.64776e+06 2.11127e+06 -453493 1.31522e+07 -4.57331e+06
-0.0384614 -556327 6.72995e+06 379294 1.24094e+06 1.107e+07 -6.77323e+06
-0.121692 -186361 8.18656e+06 -60968.3 2.35247e+06 9.61344e+06 -7.86426e+06
-0.178764 -36547.9 9.23533e+06 -176524 3.21855e+06 8.56467e+06 -8.69883e+06
-0.21996 38803.8 1.00287e+07 -223611 3.87648e+06 7.77132e+06 -9.26489e+06
-0.250357 88257.4 1.06481e+07 -269172 4.36809e+06 7.15189e+06 -9.60366e+06
-0.275766 131830 1.11455e+07 -341745 4.77681e+06 6.65448e+06 -9.89313e+06
-0.302202 167129 1.16125e+07 -430057 5.21207e+06 6.1875e+06 -1.02825e+07
-0.329232 286185 1.21819e+07 -561392 5.57415e+06 5.61809e+06 -1.04558e+07
-0.366206 725109 1.30943e+07 -799007 5.79336e+06 4.7057e+06 -1.03678e+07
-0.404777 1.28365e+06 1.39673e+07 -1.24303e+06 5.92138e+06 3.8327e+06 -1.02374e+07
-0.447028 1.95788e+06 1.47909e+07 -1.90891e+06 5.99922e+06 3.00908e+06 -1.01805e+07
-0.490746 2.71541e+06 1.5589e+07 -2.71936e+06 6.01988e+06 2.21104e+06 -1.01086e+07
-0.534838 3.53819e+06 1.63899e+07 -3.58986e+06 5.98193e+06 1.4101e+06 -9.9907e+06
-0.582964 4.47814e+06 1.72252e+07 -4.63499e+06 5.89862e+06 574795 -9.84488e+06
-0.636657 5.55567e+06 1.8096e+07 -5.93376e+06 5.77683e+06 -296015 -9.6717e+06
-0.692453 6.68717e+06 1.89436e+07 -7.4025e+06 5.63848e+06 -1.14363e+06 -9.48721e+06
-0.755761 7.97726e+06 1.98019e+07 -9.29597e+06 5.47528e+06 -2.0019e+06 -9.25787e+06
-0.755835 7.96694e+06 2.01348e+07 -8.55368e+06 5.48692e+06 -2.33482e+06 -9.33826e+06
-0.373335 3.33322e+06 1.61612e+07 -113138 3.31215e+06 1.63877e+06 -5.3005e+06
-0.112127 434493 1.31606e+07 4.60518e+06 1.56137e+06 4.63937e+06 -2.0715e+06
0.0387635 -1.25536e+06 1.10767e+07 6.78539e+06 565372 6.72328e+06 -361974
0.123077 -2.38831e+06 9.62095e+06 7.9404e+06 197533 8.17905e+06 73828.9
0.180953 -3.26731e+06 8.58062e+06 8.83016e+06 46356.5 9.21938e+06 193951
0.221172 -3.90296e+06 7.78528e+06 9.33751e+06 -33905.5 1.00147e+07 243651
0.250809 -4.37851e+06 7.16603e+06 9.63511e+06 -85893.2 1.0634e+07 290149
0.276035 -4.78425e+06 6.66118e+06 9.90358e+06 -129168 1.11388e+07 359044
0.301758 -5.21609e+06 6.19878e+06 1.02831e+07 -155207 1.16012e+07 428357
0.327338 -5.58646e+06 5.66038e+06 1.04912e+07 -240157 1.21396e+07 509353
0.327338 -5.58646e+06 5.66038e+06 1.04912e+07 -240157 1.21396e+07 509353
0.355069 -5.81939e+06 4.88828e+06 1.04748e+07 -500849 1.29117e+07 462432
0.384852 -5.96586e+06 4.10042e+06 1.03828e+07 -884507 1.36996e+07 569163
0.4142 -6.04977e+06 3.35064e+06 1.02946e+07 -1.32299e+06 1.44494e+07 724918
0.447767 -6.11356e+06 2.62724e+06 1.03083e+07 -1.85669e+06 1.51728e+07 1.05695e+06
0.483618 -6.1111e+06 1.9142e+06 1.02415e+07 -2.4973e+06 1.58858e+07 1.61205e+06
0.522894 -6.07113e+06 1.19404e+06 1.0162e+07 -3.23638e+06 1.6606e+07 2.34864e+06
0.569977 -5.98615e+06 417046 1.00422e+07 -4.15943e+06 1.7383e+07 3.42869e+06
0.623536 -5.86452e+06 -413691 9.88496e+06 -5.23441e+06 1.82137e+07 4.78447e+06
0.697578 -5.67845e+06 -1.34765e+06 9.62418e+06 -6.73844e+06 1.91476e+07 7.13119e+06
0.739869 -5.57617e+06 -2.01297e+06 9.50677e+06 -7.59349e+06 1.9813e+07 8.17627e+06
0.361381 -3.40006e+06 1.92968e+06 5.48691e+06 -3.03252e+06 1.58703e+07 -129814
0.098934 -1.65023e+06 4.91567e+06 2.25457e+06 -110792 1.28843e+07 -4.94015e+06
-0.054653 -658534 6.9392e+06 508439 1.63136e+06 1.08608e+07 -7.34852e+06
-0.13855 -275107 8.3058e+06 8855.94 2.7413e+06 9.4942e+06 -8.59585e+06
-0.189342 -92109.3 9.30216e+06 -145671 3.4624e+06 8.49784e+06 -9.16088e+06
-0.225381 5478.19 1.00756e+07 -214898 4.0063e+06 7.72439e+06 -9.46923e+06
-0.256673 65583.1 1.06739e+07 -275402 4.50319e+06 7.12607e+06 -9.88307e+06
-0.28322 110907 1.11703e+07 -350108 4.93041e+06 6.62972e+06 -1.02333e+07
-0.306445 157963 1.16241e+07 -452490 5.29676e+06 6.17586e+06 -1.04634e+07
-0.330533 267605 1.21989e+07 -513457 5.61589e+06 5.60108e+06 -1.05392e+07
-0.357037 534976 1.29776e+07 -461686 5.82028e+06 4.8224e+06 -1.04489e+07
-0.386837 934771 1.37739e+07 -577148 5.95092e+06 4.02611e+06 -1.03321e+07
-0.416686 1.35944e+06 1.44841e+07 -743892 6.05758e+06 3.31593e+06 -1.0339e+07
-0.448725 1.88004e+06 1.51932e+07 -1.06257e+06 6.10727e+06 2.6068e+06 -1.0313e+07
-0.483886 2.50911e+06 1.59029e+07 -1.58919e+06 6.10406e+06 1.89715e+06 -1.02446e+07
-0.522837 3.24174e+06 1.66251e+07 -2.30709e+06 6.06476e+06 1.17494e+06 -1.01623e+07
-0.569403 4.15468e+06 1.74033e+07 -3.35892e+06 5.9807e+06 396739 -1.00407e+07
-0.622698 5.233e+06 1.82339e+07 -4.72627e+06 5.85102e+06 -433948 -9.8579e+06
-0.697052 6.74825e+06 1.91725e+07 -7.09652e+06 5.65928e+06 -1.3725e+06 -9.58105e+06
-0.73849 7.58506e+06 1.9832e+07 -8.10366e+06 5.56006e+06 -2.03201e+06 -9.46767e+06
-0.359184 3.01543e+06 1.58809e+07 201906 3.37804e+06 1.91907e+06 -5.42045e+06
-0.0949929 49880.8 1.2901e+07 5.11803e+06 1.64099e+06 4.89903e+06 -2.18871e+06
0.0566336 -1.66461e+06 1.08956e+07 7.46984e+06 656530 6.90439e+06 -454383
0.139111 -2.746e+06 9.52083e+06 8.63393e+06 269825 8.27917e+06 36262.4
0.18952 -3.46008e+06 8.51608e+06 9.16953e+06 86624.9 9.28392e+06 182997
0.226107 -4.01204e+06 7.74384e+06 9.50461e+06 -12659.4 1.00562e+07 257176
0.257819 -4.51792e+06 7.1408e+06 9.93418e+06 -71263.6 1.06592e+07 314986
0.283794 -4.93407e+06 6.64559e+06 1.02552e+07 -117458 1.11544e+07 390545
0.306349 -5.29834e+06 6.19702e+06 1.04815e+07 -154671 1.1603e+07 471623
0.329793 -5.61428e+06 5.63263e+06 1.05456e+07 -256034 1.21674e+07 530592
0.329793 -5.61428e+06 5.63263e+06 1.05456e+07 -256034 1.21674e+07 530592
0.355889 -5.81345e+06 4.86395e+06 1.04564e+07 -521374 1.2936e+07 475965
0.382092 -5.9516e+06 4.10538e+06 1.03578e+07 -849644 1.36946e+07 456684
0.411041 -6.07207e+06 3.40914e+06 1.03829e+07 -1.24446e+06 1.43909e+07 585038
0.439707 -6.13319e+06 2.73665e+06 1.03827e+07 -1.6936e+06 1.50633e+07 770935
0.469372 -6.14843e+06 2.072e+06 1.03394e+07 -2.20638e+06 1.5728e+07 1.06906e+06
0.503795 -6.12588e+06 1.39293e+06 1.02808e+07 -2.84168e+06 1.64071e+07 1.60768e+06
0.545312 -6.06016e+06 659755 1.01841e+07 -3.6464e+06 1.71402e+07 2.45503e+06
0.595415 -5.93654e+06 -147383 1.00045e+07 -4.66184e+06 1.79474e+07 3.69588e+06
0.666893 -5.75304e+06 -1.06559e+06 9.73757e+06 -6.11766e+06 1.88656e+07 5.94334e+06
0.730304 -5.59898e+06 -1.87386e+06 9.53483e+06 -7.40042e+06 1.96739e+07 7.91566e+06
0.739747 -5.58798e+06 -2.26501e+06 9.57661e+06 -7.57951e+06 2.0065e+07 7.59586e+06
0.748586 -5.58088e+06 -2.63161e+06 9.62727e+06 -7.74395e+06 2.04316e+07 7.28402e+06
0.759318 -5.5919e+06 -2.94732e+06 9.70452e+06 -7.92396e+06 2.07473e+07 7.14844e+06
0.767041 -5.69392e+06 -3.03853e+06 9.91249e+06 -7.95941e+06 2.08385e+07 7.17043e+06
0.775382 -5.79652e+06 -3.10538e+06 1.01173e+07 -8.00528e+06 2.09054e+07 7.27733e+06
0.773664 -5.74312e+06 -3.15439e+06 9.8435e+06 -8.02809e+06 2.09544e+07 7.36135e+06
0.774513 -5.73738e+06 -3.19736e+06 9.71558e+06 -8.04895e+06 2.09974e+07 7.44871e+06
0.778763 -5.77373e+06 -3.23567e+06 9.71138e+06 -8.08826e+06 2.10357e+07 7.60323e+06
0.784391 -5.8325e+06 -3.26811e+06 9.77359e+06 -8.12965e+06 2.10681e+07 7.77665e+06
0.790024 -5.89375e+06 -3.2931e+06 9.84693e+06 -8.16868e+06 2.10931e+07 7.95416e+06
0.795688 -5.95651e+06 -3.31386e+06 9.92805e+06 -8.20673e+06 2.11139e+07 8.13396e+06
0.801603 -6.01936e+06 -3.33282e+06 1.00096e+07 -8.24916e+06 2.11328e+07 8.33029e+06
0.807974 -6.08238e+06 -3.34497e+06 1.00929e+07 -8.29956e+06 2.1145e+07 8.56299e+06
0.813999 -6.14778e+06 -3.34134e+06 1.01805e+07 -8.34142e+06 2.11413e+07 8.8044e+06
0.819837 -6.21818e+06 -3.32401e+06 1.02782e+07 -8.37492e+06 2.1124e+07 9.05309e+06
0.825056 -6.30848e+06 -3.25776e+06 1.04139e+07 -8.37753e+06 2.10578e+07 9.32857e+06
0.830988 -6.37431e+06 -3.25059e+06 1.05025e+07 -8.41727e+06 2.10506e+07 9.57112e+06
0.836716 -6.44779e+06 -3.22723e+06 1.06037e+07 -8.44575e+06 2.10272e+07 9.8225e+06
0.84242 -6.52114e+06 -3.20335e+06 1.07046e+07 -8.47395e+06 2.10033e+07 1.0074e+07
0.848218 -6.59727e+06 -3.17224e+06 1.08105e+07 -8.50101e+06 2.09722e+07 1.03398e+07
0.854198 -6.67565e+06 -3.13619e+06 1.09198e+07 -8.52907e+06 2.09362e+07 1.0622e+07
0.860018 -6.7582e+06 -3.08903e+06 1.1037e+07 -8.55012e+06 2.0889e+07 1.09099e+07
0.864382 -6.89202e+06 -2.92635e+06 1.12458e+07 -8.49399e+06 2.07264e+07 1.12595e+07
0.867431 -7.07362e+06 -2.66118e+06 1.15365e+07 -8.36665e+06 2.04612e+07 1.16619e+07
0.873824 -7.12795e+06 -2.669e+06 1.16055e+07 -8.42612e+06 2.0469e+07 1.19187e+07
0.544572 -5.28132e+06 713523 8.1229e+06 -4.41206e+06 1.70865e+07 4.58428e+06
0.32205 -3.90013e+06 3.08753e+06 5.65782e+06 -1.83236e+06 1.47125e+07 -85277.3
0.18459 -2.95376e+06 4.77591e+06 4.11492e+06 -331945 1.30241e+07 -2.50598e+06
0.0960644 -2.33918e+06 6.06974e+06 3.24987e+06 629237 1.17303e+07 -3.78056e+06
0.0419737 -1.9328e+06 7.03634e+06 2.74859e+06 1.18567e+06 1.07637e+07 -4.23452e+06
0.00358258 -1.66742e+06 7.80944e+06 2.46729e+06 1.60365e+06 9.99056e+06 -4.4571e+06
-0.0260292 -1.49249e+06 8.40383e+06 2.27992e+06 1.95581e+06 9.39617e+06 -4.66221e+06
-0.0504795 -1.37032e+06 8.89995e+06 2.15123e+06 2.26885e+06 8.90005e+06 -4.84692e+06
-0.0710941 -1.27783e+06 9.30932e+06 2.04347e+06 2.5433e+06 8.49068e+06 -5.02127e+06
-0.0892645 -1.20543e+06 9.65926e+06 1.94809e+06 2.79434e+06 8.14074e+06 -5.1963e+06
-0.105319 -1.14122e+06 9.95888e+06 1.85484e+06 3.0159e+06 7.84112e+06 -5.36113e+06
-0.120219 -1.0849e+06 1.02282e+07 1.76901e+06 3.2248e+06 7.57184e+06 -5.5324e+06
-0.134016 -1.03377e+06 1.04671e+07 1.6904e+06 3.41925e+06 7.33286e+06 -5.71257e+06
-0.147082 -985628 1.06843e+07 1.61351e+06 3.60369e+06 7.1157e+06 -5.8991e+06
-0.159461 -936680 1.08772e+07 1.53377e+06 3.77509e+06 6.92279e+06 -6.0946e+06
-0.171152 -888160 1.10517e+07 1.45337e+06 3.93467e+06 6.74833e+06 -6.28955e+06
-0.182363 -840197 1.12122e+07 1.37383e+06 4.08627e+06 6.58781e+06 -6.48764e+06
-0.193154 -791503 1.13583e+07 1.29351e+06 4.22965e+06 6.44173e+06 -6.69141e+06
-0.203521 -743956 1.14886e+07 1.21134e+06 4.36663e+06 6.31141e+06 -6.90219e+06
-0.213676 -700454 1.16162e+07 1.13546e+06 4.50388e+06 6.18385e+06 -7.11344e+06
-0.223677 -661098 1.17438e+07 1.06704e+06 4.64254e+06 6.05623e+06 -7.32383e+06
-0.233715 -619992 1.18693e+07 992757 4.78012e+06 5.93073e+06 -7.53459e+06
-0.243529 -577659 1.19862e+07 917241 4.91247e+06 5.81375e+06 -7.74918e+06
-0.253114 -533453 1.20938e+07 839329 5.03889e+06 5.7062e+06 -7.96803e+06
-0.262481 -488087 1.21946e+07 760460 5.16025e+06 5.60538e+06 -8.18771e+06
-0.271648 -440760 1.22869e+07 678948 5.27609e+06 5.51311e+06 -8.41117e+06
-0.280594 -395350 1.23765e+07 604969 5.38992e+06 5.42346e+06 -8.63559e+06
-0.289017 -348670 1.24828e+07 537830 5.49318e+06 5.31718e+06 -8.8057e+06
-0.296668 -299871 1.26368e+07 482669 5.58056e+06 5.16323e+06 -8.85119e+06
-0.307196 -255449 1.27347e+07 398291 5.72353e+06 5.06528e+06 -9.13311e+06
-0.317863 -201948 1.28222e+07 290821 5.85992e+06 4.97776e+06 -9.42025e+06
-0.329203 -135450 1.29123e+07 150732 5.99527e+06 4.8877e+06 -9.70558e+06
-0.341379 -63417.5 1.30236e+07 -3380.97 6.13996e+06 4.77641e+06 -9.97906e+06
-0.354327 18704 1.31588e+07 -169825 6.28832e+06 4.64123e+06 -1.02337e+07
-0.369555 187486 1.34571e+07 -284593 6.39059e+06 4.3429e+06 -1.03354e+07
-0.389839 510079 1.40028e+07 -320769 6.42905e+06 3.79717e+06 -1.02909e+07
-0.413742 907195 1.46438e+07 -415046 6.45741e+06 3.15618e+06 -1.01911e+07
-0.436923 1.32828e+06 1.52361e+07 -542998 6.44896e+06 2.56387e+06 -1.01164e+07
-0.463186 1.86472e+06 1.58246e+07 -845290 6.37999e+06 1.9754e+06 -1.00397e+07
-0.490956 2.45198e+06 1.64152e+07 -1.22662e+06 6.28704e+06 1.38477e+06 -9.95997e+06
-0.524092 3.16002e+06 1.70523e+07 -1.82982e+06 6.16882e+06 747697 -9.8521e+06
-0.564358 4.02364e+06 1.77604e+07 -2.71397e+06 6.02193e+06 39640.5 -9.70203e+06
-0.613515 5.06919e+06 1.85264e+07 -3.99154e+06 5.85139e+06 -726358 -9.51748e+06
-0.696492 6.78663e+06 1.9473e+07 -6.82246e+06 5.61093e+06 -1.67304e+06 -9.22414e+06
-0.732209 7.52196e+06 2.00572e+07 -7.6385e+06 5.51136e+06 -2.25719e+06 -9.1471e+06
-0.74084 7.69194e+06 2.0412e+07 -7.33139e+06 5.49502e+06 -2.61198e+06 -9.2055e+06
-0.75001 7.86746e+06 2.07516e+07 -7.08066e+06 5.48272e+06 -2.95163e+06 -9.26664e+06
-0.758592 7.9533e+06 2.09031e+07 -7.06269e+06 5.54963e+06 -3.1031e+06 -9.43991e+06
-0.766161 7.987e+06 2.09676e+07 -7.11473e+06 5.65067e+06 -3.16762e+06 -9.66304e+06
-0.774415 8.02687e+06 2.10092e+07 -7.24365e+06 5.75772e+06 -3.20919e+06 -9.89176e+06
-0.775897 8.04644e+06 2.10479e+07 -7.33201e+06 5.76452e+06 -3.24793e+06 -9.80501e+06
-0.776884 8.07147e+06 2.10811e+07 -7.44471e+06 5.75706e+06 -3.28107e+06 -9.67876e+06
-0.780975 8.11307e+06 2.11103e+07 -7.61863e+06 5.78828e+06 -3.31031e+06 -9.66482e+06
-0.786442 8.15113e+06 2.11348e+07 -7.79512e+06 5.84754e+06 -3.33478e+06 -9.73134e+06
-0.791985 8.1872e+06 2.11542e+07 -7.97446e+06 5.91013e+06 -3.35417e+06 -9.8092e+06
-0.797223 8.22156e+06 2.11654e+07 -8.15847e+06 5.96901e+06 -3.36544e+06 -9.88233e+06
-0.803022 8.26732e+06 2.11717e+07 -8.38432e+06 6.02646e+06 -3.37172e+06 -9.9536e+06
-0.808889 8.31147e+06 2.11705e+07 -8.62324e+06 6.08675e+06 -3.37046e+06 -1.00305e+07
-0.814757 8.34753e+06 2.11563e+07 -8.86919e+06 6.15514e+06 -3.35631e+06 -1.01262e+07
-0.819384 8.31786e+06 2.10413e+07 -9.1704e+06 6.26717e+06 -3.24131e+06 -1.03021e+07
-0.825683 8.38111e+06 2.10663e+07 -9.39436e+06 6.31605e+06 -3.26626e+06 -1.03646e+07
-0.83136 8.40758e+06 2.10392e+07 -9.64668e+06 6.39062e+06 -3.2392e+06 -1.04695e+07
-0.83702 8.43394e+06 2.1012e+07 -9.89892e+06 6.46502e+06 -3.212e+06 -1.0574e+07
-0.842606 8.45729e+06 2.098e+07 -1.01537e+07 6.5411e+06 -3.17999e+06 -1.06815e+07
-0.848531 8.48373e+06 2.09409e+07 -1.04356e+07 6.62011e+06 -3.14092e+06 -1.07941e+07
-0.854319 8.50386e+06 2.08918e+07 -1.07232e+07 6.70303e+06 -3.09181e+06 -1.09139e+07
-0.858874 8.45976e+06 2.07459e+07 -1.1062e+07 6.8282e+06 -2.94587e+06 -1.11101e+07
-0.861381 8.30429e+06 2.04382e+07 -1.14851e+07 7.02829e+06 -2.63817e+06 -1.14363e+07
-0.867797 8.36499e+06 2.0447e+07 -1.17405e+07 7.08179e+06 -2.64697e+06 -1.15059e+07
-0.873593 8.39236e+06 2.04082e+07 -1.20202e+07 7.15759e+06 -2.60819e+06 -1.16133e+07
-0.543696 4.38723e+06 1.70156e+07 -4.70525e+06 5.29055e+06 784424 -8.09695e+06
-0.328028 1.93011e+06 1.46527e+07 -383562 3.90879e+06 3.14732e+06 -5.62777e+06
-0.19507 481275 1.29664e+07 1.83726e+06 2.99097e+06 4.83364e+06 -4.12128e+06
-0.104872 -534789 1.16675e+07 3.21126e+06 2.40152e+06 6.13248e+06 -3.27641e+06
-0.0479805 -1.15172e+06 1.06937e+07 3.81305e+06 2.00577e+06 7.10629e+06 -2.7878e+06
-0.00850537 -1.59033e+06 9.92714e+06 4.10661e+06 1.74173e+06 7.87286e+06 -2.50653e+06
0.0208615 -1.93353e+06 9.33147e+06 4.29732e+06 1.5622e+06 8.46853e+06 -2.32038e+06
0.0444827 -2.22438e+06 8.83914e+06 4.44236e+06 1.43259e+06 8.96086e+06 -2.1887e+06
0.0651694 -2.49446e+06 8.42666e+06 4.61553e+06 1.33445e+06 9.37334e+06 -2.08216e+06
0.0837194 -2.74681e+06 8.07932e+06 4.81367e+06 1.2566e+06 9.72068e+06 -1.9844e+06
0.0999998 -2.96833e+06 7.78619e+06 4.99899e+06 1.18834e+06 1.00138e+07 -1.88661e+06
0.1146 -3.16424e+06 7.53334e+06 5.17448e+06 1.12435e+06 1.02667e+07 -1.78814e+06
0.128289 -3.34877e+06 7.30515e+06 5.35459e+06 1.06523e+06 1.04949e+07 -1.69369e+06
0.141084 -3.52142e+06 7.10091e+06 5.54091e+06 1.01012e+06 1.06991e+07 -1.6052e+06
0.153231 -3.68401e+06 6.91605e+06 5.73249e+06 956494 1.08839e+07 -1.51782e+06
0.164839 -3.83823e+06 6.74702e+06 5.928e+06 904096 1.1053e+07 -1.43156e+06
0.176055 -3.9889e+06 6.58677e+06 6.12498e+06 855118 1.12132e+07 -1.35009e+06
0.186845 -4.13488e+06 6.43548e+06 6.32081e+06 809041 1.13645e+07 -1.27233e+06
0.19718 -4.27555e+06 6.29581e+06 6.51692e+06 765742 1.15042e+07 -1.19588e+06
0.207203 -4.41195e+06 6.16494e+06 6.71588e+06 723748 1.16351e+07 -1.12139e+06
0.217138 -4.54577e+06 6.0384e+06 6.91554e+06 680714 1.17616e+07 -1.04358e+06
0.226882 -4.67494e+06 5.91921e+06 7.11752e+06 636441 1.18808e+07 -963607
0.23627 -4.79334e+06 5.81641e+06 7.3264e+06 587738 1.19836e+07 -876767
0.245484 -4.9089e+06 5.7182e+06 7.53634e+06 539290 1.20818e+07 -791123
0.25454 -5.02191e+06 5.62399e+06 7.74709e+06 491091 1.2176e+07 -706656
0.263452 -5.13258e+06 5.53334e+06 7.95833e+06 443129 1.22667e+07 -623306
0.272169 -5.24102e+06 5.44505e+06 8.16877e+06 396424 1.23549e+07 -544868
0.281166 -5.3487e+06 5.35701e+06 8.3767e+06 343953 1.2443e+07 -448425
0.290177 -5.46064e+06 5.2629e+06 8.57964e+06 295498 1.25371e+07 -358389
0.299352 -5.57503e+06 5.16622e+06 8.78011e+06 246568 1.26338e+07 -262284
0.308744 -5.68401e+06 5.06973e+06 8.96776e+06 188358 1.27303e+07 -141353
0.315981 -5.75223e+06 4.87842e+06 8.88985e+06 127768 1.29216e+07 -59637.4
0.326301 -5.87916e+06 4.75448e+06 9.06128e+06 70996.2 1.30455e+07 72179.5
0.337387 -6.00746e+06 4.6255e+06 9.24139e+06 1974.69 1.31745e+07 226070
0.350796 -6.16809e+06 4.46508e+06 9.48579e+06 -76078.3 1.33349e+07 376874
0.350796 -6.16809e+06 4.46508e+06 9.48579e+06 -76078.3 1.33349e+07 376874
0.368406 -6.39229e+06 4.0971e+06 9.64435e+06 -165341 1.37029e+07 422733
0.383689 -6.51566e+06 3.81903e+06 9.79662e+06 -314003 1.3981e+07 530439
0.398983 -6.61456e+06 3.5433e+06 9.94714e+06 -487346 1.42567e+07 645162
0.413569 -6.6966e+06 3.31113e+06 1.01202e+07 -664928 1.44889e+07 786645
0.427521 -6.76803e+06 3.11632e+06 1.03125e+07 -841845 1.46837e+07 949731
0.441037 -6.83125e+06 2.92424e+06 1.04826e+07 -1.01921e+06 1.48758e+07 1.1172e+06
0.454269 -6.8714e+06 2.72557e+06 1.06271e+07 -1.21459e+06 1.50744e+07 1.282e+06
0.467101 -6.92011e+06 2.55051e+06 1.07841e+07 -1.39428e+06 1.52495e+07 1.46005e+06
0.479761 -6.9714e+06 2.38355e+06 1.09441e+07 -1.56835e+06 1.54165e+07 1.64227e+06
0.492268 -7.02442e+06 2.22298e+06 1.11055e+07 -1.73796e+06 1.5577e+07 1.82756e+06
0.504764 -7.07603e+06 2.06128e+06 1.1263e+07 -1.90876e+06 1.57387e+07 2.01391e+06
0.51754 -7.12528e+06 1.89705e+06 1.14135e+07 -2.08694e+06 1.5903e+07 2.21723e+06
0.530071 -7.17663e+06 1.74239e+06 1.15653e+07 -2.25864e+06 1.60576e+07 2.42525e+06
0.542307 -7.22698e+06 1.59975e+06 1.1718e+07 -2.42609e+06 1.62002e+07 2.64073e+06
0.555001 -7.26007e+06 1.42058e+06 1.18403e+07 -2.61894e+06 1.63794e+07 2.83796e+06
0.567522 -7.28979e+06 1.2403e+06 1.19518e+07 -2.8121e+06 1.65597e+07 3.03444e+06
0.579685 -7.32295e+06 1.06847e+06 1.20571e+07 -2.99545e+06 1.67315e+07 3.23501e+06
0.59173 -7.35014e+06 887915 1.21423e+07 -3.18266e+06 1.69121e+07 3.43189e+06
0.603514 -7.37081e+06 703610 1.22082e+07 -3.37173e+06 1.70964e+07 3.62663e+06
0.614965 -7.38647e+06 518849 1.22563e+07 -3.55991e+06 1.72812e+07 3.82047e+06
0.625793 -7.39469e+06 329031 1.2284e+07 -3.74443e+06 1.7471e+07 3.99138e+06
0.636784 -7.40026e+06 142183 1.22994e+07 -3.9345e+06 1.76578e+07 4.18923e+06
0.648177 -7.39756e+06 -54763.8 1.22944e+07 -4.13999e+06 1.78548e+07 4.40869e+06
0.65905 -7.38898e+06 -247006 1.22688e+07 -4.34211e+06 1.8047e+07 4.63044e+06
0.669906 -7.37151e+06 -452018 1.22237e+07 -4.5528e+06 1.8252e+07 4.84525e+06
0.680347 -7.3485e+06 -663781 1.21665e+07 -4.76167e+06 1.84638e+07 5.0365e+06
0.691446 -7.32344e+06 -876934 1.21035e+07 -4.9843e+06 1.86769e+07 5.26588e+06
0.703919 -7.288e+06 -1.11064e+06 1.20206e+07 -5.24176e+06 1.89106e+07 5.5474e+06
0.717687 -7.24926e+06 -1.35082e+06 1.193e+07 -5.52556e+06 1.91508e+07 5.89278e+06
0.736133 -7.19541e+06 -1.62535e+06 1.18103e+07 -5.90776e+06 1.94253e+07 6.4485e+06
0.764621 -7.12564e+06 -1.93836e+06 1.16589e+07 -6.48461e+06 1.97384e+07 7.49509e+06
0.807973 -7.05474e+06 -2.26081e+06 1.15002e+07 -7.32718e+06 2.00608e+07 9.32397e+06
0.84181 -7.10734e+06 -2.31303e+06 1.15581e+07 -7.87688e+06 2.0113e+07 1.09685e+07
0.861004 -7.22474e+06 -2.21447e+06 1.17354e+07 -8.10113e+06 2.00145e+07 1.20133e+07
0.866824 -7.32269e+06 -2.1478e+06 1.18848e+07 -8.10678e+06 1.99478e+07 1.23081e+07
0.536828 -5.4781e+06 1.18974e+06 8.38986e+06 -4.07744e+06 1.66103e+07 4.85623e+06
0.319863 -4.09864e+06 3.51705e+06 5.90396e+06 -1.59492e+06 1.4283e+07 410801
0.186715 -3.17434e+06 5.1807e+06 4.37752e+06 -149200 1.26193e+07 -1.84552e+06
0.0977851 -2.56595e+06 6.45789e+06 3.502e+06 825381 1.13421e+07 -3.1645e+06
0.0425095 -2.15266e+06 7.38957e+06 2.97782e+06 1.39599e+06 1.04104e+07 -3.72869e+06
0.00441324 -1.87114e+06 8.09708e+06 2.65475e+06 1.79258e+06 9.70292e+06 -4.02491e+06
-0.0246975 -1.67372e+06 8.67279e+06 2.45013e+06 2.11334e+06 9.12721e+06 -4.2234e+06
-0.0480853 -1.53024e+06 9.13938e+06 2.29937e+06 2.38616e+06 8.66062e+06 -4.38836e+06
-0.0678159 -1.42013e+06 9.5294e+06 2.17645e+06 2.62725e+06 8.2706e+06 -4.53902e+06
-0.0852692 -1.33311e+06 9.86657e+06 2.07033e+06 2.8509e+06 7.93343e+06 -4.69057e+06
-0.101122 -1.25858e+06 1.01614e+07 1.97182e+06 3.05856e+06 7.63856e+06 -4.84888e+06
-0.115755 -1.19248e+06 1.04225e+07 1.87739e+06 3.25292e+06 7.37749e+06 -5.01366e+06
-0.129421 -1.13062e+06 1.06546e+07 1.78419e+06 3.43432e+06 7.14538e+06 -5.18604e+06
-0.142277 -1.07394e+06 1.08651e+07 1.69672e+06 3.60647e+06 6.93494e+06 -5.3642e+06
-0.154477 -1.02044e+06 1.10568e+07 1.61233e+06 3.77014e+06 6.74324e+06 -5.5479e+06
-0.165971 -966360 1.12261e+07 1.52467e+06 3.92065e+06 6.57386e+06 -5.73526e+06
-0.177006 -914052 1.1383e+07 1.43908e+06 4.06475e+06 6.41701e+06 -5.9252e+06
-0.187662 -863144 1.15293e+07 1.35577e+06 4.20353e+06 6.2707e+06 -6.11834e+06
-0.197927 -810849 1.16608e+07 1.26944e+06 4.33395e+06 6.13915e+06 -6.31706e+06
-0.208082 -762137 1.17879e+07 1.18138e+06 4.466e+06 6.01207e+06 -6.51713e+06
-0.21807 -716737 1.19135e+07 1.09877e+06 4.59838e+06 5.88646e+06 -6.71661e+06
-0.227847 -672096 1.20338e+07 1.01809e+06 4.72777e+06 5.76618e+06 -6.91746e+06
-0.237435 -628178 1.21494e+07 939280 4.85452e+06 5.65056e+06 -7.11943e+06
-0.24674 -581502 1.22532e+07 856527 4.97347e+06 5.54682e+06 -7.32608e+06
-0.255773 -532661 1.23464e+07 771236 5.08542e+06 5.45362e+06 -7.53677e+06
-0.264562 -486061 1.24371e+07 694091 5.19526e+06 5.36293e+06 -7.74755e+06
-0.273688 -432801 1.25263e+07 595649 5.30445e+06 5.27372e+06 -7.95802e+06
-0.282658 -379248 1.26134e+07 497837 5.41057e+06 5.18661e+06 -8.16502e+06
-0.291314 -324907 1.27052e+07 402567 5.5103e+06 5.09477e+06 -8.34828e+06
-0.300693 -260186 1.28154e+07 286576 5.61252e+06 4.98459e+06 -8.51274e+06
-0.309942 -195869 1.29376e+07 176681 5.71285e+06 4.86243e+06 -8.65246e+06
-0.319016 -122051 1.30756e+07 52350.5 5.80054e+06 4.7244e+06 -8.73662e+06
-0.329143 -33449.3 1.32461e+07 -73670.1 5.8922e+06 4.55388e+06 -8.81034e+06
-0.341034 69031.2 1.34121e+07 -215539 6.00138e+06 4.38788e+06 -8.97145e+06
-0.354508 198430 1.36324e+07 -342340 6.11182e+06 4.16755e+06 -9.12352e+06
-0.368195 343447 1.38592e+07 -475030 6.21043e+06 3.9408e+06 -9.26821e+06
-0.381791 493860 1.40815e+07 -612384 6.30203e+06 3.71848e+06 -9.41224e+06
-0.395808 671383 1.43261e+07 -745822 6.374e+06 3.47391e+06 -9.53814e+06
-0.409338 851388 1.4537e+07 -905530 6.43483e+06 3.26299e+06 -9.67912e+06
-0.422689 1.02238e+06 1.47272e+07 -1.08787e+06 6.50148e+06 3.0728e+06 -9.8293e+06
-0.435539 1.19131e+06 1.48926e+07 -1.28461e+06 6.56128e+06 2.90735e+06 -9.98786e+06
-0.448365 1.36289e+06 1.50599e+07 -1.48207e+06 6.61799e+06 2.74014e+06 -1.01409e+07
-0.460843 1.53526e+06 1.52265e+07 -1.68142e+06 6.66775e+06 2.57354e+06 -1.02747e+07
-0.473016 1.70459e+06 1.53881e+07 -1.883e+06 6.7151e+06 2.41194e+06 -1.04e+07
-0.485062 1.87099e+06 1.55436e+07 -2.08997e+06 6.76312e+06 2.25641e+06 -1.05252e+07
-0.496938 2.03391e+06 1.56936e+07 -2.29952e+06 6.81159e+06 2.1064e+06 -1.06498e+07
-0.508848 2.20177e+06 1.58509e+07 -2.50552e+06 6.85573e+06 1.94912e+06 -1.07652e+07
-0.520307 2.3594e+06 1.59895e+07 -2.71879e+06 6.90206e+06 1.81049e+06 -1.08865e+07
-0.531268 2.5082e+06 1.61214e+07 -2.91997e+06 6.94837e+06 1.67862e+06 -1.1007e+07
-0.542104 2.65381e+06 1.62509e+07 -3.12223e+06 6.99565e+06 1.54913e+06 -1.11244e+07
-0.5535 2.824e+06 1.64215e+07 -3.30358e+06 7.0283e+06 1.37846e+06 -1.12102e+07
-0.564753 2.99234e+06 1.65897e+07 -3.48615e+06 7.06027e+06 1.21031e+06 -1.12923e+07
-0.575838 3.15791e+06 1.6754e+07 -3.67067e+06 7.092e+06 1.04601e+06 -1.13711e+07
-0.586939 3.32307e+06 1.6909e+07 -3.87779e+06 7.12445e+06 890984 -1.14467e+07
-0.598792 3.51196e+06 1.70833e+07 -4.10722e+06 7.14653e+06 716709 -1.15017e+07
-0.610466 3.69849e+06 1.72545e+07 -4.33799e+06 7.16781e+06 545515 -1.15519e+07
-0.622432 3.90552e+06 1.74549e+07 -4.55368e+06 7.17376e+06 345057 -1.15743e+07
-0.633816 4.10293e+06 1.76516e+07 -4.7502e+06 7.179e+06 148364 -1.15923e+07
-0.643943 4.26783e+06 1.78206e+07 -4.92138e+06 7.19436e+06 -20604.6 -1.1624e+07
-0.655466 4.4702e+06 1.80146e+07 -5.14147e+06 7.19709e+06 -214592 -1.16312e+07
-0.667212 4.67785e+06 1.82075e+07 -5.3807e+06 7.19853e+06 -407534 -1.16334e+07
-0.679759 4.91467e+06 1.84288e+07 -5.63321e+06 7.18503e+06 -628816 -1.16083e+07
-0.693454 5.17024e+06 1.86439e+07 -5.96016e+06 7.17325e+06 -843887 -1.15825e+07
-0.70924 5.47798e+06 1.88891e+07 -6.36665e+06 7.14649e+06 -1.08905e+06 -1.15287e+07
-0.730143 5.88817e+06 1.91588e+07 -7.02048e+06 7.10837e+06 -1.35883e+06 -1.14515e+07
-0.761554 6.50987e+06 1.94846e+07 -8.17046e+06 7.04579e+06 -1.68463e+06 -1.13273e+07
-0.80484 7.356e+06 1.98308e+07 -9.93486e+06 6.97016e+06 -2.03083e+06 -1.11819e+07
-0.838715 7.94934e+06 1.99828e+07 -1.14381e+07 6.97979e+06 -2.1828e+06 -1.11837e+07
-0.852991 8.08607e+06 1.98956e+07 -1.21884e+07 7.09718e+06 -2.09563e+06 -1.13701e+07
-0.85879 8.08131e+06 1.9817e+07 -1.24861e+07 7.20515e+06 -2.01697e+06 -1.15393e+07
-0.528023 4.04157e+06 1.6453e+07 -5.05115e+06 5.35724e+06 1.34699e+06 -8.03926e+06
-0.311524 1.54839e+06 1.41331e+07 -563804 3.99674e+06 3.66685e+06 -5.60529e+06
-0.17951 107334 1.24899e+07 1.71081e+06 3.08795e+06 5.31009e+06 -4.11685e+06
-0.0915413 -857686 1.12285e+07 3.03215e+06 2.48712e+06 6.57147e+06 -3.2634e+06
-0.037146 -1.41342e+06 1.03284e+07 3.60987e+06 2.07462e+06 7.4716e+06 -2.73666e+06
0.000434931 -1.79956e+06 9.62964e+06 3.89645e+06 1.79182e+06 8.17036e+06 -2.41393e+06
0.029141 -2.11033e+06 9.0646e+06 4.09121e+06 1.59162e+06 8.7354e+06 -2.20588e+06
0.0520271 -2.37266e+06 8.6114e+06 4.25189e+06 1.44658e+06 9.1886e+06 -2.05085e+06
0.0713865 -2.60748e+06 8.23061e+06 4.40094e+06 1.3368e+06 9.56939e+06 -1.92769e+06
0.0885591 -2.82671e+06 7.90092e+06 4.55464e+06 1.25036e+06 9.89908e+06 -1.82374e+06
0.104102 -3.02902e+06 7.61518e+06 4.71683e+06 1.17599e+06 1.01848e+07 -1.72739e+06
0.118498 -3.22133e+06 7.35842e+06 4.88397e+06 1.11207e+06 1.04416e+07 -1.63933e+06
0.131893 -3.39981e+06 7.13197e+06 5.05926e+06 1.0521e+06 1.0668e+07 -1.55221e+06
0.144564 -3.57e+06 6.92556e+06 5.23986e+06 996770 1.08744e+07 -1.46905e+06
0.156538 -3.73145e+06 6.73828e+06 5.42644e+06 945081 1.10617e+07 -1.39076e+06
0.167814 -3.88113e+06 6.57015e+06 5.61344e+06 894052 1.12298e+07 -1.31189e+06
0.178785 -4.0319e+06 6.40506e+06 5.79952e+06 849536 1.13949e+07 -1.24229e+06
0.189385 -4.17757e+06 6.25024e+06 5.98882e+06 806522 1.15498e+07 -1.1752e+06
0.199548 -4.31416e+06 6.11146e+06 6.18415e+06 762203 1.16885e+07 -1.10536e+06
0.209593 -4.4496e+06 5.97968e+06 6.38133e+06 718844 1.18203e+07 -1.02968e+06
0.219429 -4.58185e+06 5.8539e+06 6.58009e+06 676012 1.19461e+07 -954783
0.228975 -4.70715e+06 5.73936e+06 6.78311e+06 631381 1.20606e+07 -877109
0.238265 -4.82558e+06 5.63608e+06 6.99151e+06 584463 1.21639e+07 -795998
0.247355 -4.93973e+06 5.53959e+06 7.20211e+06 536807 1.22604e+07 -714171
0.256218 -5.05132e+06 5.44574e+06 7.41154e+06 490627 1.23543e+07 -638002
0.265006 -5.16116e+06 5.35387e+06 7.62028e+06 444063 1.24461e+07 -561231
0.27406 -5.27047e+06 5.26339e+06 7.82866e+06 392207 1.25366e+07 -467089
0.283013 -5.37796e+06 5.17571e+06 8.03736e+06 340337 1.26243e+07 -373048
0.292312 -5.4915e+06 5.08074e+06 8.24168e+06 288347 1.27193e+07 -270749
0.302004 -5.60306e+06 4.9824e+06 8.44213e+06 227396 1.28176e+07 -150336
0.311927 -5.71244e+06 4.88304e+06 8.64043e+06 160133 1.2917e+07 -17424
0.3221 -5.82142e+06 4.7852e+06 8.83826e+06 88037.1 1.30148e+07 132296
0.330427 -5.87942e+06 4.56758e+06 8.74006e+06 -2173.09 1.32324e+07 239885
0.341672 -5.97612e+06 4.39868e+06 8.85326e+06 -105637 1.34013e+07 389357
0.354703 -6.07964e+06 4.23969e+06 9.06588e+06 -234067 1.35603e+07 554626
0.354703 -6.07964e+06 4.23969e+06 9.06588e+06 -234067 1.35603e+07 554626
0.372277 -6.25782e+06 3.90214e+06 9.17812e+06 -368712 1.38979e+07 705733
0.385987 -6.36732e+06 3.70605e+06 9.36569e+06 -503257 1.4094e+07 858122
0.399689 -6.46921e+06 3.51042e+06 9.55214e+06 -645255 1.42896e+07 1.01209e+06
0.412958 -6.56139e+06 3.34406e+06 9.75368e+06 -789260 1.44559e+07 1.18638e+06
0.426013 -6.64775e+06 3.19103e+06 9.96136e+06 -935285 1.4609e+07 1.3698e+06
0.439351 -6.73359e+06 3.0365e+06 1.01669e+07 -1.08685e+06 1.47635e+07 1.56742e+06
0.452581 -6.79874e+06 2.87578e+06 1.0356e+07 -1.2572e+06 1.49242e+07 1.76335e+06
0.46508 -6.86373e+06 2.73706e+06 1.05379e+07 -1.41468e+06 1.50629e+07 1.97148e+06
0.47748 -6.92899e+06 2.60159e+06 1.07178e+07 -1.57016e+06 1.51984e+07 2.18279e+06
0.489785 -6.99518e+06 2.46973e+06 1.08981e+07 -1.72298e+06 1.53303e+07 2.39586e+06
0.502191 -7.05807e+06 2.33075e+06 1.10719e+07 -1.88093e+06 1.54692e+07 2.60656e+06
0.514703 -7.11677e+06 2.18295e+06 1.12379e+07 -2.04495e+06 1.56171e+07 2.81317e+06
0.526848 -7.1797e+06 2.05364e+06 1.14116e+07 -2.19819e+06 1.57464e+07 3.02933e+06
0.538812 -7.24056e+06 1.9317e+06 1.15856e+07 -2.35029e+06 1.58683e+07 3.25035e+06
0.551224 -7.28536e+06 1.77356e+06 1.17326e+07 -2.52642e+06 1.60264e+07 3.44992e+06
0.563313 -7.32707e+06 1.61304e+06 1.18717e+07 -2.6999e+06 1.6187e+07 3.63525e+06
0.57514 -7.36788e+06 1.45767e+06 1.20044e+07 -2.86961e+06 1.63423e+07 3.82336e+06
0.586808 -7.40418e+06 1.29978e+06 1.21244e+07 -3.04101e+06 1.65002e+07 4.01073e+06
0.59819 -7.43785e+06 1.14454e+06 1.22327e+07 -3.20994e+06 1.66555e+07 4.19976e+06
0.609173 -7.47021e+06 996559 1.23303e+07 -3.37307e+06 1.68034e+07 4.39264e+06
0.6204 -7.4871e+06 820727 1.23923e+07 -3.55602e+06 1.69793e+07 4.57853e+06
0.631988 -7.50267e+06 642292 1.24364e+07 -3.74671e+06 1.71577e+07 4.79636e+06
0.643371 -7.51069e+06 457481 1.24602e+07 -3.94132e+06 1.73425e+07 5.01079e+06
0.654561 -7.51301e+06 268701 1.24679e+07 -4.13818e+06 1.75313e+07 5.22306e+06
0.664633 -7.50922e+06 75697.7 1.24612e+07 -4.32126e+06 1.77243e+07 5.38167e+06
0.675788 -7.49249e+06 -129652 1.24213e+07 -4.53653e+06 1.79297e+07 5.60648e+06
0.687035 -7.47449e+06 -331981 1.23748e+07 -4.75472e+06 1.8132e+07 5.84886e+06
0.699157 -7.45e+06 -545639 1.23138e+07 -4.995e+06 1.83456e+07 6.1299e+06
0.713763 -7.419e+06 -772349 1.22385e+07 -5.28598e+06 1.85723e+07 6.5317e+06
0.73176 -7.37527e+06 -1.02543e+06 1.21393e+07 -5.65007e+06 1.88254e+07 7.08583e+06
0.759126 -7.31415e+06 -1.31981e+06 1.20055e+07 -6.19828e+06 1.91198e+07 8.09223e+06
0.801775 -7.22619e+06 -1.67652e+06 1.18204e+07 -7.0454e+06 1.94765e+07 9.84132e+06
0.838134 -7.20786e+06 -1.88993e+06 1.17509e+07 -7.71093e+06 1.96899e+07 1.14256e+07
0.858397 -7.32325e+06 -1.81831e+06 1.19113e+07 -7.95621e+06 1.96183e+07 1.24904e+07
0.86461 -7.42505e+06 -1.76354e+06 1.20555e+07 -7.96501e+06 1.95635e+07 1.27876e+07
0.5372 -5.57491e+06 1.57214e+06 8.54878e+06 -3.98724e+06 1.62279e+07 5.48198e+06
0.318346 -4.19989e+06 3.90044e+06 6.07667e+06 -1.46667e+06 1.38996e+07 923874
0.184396 -3.26619e+06 5.55038e+06 4.53234e+06 -16061.6 1.22496e+07 -1.38482e+06
0.0956887 -2.64572e+06 6.79703e+06 3.63798e+06 942466 1.1003e+07 -2.73415e+06
0.0407601 -2.22849e+06 7.68981e+06 3.09765e+06 1.50296e+06 1.01102e+07 -3.34143e+06
0.00333303 -1.93994e+06 8.37692e+06 2.76697e+06 1.88061e+06 9.42308e+06 -3.63515e+06
-0.025046 -1.73649e+06 8.92814e+06 2.55212e+06 2.18231e+06 8.87186e+06 -3.83328e+06
-0.0477446 -1.58683e+06 9.36885e+06 2.38865e+06 2.43668e+06 8.43115e+06 -4.00051e+06
-0.0670124 -1.47328e+06 9.74102e+06 2.25689e+06 2.6661e+06 8.05898e+06 -4.15332e+06
-0.0841899 -1.38094e+06 1.00648e+07 2.14283e+06 2.87952e+06 7.73524e+06 -4.30904e+06
-0.0998953 -1.30342e+06 1.03522e+07 2.03959e+06 3.08155e+06 7.44778e+06 -4.46955e+06
-0.114423 -1.23392e+06 1.06063e+07 1.9399e+06 3.27065e+06 7.19369e+06 -4.63748e+06
-0.128034 -1.1727e+06 1.08381e+07 1.84846e+06 3.45171e+06 6.96193e+06 -4.80933e+06
-0.140793 -1.11327e+06 1.10417e+07 1.75553e+06 3.61938e+06 6.75834e+06 -4.99054e+06
-0.152896 -1.0565e+06 1.12265e+07 1.66403e+06 3.77805e+06 6.57353e+06 -5.17574e+06
-0.164421 -1.00204e+06 1.13963e+07 1.57433e+06 3.92873e+06 6.40372e+06 -5.36184e+06
-0.175503 -945590 1.15483e+07 1.47926e+06 4.06954e+06 6.25172e+06 -5.55455e+06
-0.186287 -890428 1.16905e+07 1.38357e+06 4.20633e+06 6.10951e+06 -5.75029e+06
-0.196715 -838160 1.18215e+07 1.28859e+06 4.33969e+06 5.97848e+06 -5.95015e+06
-0.206798 -785236 1.19409e+07 1.19246e+06 4.46625e+06 5.85913e+06 -6.15376e+06
-0.216591 -731823 1.20505e+07 1.09586e+06 4.58714e+06 5.74946e+06 -6.36071e+06
-0.226239 -681580 1.21596e+07 1.00478e+06 4.70863e+06 5.64038e+06 -6.5667e+06
-0.235788 -635344 1.22705e+07 920541 4.83237e+06 5.52948e+06 -6.7706e+06
-0.245123 -590766 1.23775e+07 841619 4.95396e+06 5.42253e+06 -6.97628e+06
-0.254604 -542410 1.24825e+07 750958 5.07436e+06 5.31752e+06 -7.18186e+06
-0.263952 -491379 1.25804e+07 654783 5.18972e+06 5.21963e+06 -7.38906e+06
-0.273063 -437764 1.26693e+07 554991 5.29828e+06 5.13073e+06 -7.598e+06
-0.282494 -377037 1.27554e+07 432370 5.40543e+06 5.04456e+06 -7.80668e+06
-0.291982 -314158 1.28397e+07 302764 5.51144e+06 4.9603e+06 -8.01521e+06
-0.301785 -243251 1.29241e+07 154883 5.61503e+06 4.87592e+06 -8.22206e+06
-0.311952 -167335 1.30165e+07 -2114.93 5.72009e+06 4.78352e+06 -8.42318e+06
-0.322616 -92425.8 1.31205e+07 -168652 5.835e+06 4.67946e+06 -8.61799e+06
-0.332665 -6982.15 1.32404e+07 -344029 5.92842e+06 4.55956e+06 -8.73942e+06
-0.341886 113005 1.34601e+07 -476169 5.97257e+06 4.33986e+06 -8.66027e+06
-0.35425 235657 1.36166e+07 -646930 6.07e+06 4.18337e+06 -8.83678e+06
-0.366718 355801 1.37667e+07 -827880 6.17177e+06 4.03333e+06 -9.0215e+06
-0.378884 473708 1.39005e+07 -1.01825e+06 6.27044e+06 3.89952e+06 -9.21322e+06
-0.391333 609880 1.40499e+07 -1.20513e+06 6.35584e+06 3.75005e+06 -9.39214e+06
-0.403944 754952 1.42122e+07 -1.38555e+06 6.43525e+06 3.5878e+06 -9.56067e+06
-0.416609 899021 1.4367e+07 -1.58154e+06 6.51663e+06 3.43298e+06 -9.73135e+06
-0.42912 1.04313e+06 1.45127e+07 -1.78527e+06 6.5952e+06 3.28731e+06 -9.90437e+06
-0.441309 1.18794e+06 1.46413e+07 -2.00039e+06 6.66737e+06 3.15873e+06 -1.0083e+07
-0.453592 1.34071e+06 1.47813e+07 -2.20993e+06 6.73322e+06 3.01872e+06 -1.02493e+07
-0.465464 1.49461e+06 1.49225e+07 -2.41914e+06 6.79065e+06 2.87754e+06 -1.03917e+07
-0.477096 1.64093e+06 1.50515e+07 -2.63578e+06 6.85138e+06 2.74846e+06 -1.05381e+07
-0.488579 1.78624e+06 1.5176e+07 -2.85469e+06 6.91047e+06 2.62402e+06 -1.06835e+07
-0.499941 1.92999e+06 1.52967e+07 -3.07599e+06 6.96896e+06 2.50328e+06 -1.08274e+07
-0.511684 2.09325e+06 1.54458e+07 -3.28318e+06 7.01473e+06 2.3542e+06 -1.09492e+07
-0.523393 2.25892e+06 1.55982e+07 -3.48846e+06 7.05747e+06 2.20184e+06 -1.10644e+07
-0.534324 2.40055e+06 1.57183e+07 -3.70051e+06 7.11042e+06 2.08169e+06 -1.11958e+07
-0.545264 2.54663e+06 1.58482e+07 -3.90423e+06 7.15908e+06 1.95175e+06 -1.13164e+07
-0.55654 2.70987e+06 1.60063e+07 -4.09275e+06 7.19653e+06 1.79373e+06 -1.14139e+07
-0.567673 2.8711e+06 1.61616e+07 -4.28264e+06 7.23349e+06 1.63844e+06 -1.1508e+07
-0.578784 3.03591e+06 1.63222e+07 -4.46962e+06 7.26644e+06 1.47784e+06 -1.15931e+07
-0.590009 3.21073e+06 1.64976e+07 -4.64862e+06 7.29143e+06 1.30236e+06 -1.16626e+07
-0.600711 3.36688e+06 1.66467e+07 -4.84164e+06 7.32577e+06 1.1533e+06 -1.17429e+07
-0.612079 3.54508e+06 1.68127e+07 -5.05773e+06 7.34992e+06 987275 -1.18018e+07
-0.62358 3.73255e+06 1.69897e+07 -5.27367e+06 7.36717e+06 810330 -1.18462e+07
-0.634944 3.9215e+06 1.71704e+07 -5.48422e+06 7.3805e+06 629554 -1.18809e+07
-0.645908 4.113e+06 1.73666e+07 -5.66075e+06 7.38417e+06 433364 -1.18975e+07
-0.657786 4.32043e+06 1.75591e+07 -5.89712e+06 7.38815e+06 240863 -1.19104e+07
-0.670184 4.55091e+06 1.77779e+07 -6.13468e+06 7.37836e+06 22085.3 -1.18973e+07
-0.683195 4.7962e+06 1.80014e+07 -6.40522e+06 7.36468e+06 -201449 -1.18745e+07
-0.698503 5.09334e+06 1.82474e+07 -6.77601e+06 7.34002e+06 -447386 -1.18293e+07
-0.716734 5.45022e+06 1.85087e+07 -7.28912e+06 7.30766e+06 -708711 -1.17671e+07
-0.743454 5.98031e+06 1.88202e+07 -8.1984e+06 7.25316e+06 -1.02019e+06 -1.16616e+07
-0.78539 6.81706e+06 1.92151e+07 -9.82169e+06 7.16289e+06 -1.41514e+06 -1.14879e+07
-0.823832 7.56218e+06 1.95462e+07 -1.13411e+07 7.10203e+06 -1.74615e+06 -1.13592e+07
-0.846891 7.86969e+06 1.95048e+07 -1.24992e+07 7.20497e+06 -1.70476e+06 -1.15153e+07
-0.854193 7.89498e+06 1.94444e+07 -1.28432e+07 7.30965e+06 -1.64442e+06 -1.16819e+07
-0.526695 3.92547e+06 1.60904e+07 -5.57822e+06 5.44969e+06 1.70964e+06 -8.16655e+06
-0.309325 1.41347e+06 1.37645e+07 -1.03949e+06 4.09253e+06 4.03554e+06 -5.74957e+06
-0.176993 -24920.4 1.21227e+07 1.24747e+06 3.1754e+06 5.67731e+06 -4.25355e+06
-0.0896549 -968749 1.08883e+07 2.57479e+06 2.56461e+06 6.91173e+06 -3.38583e+06
-0.0353491 -1.51499e+06 9.98045e+06 3.13637e+06 2.14421e+06 7.81955e+06 -2.8631e+06
0.00168768 -1.88467e+06 9.30245e+06 3.42608e+06 1.85463e+06 8.49755e+06 -2.53106e+06
0.029641 -2.17692e+06 8.75939e+06 3.61439e+06 1.64931e+06 9.04061e+06 -2.31278e+06
0.0526015 -2.43745e+06 8.30933e+06 3.78541e+06 1.50114e+06 9.49067e+06 -2.15782e+06
0.0719345 -2.67055e+06 7.94411e+06 3.95691e+06 1.39012e+06 9.85589e+06 -2.0274e+06
0.088768 -2.88036e+06 7.63392e+06 4.12061e+06 1.30029e+06 1.01661e+07 -1.91256e+06
0.104087 -3.07728e+06 7.35933e+06 4.28715e+06 1.22454e+06 1.04407e+07 -1.81025e+06
0.11826 -3.2631e+06 7.1135e+06 4.45783e+06 1.15806e+06 1.06865e+07 -1.71572e+06
0.131468 -3.43906e+06 6.89155e+06 4.63292e+06 1.09892e+06 1.09085e+07 -1.62941e+06
0.143825 -3.60122e+06 6.69636e+06 4.81495e+06 1.04113e+06 1.11036e+07 -1.54197e+06
0.15561 -3.75712e+06 6.51582e+06 5.00015e+06 987265 1.12842e+07 -1.45895e+06
0.16685 -3.90456e+06 6.35173e+06 5.19008e+06 934620 1.14483e+07 -1.37681e+06
0.177596 -4.04314e+06 6.20362e+06 5.38505e+06 881926 1.15964e+07 -1.29418e+06
0.188117 -4.17762e+06 6.06355e+06 5.58096e+06 829135 1.17365e+07 -1.2084e+06
0.198331 -4.30761e+06 5.93266e+06 5.77857e+06 777330 1.18673e+07 -1.12239e+06
0.208135 -4.43052e+06 5.8174e+06 5.98197e+06 725721 1.19826e+07 -1.03278e+06
0.217713 -4.55079e+06 5.70728e+06 6.18596e+06 675497 1.20927e+07 -945543
0.227227 -4.67529e+06 5.59298e+06 6.38685e+06 630660 1.2207e+07 -866994
0.236562 -4.79735e+06 5.48288e+06 6.5885e+06 586539 1.23171e+07 -790299
0.245663 -4.91722e+06 5.37595e+06 6.79044e+06 544427 1.24241e+07 -720167
0.25492 -5.03396e+06 5.27375e+06 6.99345e+06 496383 1.25263e+07 -633207
0.264052 -5.14453e+06 5.18144e+06 7.20113e+06 444415 1.26186e+07 -537892
0.273171 -5.24906e+06 5.08807e+06 7.40684e+06 386616 1.27119e+07 -443355
0.282786 -5.35352e+06 4.995e+06 7.61168e+06 319931 1.2805e+07 -320925
0.292366 -5.45638e+06 4.90414e+06 7.81651e+06 252271 1.28959e+07 -195903
0.302339 -5.55769e+06 4.81493e+06 8.01893e+06 176061 1.29851e+07 -44175.8
0.312243 -5.65847e+06 4.69902e+06 8.16759e+06 100543 1.3101e+07 104243
0.322284 -5.75276e+06 4.57126e+06 8.29003e+06 16110.1 1.32287e+07 262435
0.332796 -5.83272e+06 4.41737e+06 8.38289e+06 -91039.5 1.33826e+07 423145
0.343645 -5.91953e+06 4.2858e+06 8.51748e+06 -197356 1.35142e+07 604777
0.354628 -6.0126e+06 4.16456e+06 8.67057e+06 -299774 1.36354e+07 795685
0.354628 -6.0126e+06 4.16456e+06 8.67057e+06 -299774 1.36354e+07 795685
0.366494 -6.10143e+06 4.00271e+06 8.80553e+06 -422164 1.37973e+07 970659
0.378748 -6.20015e+06 3.87188e+06 9.00396e+06 -541569 1.39281e+07 1.16494e+06
0.390757 -6.29727e+06 3.752e+06 9.20345e+06 -658211 1.4048e+07 1.36699e+06
0.402653 -6.39269e+06 3.63446e+06 9.39844e+06 -774543 1.41655e+07 1.57217e+06
0.414534 -6.48696e+06 3.51666e+06 9.59102e+06 -891744 1.42833e+07 1.77842e+06
0.426974 -6.56605e+06 3.37213e+06 9.76385e+06 -1.03408e+06 1.44279e+07 1.9808e+06
0.439133 -6.63795e+06 3.24381e+06 9.94242e+06 -1.17862e+06 1.45562e+07 2.19493e+06
0.450985 -6.71419e+06 3.13045e+06 1.01271e+07 -1.31334e+06 1.46696e+07 2.41642e+06
0.462684 -6.78847e+06 3.0195e+06 1.03055e+07 -1.4473e+06 1.47805e+07 2.64082e+06
0.474032 -6.85673e+06 2.90906e+06 1.04661e+07 -1.58103e+06 1.48909e+07 2.86534e+06
0.485584 -6.91471e+06 2.78174e+06 1.06123e+07 -1.72867e+06 1.50183e+07 3.08133e+06
0.497106 -6.97031e+06 2.65307e+06 1.0754e+07 -1.87818e+06 1.51469e+07 3.29755e+06
0.508314 -7.03016e+06 2.53951e+06 1.09016e+07 -2.01783e+06 1.52605e+07 3.52142e+06
0.519355 -7.09085e+06 2.4317e+06 1.10489e+07 -2.15367e+06 1.53683e+07 3.74809e+06
0.530606 -7.14228e+06 2.30515e+06 1.1179e+07 -2.30252e+06 1.54948e+07 3.96572e+06
0.540001 -7.07558e+06 1.98682e+06 1.09435e+07 -2.53644e+06 1.58132e+07 4.06624e+06
0.552172 -7.11973e+06 1.81325e+06 1.10662e+07 -2.70893e+06 1.59868e+07 4.24631e+06
0.564598 -7.16956e+06 1.64293e+06 1.12073e+07 -2.88029e+06 1.61571e+07 4.42811e+06
0.577282 -7.21409e+06 1.45884e+06 1.13421e+07 -3.06153e+06 1.63412e+07 4.60244e+06
0.590334 -7.251e+06 1.25501e+06 1.14677e+07 -3.25695e+06 1.6545e+07 4.76618e+06
0.603627 -7.28221e+06 1.03731e+06 1.15858e+07 -3.46235e+06 1.67627e+07 4.9225e+06
0.617515 -7.31322e+06 819934 1.17014e+07 -3.67855e+06 1.69801e+07 5.11379e+06
0.63167 -7.33642e+06 585020 1.18035e+07 -3.9073e+06 1.7215e+07 5.29773e+06
0.645651 -7.35662e+06 348400 1.18966e+07 -4.13597e+06 1.74516e+07 5.47793e+06
0.659367 -7.36712e+06 99066 1.19687e+07 -4.36961e+06 1.77009e+07 5.6396e+06
0.67363 -7.36545e+06 -162172 1.20087e+07 -4.62517e+06 1.79622e+07 5.83883e+06
0.687825 -7.35527e+06 -417365 1.20153e+07 -4.88802e+06 1.82174e+07 6.07981e+06
0.701785 -7.33035e+06 -670493 1.19769e+07 -5.16143e+06 1.84705e+07 6.35745e+06
0.717602 -7.28798e+06 -935970 1.18898e+07 -5.48533e+06 1.8736e+07 6.75822e+06
0.736882 -7.2402e+06 -1.20549e+06 1.17838e+07 -5.8763e+06 1.90055e+07 7.3547e+06
0.765112 -7.21996e+06 -1.41828e+06 1.17176e+07 -6.39903e+06 1.92183e+07 8.50281e+06
0.798386 -7.31972e+06 -1.38352e+06 1.18507e+07 -6.89156e+06 1.91835e+07 1.02161e+07
0.827754 -7.41263e+06 -1.34699e+06 1.1981e+07 -7.32139e+06 1.9147e+07 1.17271e+07
0.850532 -7.49771e+06 -1.32406e+06 1.20985e+07 -7.64176e+06 1.91241e+07 1.28718e+07
0.857915 -7.57977e+06 -1.29547e+06 1.22176e+07 -7.69112e+06 1.90955e+07 1.32041e+07
0.864313 -7.65268e+06 -1.28416e+06 1.23196e+07 -7.73209e+06 1.90842e+07 1.34664e+07
0.870642 -7.71857e+06 -1.28572e+06 1.24076e+07 -7.77886e+06 1.90857e+07 1.37132e+07
0.876818 -7.78534e+06 -1.28644e+06 1.24955e+07 -7.82202e+06 1.90864e+07 1.39537e+07
0.882824 -7.85301e+06 -1.28706e+06 1.25846e+07 -7.86126e+06 1.90871e+07 1.41841e+07
0.88909 -7.91065e+06 -1.30948e+06 1.26573e+07 -7.91515e+06 1.91095e+07 1.44011e+07
0.895259 -7.96699e+06 -1.33319e+06 1.27268e+07 -7.96861e+06 1.91332e+07 1.46137e+07
0.900547 -8.035e+06 -1.32095e+06 1.28119e+07 -7.99474e+06 1.91209e+07 1.48355e+07
0.905428 -8.11241e+06 -1.2876e+06 1.29127e+07 -8.00421e+06 1.90876e+07 1.5062e+07
0.910627 -8.17869e+06 -1.28211e+06 1.29932e+07 -8.03047e+06 1.90821e+07 1.52701e+07
0.915736 -8.24455e+06 -1.27922e+06 1.3072e+07 -8.05554e+06 1.90792e+07 1.54699e+07
0.920779 -8.31037e+06 -1.27618e+06 1.31508e+07 -8.0795e+06 1.90762e+07 1.56664e+07
0.925776 -8.37622e+06 -1.27305e+06 1.32297e+07 -8.10259e+06 1.90731e+07 1.58606e+07
0.931559 -8.42116e+06 -1.31559e+06 1.32733e+07 -8.16059e+06 1.91156e+07 1.60407e+07
0.937491 -8.46058e+06 -1.36921e+06 1.33077e+07 -8.22677e+06 1.91692e+07 1.62159e+07
0.943338 -8.50047e+06 -1.42259e+06 1.33438e+07 -8.29095e+06 1.92226e+07 1.63853e+07
0.949151 -8.54024e+06 -1.47504e+06 1.33804e+07 -8.35465e+06 1.9275e+07 1.65542e+07
0.954909 -8.57952e+06 -1.52566e+06 1.34179e+07 -8.41786e+06 1.93257e+07 1.67229e+07
0.960605 -8.61851e+06 -1.57447e+06 1.34565e+07 -8.48025e+06 1.93745e+07 1.68908e+07
0.966054 -8.65838e+06 -1.61333e+06 1.35014e+07 -8.53738e+06 1.94133e+07 1.70592e+07
