0 0 0 0
1 1e-05 -1.48706e-36 -9.20847e-21
2 2e-05 4.70198e-38 -1.72093e-20
3 3e-05 8.93376e-37 -2.54449e-20
4 4e-05 3.99668e-37 -3.46534e-20
5 5e-05 -1.53696e-36 -4.43483e-20
6 6e-05 1.41059e-36 -5.30703e-20
7 7e-05 8.93376e-37 -6.22788e-20
8 8e-05 1.68683e-36 -6.97932e-20
9 9e-05 3.52648e-37 -7.90017e-20
10 0.0001 2.17613e-36 -8.86966e-20
11 0.00011 1.64569e-36 -9.7536e-20
12 0.00012 1.14023e-36 -1.07348e-19
13 0.00013 1.12847e-36 -1.16557e-19
14 0.00014 2.18054e-36 -1.24558e-19
15 0.00015 6.58277e-37 -1.34253e-19
16 0.00016 1.22251e-36 -1.41767e-19
17 0.00017 -2.35099e-37 -1.49768e-19
18 0.00018 3.76158e-37 -1.58607e-19
19 0.00019 1.48112e-36 -1.65753e-19
20 0.0002 2.06887e-36 -1.75078e-19
21 0.00021 1.97483e-36 -1.84287e-19
22 0.00022 1.31655e-36 -1.93495e-19
23 0.00023 3.99668e-37 -2.01496e-19
24 0.00024 1.24602e-36 -2.11308e-19
25 0.00025 1.69271e-36 -2.20517e-19
26 0.00026 1.59867e-36 -2.29356e-19
27 0.00027 2.11589e-36 -2.38078e-19
28 0.00028 1.55165e-36 -2.46918e-19
29 0.00029 1.55165e-36 -2.5564e-19
30 0.0003 1.88079e-36 -2.62785e-19
31 0.00031 1.83377e-36 -2.71507e-19
32 0.00032 1.78675e-36 -2.78652e-19
33 0.00033 2.49205e-36 -2.85798e-19
34 0.00034 2.1394e-36 -2.9452e-19
35 0.00035 2.20993e-36 -3.01665e-19
36 0.00036 2.53907e-36 -3.10387e-19
37 0.00037 2.06887e-36 -3.17533e-19
38 0.00038 2.16291e-36 -3.26255e-19
39 0.00039 1.83377e-36 -3.35094e-19
40 0.0004 1.92781e-36 -3.43816e-19
41 0.00041 2.58609e-36 -3.50961e-19
42 0.00042 2.02185e-36 -3.59683e-19
43 0.00043 2.32748e-36 -3.66829e-19
44 0.00044 2.63311e-36 -3.75551e-19
45 0.00045 2.6096e-36 -3.8439e-19
46 0.00046 2.63311e-36 -3.93112e-19
47 0.00047 2.68013e-36 -4.0123e-19
48 0.00048 2.98869e-36 -4.11043e-19
49 0.00049 2.96445e-36 -4.20855e-19
50 0.0005 3.54852e-36 -4.28e-19
51 0.00051 2.96225e-36 -4.33452e-19
52 0.00052 2.52731e-36 -4.42291e-19
53 0.00053 3.71456e-36 -4.50409e-19
54 0.00054 3.24436e-36 -4.58041e-19
55 0.00055 3.10331e-36 -4.67853e-19
56 0.00056 2.68013e-36 -4.77666e-19
57 0.00057 3.24436e-36 -4.87478e-19
58 0.00058 3.20322e-36 -4.98498e-19
59 0.00059 2.91523e-36 -5.05643e-19
60 0.0006 3.45595e-36 -5.12788e-19
61 0.00061 3.47946e-36 -5.1824e-19
62 0.00062 3.94966e-36 -5.24899e-19
63 0.00063 3.8086e-36 -5.32044e-19
64 0.00064 4.0437e-36 -5.39189e-19
65 0.00065 4.2788e-36 -5.4464e-19
66 0.00066 3.59701e-36 -5.5348e-19
67 0.00067 3.85562e-36 -5.60139e-19
68 0.00068 2.93874e-36 -5.67284e-19
69 0.00069 3.8086e-36 -5.74429e-19
70 0.0007 4.41986e-36 -5.79881e-19
71 0.00071 4.11423e-36 -5.88234e-19
72 0.00072 3.37367e-36 -5.95379e-19
73 0.00073 4.2788e-36 -6.02524e-19
74 0.00074 3.90264e-36 -6.07976e-19
75 0.00075 4.32582e-36 -6.16329e-19
76 0.00076 3.50885e-36 -6.23474e-19
77 0.00077 4.56092e-36 -6.30619e-19
78 0.00078 4.32582e-36 -6.36071e-19
79 0.00079 4.749e-36 -6.42729e-19
80 0.0008 4.41986e-36 -6.49875e-19
81 0.00081 5.07814e-36 -6.5702e-19
82 0.00082 4.749e-36 -6.62471e-19
83 0.00083 3.87913e-36 -6.71311e-19
84 0.00084 4.56092e-36 -6.7797e-19
85 0.00085 4.44337e-36 -6.85115e-19
86 0.00086 4.65496e-36 -6.9226e-19
87 0.00087 5.36025e-36 -6.97712e-19
88 0.00088 4.77251e-36 -7.06065e-19
89 0.00089 4.72843e-36 -7.1321e-19
90 0.0009 4.93708e-36 -7.20355e-19
91 0.00091 5.40727e-36 -7.25806e-19
92 0.00092 5.68939e-36 -7.34159e-19
93 0.00093 5.23095e-36 -7.41305e-19
94 0.00094 4.9841e-36 -7.4845e-19
95 0.00095 5.59535e-36 -7.53901e-19
96 0.00096 5.3485e-36 -7.62741e-19
97 0.00097 6.01853e-36 -7.70373e-19
98 0.00098 5.21919e-36 -7.78491e-19
99 0.00099 5.54833e-36 -7.88303e-19
100 0.001 5.26621e-36 -7.98115e-19
101 0.00101 4.89006e-36 -8.07928e-19
102 0.00102 5.8187e-36 -8.16046e-19
103 0.00103 6.22424e-36 -8.25858e-19
104 0.00104 5.78931e-36 -8.3567e-19
105 0.00105 5.3485e-36 -8.45483e-19
106 0.00106 5.03112e-36 -8.55295e-19
107 0.00107 7.14701e-36 -8.61233e-19
108 0.00108 6.4182e-36 -8.68378e-19
109 0.00109 6.25363e-36 -8.75523e-19
110 0.0011 6.15959e-36 -8.80975e-19
111 0.00111 5.30148e-36 -8.89814e-19
112 0.00112 6.34767e-36 -8.97932e-19
113 0.00113 6.40057e-36 -9.07745e-19
114 0.00114 5.8187e-36 -9.17557e-19
115 0.00115 5.95976e-36 -9.27369e-19
116 0.00116 6.58277e-36 -9.33307e-19
117 0.00117 6.3124e-36 -9.40452e-19
118 0.00118 7.00595e-36 -9.45903e-19
119 0.00119 6.5475e-36 -9.54743e-19
120 0.0012 6.25363e-36 -9.62861e-19
121 0.00121 6.77085e-36 -9.72673e-19
122 0.00122 6.58258e-36 -9.82486e-19
123 0.00123 6.85607e-36 -9.92298e-19
124 0.00124 7.19403e-36 -9.98236e-19
125 0.00125 6.93542e-36 -1.00538e-18
126 0.00126 7.33508e-36 -1.01083e-18
127 0.00127 7.65247e-36 -1.01967e-18
128 0.00128 6.81566e-36 -1.02779e-18
129 0.00129 7.84055e-36 -1.0376e-18
130 0.0013 7.66422e-36 -1.04741e-18
131 0.00131 7.06472e-36 -1.05723e-18
132 0.00132 6.46522e-36 -1.06704e-18
133 0.00133 7.71124e-36 -1.07298e-18
134 0.00134 7.65247e-36 -1.08012e-18
135 0.00135 7.89932e-36 -1.08727e-18
136 0.00136 7.8523e-36 -1.09272e-18
137 0.00137 7.74945e-36 -1.10156e-18
138 0.00138 7.00595e-36 -1.10968e-18
139 0.00139 7.81704e-36 -1.11949e-18
140 0.0014 7.26456e-36 -1.1293e-18
141 0.00141 6.95893e-36 -1.13524e-18
142 0.00142 7.8523e-36 -1.14069e-18
143 0.00143 7.75826e-36 -1.14953e-18
144 0.00144 8.3225e-36 -1.15765e-18
145 0.00145 7.54667e-36 -1.16746e-18
146 0.00146 8.39303e-36 -1.17727e-18
147 0.00147 7.33508e-36 -1.18708e-18
148 0.00148 7.1713e-36 -1.1969e-18
149 0.00149 8.35483e-36 -1.2084e-18
150 0.0015 8.74568e-36 -1.21676e-18
151 0.00151 8.28724e-36 -1.2239e-18
152 0.00152 8.04038e-36 -1.23105e-18
153 0.00153 8.41654e-36 -1.2365e-18
154 0.00154 7.87581e-36 -1.24534e-18
155 0.00155 8.86323e-36 -1.25346e-18
156 0.00156 7.79353e-36 -1.26327e-18
157 0.00157 7.723e-36 -1.27308e-18
158 0.00158 8.60462e-36 -1.27902e-18
159 0.00159 8.29899e-36 -1.28447e-18
160 0.0016 8.76919e-36 -1.29331e-18
161 0.00161 9.30992e-36 -1.30143e-18
162 0.00162 8.61637e-36 -1.31124e-18
163 0.00163 8.93596e-36 -1.32105e-18
164 0.00164 8.50176e-36 -1.33086e-18
165 0.00165 8.70454e-36 -1.34068e-18
166 0.00166 9.42746e-36 -1.35218e-18
167 0.00167 1.02973e-35 -1.36054e-18
168 0.00168 9.23351e-36 -1.36768e-18
169 0.00169 9.00429e-36 -1.37483e-18
170 0.0017 9.59203e-36 -1.38028e-18
171 0.00171 9.29816e-36 -1.38912e-18
172 0.00172 1.01328e-35 -1.39723e-18
173 0.00173 9.01016e-36 -1.40705e-18
174 0.00174 9.15269e-36 -1.41686e-18
175 0.00175 8.93376e-36 -1.4228e-18
176 0.00176 9.59203e-36 -1.42825e-18
177 0.00177 8.95727e-36 -1.43709e-18
178 0.00178 1.04854e-35 -1.44521e-18
179 0.00179 9.40395e-36 -1.45502e-18
180 0.0018 9.40395e-36 -1.46483e-18
181 0.00181 9.56852e-36 -1.47464e-18
182 0.00182 1.05794e-35 -1.48445e-18
183 0.00183 9.74485e-36 -1.49596e-18
184 0.00184 9.78011e-36 -1.50431e-18
185 0.00185 9.37163e-36 -1.51146e-18
186 0.00186 1.02738e-35 -1.5186e-18
187 0.00187 1.01563e-35 -1.52406e-18
188 0.00188 9.97995e-36 -1.5329e-18
189 0.00189 1.15904e-35 -1.54101e-18
190 0.0019 1.09791e-35 -1.55083e-18
191 0.00191 1.09909e-35 -1.56064e-18
192 0.00192 1.02621e-35 -1.57045e-18
193 0.00193 1.16139e-35 -1.57639e-18
194 0.00194 1.02973e-35 -1.58353e-18
195 0.00195 1.04854e-35 -1.58898e-18
196 0.00196 1.0603e-35 -1.59492e-18
197 0.00197 1.02033e-35 -1.59917e-18
198 0.00198 1.04384e-35 -1.60462e-18
199 0.00199 1.07675e-35 -1.61346e-18
200 0.002 1.1849e-35 -1.62158e-18
201 0.00201 1.065e-35 -1.63139e-18
202 0.00202 1.15647e-35 -1.6412e-18
203 0.00203 1.02709e-35 -1.65101e-18
204 0.00204 1.05736e-35 -1.66082e-18
205 0.00205 1.09674e-35 -1.67233e-18
206 0.00206 1.12142e-35 -1.67948e-18
207 0.00207 1.06735e-35 -1.68662e-18
208 0.00208 1.14728e-35 -1.69207e-18
209 0.00209 1.14669e-35 -1.70091e-18
210 0.0021 1.13318e-35 -1.71072e-18
211 0.00211 1.09145e-35 -1.72054e-18
212 0.00212 1.15434e-35 -1.73035e-18
213 0.00213 1.08616e-35 -1.73847e-18
214 0.00214 1.10967e-35 -1.7444e-18
215 0.00215 1.12377e-35 -1.74986e-18
216 0.00216 1.14493e-35 -1.75797e-18
217 0.00217 1.08145e-35 -1.76779e-18
218 0.00218 1.26013e-35 -1.7776e-18
219 0.00219 1.16844e-35 -1.78741e-18
220 0.0022 1.13053e-35 -1.79892e-18
221 0.00221 1.20018e-35 -1.80606e-18
222 0.00222 1.26483e-35 -1.81321e-18
223 0.00223 1.25543e-35 -1.81866e-18
224 0.00224 1.2472e-35 -1.8275e-18
225 0.00225 1.14258e-35 -1.83562e-18
226 0.00226 1.15904e-35 -1.84543e-18
227 0.00227 1.17432e-35 -1.85524e-18
228 0.00228 1.19842e-35 -1.86505e-18
229 0.00229 1.25954e-35 -1.87487e-18
230 0.0023 1.35476e-35 -1.88637e-18
231 0.00231 1.17549e-35 -1.88892e-18
232 0.00232 1.21546e-35 -1.89607e-18
233 0.00233 1.27894e-35 -1.90152e-18
234 0.00234 1.20018e-35 -1.91036e-18
235 0.00235 1.17549e-35 -1.92017e-18
236 0.00236 1.27776e-35 -1.92998e-18
237 0.00237 1.22134e-35 -1.9398e-18
238 0.00238 1.32243e-35 -1.94791e-18
239 0.00239 1.33727e-35 -1.95773e-18
240 0.0024 1.3095e-35 -1.96754e-18
241 0.00241 1.26953e-35 -1.97735e-18
242 0.00242 1.29069e-35 -1.98716e-18
243 0.00243 1.28599e-35 -1.99867e-18
244 0.00244 1.26248e-35 -2.00581e-18
245 0.00245 1.33301e-35 -2.01296e-18
246 0.00246 1.37768e-35 -2.01841e-18
247 0.00247 1.37298e-35 -2.02556e-18
248 0.00248 1.32126e-35 -2.03149e-18
249 0.00249 1.32596e-35 -2.03864e-18
250 0.0025 1.36357e-35 -2.04578e-18
251 0.00251 1.39649e-35 -2.05124e-18
252 0.00252 1.31655e-35 -2.06008e-18
253 0.00253 1.39825e-35 -2.06819e-18
254 0.00254 1.39061e-35 -2.07801e-18
255 0.00255 1.38591e-35 -2.08782e-18
256 0.00256 1.33889e-35 -2.09763e-18
257 0.00257 1.37063e-35 -2.10744e-18
258 0.00258 1.42499e-35 -2.11895e-18
259 0.00259 1.39061e-35 -2.12609e-18
260 0.0026 1.46702e-35 -2.13324e-18
261 0.00261 1.45291e-35 -2.13869e-18
262 0.00262 1.47289e-35 -2.14753e-18
263 0.00263 1.49993e-35 -2.15565e-18
264 0.00264 1.49758e-35 -2.16546e-18
265 0.00265 1.44351e-35 -2.17504e-18
266 0.00266 1.43645e-35 -2.18121e-18
267 0.00267 1.45761e-35 -2.18836e-18
268 0.00268 1.48582e-35 -2.1955e-18
269 0.00269 1.49053e-35 -2.20095e-18
270 0.0027 1.50346e-35 -2.20979e-18
271 0.00271 1.46937e-35 -2.21791e-18
272 0.00272 1.49523e-35 -2.22772e-18
273 0.00273 1.51404e-35 -2.23753e-18
274 0.00274 1.46702e-35 -2.24735e-18
275 0.00275 1.46114e-35 -2.25716e-18
276 0.00276 1.51345e-35 -2.26867e-18
277 0.00277 1.46467e-35 -2.27581e-18
278 0.00278 1.52814e-35 -2.28296e-18
279 0.00279 1.53755e-35 -2.28841e-18
280 0.0028 1.53755e-35 -2.29725e-18
281 0.00281 1.59162e-35 -2.30537e-18
282 0.00282 1.47642e-35 -2.3113e-18
283 0.00283 1.47642e-35 -2.31845e-18
284 0.00284 1.5446e-35 -2.32559e-18
285 0.00285 1.58927e-35 -2.33274e-18
286 0.00286 1.52814e-35 -2.33819e-18
287 0.00287 1.58692e-35 -2.34703e-18
288 0.00288 1.46349e-35 -2.35515e-18
289 0.00289 1.59779e-35 -2.36496e-18
290 0.0029 1.61682e-35 -2.37477e-18
291 0.00291 1.6166e-35 -2.38458e-18
292 0.00292 1.55753e-35 -2.3944e-18
293 0.00293 1.53049e-35 -2.40421e-18
294 0.00294 1.58927e-35 -2.41572e-18
295 0.00295 1.56106e-35 -2.42286e-18
296 0.00296 1.58927e-35 -2.43001e-18
297 0.00297 1.62688e-35 -2.43546e-18
298 0.00298 1.63394e-35 -2.4443e-18
299 0.00299 1.56106e-35 -2.45023e-18
300 0.003 1.54695e-35 -2.45738e-18
301 0.00301 1.63159e-35 -2.46453e-18
302 0.00302 1.61748e-35 -2.46998e-18
303 0.00303 1.60337e-35 -2.47882e-18
304 0.00304 1.6551e-35 -2.48693e-18
305 0.00305 1.63746e-35 -2.49675e-18
306 0.00306 1.60337e-35 -2.50656e-18
307 0.00307 1.58486e-35 -2.51637e-18
308 0.00308 1.60161e-35 -2.52618e-18
309 0.00309 1.66215e-35 -2.536e-18
310 0.0031 1.7268e-35 -2.5475e-18
311 0.00311 1.62924e-35 -2.55465e-18
312 0.00312 1.6645e-35 -2.56179e-18
313 0.00313 1.71152e-35 -2.56724e-18
314 0.00314 1.68742e-35 -2.57608e-18
315 0.00315 1.775e-35 -2.5859e-18
316 0.00316 1.63159e-35 -2.59717e-18
317 0.00317 1.69506e-35 -2.60334e-18
318 0.00318 1.68801e-35 -2.60879e-18
319 0.00319 1.69036e-35 -2.61763e-18
320 0.0032 1.79145e-35 -2.62575e-18
321 0.00321 1.62571e-35 -2.63556e-18
322 0.00322 1.74208e-35 -2.64537e-18
323 0.00323 1.78087e-35 -2.65519e-18
324 0.00324 1.69036e-35 -2.665e-18
325 0.00325 1.66406e-35 -2.6765e-18
326 0.00326 1.76794e-35 -2.68365e-18
327 0.00327 1.76324e-35 -2.69079e-18
328 0.00328 1.79145e-35 -2.69625e-18
329 0.00329 1.79645e-35 -2.70509e-18
330 0.0033 1.79733e-35 -2.7132e-18
331 0.00331 1.78499e-35 -2.72302e-18
332 0.00332 1.79351e-35 -2.73283e-18
333 0.00333 1.79145e-35 -2.7441e-18
334 0.00334 1.80203e-35 -2.75027e-18
335 0.00335 1.81967e-35 -2.75572e-18
336 0.00336 1.80967e-35 -2.76456e-18
337 0.00337 1.86669e-35 -2.77268e-18
338 0.00338 1.82672e-35 -2.78249e-18
339 0.00339 1.81026e-35 -2.79231e-18
340 0.0034 1.84435e-35 -2.80212e-18
341 0.00341 1.80086e-35 -2.81362e-18
342 0.00342 1.85728e-35 -2.82077e-18
343 0.00343 1.90665e-35 -2.82622e-18
344 0.00344 1.84082e-35 -2.83506e-18
345 0.00345 1.96543e-35 -2.84318e-18
346 0.00346 1.85552e-35 -2.85299e-18
347 0.00347 1.93751e-35 -2.8628e-18
348 0.00348 1.87785e-35 -2.87262e-18
349 0.00349 1.83142e-35 -2.88412e-18
350 0.0035 1.85258e-35 -2.88667e-18
351 0.00351 1.86669e-35 -2.89382e-18
352 0.00352 1.94192e-35 -2.89927e-18
353 0.00353 1.90548e-35 -2.90811e-18
354 0.00354 1.98188e-35 -2.91792e-18
355 0.00355 1.87962e-35 -2.92773e-18
356 0.00356 1.98894e-35 -2.93754e-18
357 0.00357 1.96345e-35 -2.94566e-18
358 0.00358 1.90136e-35 -2.95547e-18
359 0.00359 1.94662e-35 -2.96529e-18
360 0.0036 1.95837e-35 -2.9751e-18
361 0.00361 1.92076e-35 -2.98491e-18
362 0.00362 1.90136e-35 -2.99642e-18
363 0.00363 1.91135e-35 -3.00356e-18
364 0.00364 1.99834e-35 -3.00901e-18
365 0.00365 2.02773e-35 -3.01785e-18
366 0.00366 2.11589e-35 -3.02767e-18
367 0.00367 1.99599e-35 -3.03894e-18
368 0.00368 1.94427e-35 -3.04511e-18
369 0.00369 2.03361e-35 -3.05226e-18
370 0.0037 2.04536e-35 -3.05771e-18
371 0.00371 2.02332e-35 -3.06655e-18
372 0.00372 2.03478e-35 -3.07466e-18
373 0.00373 2.05476e-35 -3.08448e-18
374 0.00374 2.07974e-35 -3.09429e-18
375 0.00375 2.0984e-35 -3.1041e-18
376 0.00376 2.03419e-35 -3.11391e-18
377 0.00377 2.01832e-35 -3.12542e-18
378 0.00378 2.00539e-35 -3.13257e-18
379 0.00379 2.06887e-35 -3.13802e-18
380 0.0038 2.11707e-35 -3.14686e-18
381 0.00381 2.2064e-35 -3.15667e-18
382 0.00382 2.05241e-35 -3.16648e-18
383 0.00383 2.17466e-35 -3.17629e-18
384 0.00384 2.1419e-35 -3.18441e-18
385 0.00385 2.05006e-35 -3.19035e-18
386 0.00386 2.04536e-35 -3.19919e-18
387 0.00387 2.17231e-35 -3.209e-18
388 0.00388 2.06887e-35 -3.21881e-18
389 0.00389 2.13e-35 -3.22863e-18
390 0.0039 2.10649e-35 -3.23674e-18
391 0.00391 2.13e-35 -3.24656e-18
392 0.00392 2.11589e-35 -3.25467e-18
393 0.00393 2.20523e-35 -3.26595e-18
394 0.00394 2.11589e-35 -3.27576e-18
395 0.00395 2.12412e-35 -3.28557e-18
396 0.00396 2.2017e-35 -3.29515e-18
397 0.00397 2.13176e-35 -3.3006e-18
398 0.00398 2.11589e-35 -3.30654e-18
399 0.00399 2.1682e-35 -3.31635e-18
400 0.004 2.21169e-35 -3.32593e-18
401 0.00401 2.18995e-35 -3.33138e-18
402 0.00402 2.1488e-35 -3.33732e-18
403 0.00403 2.10884e-35 -3.34713e-18
404 0.00404 2.21228e-35 -3.3584e-18
405 0.00405 2.23344e-35 -3.36216e-18
406 0.00406 2.10178e-35 -3.37343e-18
407 0.00407 2.17819e-35 -3.37888e-18
408 0.00408 2.18172e-35 -3.38482e-18
409 0.00409 2.21992e-35 -3.39027e-18
410 0.0041 2.20053e-35 -3.39621e-18
411 0.00411 2.18172e-35 -3.39876e-18
412 0.00412 2.33218e-35 -3.40857e-18
413 0.00413 2.42034e-35 -3.41984e-18
414 0.00414 2.25019e-35 -3.4236e-18
415 0.00415 2.27576e-35 -3.43487e-18
416 0.00416 2.28773e-35 -3.44032e-18
417 0.00417 2.20288e-35 -3.44626e-18
418 0.00418 2.25842e-35 -3.45171e-18
419 0.00419 2.26988e-35 -3.45765e-18
420 0.0042 2.29207e-35 -3.4631e-18
421 0.00421 2.22404e-35 -3.46904e-18
422 0.00422 2.3144e-35 -3.47449e-18
423 0.00423 2.2593e-35 -3.48042e-18
424 0.00424 2.27135e-35 -3.48588e-18
425 0.00425 2.28046e-35 -3.49012e-18
426 0.00426 2.3886e-35 -3.49993e-18
427 0.00427 2.31337e-35 -3.5112e-18
428 0.00428 2.16291e-35 -3.52078e-18
429 0.00429 2.28986e-35 -3.53083e-18
430 0.0043 2.31455e-35 -3.53677e-18
431 0.00431 2.35569e-35 -3.54222e-18
432 0.00432 2.31102e-35 -3.54815e-18
433 0.00433 2.30563e-35 -3.55361e-18
434 0.00434 2.27106e-35 -3.55954e-18
435 0.00435 2.35319e-35 -3.56499e-18
436 0.00436 2.30867e-35 -3.57093e-18
437 0.00437 2.32542e-35 -3.57638e-18
438 0.00438 2.33923e-35 -3.58232e-18
439 0.00439 2.34687e-35 -3.58608e-18
440 0.0044 2.35569e-35 -3.59735e-18
441 0.00441 2.31631e-35 -3.6028e-18
442 0.00442 2.37215e-35 -3.60874e-18
443 0.00443 2.3648e-35 -3.61419e-18
444 0.00444 2.36039e-35 -3.62013e-18
445 0.00445 2.30397e-35 -3.62268e-18
446 0.00446 2.48735e-35 -3.63249e-18
447 0.00447 2.52261e-35 -3.64376e-18
448 0.00448 2.40741e-35 -3.64921e-18
449 0.00449 2.367e-35 -3.65346e-18
450 0.0045 2.39331e-35 -3.66327e-18
451 0.00451 2.38625e-35 -3.67454e-18
452 0.00452 2.51086e-35 -3.67999e-18
453 0.00453 2.39448e-35 -3.68593e-18
454 0.00454 2.3972e-35 -3.68969e-18
455 0.00455 2.49205e-35 -3.70096e-18
456 0.00456 2.42644e-35 -3.70641e-18
457 0.00457 2.40976e-35 -3.71235e-18
458 0.00458 2.44944e-35 -3.7178e-18
459 0.00459 2.40506e-35 -3.72374e-18
460 0.0046 2.48192e-35 -3.72919e-18
461 0.00461 2.43092e-35 -3.73512e-18
462 0.00462 2.43562e-35 -3.73767e-18
463 0.00463 2.55082e-35 -3.74749e-18
464 0.00464 2.47324e-35 -3.75706e-18
465 0.00465 2.45208e-35 -3.76711e-18
466 0.00466 2.49675e-35 -3.77305e-18
467 0.00467 2.4462e-35 -3.7785e-18
468 0.00468 2.45678e-35 -3.78444e-18
469 0.00469 2.49058e-35 -3.78989e-18
470 0.0047 2.47794e-35 -3.79583e-18
471 0.00471 2.51791e-35 -3.80128e-18
472 0.00472 2.47089e-35 -3.80722e-18
473 0.00473 2.53495e-35 -3.81267e-18
474 0.00474 2.4991e-35 -3.81861e-18
475 0.00475 2.49557e-35 -3.82236e-18
476 0.00476 2.44033e-35 -3.83363e-18
477 0.00477 2.5085e-35 -3.83909e-18
478 0.00478 2.4944e-35 -3.84502e-18
479 0.00479 2.44503e-35 -3.84927e-18
480 0.0048 2.46266e-35 -3.85738e-18
481 0.00481 2.54847e-35 -3.86866e-18
482 0.00482 2.52026e-35 -3.87411e-18
483 0.00483 2.50145e-35 -3.88005e-18
484 0.00484 2.51556e-35 -3.88816e-18
485 0.00485 2.47324e-35 -3.8941e-18
486 0.00486 2.50557e-35 -3.89955e-18
487 0.00487 2.54142e-35 -3.90549e-18
488 0.00488 2.54024e-35 -3.91094e-18
489 0.00489 2.53907e-35 -3.91688e-18
490 0.0049 2.5473e-35 -3.92233e-18
491 0.00491 2.56963e-35 -3.92827e-18
492 0.00492 2.52966e-35 -3.93372e-18
493 0.00493 2.54495e-35 -3.93966e-18
494 0.00494 2.59667e-35 -3.94341e-18
495 0.00495 2.52026e-35 -3.95469e-18
496 0.00496 2.51086e-35 -3.9645e-18
497 0.00497 2.6143e-35 -3.97431e-18
498 0.00498 2.60137e-35 -3.98558e-18
499 0.00499 2.64134e-35 -3.99103e-18
500 0.005 2.57081e-35 -3.99528e-18
501 0.00501 2.70834e-35 -4.00509e-18
502 0.00502 2.50615e-35 -4.01636e-18
503 0.00503 2.70364e-35 -4.02181e-18
504 0.00504 2.63898e-35 -4.02775e-18
505 0.00505 2.60137e-35 -4.03151e-18
506 0.00506 2.67072e-35 -4.04278e-18
507 0.00507 2.58917e-35 -4.04823e-18
508 0.00508 2.6049e-35 -4.05417e-18
509 0.00509 2.68718e-35 -4.05962e-18
510 0.0051 2.61665e-35 -4.06556e-18
511 0.00511 2.64281e-35 -4.07101e-18
512 0.00512 2.68483e-35 -4.07695e-18
513 0.00513 2.59549e-35 -4.0795e-18
514 0.00514 2.64721e-35 -4.08931e-18
515 0.00515 2.67014e-35 -4.10058e-18
516 0.00516 2.67072e-35 -4.10434e-18
517 0.00517 2.72244e-35 -4.11561e-18
518 0.00518 2.65897e-35 -4.12106e-18
519 0.00519 2.67307e-35 -4.127e-18
520 0.0052 2.72244e-35 -4.13245e-18
521 0.00521 2.69188e-35 -4.13839e-18
522 0.00522 2.69776e-35 -4.14384e-18
523 0.00523 2.69894e-35 -4.14977e-18
524 0.00524 2.6766e-35 -4.15523e-18
525 0.00525 2.70599e-35 -4.16116e-18
526 0.00526 2.7248e-35 -4.16492e-18
527 0.00527 2.66602e-35 -4.17619e-18
528 0.00528 2.74537e-35 -4.18164e-18
529 0.00529 2.7248e-35 -4.18758e-18
530 0.0053 2.68953e-35 -4.19183e-18
531 0.00531 2.76711e-35 -4.19994e-18
532 0.00532 2.55788e-35 -4.21122e-18
533 0.00533 2.75301e-35 -4.21667e-18
534 0.00534 2.70834e-35 -4.2226e-18
535 0.00535 2.8494e-35 -4.23072e-18
536 0.00536 2.71774e-35 -4.23666e-18
537 0.00537 2.77387e-35 -4.24211e-18
538 0.00538 2.77417e-35 -4.24805e-18
539 0.00539 2.74831e-35 -4.2535e-18
540 0.0054 2.77769e-35 -4.25944e-18
541 0.00541 2.80591e-35 -4.26489e-18
542 0.00542 2.77652e-35 -4.27083e-18
543 0.00543 2.81722e-35 -4.27628e-18
544 0.00544 2.77417e-35 -4.28052e-18
545 0.00545 2.8541e-35 -4.29033e-18
546 0.00546 2.77417e-35 -4.30161e-18
547 0.00547 2.54847e-35 -4.31118e-18
548 0.00548 2.77887e-35 -4.32123e-18
549 0.00549 2.80175e-35 -4.32717e-18
550 0.0055 2.84235e-35 -4.33262e-18
551 0.00551 2.8447e-35 -4.33856e-18
552 0.00552 2.82471e-35 -4.34401e-18
553 0.00553 2.83529e-35 -4.34995e-18
554 0.00554 2.87702e-35 -4.3554e-18
555 0.00555 2.82236e-35 -4.36134e-18
556 0.00556 2.87996e-35 -4.36679e-18
557 0.00557 2.83647e-35 -4.37272e-18
558 0.00558 2.84411e-35 -4.37648e-18
559 0.00559 2.96225e-35 -4.38775e-18
560 0.0056 2.84411e-35 -4.3932e-18
561 0.00561 2.8588e-35 -4.39914e-18
562 0.00562 2.9211e-35 -4.40459e-18
563 0.00563 2.86703e-35 -4.41053e-18
564 0.00564 2.89642e-35 -4.41308e-18
565 0.00565 2.92463e-35 -4.42289e-18
566 0.00566 2.83324e-35 -4.43416e-18
567 0.00567 2.90582e-35 -4.43962e-18
568 0.00568 2.92228e-35 -4.44386e-18
569 0.00569 2.99986e-35 -4.45367e-18
570 0.0057 2.91288e-35 -4.46494e-18
571 0.00571 2.99634e-35 -4.47039e-18
572 0.00572 2.92933e-35 -4.47633e-18
573 0.00573 2.95167e-35 -4.48009e-18
574 0.00574 2.94344e-35 -4.49136e-18
575 0.00575 2.93638e-35 -4.49681e-18
576 0.00576 2.93638e-35 -4.50275e-18
577 0.00577 3.00515e-35 -4.5082e-18
578 0.00578 2.95049e-35 -4.51414e-18
579 0.00579 3.01044e-35 -4.51959e-18
580 0.0058 2.97635e-35 -4.52553e-18
581 0.00581 2.95284e-35 -4.52808e-18
582 0.00582 3.11271e-35 -4.53789e-18
583 0.00583 3.06158e-35 -4.54916e-18
584 0.00584 2.98531e-35 -4.55292e-18
585 0.00585 2.95284e-35 -4.56419e-18
586 0.00586 2.98958e-35 -4.56964e-18
587 0.00587 2.98105e-35 -4.57558e-18
588 0.00588 3.03207e-35 -4.58103e-18
589 0.00589 2.9787e-35 -4.58697e-18
590 0.0059 3.03175e-35 -4.59242e-18
591 0.00591 3.01867e-35 -4.59836e-18
592 0.00592 3.02102e-35 -4.60381e-18
593 0.00593 3.04453e-35 -4.60975e-18
594 0.00594 3.04982e-35 -4.6135e-18
595 0.00595 3.0892e-35 -4.62477e-18
596 0.00596 3.03395e-35 -4.63023e-18
597 0.00597 3.0798e-35 -4.63616e-18
598 0.00598 3.03748e-35 -4.64041e-18
599 0.00599 3.041e-35 -4.64853e-18
600 0.006 3.13152e-35 -4.6598e-18
601 0.00601 3.09155e-35 -4.66525e-18
602 0.00602 3.0892e-35 -4.67119e-18
603 0.00603 3.11153e-35 -4.6793e-18
604 0.00604 3.05629e-35 -4.68524e-18
605 0.00605 3.11153e-35 -4.69069e-18
606 0.00606 3.08215e-35 -4.69663e-18
607 0.00607 3.07744e-35 -4.70208e-18
608 0.00608 3.11506e-35 -4.70802e-18
609 0.00609 3.1274e-35 -4.71347e-18
610 0.0061 3.0939e-35 -4.71941e-18
611 0.00611 3.13387e-35 -4.72486e-18
612 0.00612 3.11036e-35 -4.7291e-18
613 0.00613 3.22085e-35 -4.73892e-18
614 0.00614 3.16678e-35 -4.75019e-18
615 0.00615 2.91523e-35 -4.75977e-18
616 0.00616 3.17383e-35 -4.76981e-18
617 0.00617 3.11271e-35 -4.77744e-18
618 0.00618 3.18794e-35 -4.78556e-18
619 0.00619 3.15973e-35 -4.7915e-18
620 0.0062 3.22673e-35 -4.79695e-18
621 0.00621 3.18794e-35 -4.80289e-18
622 0.00622 3.25671e-35 -4.80834e-18
623 0.00623 3.19264e-35 -4.81428e-18
624 0.00624 3.23026e-35 -4.81973e-18
625 0.00625 3.25377e-35 -4.82567e-18
626 0.00626 3.20792e-35 -4.83112e-18
627 0.00627 3.25259e-35 -4.83706e-18
628 0.00628 3.19441e-35 -4.84251e-18
629 0.00629 3.24201e-35 -4.84845e-18
630 0.0063 3.29315e-35 -4.8539e-18
631 0.00631 3.24201e-35 -4.85814e-18
632 0.00632 3.26317e-35 -4.86941e-18
633 0.00633 3.25612e-35 -4.87486e-18
634 0.00634 3.24436e-35 -4.8808e-18
635 0.00635 3.25965e-35 -4.88625e-18
636 0.00636 3.23731e-35 -4.89219e-18
637 0.00637 3.25759e-35 -4.89764e-18
638 0.00638 3.23966e-35 -4.90358e-18
639 0.00639 3.31196e-35 -4.90903e-18
640 0.0064 3.25612e-35 -4.91497e-18
641 0.00641 3.28845e-35 -4.92042e-18
642 0.00642 3.27258e-35 -4.92466e-18
643 0.00643 3.40423e-35 -4.93447e-18
644 0.00644 3.19499e-35 -4.94575e-18
645 0.00645 3.37367e-35 -4.9512e-18
646 0.00646 3.31254e-35 -4.95714e-18
647 0.00647 3.28551e-35 -4.96089e-18
648 0.00648 3.41364e-35 -4.97216e-18
649 0.00649 3.29138e-35 -4.98198e-18
650 0.0065 3.41834e-35 -4.99179e-18
651 0.00651 3.34663e-35 -5.00306e-18
652 0.00652 3.41246e-35 -5.00851e-18
653 0.00653 3.30549e-35 -5.01445e-18
654 0.00654 3.36897e-35 -5.01821e-18
655 0.00655 3.43715e-35 -5.02948e-18
656 0.00656 3.40247e-35 -5.03493e-18
657 0.00657 3.34781e-35 -5.04087e-18
658 0.00658 3.36191e-35 -5.04632e-18
659 0.00659 3.35251e-35 -5.05226e-18
660 0.0066 3.43244e-35 -5.05771e-18
661 0.00661 3.38542e-35 -5.06365e-18
662 0.00662 3.37661e-35 -5.0691e-18
663 0.00663 3.40658e-35 -5.07503e-18
664 0.00664 3.37191e-35 -5.07879e-18
665 0.00665 3.41834e-35 -5.09006e-18
666 0.00666 3.41364e-35 -5.09988e-18
667 0.00667 3.49122e-35 -5.10969e-18
668 0.00668 3.40658e-35 -5.12096e-18
669 0.00669 3.52648e-35 -5.12641e-18
670 0.0067 3.44537e-35 -5.13235e-18
671 0.00671 3.44244e-35 -5.13611e-18
672 0.00672 3.36191e-35 -5.14738e-18
673 0.00673 3.40864e-35 -5.15283e-18
674 0.00674 3.44185e-35 -5.15877e-18
675 0.00675 3.49533e-35 -5.16422e-18
676 0.00676 3.47359e-35 -5.17015e-18
677 0.00677 3.44655e-35 -5.17561e-18
678 0.00678 3.46888e-35 -5.18154e-18
679 0.00679 3.47153e-35 -5.187e-18
680 0.0068 3.48652e-35 -5.19293e-18
681 0.00681 3.47917e-35 -5.19669e-18
682 0.00682 3.55469e-35 -5.20796e-18
683 0.00683 3.49827e-35 -5.21777e-18
684 0.00684 3.53354e-35 -5.22759e-18
685 0.00685 3.60318e-35 -5.23886e-18
686 0.00686 3.60407e-35 -5.24431e-18
687 0.00687 3.5259e-35 -5.24855e-18
688 0.00688 3.52648e-35 -5.25836e-18
689 0.00689 3.56175e-35 -5.26964e-18
690 0.0069 3.51708e-35 -5.27509e-18
691 0.00691 3.59701e-35 -5.28103e-18
692 0.00692 3.5738e-35 -5.28478e-18
693 0.00693 3.55469e-35 -5.29605e-18
694 0.00694 3.56498e-35 -5.30151e-18
695 0.00695 3.54529e-35 -5.30744e-18
696 0.00696 3.56656e-35 -5.31289e-18
697 0.00697 3.53119e-35 -5.31883e-18
698 0.00698 3.61714e-35 -5.32428e-18
699 0.00699 3.55705e-35 -5.33022e-18
700 0.007 3.5735e-35 -5.33277e-18
701 0.00701 3.61112e-35 -5.34258e-18
702 0.00702 3.5782e-35 -5.35385e-18
703 0.00703 3.62287e-35 -5.35761e-18
704 0.00704 3.61582e-35 -5.36888e-18
705 0.00705 3.6217e-35 -5.37433e-18
706 0.00706 3.61817e-35 -5.38027e-18
707 0.00707 3.63287e-35 -5.38572e-18
708 0.00708 3.59231e-35 -5.39166e-18
709 0.00709 3.66813e-35 -5.39711e-18
710 0.0071 3.62052e-35 -5.40305e-18
711 0.00711 3.66402e-35 -5.4085e-18
712 0.00712 3.62052e-35 -5.41444e-18
713 0.00713 3.60994e-35 -5.4182e-18
714 0.00714 3.61112e-35 -5.42947e-18
715 0.00715 3.6264e-35 -5.43492e-18
716 0.00716 3.63228e-35 -5.44086e-18
717 0.00717 3.61112e-35 -5.4451e-18
718 0.00718 3.74748e-35 -5.45322e-18
719 0.00719 3.70516e-35 -5.46449e-18
720 0.0072 3.64873e-35 -5.46994e-18
721 0.00721 3.64403e-35 -5.47588e-18
722 0.00722 3.75923e-35 -5.484e-18
723 0.00723 3.63933e-35 -5.48994e-18
724 0.00724 3.67166e-35 -5.49539e-18
725 0.00725 3.69575e-35 -5.50132e-18
726 0.00726 3.69634e-35 -5.50678e-18
727 0.00727 3.67695e-35 -5.51271e-18
728 0.00728 3.67577e-35 -5.51816e-18
729 0.00729 3.70516e-35 -5.5241e-18
730 0.0073 3.71456e-35 -5.52955e-18
731 0.00731 3.73455e-35 -5.5338e-18
732 0.00732 3.8039e-35 -5.54361e-18
733 0.00733 3.83681e-35 -5.55488e-18
734 0.00734 3.62052e-35 -5.56446e-18
735 0.00735 3.72397e-35 -5.57451e-18
736 0.00736 3.80934e-35 -5.58044e-18
737 0.00737 3.76981e-35 -5.5859e-18
738 0.00738 3.76041e-35 -5.59183e-18
739 0.00739 3.81859e-35 -5.59728e-18
740 0.0074 3.76863e-35 -5.60322e-18
741 0.00741 3.79979e-35 -5.60867e-18
742 0.00742 3.8086e-35 -5.61461e-18
743 0.00743 3.77422e-35 -5.62006e-18
744 0.00744 3.79567e-35 -5.626e-18
745 0.00745 3.82212e-35 -5.62976e-18
746 0.00746 3.75218e-35 -5.64103e-18
747 0.00747 3.82697e-35 -5.64648e-18
748 0.00748 3.83211e-35 -5.65242e-18
749 0.00749 3.80625e-35 -5.65787e-18
750 0.0075 3.84974e-35 -5.66381e-18
751 0.00751 3.77099e-35 -5.66636e-18
752 0.00752 3.8039e-35 -5.67617e-18
753 0.00753 3.86326e-35 -5.68744e-18
754 0.00754 3.86267e-35 -5.69289e-18
755 0.00755 3.83681e-35 -5.69713e-18
756 0.00756 3.82741e-35 -5.70695e-18
757 0.00757 3.89089e-35 -5.71822e-18
758 0.00758 3.86738e-35 -5.72367e-18
759 0.00759 3.83681e-35 -5.72961e-18
760 0.0076 3.8568e-35 -5.73336e-18
761 0.00761 3.82271e-35 -5.74464e-18
762 0.00762 3.86503e-35 -5.75009e-18
763 0.00763 3.85092e-35 -5.75603e-18
764 0.00764 3.87619e-35 -5.76148e-18
765 0.00765 3.91205e-35 -5.76741e-18
766 0.00766 3.89794e-35 -5.77287e-18
767 0.00767 3.88854e-35 -5.7788e-18
768 0.00768 3.89794e-35 -5.78425e-18
769 0.00769 3.92262e-35 -5.79019e-18
770 0.0077 3.87443e-35 -5.79274e-18
771 0.00771 3.90734e-35 -5.80255e-18
772 0.00772 3.81543e-35 -5.81213e-18
773 0.00773 3.94896e-35 -5.82218e-18
774 0.00774 3.95789e-35 -5.82981e-18
775 0.00775 3.93085e-35 -5.83793e-18
776 0.00776 3.87443e-35 -5.84387e-18
777 0.00777 3.90499e-35 -5.84932e-18
778 0.00778 3.90499e-35 -5.85526e-18
779 0.00779 4.00138e-35 -5.86071e-18
780 0.0078 3.94966e-35 -5.86664e-18
781 0.00781 3.9332e-35 -5.8721e-18
782 0.00782 3.97787e-35 -5.87803e-18
783 0.00783 3.92145e-35 -5.88058e-18
784 0.00784 3.98728e-35 -5.88664e-18
785 0.00785 4.05781e-35 -5.89258e-18
786 0.00786 4.04605e-35 -5.89851e-18
787 0.00787 3.94966e-35 -5.90276e-18
788 0.00788 3.96847e-35 -5.91403e-18
789 0.00789 3.99786e-35 -5.92106e-18
790 0.0079 4.13069e-35 -5.93233e-18
791 0.00791 3.91205e-35 -5.94191e-18
792 0.00792 3.97317e-35 -5.95002e-18
793 0.00793 3.94966e-35 -5.95439e-18
794 0.00794 4.0531e-35 -5.96566e-18
795 0.00795 3.96847e-35 -5.97498e-18
796 0.00796 4.14714e-35 -5.98456e-18
797 0.00797 4.08602e-35 -5.99328e-18
798 0.00798 4.00373e-35 -5.99583e-18
799 0.00799 3.97787e-35 -6.0071e-18
800 0.008 3.98728e-35 -6.01692e-18
801 0.00801 3.93085e-35 -6.02128e-18
802 0.00802 4.0437e-35 -6.03255e-18
803 0.00803 3.98728e-35 -6.04187e-18
804 0.00804 4.06251e-35 -6.05145e-18
805 0.00805 4.02489e-35 -6.06078e-18
806 0.00806 4.08132e-35 -6.06344e-18
807 0.00807 4.07191e-35 -6.06938e-18
808 0.00808 4.08132e-35 -6.07919e-18
809 0.00809 4.13774e-35 -6.09047e-18
810 0.0081 4.11893e-35 -6.09749e-18
811 0.00811 4.12481e-35 -6.10877e-18
812 0.00812 4.0531e-35 -6.12004e-18
813 0.00813 4.13774e-35 -6.12767e-18
814 0.00814 4.2547e-35 -6.13372e-18
815 0.00815 4.1589e-35 -6.13966e-18
816 0.00816 4.16595e-35 -6.14221e-18
817 0.00817 4.20827e-35 -6.15348e-18
818 0.00818 4.2068e-35 -6.16051e-18
819 0.00819 4.20915e-35 -6.17178e-18
820 0.0082 4.16595e-35 -6.18305e-18
821 0.00821 4.17536e-35 -6.19069e-18
822 0.00822 4.21767e-35 -6.19493e-18
823 0.00823 4.06251e-35 -6.19929e-18
824 0.00824 4.23648e-35 -6.20692e-18
825 0.00825 4.19769e-35 -6.21117e-18
826 0.00826 4.21767e-35 -6.22244e-18
827 0.00827 4.22531e-35 -6.22947e-18
828 0.00828 4.3173e-35 -6.24074e-18
829 0.00829 4.34463e-35 -6.25031e-18
830 0.0083 4.23178e-35 -6.25843e-18
831 0.00831 4.10012e-35 -6.26534e-18
832 0.00832 4.25999e-35 -6.27128e-18
833 0.00833 4.21297e-35 -6.27722e-18
834 0.00834 4.2788e-35 -6.28316e-18
835 0.00835 4.2788e-35 -6.28752e-18
836 0.00836 4.23648e-35 -6.2971e-18
837 0.00837 4.2694e-35 -6.30642e-18
838 0.00838 4.2694e-35 -6.31623e-18
839 0.00839 4.57508e-35 -6.32751e-18
840 0.0084 4.36487e-35 -6.33453e-18
841 0.00841 4.37049e-35 -6.3458e-18
842 0.00842 4.43867e-35 -6.35708e-18
843 0.00843 4.2694e-35 -6.36471e-18
844 0.00844 4.44631e-35 -6.36907e-18
845 0.00845 4.32112e-35 -6.38034e-18
846 0.00846 4.2788e-35 -6.38797e-18
847 0.00847 4.33052e-35 -6.39222e-18
848 0.00848 4.32582e-35 -6.39658e-18
849 0.00849 4.41986e-35 -6.40785e-18
850 0.0085 4.2694e-35 -6.41548e-18
851 0.00851 4.32229e-35 -6.41972e-18
852 0.00852 4.21297e-35 -6.42409e-18
853 0.00853 4.47158e-35 -6.43536e-18
854 0.00854 4.34463e-35 -6.44468e-18
855 0.00855 4.41986e-35 -6.45426e-18
856 0.00856 4.25999e-35 -6.46553e-18
857 0.00857 4.41398e-35 -6.47256e-18
858 0.00858 4.41986e-35 -6.48383e-18
859 0.00859 4.2788e-35 -6.4951e-18
860 0.0086 4.2882e-35 -6.50273e-18
861 0.00861 4.40105e-35 -6.5071e-18
862 0.00862 4.40575e-35 -6.51837e-18
863 0.00863 4.30701e-35 -6.52769e-18
864 0.00864 4.40105e-35 -6.53727e-18
865 0.00865 4.56092e-35 -6.54854e-18
866 0.00866 4.37284e-35 -6.55981e-18
867 0.00867 4.31642e-35 -6.56745e-18
868 0.00868 4.43867e-35 -6.57484e-18
869 0.00869 4.47158e-35 -6.58187e-18
870 0.0087 4.46041e-35 -6.59314e-18
871 0.00871 4.24118e-35 -6.60272e-18
872 0.00872 4.45747e-35 -6.61084e-18
873 0.00873 4.46218e-35 -6.61896e-18
874 0.00874 4.45747e-35 -6.62332e-18
875 0.00875 4.40105e-35 -6.63459e-18
876 0.00876 4.41986e-35 -6.64391e-18
877 0.00877 4.40105e-35 -6.65349e-18
878 0.00878 4.53271e-35 -6.66476e-18
879 0.00879 4.49509e-35 -6.67604e-18
880 0.0088 4.41045e-35 -6.68367e-18
881 0.00881 4.50449e-35 -6.69106e-18
882 0.00882 4.54681e-35 -6.69809e-18
883 0.00883 4.53741e-35 -6.70936e-18
884 0.00884 4.54211e-35 -6.71894e-18
885 0.00885 4.5092e-35 -6.72706e-18
886 0.00886 4.30701e-35 -6.73397e-18
887 0.00887 4.54916e-35 -6.73991e-18
888 0.00888 4.50449e-35 -6.74585e-18
889 0.00889 4.44807e-35 -6.75178e-18
890 0.0089 4.47628e-35 -6.75772e-18
891 0.00891 4.45277e-35 -6.76208e-18
892 0.00892 4.56092e-35 -6.77166e-18
893 0.00893 4.5233e-35 -6.78099e-18
894 0.00894 4.56092e-35 -6.7908e-18
895 0.00895 4.41986e-35 -6.79516e-18
896 0.00896 4.65026e-35 -6.80643e-18
897 0.00897 4.5233e-35 -6.81576e-18
898 0.00898 4.48569e-35 -6.82533e-18
899 0.00899 4.5233e-35 -6.83661e-18
900 0.009 4.54211e-35 -6.84593e-18
901 0.00901 4.67377e-35 -6.85551e-18
902 0.00902 4.55151e-35 -6.86483e-18
903 0.00903 4.59853e-35 -6.8675e-18
904 0.00904 4.62675e-35 -6.87344e-18
905 0.00905 4.64085e-35 -6.88325e-18
906 0.00906 4.66906e-35 -6.89452e-18
907 0.00907 4.61734e-35 -6.90434e-18
908 0.00908 4.64555e-35 -6.91039e-18
909 0.00909 4.67494e-35 -6.91633e-18
910 0.0091 4.64555e-35 -6.91888e-18
911 0.00911 4.77721e-35 -6.93015e-18
912 0.00912 4.70198e-35 -6.93718e-18
913 0.00913 4.72901e-35 -6.94845e-18
914 0.00914 4.63615e-35 -6.95972e-18
915 0.00915 4.66436e-35 -6.96735e-18
916 0.00916 4.76751e-35 -6.97171e-18
917 0.00917 4.7443e-35 -6.98299e-18
918 0.00918 4.61734e-35 -6.99231e-18
919 0.00919 4.62675e-35 -7.00189e-18
920 0.0092 4.82423e-35 -7.01316e-18
921 0.00921 4.63615e-35 -7.02443e-18
922 0.00922 4.68317e-35 -7.03206e-18
923 0.00923 4.79131e-35 -7.03946e-18
924 0.00924 4.73019e-35 -7.04709e-18
925 0.00925 4.77721e-35 -7.05412e-18
926 0.00926 4.85714e-35 -7.06539e-18
927 0.00927 4.76781e-35 -7.0752e-18
928 0.00928 4.78661e-35 -7.08648e-18
929 0.00929 4.78808e-35 -7.0935e-18
930 0.0093 4.77956e-35 -7.10478e-18
931 0.00931 4.79602e-35 -7.11605e-18
932 0.00932 4.77721e-35 -7.12368e-18
933 0.00933 4.86713e-35 -7.12973e-18
934 0.00934 4.7584e-35 -7.13567e-18
935 0.00935 4.77721e-35 -7.13822e-18
936 0.00936 4.94648e-35 -7.14949e-18
937 0.00937 4.88712e-35 -7.15652e-18
938 0.00938 4.86949e-35 -7.16779e-18
939 0.00939 4.89006e-35 -7.17906e-18
940 0.0094 4.77721e-35 -7.1867e-18
941 0.00941 4.84304e-35 -7.18925e-18
942 0.00942 4.70198e-35 -7.19699e-18
943 0.00943 4.816e-35 -7.20293e-18
944 0.00944 4.81953e-35 -7.20548e-18
945 0.00945 4.9888e-35 -7.21675e-18
946 0.00946 4.85832e-35 -7.22378e-18
947 0.00947 4.84539e-35 -7.23505e-18
948 0.00948 4.94648e-35 -7.24463e-18
949 0.00949 4.7537e-35 -7.25275e-18
950 0.0095 4.7584e-35 -7.25966e-18
951 0.00951 4.82893e-35 -7.2656e-18
952 0.00952 4.78661e-35 -7.27153e-18
953 0.00953 4.87125e-35 -7.27747e-18
954 0.00954 4.89358e-35 -7.28183e-18
955 0.00955 4.78896e-35 -7.29311e-18
956 0.00956 4.89946e-35 -7.30074e-18
957 0.00957 4.84774e-35 -7.30498e-18
958 0.00958 4.94648e-35 -7.31456e-18
959 0.00959 5.08754e-35 -7.32583e-18
960 0.0096 4.89006e-35 -7.33346e-18
961 0.00961 4.97352e-35 -7.34086e-18
962 0.00962 4.81482e-35 -7.35213e-18
963 0.00963 4.93943e-35 -7.35916e-18
964 0.00964 4.99115e-35 -7.37043e-18
965 0.00965 4.84304e-35 -7.38001e-18
966 0.00966 4.90886e-35 -7.38813e-18
967 0.00967 4.92767e-35 -7.39249e-18
968 0.00968 4.94178e-35 -7.40376e-18
969 0.00969 4.9841e-35 -7.41308e-18
970 0.0097 5.02171e-35 -7.42266e-18
971 0.00971 5.06403e-35 -7.43393e-18
972 0.00972 4.93708e-35 -7.4452e-18
973 0.00973 4.93708e-35 -7.45284e-18
974 0.00974 4.95824e-35 -7.46023e-18
975 0.00975 4.94648e-35 -7.46787e-18
976 0.00976 4.95118e-35 -7.47489e-18
977 0.00977 5.01231e-35 -7.48616e-18
978 0.00978 4.9841e-35 -7.49598e-18
979 0.00979 4.9935e-35 -7.50725e-18
980 0.0098 5.02876e-35 -7.51428e-18
981 0.00981 5.07343e-35 -7.52555e-18
982 0.00982 4.95588e-35 -7.53682e-18
983 0.00983 4.9841e-35 -7.54445e-18
984 0.00984 5.09694e-35 -7.55051e-18
985 0.00985 5.02171e-35 -7.55644e-18
986 0.00986 4.96529e-35 -7.56238e-18
987 0.00987 4.95588e-35 -7.56663e-18
988 0.00988 4.94648e-35 -7.57268e-18
989 0.00989 5.08284e-35 -7.57862e-18
990 0.0099 5.0029e-35 -7.58117e-18
991 0.00991 4.92767e-35 -7.59244e-18
992 0.00992 5.02171e-35 -7.60225e-18
993 0.00993 4.86184e-35 -7.60831e-18
994 0.00994 5.05933e-35 -7.61424e-18
995 0.00995 5.04052e-35 -7.61679e-18
996 0.00996 5.20509e-35 -7.62807e-18
997 0.00997 5.16982e-35 -7.63509e-18
998 0.00998 5.11928e-35 -7.64637e-18
999 0.00999 4.96529e-35 -7.65764e-18
1000 0.01 5.03112e-35 -7.66527e-18
