0 0 0 0 0 0 0
0.1 80916.5 890000 592754 -80916.5 890000 -592754
0.2 161833 1.78e+06 1.18551e+06 -161833 1.78e+06 -1.18551e+06
0.3 242750 2.67e+06 1.77826e+06 -242750 2.67e+06 -1.77826e+06
0.4 323666 3.56e+06 2.37102e+06 -323666 3.56e+06 -2.37102e+06
0.5 404583 4.45e+06 2.96377e+06 -404583 4.45e+06 -2.96377e+06
0.6 485499 5.34e+06 3.55653e+06 -485499 5.34e+06 -3.55653e+06
0.7 566416 6.23e+06 4.14928e+06 -566416 6.23e+06 -4.14928e+06
0.8 647332 7.12e+06 4.74204e+06 -647332 7.12e+06 -4.74204e+06
0.9 728249 8.01e+06 5.33479e+06 -728249 8.01e+06 -5.33479e+06
1 809165 8.9e+06 5.92754e+06 -809165 8.9e+06 -5.92754e+06
