0 809165 8.9e+06 -2.95128e+06 -809165 -8.9e+06 -5.92754e+06 -809165 8.9e+06 2.95128e+06 809165 -8.9e+06 5.92754e+06
0.0890852 16306.8 8.24824e+06 1.57681e+06 -16306.8 -8.24824e+06 -1.75574e+06 -1.60202e+06 9.55176e+06 7.47937e+06 1.60202e+06 -9.55176e+06 1.00994e+07
0.17817 -776552 7.59648e+06 6.1049e+06 776552 -7.59648e+06 2.41607e+06 -2.39488e+06 1.02035e+07 1.20075e+07 2.39488e+06 -1.02035e+07 1.42712e+07
0.267256 -1.56941e+06 6.94471e+06 1.0633e+07 1.56941e+06 -6.94471e+06 6.58787e+06 -3.18774e+06 1.08553e+07 1.65356e+07 3.18774e+06 -1.08553e+07 1.8443e+07
0.356341 -2.36227e+06 6.29295e+06 1.51611e+07 2.36227e+06 -6.29295e+06 1.07597e+07 -3.9806e+06 1.1507e+07 2.10636e+07 3.9806e+06 -1.1507e+07 2.26148e+07
0.445426 -3.15513e+06 5.64119e+06 1.96892e+07 3.15513e+06 -5.64119e+06 1.49315e+07 -4.77346e+06 1.21588e+07 2.55917e+07 4.77346e+06 -1.21588e+07 2.67866e+07
0.534511 -3.94799e+06 4.98943e+06 2.42173e+07 3.94799e+06 -4.98943e+06 1.91033e+07 -5.56632e+06 1.28106e+07 3.01198e+07 5.56632e+06 -1.28106e+07 3.09584e+07
0.623597 -4.74084e+06 4.33767e+06 2.87454e+07 4.74084e+06 -4.33767e+06 2.32751e+07 -6.35918e+06 1.34623e+07 3.46479e+07 6.35918e+06 -1.34623e+07 3.51302e+07
0.712682 -5.5337e+06 3.68591e+06 3.32734e+07 5.5337e+06 -3.68591e+06 2.74469e+07 -7.15203e+06 1.41141e+07 3.9176e+07 7.15203e+06 -1.41141e+07 3.9302e+07
0.801767 -6.32656e+06 3.03414e+06 3.78015e+07 6.32656e+06 -3.03414e+06 3.16187e+07 -7.94489e+06 1.47659e+07 4.37041e+07 7.94489e+06 -1.47659e+07 4.34738e+07
0.890852 -7.11942e+06 2.38238e+06 4.23296e+07 7.11942e+06 -2.38238e+06 3.57905e+07 -8.73775e+06 1.54176e+07 4.82322e+07 8.73775e+06 -1.54176e+07 4.76456e+07
0.979938 -7.91228e+06 1.73062e+06 4.68577e+07 7.91228e+06 -1.73062e+06 3.99623e+07 -9.53061e+06 1.60694e+07 5.27603e+07 9.53061e+06 -1.60694e+07 5.18174e+07
1.06902 -8.70514e+06 1.07886e+06 5.13858e+07 8.70514e+06 -1.07886e+06 4.41341e+07 -1.03235e+07 1.67211e+07 5.72884e+07 1.03235e+07 -1.67211e+07 5.59892e+07
1.15811 -9.498e+06 427096 5.59139e+07 9.498e+06 -427096 4.83059e+07 -1.11163e+07 1.73729e+07 6.18165e+07 1.11163e+07 -1.73729e+07 6.0161e+07
1.24719 -1.02909e+07 -224666 6.0442e+07 1.02909e+07 224666 5.24777e+07 -1.19092e+07 1.80247e+07 6.63446e+07 1.19092e+07 -1.80247e+07 6.43328e+07
1.33628 -1.10837e+07 -876428 6.49701e+07 1.10837e+07 876428 5.66495e+07 -1.2702e+07 1.86764e+07 7.08726e+07 1.2702e+07 -1.86764e+07 6.85046e+07
1.42536 -1.18766e+07 -1.52819e+06 6.94982e+07 1.18766e+07 1.52819e+06 6.08213e+07 -1.34949e+07 1.93282e+07 7.54007e+07 1.34949e+07 -1.93282e+07 7.26764e+07
1.51445 -1.26694e+07 -2.17995e+06 7.40263e+07 1.26694e+07 2.17995e+06 6.49932e+07 -1.42878e+07 1.998e+07 7.99288e+07 1.42878e+07 -1.998e+07 7.68482e+07
1.60353 -1.34623e+07 -2.83171e+06 7.85544e+07 1.34623e+07 2.83171e+06 6.9165e+07 -1.50806e+07 2.06317e+07 8.44569e+07 1.50806e+07 -2.06317e+07 8.102e+07
1.69262 -1.42551e+07 -3.48348e+06 8.30824e+07 1.42551e+07 3.48348e+06 7.33368e+07 -1.58735e+07 2.12835e+07 8.8985e+07 1.58735e+07 -2.12835e+07 8.51919e+07
1.7817 -1.5048e+07 -4.13524e+06 8.76105e+07 1.5048e+07 4.13524e+06 7.75086e+07 -1.66663e+07 2.19352e+07 9.35131e+07 1.66663e+07 -2.19352e+07 8.93637e+07
1.87079 -1.58409e+07 -4.787e+06 9.21386e+07 1.58409e+07 4.787e+06 8.16804e+07 -1.74592e+07 2.2587e+07 9.80412e+07 1.74592e+07 -2.2587e+07 9.35355e+07
1.95988 -1.66337e+07 -5.43876e+06 9.66667e+07 1.66337e+07 5.43876e+06 8.58522e+07 -1.82521e+07 2.32388e+07 1.02569e+08 1.82521e+07 -2.32388e+07 9.77073e+07
2.04896 -1.74266e+07 -6.09052e+06 1.01195e+08 1.74266e+07 6.09052e+06 9.0024e+07 -1.90449e+07 2.38905e+07 1.07097e+08 1.90449e+07 -2.38905e+07 1.01879e+08
2.13805 -1.82194e+07 -6.74228e+06 1.05723e+08 1.82194e+07 6.74228e+06 9.41958e+07 -1.98378e+07 2.45423e+07 1.11625e+08 1.98378e+07 -2.45423e+07 1.06051e+08
2.22713 -1.90123e+07 -7.39405e+06 1.10251e+08 1.90123e+07 7.39405e+06 9.83676e+07 -2.06306e+07 2.5194e+07 1.16154e+08 2.06306e+07 -2.5194e+07 1.10223e+08
2.31622 -1.98052e+07 -8.04581e+06 1.14779e+08 1.98052e+07 8.04581e+06 1.02539e+08 -2.14235e+07 2.58458e+07 1.20682e+08 2.14235e+07 -2.58458e+07 1.14394e+08
2.4053 -2.0598e+07 -8.69757e+06 1.19307e+08 2.0598e+07 8.69757e+06 1.06711e+08 -2.22163e+07 2.64976e+07 1.2521e+08 2.22163e+07 -2.64976e+07 1.18566e+08
2.49439 -2.13909e+07 -9.34933e+06 1.23835e+08 2.13909e+07 9.34933e+06 1.10883e+08 -2.30092e+07 2.71493e+07 1.29738e+08 2.30092e+07 -2.71493e+07 1.22738e+08
2.58347 -2.21837e+07 -1.00011e+07 1.28363e+08 2.21837e+07 1.00011e+07 1.15055e+08 -2.38021e+07 2.78011e+07 1.34266e+08 2.38021e+07 -2.78011e+07 1.2691e+08
2.67256 -2.29766e+07 -1.06529e+07 1.32891e+08 2.29766e+07 1.06529e+07 1.19227e+08 -2.45949e+07 2.84529e+07 1.38794e+08 2.45949e+07 -2.84529e+07 1.31082e+08
2.76164 -2.37695e+07 -1.13046e+07 1.3742e+08 2.37695e+07 1.13046e+07 1.23398e+08 -2.53878e+07 2.91046e+07 1.43322e+08 2.53878e+07 -2.91046e+07 1.35254e+08
2.85073 -2.45623e+07 -1.19564e+07 1.41948e+08 2.45623e+07 1.19564e+07 1.2757e+08 -2.61806e+07 2.97564e+07 1.4785e+08 2.61806e+07 -2.97564e+07 1.39425e+08
2.93981 -2.53552e+07 -1.26081e+07 1.46476e+08 2.53552e+07 1.26081e+07 1.31742e+08 -2.69735e+07 3.04081e+07 1.52378e+08 2.69735e+07 -3.04081e+07 1.43597e+08
3.0289 -2.6148e+07 -1.32599e+07 1.51004e+08 2.6148e+07 1.32599e+07 1.35914e+08 -2.77664e+07 3.10599e+07 1.56906e+08 2.77664e+07 -3.10599e+07 1.47769e+08
3.11798 -2.69409e+07 -1.39117e+07 1.55532e+08 2.69409e+07 1.39117e+07 1.40086e+08 -2.85592e+07 3.17117e+07 1.61434e+08 2.85592e+07 -3.17117e+07 1.51941e+08
3.20707 -2.77337e+07 -1.45634e+07 1.6006e+08 2.77337e+07 1.45634e+07 1.44257e+08 -2.93521e+07 3.23634e+07 1.65963e+08 2.93521e+07 -3.23634e+07 1.56113e+08
3.29615 -2.85266e+07 -1.52152e+07 1.64588e+08 2.85266e+07 1.52152e+07 1.48429e+08 -3.01449e+07 3.30152e+07 1.70491e+08 3.01449e+07 -3.30152e+07 1.60284e+08
3.38524 -2.93195e+07 -1.5867e+07 1.69116e+08 2.93195e+07 1.5867e+07 1.52601e+08 -3.09378e+07 3.3667e+07 1.75019e+08 3.09378e+07 -3.3667e+07 1.64456e+08
3.47432 -3.01123e+07 -1.65187e+07 1.73644e+08 3.01123e+07 1.65187e+07 1.56773e+08 -3.17307e+07 3.43187e+07 1.79547e+08 3.17307e+07 -3.43187e+07 1.68628e+08
3.56341 -3.09052e+07 -1.71705e+07 1.78172e+08 3.09052e+07 1.71705e+07 1.60945e+08 -3.25235e+07 3.49705e+07 1.84075e+08 3.25235e+07 -3.49705e+07 1.728e+08
3.65249 -3.1698e+07 -1.78222e+07 1.827e+08 3.1698e+07 1.78222e+07 1.65116e+08 -3.33164e+07 3.56222e+07 1.88603e+08 3.33164e+07 -3.56222e+07 1.76972e+08
3.74158 -3.24909e+07 -1.8474e+07 1.87229e+08 3.24909e+07 1.8474e+07 1.69288e+08 -3.41092e+07 3.6274e+07 1.93131e+08 3.41092e+07 -3.6274e+07 1.81143e+08
3.83067 -3.32838e+07 -1.91258e+07 1.91757e+08 3.32838e+07 1.91258e+07 1.7346e+08 -3.49021e+07 3.69258e+07 1.97659e+08 3.49021e+07 -3.69258e+07 1.85315e+08
3.91975 -3.40766e+07 -1.97775e+07 1.96285e+08 3.40766e+07 1.97775e+07 1.77632e+08 -3.56949e+07 3.75775e+07 2.02187e+08 3.56949e+07 -3.75775e+07 1.89487e+08
4.00884 -3.48695e+07 -2.04293e+07 2.00813e+08 3.48695e+07 2.04293e+07 1.81804e+08 -3.64878e+07 3.82293e+07 2.06715e+08 3.64878e+07 -3.82293e+07 1.93659e+08
4.09792 -3.56623e+07 -2.1081e+07 2.05341e+08 3.56623e+07 2.1081e+07 1.85976e+08 -3.72807e+07 3.8881e+07 2.11243e+08 3.72807e+07 -3.8881e+07 1.97831e+08
4.18701 -3.64552e+07 -2.17328e+07 2.09869e+08 3.64552e+07 2.17328e+07 1.90147e+08 -3.80735e+07 3.95328e+07 2.15772e+08 3.80735e+07 -3.95328e+07 2.02002e+08
4.27609 -3.7248e+07 -2.23846e+07 2.14397e+08 3.7248e+07 2.23846e+07 1.94319e+08 -3.88664e+07 4.01846e+07 2.203e+08 3.88664e+07 -4.01846e+07 2.06174e+08
4.36518 -3.80409e+07 -2.30363e+07 2.18925e+08 3.80409e+07 2.30363e+07 1.98491e+08 -3.96592e+07 4.08363e+07 2.24828e+08 3.96592e+07 -4.08363e+07 2.10346e+08
4.45426 -3.88338e+07 -2.36881e+07 2.23453e+08 3.88338e+07 2.36881e+07 2.02663e+08 -4.04521e+07 4.14881e+07 2.29356e+08 4.04521e+07 -4.14881e+07 2.14518e+08
4.54335 -3.96266e+07 -2.43399e+07 2.27981e+08 3.96266e+07 2.43399e+07 2.06835e+08 -4.1245e+07 4.21399e+07 2.33884e+08 4.1245e+07 -4.21399e+07 2.1869e+08
4.63243 -4.04195e+07 -2.49916e+07 2.32509e+08 4.04195e+07 2.49916e+07 2.11006e+08 -4.20378e+07 4.27916e+07 2.38412e+08 4.20378e+07 -4.27916e+07 2.22861e+08
4.72152 -4.12123e+07 -2.56434e+07 2.37038e+08 4.12123e+07 2.56434e+07 2.15178e+08 -4.28307e+07 4.34434e+07 2.4294e+08 4.28307e+07 -4.34434e+07 2.27033e+08
4.8106 -4.20052e+07 -2.62951e+07 2.41566e+08 4.20052e+07 2.62951e+07 2.1935e+08 -4.36235e+07 4.40951e+07 2.47468e+08 4.36235e+07 -4.40951e+07 2.31205e+08
4.89969 -4.27981e+07 -2.69469e+07 2.46094e+08 4.27981e+07 2.69469e+07 2.23522e+08 -4.44164e+07 4.47469e+07 2.51996e+08 4.44164e+07 -4.47469e+07 2.35377e+08
4.98877 -4.35909e+07 -2.75987e+07 2.50622e+08 4.35909e+07 2.75987e+07 2.27694e+08 -4.52092e+07 4.53987e+07 2.56524e+08 4.52092e+07 -4.53987e+07 2.39549e+08
5.07786 -4.43838e+07 -2.82504e+07 2.5515e+08 4.43838e+07 2.82504e+07 2.31865e+08 -4.60021e+07 4.60504e+07 2.61052e+08 4.60021e+07 -4.60504e+07 2.4372e+08
5.16694 -4.51766e+07 -2.89022e+07 2.59678e+08 4.51766e+07 2.89022e+07 2.36037e+08 -4.6795e+07 4.67022e+07 2.65581e+08 4.6795e+07 -4.67022e+07 2.47892e+08
5.25603 -4.59695e+07 -2.9554e+07 2.64206e+08 4.59695e+07 2.9554e+07 2.40209e+08 -4.75878e+07 4.7354e+07 2.70109e+08 4.75878e+07 -4.7354e+07 2.52064e+08
5.34511 -4.67624e+07 -3.02057e+07 2.68734e+08 4.67624e+07 3.02057e+07 2.44381e+08 -4.83807e+07 4.80057e+07 2.74637e+08 4.83807e+07 -4.80057e+07 2.56236e+08
5.4342 -4.75552e+07 -3.08575e+07 2.73262e+08 4.75552e+07 3.08575e+07 2.48553e+08 -4.91735e+07 4.86575e+07 2.79165e+08 4.91735e+07 -4.86575e+07 2.60408e+08
5.52328 -4.83481e+07 -3.15092e+07 2.7779e+08 4.83481e+07 3.15092e+07 2.52724e+08 -4.99664e+07 4.93092e+07 2.83693e+08 4.99664e+07 -4.93092e+07 2.64579e+08
5.61237 -4.91409e+07 -3.2161e+07 2.82318e+08 4.91409e+07 3.2161e+07 2.56896e+08 -5.07593e+07 4.9961e+07 2.88221e+08 5.07593e+07 -4.9961e+07 2.68751e+08
5.70146 -4.99338e+07 -3.28128e+07 2.86847e+08 4.99338e+07 3.28128e+07 2.61068e+08 -5.15521e+07 5.06128e+07 2.92749e+08 5.15521e+07 -5.06128e+07 2.72923e+08
5.79054 -5.07266e+07 -3.34645e+07 2.91375e+08 5.07266e+07 3.34645e+07 2.6524e+08 -5.2345e+07 5.12645e+07 2.97277e+08 5.2345e+07 -5.12645e+07 2.77095e+08
5.87963 -5.15195e+07 -3.41163e+07 2.95903e+08 5.15195e+07 3.41163e+07 2.69412e+08 -5.31378e+07 5.19163e+07 3.01805e+08 5.31378e+07 -5.19163e+07 2.81267e+08
5.96871 -5.23124e+07 -3.4768e+07 3.00431e+08 5.23124e+07 3.4768e+07 2.73583e+08 -5.39307e+07 5.2568e+07 3.06333e+08 5.39307e+07 -5.2568e+07 2.85439e+08
6.0578 -5.31052e+07 -3.54198e+07 3.04959e+08 5.31052e+07 3.54198e+07 2.77755e+08 -5.47236e+07 5.32198e+07 3.10861e+08 5.47236e+07 -5.32198e+07 2.8961e+08
6.14688 -5.38981e+07 -3.60716e+07 3.09487e+08 5.38981e+07 3.60716e+07 2.81927e+08 -5.55164e+07 5.38716e+07 3.1539e+08 5.55164e+07 -5.38716e+07 2.93782e+08
6.23597 -5.46909e+07 -3.67233e+07 3.14015e+08 5.46909e+07 3.67233e+07 2.86099e+08 -5.63093e+07 5.45233e+07 3.19918e+08 5.63093e+07 -5.45233e+07 2.97954e+08
6.32505 -5.54838e+07 -3.73751e+07 3.18543e+08 5.54838e+07 3.73751e+07 2.90271e+08 -5.71021e+07 5.51751e+07 3.24446e+08 5.71021e+07 -5.51751e+07 3.02126e+08
6.41414 -5.62767e+07 -3.80269e+07 3.23071e+08 5.62767e+07 3.80269e+07 2.94442e+08 -5.7895e+07 5.58269e+07 3.28974e+08 5.7895e+07 -5.58269e+07 3.06298e+08
6.50322 -5.70695e+07 -3.86786e+07 3.27599e+08 5.70695e+07 3.86786e+07 2.98614e+08 -5.86878e+07 5.64786e+07 3.33502e+08 5.86878e+07 -5.64786e+07 3.10469e+08
6.59231 -5.78624e+07 -3.93304e+07 3.32127e+08 5.78624e+07 3.93304e+07 3.02786e+08 -5.94807e+07 5.71304e+07 3.3803e+08 5.94807e+07 -5.71304e+07 3.14641e+08
6.68139 -5.86552e+07 -3.99821e+07 3.36656e+08 5.86552e+07 3.99821e+07 3.06958e+08 -6.02736e+07 5.77821e+07 3.42558e+08 6.02736e+07 -5.77821e+07 3.18813e+08
6.77048 -5.94481e+07 -4.06339e+07 3.41184e+08 5.94481e+07 4.06339e+07 3.1113e+08 -6.10664e+07 5.84339e+07 3.47086e+08 6.10664e+07 -5.84339e+07 3.22985e+08
6.85956 -6.02409e+07 -4.12857e+07 3.45712e+08 6.02409e+07 4.12857e+07 3.15301e+08 -6.18593e+07 5.90857e+07 3.51614e+08 6.18593e+07 -5.90857e+07 3.27157e+08
6.94865 -6.10338e+07 -4.19374e+07 3.5024e+08 6.10338e+07 4.19374e+07 3.19473e+08 -6.26521e+07 5.97374e+07 3.56142e+08 6.26521e+07 -5.97374e+07 3.31328e+08
7.03773 -6.18267e+07 -4.25892e+07 3.54768e+08 6.18267e+07 4.25892e+07 3.23645e+08 -6.3445e+07 6.03892e+07 3.6067e+08 6.3445e+07 -6.03892e+07 3.355e+08
7.12682 -6.26195e+07 -4.32409e+07 3.59296e+08 6.26195e+07 4.32409e+07 3.27817e+08 -6.42379e+07 6.10409e+07 3.65199e+08 6.42379e+07 -6.10409e+07 3.39672e+08
7.2159 -6.34124e+07 -4.38927e+07 3.63824e+08 6.34124e+07 4.38927e+07 3.31989e+08 -6.50307e+07 6.16927e+07 3.69727e+08 6.50307e+07 -6.16927e+07 3.43844e+08
7.30499 -6.42052e+07 -4.45445e+07 3.68352e+08 6.42052e+07 4.45445e+07 3.36161e+08 -6.58236e+07 6.23445e+07 3.74255e+08 6.58236e+07 -6.23445e+07 3.48016e+08
7.39407 -6.49981e+07 -4.51962e+07 3.7288e+08 6.49981e+07 4.51962e+07 3.40332e+08 -6.66164e+07 6.29962e+07 3.78783e+08 6.66164e+07 -6.29962e+07 3.52187e+08
7.48316 -6.5791e+07 -4.5848e+07 3.77408e+08 6.5791e+07 4.5848e+07 3.44504e+08 -6.74093e+07 6.3648e+07 3.83311e+08 6.74093e+07 -6.3648e+07 3.56359e+08
7.57225 -6.65838e+07 -4.64998e+07 3.81936e+08 6.65838e+07 4.64998e+07 3.48676e+08 -6.82021e+07 6.42998e+07 3.87839e+08 6.82021e+07 -6.42998e+07 3.60531e+08
7.66133 -6.73767e+07 -4.71515e+07 3.86465e+08 6.73767e+07 4.71515e+07 3.52848e+08 -6.8995e+07 6.49515e+07 3.92367e+08 6.8995e+07 -6.49515e+07 3.64703e+08
7.75042 -6.81695e+07 -4.78033e+07 3.90993e+08 6.81695e+07 4.78033e+07 3.5702e+08 -6.97879e+07 6.56033e+07 3.96895e+08 6.97879e+07 -6.56033e+07 3.68875e+08
7.8395 -6.89624e+07 -4.8455e+07 3.95521e+08 6.89624e+07 4.8455e+07 3.61191e+08 -7.05807e+07 6.6255e+07 4.01423e+08 7.05807e+07 -6.6255e+07 3.73046e+08
7.92859 -6.97553e+07 -4.91068e+07 4.00049e+08 6.97553e+07 4.91068e+07 3.65363e+08 -7.13736e+07 6.69068e+07 4.05951e+08 7.13736e+07 -6.69068e+07 3.77218e+08
8.01767 -7.05481e+07 -4.97586e+07 4.04577e+08 7.05481e+07 4.97586e+07 3.69535e+08 -7.21664e+07 6.75586e+07 4.10479e+08 7.21664e+07 -6.75586e+07 3.8139e+08
8.10676 -7.1341e+07 -5.04103e+07 4.09105e+08 7.1341e+07 5.04103e+07 3.73707e+08 -7.29593e+07 6.82103e+07 4.15008e+08 7.29593e+07 -6.82103e+07 3.85562e+08
8.19584 -7.21338e+07 -5.10621e+07 4.13633e+08 7.21338e+07 5.10621e+07 3.77879e+08 -7.37522e+07 6.88621e+07 4.19536e+08 7.37522e+07 -6.88621e+07 3.89734e+08
8.28493 -7.29267e+07 -5.17139e+07 4.18161e+08 7.29267e+07 5.17139e+07 3.8205e+08 -7.4545e+07 6.95139e+07 4.24064e+08 7.4545e+07 -6.95139e+07 3.93905e+08
8.37401 -7.37195e+07 -5.23656e+07 4.22689e+08 7.37195e+07 5.23656e+07 3.86222e+08 -7.53379e+07 7.01656e+07 4.28592e+08 7.53379e+07 -7.01656e+07 3.98077e+08
8.4631 -7.45124e+07 -5.30174e+07 4.27217e+08 7.45124e+07 5.30174e+07 3.90394e+08 -7.61307e+07 7.08174e+07 4.3312e+08 7.61307e+07 -7.08174e+07 4.02249e+08
8.55218 -7.53053e+07 -5.36691e+07 4.31745e+08 7.53053e+07 5.36691e+07 3.94566e+08 -7.69236e+07 7.14691e+07 4.37648e+08 7.69236e+07 -7.14691e+07 4.06421e+08
8.64127 -7.60981e+07 -5.43209e+07 4.36274e+08 7.60981e+07 5.43209e+07 3.98738e+08 -7.77165e+07 7.21209e+07 4.42176e+08 7.77165e+07 -7.21209e+07 4.10593e+08
8.73035 -7.6891e+07 -5.49727e+07 4.40802e+08 7.6891e+07 5.49727e+07 4.02909e+08 -7.85093e+07 7.27727e+07 4.46704e+08 7.85093e+07 -7.27727e+07 4.14765e+08
8.81944 -7.76838e+07 -5.56244e+07 4.4533e+08 7.76838e+07 5.56244e+07 4.07081e+08 -7.93022e+07 7.34244e+07 4.51232e+08 7.93022e+07 -7.34244e+07 4.18936e+08
8.90852 -7.84767e+07 -5.62762e+07 4.49858e+08 7.84767e+07 5.62762e+07 4.11253e+08 -8.0095e+07 7.40762e+07 4.5576e+08 8.0095e+07 -7.40762e+07 4.23108e+08
