0.01 3.46425e-05 -0.00211634 -0.0018276 -7.75817e-05 -0.00211573 0.00182846
0.02 -7.10962e-05 -0.00211783 -0.00182549 -0.00018332 -0.00211424 0.00183057
0.03 -0.000339779 -0.00212162 -0.00182013 -0.000452003 -0.00211044 0.00183592
0.04 -0.000840666 -0.0021287 -0.00181014 -0.00095289 -0.00210337 0.00184591
0.05 -0.00163091 -0.00213986 -0.00179438 -0.00174314 -0.00209221 0.00186167
0.06 -0.00275333 -0.00215571 -0.001772 -0.00286556 -0.00207636 0.00188406
0.07 -0.00423465 -0.00217663 -0.00174246 -0.00434688 -0.00205544 0.0019136
0.08 -0.00608435 -0.00220275 -0.00170557 -0.00619658 -0.00202932 0.00195049
0.09 -0.00829413 -0.00223396 -0.0016615 -0.00840635 -0.00199811 0.00199456
0.1 -0.010838 -0.00226988 -0.00161077 -0.0109502 -0.00196219 0.00204529
0.11 -0.0136728 -0.00230992 -0.00155423 -0.013785 -0.00192215 0.00210183
0.12 -0.0167399 -0.00235323 -0.00149307 -0.0168521 -0.00187884 0.00216299
0.13 -0.0199666 -0.0023988 -0.00142871 -0.0200789 -0.00183327 0.00222734
0.14 -0.0232689 -0.00244544 -0.00136286 -0.0233811 -0.00178663 0.0022932
0.15 -0.0265539 -0.00249183 -0.00129735 -0.0266661 -0.00174024 0.00235871
0.16 -0.029723 -0.00253658 -0.00123414 -0.0298352 -0.00169549 0.00242192
0.17 -0.0326756 -0.00257828 -0.00117526 -0.0327878 -0.00165379 0.0024808
0.18 -0.035312 -0.00261551 -0.00112268 -0.0354242 -0.00161656 0.00253338
0.19 -0.0375371 -0.00264693 -0.00107831 -0.0376493 -0.00158513 0.00257775
0.2 -0.0392639 -0.00267132 -0.00104387 -0.0393761 -0.00156075 0.00261219
0.21 -0.0404161 -0.00268759 -0.00102089 -0.0405283 -0.00154448 0.00263517
0.22 -0.0409315 -0.00269487 -0.00101061 -0.0410437 -0.0015372 0.00264545
0.23 -0.0407639 -0.0026925 -0.00101395 -0.0408761 -0.00153956 0.0026421
0.24 -0.0398852 -0.00268009 -0.00103148 -0.0399974 -0.00155197 0.00262458
0.25 -0.0382867 -0.00265752 -0.00106336 -0.0383989 -0.00157455 0.0025927
0.26 -0.0359795 -0.00262494 -0.00110937 -0.0360918 -0.00160713 0.00254669
0.27 -0.0329951 -0.00258279 -0.00116889 -0.0331073 -0.00164928 0.00248717
0.28 -0.0293842 -0.0025318 -0.0012409 -0.0294965 -0.00170027 0.00241516
0.29 -0.0252161 -0.00247293 -0.00132402 -0.0253284 -0.00175913 0.00233203
0.3 -0.0205764 -0.00240741 -0.00141655 -0.0206886 -0.00182466 0.0022395
0.31 -0.015565 -0.00233664 -0.0015165 -0.0156772 -0.00189543 0.00213956
0.32 -0.010293 -0.00226219 -0.00162164 -0.0104053 -0.00196988 0.00203442
0.33 -0.00488013 -0.00218574 -0.00172959 -0.00499236 -0.00204632 0.00192647
0.34 0.000549499 -0.00210907 -0.00183787 0.000437274 -0.002123 0.00181819
0.35 0.00587041 -0.00203392 -0.00194398 0.00575819 -0.00219814 0.00171207
0.36 0.0109597 -0.00196205 -0.00204548 0.0108474 -0.00227002 0.00161058
0.37 0.0157004 -0.0018951 -0.00214003 0.0155882 -0.00233697 0.00151603
0.38 0.0199855 -0.00183459 -0.00222548 0.0198732 -0.00239748 0.00143058
0.39 0.0237202 -0.00178184 -0.00229996 0.0236079 -0.00245022 0.0013561
0.4 0.0268254 -0.00173799 -0.00236189 0.0267132 -0.00249408 0.00129417
0.41 0.0292399 -0.00170389 -0.00241004 0.0291277 -0.00252817 0.00124602
0.42 0.0309219 -0.00168014 -0.00244359 0.0308097 -0.00255193 0.00121247
0.43 0.0318502 -0.00166703 -0.0024621 0.031738 -0.00256504 0.00119396
0.44 0.0320249 -0.00166456 -0.00246558 0.0319127 -0.0025675 0.00119047
0.45 0.0314673 -0.00167244 -0.00245446 0.031355 -0.00255963 0.0012016
0.46 0.0302187 -0.00169007 -0.00242956 0.0301064 -0.002542 0.0012265
0.47 0.0283395 -0.00171661 -0.00239209 0.0282273 -0.00251546 0.00126397
0.48 0.0259071 -0.00175096 -0.00234358 0.0257949 -0.00248111 0.00131248
0.49 0.0230131 -0.00179183 -0.00228586 0.0229009 -0.00244024 0.0013702
0.5 0.0197607 -0.00183776 -0.002221 0.0196485 -0.00239431 0.00143506
0.51 0.0162613 -0.00188718 -0.00215121 0.0161491 -0.00234489 0.00150485
0.52 0.0126309 -0.00193845 -0.00207881 0.0125186 -0.00229362 0.00157725
0.53 0.00898655 -0.00198992 -0.00200613 0.00887432 -0.00224215 0.00164993
0.54 0.00544281 -0.00203996 -0.00193546 0.00533058 -0.00219211 0.0017206
0.55 0.00210797 -0.00208706 -0.00186895 0.00199574 -0.00214501 0.00178711
0.56 -0.000919163 -0.00212981 -0.00180858 -0.00103139 -0.00210226 0.00184748
0.57 -0.00355229 -0.00216699 -0.00175607 -0.00366452 -0.00206508 0.00189999
0.58 -0.00572023 -0.00219761 -0.00171283 -0.00583245 -0.00203446 0.00194323
0.59 -0.00736901 -0.00222089 -0.00167995 -0.00748123 -0.00201117 0.00197611
0.6 -0.00846338 -0.00223635 -0.00165812 -0.00857561 -0.00199572 0.00199793
0.61 -0.00898779 -0.00224375 -0.00164767 -0.00910001 -0.00198831 0.00200839
0.62 -0.00894659 -0.00224317 -0.00164849 -0.00905882 -0.0019889 0.00200757
0.63 -0.00836376 -0.00223494 -0.00166011 -0.00847599 -0.00199713 0.00199595
0.64 -0.00728183 -0.00221966 -0.00168169 -0.00739406 -0.00201241 0.00197437
0.65 -0.00576034 -0.00219818 -0.00171203 -0.00587256 -0.00203389 0.00194403
0.66 -0.00387368 -0.00217153 -0.00174966 -0.0039859 -0.00206054 0.0019064
0.67 -0.00170846 -0.00214095 -0.00179284 -0.00182069 -0.00209111 0.00186322
0.68 0.000639442 -0.0021078 -0.00183966 0.000527218 -0.00212427 0.0018164
0.69 0.00306825 -0.0020735 -0.0018881 0.00295602 -0.00215857 0.00176796
0.7 0.0054737 -0.00203953 -0.00193607 0.00536148 -0.00219254 0.00171999
0.71 0.00775265 -0.00200734 -0.00198152 0.00764042 -0.00222473 0.00167454
0.72 0.00980653 -0.00197834 -0.00202248 0.00969431 -0.00225373 0.00163358
0.73 0.0115447 -0.00195379 -0.00205715 0.0114325 -0.00227828 0.00159891
0.74 0.0128877 -0.00193482 -0.00208393 0.0127755 -0.00229724 0.00157213
0.75 0.0137695 -0.00192237 -0.00210152 0.0136573 -0.0023097 0.00155454
0.76 0.0141404 -0.00191713 -0.00210891 0.0140281 -0.00231493 0.00154715
0.77 0.0139681 -0.00191957 -0.00210548 0.0138559 -0.0023125 0.00155058
0.78 0.0132395 -0.00192985 -0.00209095 0.0131273 -0.00230221 0.00156511
0.79 0.0119607 -0.00194791 -0.00206544 0.0118485 -0.00228415 0.00159062
0.8 0.0101571 -0.00197339 -0.00202947 0.0100448 -0.00225868 0.00162659
0.81 0.00787252 -0.00200565 -0.00198391 0.0077603 -0.00222642 0.00167215
0.82 0.00516822 -0.00204384 -0.00192998 0.00505599 -0.00218823 0.00172608
0.83 0.00212048 -0.00208688 -0.0018692 0.00200825 -0.00214519 0.00178686
0.84 -0.00118154 -0.00213351 -0.00180335 -0.00129377 -0.00209856 0.00185271
0.85 -0.00463875 -0.00218234 -0.0017344 -0.00475097 -0.00204973 0.00192166
0.86 -0.00814528 -0.00223186 -0.00166447 -0.0082575 -0.00200021 0.00199159
0.87 -0.0115919 -0.00228053 -0.00159573 -0.0117042 -0.00195154 0.00206033
0.88 -0.0148698 -0.00232682 -0.00153036 -0.014982 -0.00190525 0.0021257
0.89 -0.0178735 -0.00236924 -0.00147046 -0.0179857 -0.00186283 0.0021856
0.9 -0.0205052 -0.00240641 -0.00141797 -0.0206174 -0.00182566 0.00223808
0.91 -0.0226772 -0.00243708 -0.00137466 -0.0227894 -0.00179499 0.0022814
0.92 -0.0243152 -0.00246021 -0.00134199 -0.0244274 -0.00177186 0.00231407
0.93 -0.0253606 -0.00247497 -0.00132114 -0.0254729 -0.00175709 0.00233492
0.94 -0.0257729 -0.0024808 -0.00131292 -0.0258851 -0.00175127 0.00234314
0.95 -0.0255303 -0.00247737 -0.00131776 -0.0256425 -0.0017547 0.0023383
0.96 -0.0246312 -0.00246467 -0.00133569 -0.0247434 -0.00176739 0.00232037
0.97 -0.0230942 -0.00244297 -0.00136634 -0.0232064 -0.0017891 0.00228972
0.98 -0.0209574 -0.00241279 -0.00140896 -0.0210696 -0.00181928 0.0022471
0.99 -0.0182776 -0.00237495 -0.0014624 -0.0183898 -0.00185712 0.00219366
1 -0.0151282 -0.00233047 -0.00152521 -0.0152404 -0.0019016 0.00213085
1.01 -0.0115975 -0.00228061 -0.00159562 -0.0117098 -0.00195146 0.00206044
1.02 -0.00778553 -0.00222678 -0.00167164 -0.00789776 -0.00200529 0.00198442
1.03 -0.00380101 -0.00217051 -0.00175111 -0.00391324 -0.00206156 0.00190495
1.04 0.000241793 -0.00211341 -0.00183173 0.000129569 -0.00211866 0.00182433
1.05 0.00422683 -0.00205713 -0.00191121 0.0041146 -0.00217493 0.00174485
1.06 0.0080398 -0.00200329 -0.00198725 0.00792758 -0.00222878 0.00166881
1.07 0.0115718 -0.00195341 -0.00205769 0.0114596 -0.00227866 0.00159837
1.08 0.0147225 -0.00190891 -0.00212052 0.0146103 -0.00232316 0.00153554
1.09 0.0174038 -0.00187105 -0.002174 0.0172916 -0.00236102 0.00148206
1.1 0.0195418 -0.00184085 -0.00221663 0.0194296 -0.00239122 0.00143943
1.11 0.0210798 -0.00181913 -0.00224731 0.0209676 -0.00241294 0.00140875
1.12 0.0219797 -0.00180642 -0.00226525 0.0218674 -0.00242564 0.00139081
1.13 0.0222231 -0.00180299 -0.00227011 0.0221108 -0.00242908 0.00138595
1.14 0.0218121 -0.00180879 -0.00226191 0.0216998 -0.00242328 0.00139415
1.15 0.0207689 -0.00182352 -0.00224111 0.0206567 -0.00240854 0.00141495
1.16 0.0191354 -0.00184659 -0.00220853 0.0190232 -0.00238548 0.00144753
1.17 0.0169714 -0.00187715 -0.00216537 0.0168592 -0.00235492 0.00149069
1.18 0.0143528 -0.00191413 -0.00211315 0.0142406 -0.00231794 0.00154291
1.19 0.0113694 -0.00195626 -0.00205365 0.0112572 -0.0022758 0.00160241
1.2 0.0081217 -0.00200213 -0.00198888 0.00800947 -0.00222994 0.00166718
1.21 0.00471765 -0.0020502 -0.00192099 0.00460542 -0.00218187 0.00173506
1.22 0.00126942 -0.0020989 -0.00185223 0.00115719 -0.00213317 0.00180383
1.23 -0.00211036 -0.00214663 -0.00178482 -0.00222258 -0.00208544 0.00187124
1.24 -0.00531214 -0.00219185 -0.00172097 -0.00542436 -0.00204022 0.00193509
1.25 -0.008233 -0.00223309 -0.00166272 -0.00834523 -0.00199897 0.00199334
1.26 -0.0107799 -0.00226906 -0.00161193 -0.0108921 -0.00196301 0.00204413
1.27 -0.0128726 -0.00229862 -0.00157019 -0.0129848 -0.00193345 0.00208587
1.28 -0.0144462 -0.00232084 -0.00153881 -0.0145584 -0.00191123 0.00211725
1.29 -0.0154533 -0.00233506 -0.00151872 -0.0155656 -0.00189701 0.00213733
1.3 -0.0158654 -0.00234088 -0.00151051 -0.0159776 -0.00189119 0.00214555
1.31 -0.0156735 -0.00233817 -0.00151433 -0.0157858 -0.0018939 0.00214173
1.32 -0.0148889 -0.00232709 -0.00152998 -0.0150012 -0.00190498 0.00212608
1.33 -0.0135423 -0.00230807 -0.00155684 -0.0136546 -0.00192399 0.00209922
1.34 -0.0116829 -0.00228182 -0.00159392 -0.0117951 -0.00195025 0.00206214
1.35 -0.00937678 -0.00224925 -0.00163991 -0.00948901 -0.00198282 0.00201615
1.36 -0.0067047 -0.00221151 -0.0016932 -0.00681692 -0.00202056 0.00196286
1.37 -0.00375945 -0.00216992 -0.00175194 -0.00387167 -0.00206215 0.00190412
1.38 -0.000642792 -0.0021259 -0.00181409 -0.000755016 -0.00210616 0.00184197
1.39 0.00253787 -0.00208099 -0.00187752 0.00242564 -0.00215108 0.00177854
1.4 0.005673 -0.00203671 -0.00194005 0.00556078 -0.00219536 0.00171601
1.41 0.00865453 -0.00199461 -0.00199951 0.00854231 -0.00223746 0.00165655
1.42 0.0113794 -0.00195612 -0.00205385 0.0112671 -0.00227594 0.00160221
1.43 0.0137527 -0.00192261 -0.00210118 0.0136405 -0.00230946 0.00155488
1.44 0.0156914 -0.00189523 -0.00213984 0.0155792 -0.00233684 0.00151621
1.45 0.0171262 -0.00187497 -0.00216846 0.0170139 -0.0023571 0.0014876
1.46 0.0180044 -0.00186256 -0.00218597 0.0178922 -0.0023695 0.00147009
1.47 0.0182916 -0.00185851 -0.0021917 0.0181794 -0.00237356 0.00146436
1.48 0.0179726 -0.00186301 -0.00218534 0.0178604 -0.00236905 0.00147072
1.49 0.0170521 -0.00187601 -0.00216698 0.0169399 -0.00235606 0.00148908
1.5 0.0155545 -0.00189716 -0.00213711 0.0154422 -0.0023349 0.00151895
1.51 0.0135231 -0.00192585 -0.0020966 0.0134108 -0.00230622 0.00155946
1.52 0.0110189 -0.00196121 -0.00204666 0.0109067 -0.00227085 0.0016094
1.53 0.00811862 -0.00200217 -0.00198882 0.00800639 -0.00222989 0.00166724
1.54 0.00491204 -0.00204746 -0.00192487 0.00479982 -0.00218461 0.00173119
1.55 0.00149936 -0.00209565 -0.00185681 0.00138713 -0.00213642 0.00179925
1.56 -0.00201215 -0.00214524 -0.00178678 -0.00212437 -0.00208683 0.00186928
1.57 -0.00551151 -0.00219466 -0.00171699 -0.00562373 -0.00203741 0.00193906
1.58 -0.00888767 -0.00224234 -0.00164966 -0.00899989 -0.00198973 0.0020064
1.59 -0.012033 -0.00228676 -0.00158693 -0.0121453 -0.00194531 0.00206912
1.6 -0.014847 -0.0023265 -0.00153082 -0.0149592 -0.00190557 0.00212524
1.61 -0.017239 -0.00236028 -0.00148311 -0.0173513 -0.00187179 0.00217295
1.62 -0.0191319 -0.00238701 -0.00144536 -0.0192441 -0.00184506 0.0022107
1.63 -0.0204637 -0.00240582 -0.0014188 -0.020576 -0.00182625 0.00223726
1.64 -0.0211906 -0.00241608 -0.00140431 -0.0213028 -0.00181598 0.00225175
1.65 -0.0212874 -0.00241745 -0.00140238 -0.0213996 -0.00181462 0.00225368
1.66 -0.0207489 -0.00240985 -0.00141311 -0.0208612 -0.00182222 0.00224295
1.67 -0.0195903 -0.00239348 -0.00143622 -0.0197025 -0.00183858 0.00221984
1.68 -0.017846 -0.00236885 -0.00147101 -0.0179582 -0.00186322 0.00218505
1.69 -0.0155691 -0.0023367 -0.00151641 -0.0156814 -0.00189537 0.00213964
1.7 -0.0128299 -0.00229801 -0.00157104 -0.0129421 -0.00193405 0.00208502
1.71 -0.00971286 -0.00225399 -0.00163321 -0.00982508 -0.00197807 0.00202285
1.72 -0.00631475 -0.002206 -0.00170097 -0.00642698 -0.00202606 0.00195508
1.73 -0.00274114 -0.00215554 -0.00177224 -0.00285336 -0.00207653 0.00188382
1.74 0.000896878 -0.00210416 -0.0018448 0.000784653 -0.00212791 0.00181126
1.75 0.00448617 -0.00205347 -0.00191638 0.00437395 -0.0021786 0.00173968
1.76 0.00791523 -0.00200505 -0.00198476 0.00780301 -0.00222702 0.00167129
1.77 0.0110777 -0.00196038 -0.00204783 0.0109655 -0.00227168 0.00160823
1.78 0.0138758 -0.00192087 -0.00210364 0.0137635 -0.0023112 0.00155242
1.79 0.0162233 -0.00188772 -0.00215045 0.016111 -0.00234435 0.00150561
1.8 0.0180484 -0.00186194 -0.00218685 0.0179362 -0.00237013 0.00146921
1.81 0.0192962 -0.00184432 -0.00221174 0.019184 -0.00238775 0.00144432
1.82 0.0199299 -0.00183537 -0.00222437 0.0198177 -0.0023967 0.00143169
1.83 0.0199325 -0.00183534 -0.00222442 0.0198203 -0.00239673 0.00143163
1.84 0.019307 -0.00184417 -0.00221195 0.0191947 -0.0023879 0.00144411
1.85 0.0180764 -0.00186155 -0.00218741 0.0179642 -0.00237052 0.00146865
1.86 0.016283 -0.00188687 -0.00215164 0.0161708 -0.00234519 0.00150442
1.87 0.013987 -0.0019193 -0.00210585 0.0138748 -0.00231277 0.0015502
1.88 0.0112644 -0.00195775 -0.00205156 0.0111522 -0.00227432 0.0016045
1.89 0.00820474 -0.00200096 -0.00199054 0.00809252 -0.00223111 0.00166552
1.9 0.00490809 -0.00204751 -0.00192479 0.00479587 -0.00218455 0.00173127
1.91 0.00148195 -0.0020959 -0.00185646 0.00136972 -0.00213617 0.00179959
1.92 -0.00196233 -0.00214454 -0.00178778 -0.00207456 -0.00208753 0.00186828
1.93 -0.00531306 -0.00219186 -0.00172095 -0.00542528 -0.00204021 0.00193511
1.94 -0.0084618 -0.00223633 -0.00165816 -0.00857402 -0.00199574 0.0019979
1.95 -0.0113069 -0.0022765 -0.00160142 -0.0114191 -0.00195556 0.00205464
1.96 -0.0137566 -0.0023111 -0.00155256 -0.0138689 -0.00192097 0.0021035
1.97 -0.0157323 -0.002339 -0.00151316 -0.0158446 -0.00189307 0.0021429
1.98 -0.0171707 -0.00235932 -0.00148447 -0.017283 -0.00187275 0.00217159
1.99 -0.0180261 -0.00237139 -0.00146742 -0.0181383 -0.00186067 0.00218864
2 -0.0182716 -0.00237486 -0.00146252 -0.0183838 -0.00185721 0.00219354
2.01 -0.0179002 -0.00236962 -0.00146993 -0.0180125 -0.00186245 0.00218613
2.02 -0.016925 -0.00235585 -0.00148937 -0.0170373 -0.00187622 0.00216669
2.03 -0.0153786 -0.00233401 -0.00152021 -0.0154908 -0.00189806 0.00213584
2.04 -0.013312 -0.00230482 -0.00156143 -0.0134242 -0.00192725 0.00209463
2.05 -0.0107932 -0.00226925 -0.00161166 -0.0109054 -0.00196282 0.0020444
2.06 -0.00790483 -0.00222846 -0.00166926 -0.00801706 -0.00200361 0.00198679
2.07 -0.00474151 -0.00218379 -0.00173235 -0.00485373 -0.00204828 0.00192371
2.08 -0.00140674 -0.00213669 -0.00179886 -0.00151896 -0.00209538 0.0018572
2.09 0.00199037 -0.00208872 -0.0018666 0.00187814 -0.00214335 0.00178945
2.1 0.00533865 -0.00204143 -0.00193338 0.00522642 -0.00219063 0.00172268
2.11 0.00852847 -0.00199639 -0.00199699 0.00841625 -0.00223568 0.00165906
2.12 0.0114553 -0.00195505 -0.00205536 0.0113431 -0.00227702 0.0016007
2.13 0.014023 -0.00191879 -0.00210657 0.0139108 -0.00231328 0.00154949
2.14 0.0161471 -0.00188879 -0.00214893 0.0160348 -0.00234327 0.00150713
2.15 0.0177572 -0.00186606 -0.00218104 0.017645 -0.00236601 0.00147502
2.16 0.0187997 -0.00185133 -0.00220183 0.0186875 -0.00238074 0.00145422
2.17 0.0192393 -0.00184512 -0.0022106 0.0191271 -0.00238694 0.00144546
2.18 0.0190599 -0.00184766 -0.00220702 0.0189477 -0.00238441 0.00144904
2.19 0.0182656 -0.00185888 -0.00219118 0.0181534 -0.00237319 0.00146488
2.2 0.0168803 -0.00187844 -0.00216355 0.0167681 -0.00235363 0.0014925
2.21 0.0149469 -0.00190574 -0.002125 0.0148347 -0.00232633 0.00153106
2.22 0.0125263 -0.00193993 -0.00207672 0.012414 -0.00229214 0.00157934
2.23 0.00969478 -0.00197991 -0.00202025 0.00958255 -0.00225215 0.00163581
2.24 0.00654228 -0.00202443 -0.00195738 0.00643006 -0.00220763 0.00169868
2.25 0.00316906 -0.00207207 -0.00189011 0.00305683 -0.00216 0.00176595
2.26 -0.000317412 -0.00212131 -0.00182058 -0.000429636 -0.00211076 0.00183548
2.27 -0.00380585 -0.00217057 -0.00175101 -0.00391807 -0.00206149 0.00190505
2.28 -0.00718479 -0.00221829 -0.00168362 -0.00729701 -0.00201378 0.00197244
2.29 -0.0103461 -0.00226294 -0.00162058 -0.0104584 -0.00196913 0.00203548
2.3 -0.0131887 -0.00230308 -0.00156389 -0.0133009 -0.00192899 0.00209217
2.31 -0.0156213 -0.00233743 -0.00151537 -0.0157335 -0.00189463 0.00214068
2.32 -0.0175659 -0.0023649 -0.00147659 -0.0176781 -0.00186717 0.00217947
2.33 -0.0189599 -0.00238458 -0.00144879 -0.0190721 -0.00184749 0.00220727
2.34 -0.0197585 -0.00239586 -0.00143287 -0.0198707 -0.00183621 0.00222319
2.35 -0.0199357 -0.00239836 -0.00142933 -0.0200479 -0.0018337 0.00222673
2.36 -0.0194854 -0.002392 -0.00143831 -0.0195977 -0.00184006 0.00221775
2.37 -0.0184217 -0.00237698 -0.00145953 -0.0185339 -0.00185509 0.00219653
2.38 -0.0167781 -0.00235377 -0.0014923 -0.0168904 -0.0018783 0.00216376
2.39 -0.0146069 -0.00232311 -0.0015356 -0.0147191 -0.00190896 0.00212045
2.4 -0.011977 -0.00228597 -0.00158805 -0.0120892 -0.0019461 0.00206801
2.41 -0.00897217 -0.00224353 -0.00164798 -0.00908439 -0.00198853 0.00200808
2.42 -0.00568813 -0.00219716 -0.00171347 -0.00580035 -0.00203491 0.00194259
2.43 -0.00222948 -0.00214831 -0.00178245 -0.0023417 -0.00208376 0.00187361
2.44 0.0012936 -0.00209856 -0.00185271 0.00118137 -0.00213351 0.00180335
2.45 0.00476888 -0.00204948 -0.00192202 0.00465666 -0.00218259 0.00173404
2.46 0.00808571 -0.00200264 -0.00198816 0.00797349 -0.00222943 0.00166789
2.47 0.0111385 -0.00195953 -0.00204905 0.0110263 -0.00227254 0.00160701
2.48 0.0138303 -0.00192151 -0.00210273 0.0137181 -0.00231056 0.00155333
2.49 0.0160756 -0.0018898 -0.00214751 0.0159634 -0.00234227 0.00150855
2.5 0.0178033 -0.0018654 -0.00218196 0.0176911 -0.00236666 0.0014741
2.51 0.018959 -0.00184908 -0.00220501 0.0188467 -0.00238298 0.00145105
2.52 0.0195064 -0.00184135 -0.00221593 0.0193942 -0.00239072 0.00144013
2.53 0.019429 -0.00184245 -0.00221438 0.0193168 -0.00238962 0.00144167
2.54 0.0187303 -0.00185231 -0.00220045 0.0186181 -0.00237975 0.00145561
2.55 0.0174336 -0.00187063 -0.00217459 0.0173213 -0.00236144 0.00148147
2.56 0.0155814 -0.00189678 -0.00213765 0.0154692 -0.00233529 0.00151841
2.57 0.0132341 -0.00192993 -0.00209084 0.0131219 -0.00230214 0.00156522
2.58 0.0104679 -0.001969 -0.00203567 0.0103556 -0.00226307 0.00162039
2.59 0.00737233 -0.00201271 -0.00197394 0.00726011 -0.00221936 0.00168212
2.6 0.00404758 -0.00205967 -0.00190763 0.00393536 -0.0021724 0.00174843
2.61 0.000601035 -0.00210834 -0.0018389 0.00048881 -0.00212373 0.00181716
2.62 -0.00285605 -0.00215716 -0.00176995 -0.00296828 -0.00207491 0.00188611
2.63 -0.00621216 -0.00220456 -0.00170302 -0.00632438 -0.00202751 0.00195304
2.64 -0.00935907 -0.002249 -0.00164026 -0.00947129 -0.00198307 0.0020158
2.65 -0.0121954 -0.00228905 -0.0015837 -0.0123076 -0.00194302 0.00207236
2.66 -0.0146297 -0.00232343 -0.00153515 -0.0147419 -0.00190864 0.00212091
2.67 -0.0165837 -0.00235103 -0.00149618 -0.016696 -0.00188104 0.00215988
2.68 -0.0179946 -0.00237095 -0.00146804 -0.0181068 -0.00186112 0.00218801
2.69 -0.0188169 -0.00238256 -0.00145164 -0.0189291 -0.00184951 0.00220441
2.7 -0.0190243 -0.00238549 -0.00144751 -0.0191365 -0.00184658 0.00220855
2.71 -0.0186104 -0.00237965 -0.00145576 -0.0187226 -0.00185242 0.0022003
2.72 -0.0175885 -0.00236521 -0.00147614 -0.0177007 -0.00186685 0.00217992
2.73 -0.0159918 -0.00234267 -0.00150798 -0.0161041 -0.0018894 0.00214807
2.74 -0.013872 -0.00231273 -0.00155026 -0.0139842 -0.00191934 0.0021058
2.75 -0.0112974 -0.00227637 -0.00160161 -0.0114097 -0.0019557 0.00205445
2.76 -0.00835134 -0.00223477 -0.00166036 -0.00846357 -0.0019973 0.0019957
2.77 -0.00512881 -0.00218926 -0.00172463 -0.00524103 -0.00204281 0.00193143
2.78 -0.00173388 -0.00214131 -0.00179233 -0.00184611 -0.00209076 0.00186373
2.79 0.00172383 -0.00209248 -0.00186129 0.0016116 -0.00213959 0.00179477
2.8 0.00513267 -0.00204434 -0.00192927 0.00502045 -0.00218773 0.00172679
2.81 0.00838255 -0.00199845 -0.00199408 0.00827033 -0.00223362 0.00166197
2.82 0.0113685 -0.00195628 -0.00205363 0.0112562 -0.00227579 0.00160243
2.83 0.0139939 -0.0019192 -0.00210599 0.0138816 -0.00231287 0.00155007
2.84 0.0161738 -0.00188842 -0.00214947 0.0160616 -0.00234365 0.00150659
2.85 0.0178377 -0.00186492 -0.00218265 0.0177255 -0.00236715 0.00147341
2.86 0.0189315 -0.00184947 -0.00220446 0.0188193 -0.0023826 0.0014516
2.87 0.0194195 -0.00184258 -0.00221419 0.0193072 -0.00238949 0.00144187
2.88 0.0192854 -0.00184447 -0.00221152 0.0191732 -0.00238759 0.00144454
2.89 0.018533 -0.0018551 -0.00219652 0.0184208 -0.00237697 0.00145954
2.9 0.0171861 -0.00187412 -0.00216965 0.0170739 -0.00235795 0.0014864
2.91 0.0152874 -0.00190093 -0.00213179 0.0151752 -0.00233113 0.00152427
2.92 0.0128976 -0.00193468 -0.00208413 0.0127854 -0.00229738 0.00157193
2.93 0.0100929 -0.00197429 -0.00202819 0.00998069 -0.00225778 0.00162786
2.94 0.0069632 -0.00201849 -0.00196578 0.00685097 -0.00221358 0.00169028
2.95 0.00360866 -0.00206586 -0.00189888 0.00349643 -0.0021662 0.00175718
2.96 0.000136792 -0.00211489 -0.00182964 2.4568e-05 -0.00211717 0.00182642
2.97 -0.0033411 -0.00216401 -0.00176028 -0.00345333 -0.00206806 0.00189578
2.98 -0.0067135 -0.00221164 -0.00169302 -0.00682572 -0.00202043 0.00196304
2.99 -0.00987221 -0.00225624 -0.00163003 -0.00998444 -0.00197582 0.00202603
3 -0.0127159 -0.0022964 -0.00157332 -0.0128281 -0.00193566 0.00208274
3.01 -0.015224 -0.00233182 -0.0015233 -0.0153362 -0.00190024 0.00213276
3.02 -0.0174728 -0.00236358 -0.00147845 -0.017585 -0.00186849 0.00217761
3.03 -0.019506 -0.00239229 -0.0014379 -0.0196182 -0.00183977 0.00221816
3.04 -0.0213152 -0.00241784 -0.00140182 -0.0214274 -0.00181422 0.00225424
3.05 -0.0228942 -0.00244014 -0.00137033 -0.0230064 -0.00179192 0.00228573
3.06 -0.0242387 -0.00245913 -0.00134352 -0.024351 -0.00177294 0.00231254
3.07 -0.0253465 -0.00247477 -0.00132142 -0.0254587 -0.00175729 0.00233463
3.08 -0.026217 -0.00248707 -0.00130406 -0.0263293 -0.001745 0.002352
3.09 -0.0268519 -0.00249604 -0.0012914 -0.0269642 -0.00173603 0.00236466
3.1 -0.0272545 -0.00250172 -0.00128337 -0.0273667 -0.00173035 0.00237269
3.11 -0.0274297 -0.00250419 -0.00127988 -0.0275419 -0.00172787 0.00237618
3.12 -0.0273841 -0.00250355 -0.00128079 -0.0274963 -0.00172852 0.00237527
3.13 -0.0271258 -0.0024999 -0.00128594 -0.027238 -0.00173217 0.00237012
3.14 -0.0266642 -0.00249338 -0.00129514 -0.0267764 -0.00173868 0.00236091
3.15 -0.0260102 -0.00248415 -0.00130819 -0.0261224 -0.00174792 0.00234787
3.16 -0.0251754 -0.00247236 -0.00132484 -0.0252877 -0.00175971 0.00233122
3.17 -0.0241729 -0.0024582 -0.00134483 -0.0242851 -0.00177387 0.00231123
3.18 -0.0230162 -0.00244187 -0.0013679 -0.0231284 -0.0017902 0.00228816
3.19 -0.0217198 -0.00242356 -0.00139375 -0.021832 -0.00180851 0.00226231
3.2 -0.0202988 -0.00240349 -0.00142209 -0.020411 -0.00182858 0.00223397
3.21 -0.0187685 -0.00238188 -0.00145261 -0.0188807 -0.00185019 0.00220345
3.22 -0.0171448 -0.00235895 -0.00148499 -0.017257 -0.00187312 0.00217107
3.23 -0.0154435 -0.00233492 -0.00151892 -0.0155558 -0.00189714 0.00213714
3.24 -0.0136808 -0.00231003 -0.00155407 -0.013793 -0.00192204 0.00210199
3.25 -0.0118725 -0.00228449 -0.00159014 -0.0119847 -0.00194758 0.00206592
3.26 -0.0100344 -0.00225853 -0.00162679 -0.0101466 -0.00197353 0.00202926
3.27 -0.00818174 -0.00223237 -0.00166374 -0.00829396 -0.0019997 0.00199232
3.28 -0.00632964 -0.00220621 -0.00170068 -0.00644186 -0.00202585 0.00195538
3.29 -0.00449249 -0.00218027 -0.00173732 -0.00460471 -0.0020518 0.00191874
3.3 -0.00268413 -0.00215473 -0.00177338 -0.00279635 -0.00207734 0.00188268
3.31 -0.000917666 -0.00212979 -0.00180861 -0.00102989 -0.00210228 0.00184745
3.32 0.00079457 -0.00210561 -0.00184276 0.000682346 -0.00212646 0.0018133
3.33 0.00244111 -0.00208235 -0.00187559 0.00232888 -0.00214972 0.00178047
3.34 0.00401138 -0.00206018 -0.00190691 0.00389916 -0.00217189 0.00174915
3.35 0.00549581 -0.00203921 -0.00193651 0.00538358 -0.00219285 0.00171955
3.36 0.00688579 -0.00201958 -0.00196423 0.00677356 -0.00221248 0.00169182
3.37 0.00817378 -0.00200139 -0.00198992 0.00806156 -0.00223067 0.00166614
3.38 0.00935329 -0.00198474 -0.00201344 0.00924107 -0.00224733 0.00164262
3.39 0.0104189 -0.00196969 -0.0020347 0.0103067 -0.00226238 0.00162136
3.4 0.0113663 -0.00195631 -0.00205359 0.0112541 -0.00227576 0.00160247
3.41 0.0121922 -0.00194465 -0.00207006 0.01208 -0.00228742 0.001586
3.42 0.0128944 -0.00193473 -0.00208406 0.0127822 -0.00229734 0.00157199
3.43 0.0134718 -0.00192657 -0.00209558 0.0133596 -0.00230549 0.00156048
3.44 0.0139242 -0.00192019 -0.0021046 0.013812 -0.00231188 0.00155146
3.45 0.0142525 -0.00191555 -0.00211115 0.0141402 -0.00231652 0.00154491
3.46 0.0144584 -0.00191264 -0.00211525 0.0143461 -0.00231943 0.0015408
3.47 0.0145446 -0.00191142 -0.00211697 0.0144323 -0.00232064 0.00153909
3.48 0.0145146 -0.00191185 -0.00211638 0.0144024 -0.00232022 0.00153968
3.49 0.0143728 -0.00191385 -0.00211355 0.0142606 -0.00231822 0.00154251
3.5 0.0141242 -0.00191736 -0.00210859 0.0140119 -0.00231471 0.00154747
3.51 0.0137743 -0.0019223 -0.00210161 0.0136621 -0.00230977 0.00155445
3.52 0.0133296 -0.00192858 -0.00209274 0.0132174 -0.00230349 0.00156331
3.53 0.0127968 -0.00193611 -0.00208212 0.0126846 -0.00229596 0.00157394
3.54 0.0121832 -0.00194477 -0.00206988 0.012071 -0.0022873 0.00158618
3.55 0.0114963 -0.00195447 -0.00205618 0.0113841 -0.00227759 0.00159988
3.56 0.0107441 -0.0019651 -0.00204118 0.0106319 -0.00226697 0.00161488
3.57 0.00993483 -0.00197652 -0.00202504 0.0098226 -0.00225554 0.00163102
3.58 0.00907669 -0.00198864 -0.00200793 0.00896447 -0.00224342 0.00164813
3.59 0.00817815 -0.00200133 -0.00199001 0.00806592 -0.00223074 0.00166605
3.6 0.00724763 -0.00201447 -0.00197145 0.0071354 -0.00221759 0.00168461
3.61 0.00629352 -0.00202795 -0.00195242 0.00618129 -0.00220412 0.00170364
3.62 0.00532409 -0.00204164 -0.00193309 0.00521187 -0.00219043 0.00172297
3.63 0.00434746 -0.00205543 -0.00191361 0.00423523 -0.00217664 0.00174245
3.64 0.00337149 -0.00206921 -0.00189415 0.00325927 -0.00216285 0.00176191
3.65 0.0024038 -0.00208288 -0.00187485 0.00229158 -0.00214919 0.00178121
3.66 0.00145165 -0.00209633 -0.00185586 0.00133942 -0.00213574 0.0018002
3.67 0.000521924 -0.00210946 -0.00183732 0.0004097 -0.00212261 0.00181874
3.68 -0.000378894 -0.00212218 -0.00181935 -0.000491119 -0.00210989 0.0018367
3.69 -0.00124478 -0.00213441 -0.00180209 -0.00135701 -0.00209766 0.00185397
3.7 -0.00207021 -0.00214606 -0.00178562 -0.00218243 -0.00208601 0.00187043
3.71 -0.00285013 -0.00215708 -0.00177007 -0.00296235 -0.00207499 0.00188599
3.72 -0.00358006 -0.00216738 -0.00175551 -0.00369228 -0.00206468 0.00190055
3.73 -0.00425604 -0.00217693 -0.00174203 -0.00436826 -0.00205514 0.00191403
3.74 -0.00487468 -0.00218567 -0.00172969 -0.00498691 -0.0020464 0.00192636
3.75 -0.00543317 -0.00219355 -0.00171856 -0.00554539 -0.00203851 0.0019375
3.76 -0.00592923 -0.00220056 -0.00170866 -0.00604146 -0.00203151 0.0019474
3.77 -0.00636119 -0.00220666 -0.00170005 -0.00647341 -0.00202541 0.00195601
3.78 -0.00672791 -0.00221184 -0.00169274 -0.00684014 -0.00202023 0.00196332
3.79 -0.00702882 -0.00221609 -0.00168673 -0.00714104 -0.00201598 0.00196932
3.8 -0.00726386 -0.00221941 -0.00168205 -0.00737609 -0.00201266 0.00197401
3.81 -0.00743351 -0.0022218 -0.00167866 -0.00754574 -0.00201026 0.0019774
3.82 -0.00753874 -0.00222329 -0.00167656 -0.00765096 -0.00200878 0.00197949
3.83 -0.00758096 -0.00222389 -0.00167572 -0.00769319 -0.00200818 0.00198034
3.84 -0.00756207 -0.00222362 -0.0016761 -0.0076743 -0.00200845 0.00197996
3.85 -0.00748435 -0.00222252 -0.00167765 -0.00759657 -0.00200955 0.00197841
3.86 -0.00735045 -0.00222063 -0.00168032 -0.00746268 -0.00201144 0.00197574
3.87 -0.00716341 -0.00221799 -0.00168405 -0.00727563 -0.00201408 0.00197201
3.88 -0.00692652 -0.00221464 -0.00168877 -0.00703875 -0.00201742 0.00196728
3.89 -0.0066434 -0.00221065 -0.00169442 -0.00675563 -0.00202142 0.00196164
3.9 -0.00631787 -0.00220605 -0.00170091 -0.0064301 -0.00202602 0.00195515
3.91 -0.00595396 -0.00220091 -0.00170817 -0.00606618 -0.00203116 0.00194789
3.92 -0.00555585 -0.00219529 -0.00171611 -0.00566807 -0.00203678 0.00193995
3.93 -0.00512784 -0.00218924 -0.00172465 -0.00524007 -0.00204282 0.00193141
3.94 -0.00467434 -0.00218284 -0.00173369 -0.00478656 -0.00204923 0.00192237
3.95 -0.00419976 -0.00217614 -0.00174315 -0.00431199 -0.00205593 0.0019129
3.96 -0.00370856 -0.0021692 -0.00175295 -0.00382079 -0.00206287 0.00190311
3.97 -0.00320516 -0.00216209 -0.00176299 -0.00331738 -0.00206998 0.00189307
3.98 -0.0026939 -0.00215487 -0.00177319 -0.00280613 -0.0020772 0.00188287
3.99 -0.00217907 -0.0021476 -0.00178345 -0.00229129 -0.00208447 0.00187261
4 -0.0016648 -0.00214034 -0.00179371 -0.00177702 -0.00209173 0.00186235
4.01 -0.00115509 -0.00213314 -0.00180387 -0.00126731 -0.00209893 0.00185218
4.02 -0.000653764 -0.00212606 -0.00181387 -0.000765988 -0.00210601 0.00184219
4.03 -0.000164442 -0.00211915 -0.00182363 -0.000276666 -0.00211292 0.00183243
4.04 0.000309475 -0.00211246 -0.00183308 0.00019725 -0.00211961 0.00182298
4.05 0.000764824 -0.00210603 -0.00184216 0.0006526 -0.00212604 0.0018139
4.06 0.0011987 -0.0020999 -0.00185082 0.00108648 -0.00213217 0.00180524
4.07 0.00160847 -0.00209411 -0.00185899 0.00149624 -0.00213796 0.00179707
4.08 0.00199177 -0.0020887 -0.00186663 0.00187954 -0.00214337 0.00178943
4.09 0.00234653 -0.00208369 -0.00187371 0.00223431 -0.00214838 0.00178235
4.1 0.00267099 -0.00207911 -0.00188018 0.00255877 -0.00215296 0.00177588
4.11 0.00296368 -0.00207497 -0.00188602 0.00285145 -0.0021571 0.00177004
4.12 0.00322341 -0.0020713 -0.00189119 0.00311118 -0.00216076 0.00176486
4.13 0.00344931 -0.00206811 -0.0018957 0.00333709 -0.00216395 0.00176036
4.14 0.00364081 -0.00206541 -0.00189952 0.00352859 -0.00216666 0.00175654
4.15 0.00379761 -0.0020632 -0.00190265 0.00368539 -0.00216887 0.00175341
4.16 0.00391971 -0.00206147 -0.00190508 0.00380748 -0.0021706 0.00175098
4.17 0.00400735 -0.00206023 -0.00190683 0.00389513 -0.00217183 0.00174923
4.18 0.00406107 -0.00205947 -0.0019079 0.00394885 -0.00217259 0.00174816
4.19 0.00408164 -0.00205918 -0.00190831 0.00396941 -0.00217288 0.00174775
4.2 0.00407005 -0.00205935 -0.00190808 0.00395782 -0.00217272 0.00174798
4.21 0.00402751 -0.00205995 -0.00190723 0.00391529 -0.00217212 0.00174883
4.22 0.00395545 -0.00206097 -0.00190579 0.00384323 -0.0021711 0.00175026
4.23 0.00385546 -0.00206238 -0.0019038 0.00374324 -0.00216969 0.00175226
4.24 0.0037293 -0.00206416 -0.00190128 0.00361708 -0.00216791 0.00175477
4.25 0.00357887 -0.00206628 -0.00189828 0.00346665 -0.00216578 0.00175777
4.26 0.00340619 -0.00206872 -0.00189484 0.00329397 -0.00216334 0.00176122
4.27 0.0032134 -0.00207145 -0.001891 0.00310117 -0.00216062 0.00176506
4.28 0.0030027 -0.00207442 -0.00188679 0.00289047 -0.00215765 0.00176927
4.29 0.00277636 -0.00207762 -0.00188228 0.00266413 -0.00215445 0.00177378
4.3 0.0025367 -0.002081 -0.0018775 0.00242447 -0.00215107 0.00177856
4.31 0.00228605 -0.00208454 -0.0018725 0.00217383 -0.00214753 0.00178356
4.32 0.00202677 -0.0020882 -0.00186733 0.00191454 -0.00214386 0.00178873
4.33 0.00176117 -0.00209195 -0.00186203 0.00164894 -0.00214011 0.00179403
4.34 0.00149155 -0.00209576 -0.00185666 0.00137933 -0.00213631 0.0017994
4.35 0.00122016 -0.00209959 -0.00185124 0.00110793 -0.00213247 0.00180481
4.36 0.000949177 -0.00210342 -0.00184584 0.000836952 -0.00212865 0.00181022
4.37 0.000680705 -0.00210721 -0.00184049 0.000568481 -0.00212485 0.00181557
4.38 0.000416754 -0.00211094 -0.00183522 0.00030453 -0.00212113 0.00182084
4.39 0.000159225 -0.00211458 -0.00183009 4.70006e-05 -0.00211749 0.00182597
4.4 -9.00951e-05 -0.0021181 -0.00182511 -0.000202319 -0.00211397 0.00183095
4.41 -0.000329546 -0.00212148 -0.00182034 -0.00044177 -0.00211059 0.00183572
4.42 -0.000557604 -0.0021247 -0.00181579 -0.000669828 -0.00210737 0.00184027
4.43 -0.000772886 -0.00212774 -0.0018115 -0.00088511 -0.00210433 0.00184456
4.44 -0.000974159 -0.00213058 -0.00180748 -0.00108638 -0.00210148 0.00184858
4.45 -0.00116034 -0.00213321 -0.00180377 -0.00127256 -0.00209885 0.00185229
4.46 -0.00133051 -0.00213562 -0.00180038 -0.00144273 -0.00209645 0.00185568
4.47 -0.00148388 -0.00213778 -0.00179732 -0.00159611 -0.00209429 0.00185874
4.48 -0.00161987 -0.0021397 -0.00179461 -0.00173209 -0.00209237 0.00186145
4.49 -0.001738 -0.00214137 -0.00179225 -0.00185023 -0.0020907 0.00186381
4.5 -0.00183799 -0.00214278 -0.00179026 -0.00195022 -0.00208928 0.0018658
4.51 -0.00191969 -0.00214394 -0.00178863 -0.00203192 -0.00208813 0.00186743
4.52 -0.0019831 -0.00214483 -0.00178736 -0.00209532 -0.00208724 0.0018687
4.53 -0.00202836 -0.00214547 -0.00178646 -0.00214059 -0.0020866 0.0018696
4.54 -0.00205576 -0.00214586 -0.00178591 -0.00216799 -0.00208621 0.00187015
4.55 -0.00206571 -0.002146 -0.00178571 -0.00217793 -0.00208607 0.00187035
4.56 -0.00205874 -0.0021459 -0.00178585 -0.00217096 -0.00208617 0.00187021
4.57 -0.0020355 -0.00214557 -0.00178632 -0.00214772 -0.0020865 0.00186974
4.58 -0.00199673 -0.00214502 -0.00178709 -0.00210896 -0.00208704 0.00186897
4.59 -0.0019433 -0.00214427 -0.00178816 -0.00205552 -0.0020878 0.0018679
4.6 -0.00187611 -0.00214332 -0.00178949 -0.00198834 -0.00208875 0.00186656
4.61 -0.00179619 -0.00214219 -0.00179109 -0.00190842 -0.00208988 0.00186497
4.62 -0.0017046 -0.0021409 -0.00179292 -0.00181683 -0.00209117 0.00186314
4.63 -0.00160247 -0.00213946 -0.00179495 -0.00171469 -0.00209261 0.00186111
4.64 -0.00149096 -0.00213788 -0.00179718 -0.00160318 -0.00209419 0.00185888
4.65 -0.00137127 -0.00213619 -0.00179956 -0.00148349 -0.00209588 0.0018565
4.66 -0.00124462 -0.0021344 -0.00180209 -0.00135685 -0.00209766 0.00185397
4.67 -0.00111225 -0.00213253 -0.00180473 -0.00122448 -0.00209953 0.00185133
4.68 -0.000975388 -0.0021306 -0.00180746 -0.00108761 -0.00210147 0.0018486
4.69 -0.00083526 -0.00212862 -0.00181025 -0.000947484 -0.00210345 0.00184581
4.7 -0.000693075 -0.00212661 -0.00181309 -0.0008053 -0.00210545 0.00184297
4.71 -0.000550017 -0.00212459 -0.00181594 -0.000662241 -0.00210747 0.00184012
4.72 -0.000407233 -0.00212258 -0.00181879 -0.000519457 -0.00210949 0.00183727
4.73 -0.000265828 -0.00212058 -0.00182161 -0.000378052 -0.00211149 0.00183445
4.74 -0.000126858 -0.00211862 -0.00182438 -0.000239083 -0.00211345 0.00183168
4.75 8.67576e-06 -0.0021167 -0.00182708 -0.000103548 -0.00211536 0.00182898
4.76 0.000139836 -0.00211485 -0.0018297 2.7612e-05 -0.00211722 0.00182636
4.77 0.000265752 -0.00211307 -0.00183221 0.000153528 -0.00211899 0.00182385
4.78 0.000385623 -0.00211138 -0.0018346 0.000273398 -0.00212069 0.00182146
4.79 0.000498725 -0.00210978 -0.00183686 0.0003865 -0.00212228 0.0018192
4.8 0.000604411 -0.00210829 -0.00183896 0.000492187 -0.00212378 0.00181709
4.81 0.000702116 -0.00210691 -0.00184091 0.000589892 -0.00212516 0.00181515
4.82 0.000791356 -0.00210565 -0.00184269 0.000679132 -0.00212642 0.00181337
4.83 0.00087173 -0.00210452 -0.0018443 0.000759506 -0.00212755 0.00181176
4.84 0.000942922 -0.00210351 -0.00184572 0.000830698 -0.00212856 0.00181034
4.85 0.0010047 -0.00210264 -0.00184695 0.000892472 -0.00212943 0.00180911
4.86 0.0010569 -0.0021019 -0.00184799 0.000944675 -0.00213017 0.00180807
4.87 0.00109946 -0.0021013 -0.00184884 0.000987236 -0.00213077 0.00180722
4.88 0.00113238 -0.00210083 -0.00184949 0.00102016 -0.00213123 0.00180657
4.89 0.00115575 -0.0021005 -0.00184996 0.00104352 -0.00213156 0.0018061
4.9 0.00116971 -0.00210031 -0.00185024 0.00105748 -0.00213176 0.00180582
4.91 0.00117448 -0.00210024 -0.00185033 0.00106226 -0.00213183 0.00180573
4.92 0.00117036 -0.0021003 -0.00185025 0.00105813 -0.00213177 0.00180581
4.93 0.00115767 -0.00210048 -0.00185 0.00104545 -0.00213159 0.00180606
4.94 0.00113683 -0.00210077 -0.00184958 0.00102461 -0.0021313 0.00180648
4.95 0.00110828 -0.00210117 -0.00184901 0.000996054 -0.00213089 0.00180705
4.96 0.00107251 -0.00210168 -0.0018483 0.000960284 -0.00213039 0.00180776
4.97 0.00103005 -0.00210228 -0.00184745 0.000917828 -0.00212979 0.00180861
4.98 0.000981476 -0.00210297 -0.00184648 0.000869252 -0.0021291 0.00180957
4.99 0.000927374 -0.00210373 -0.00184541 0.00081515 -0.00212834 0.00181065
5 0.000868362 -0.00210456 -0.00184423 0.000756138 -0.0021275 0.00181183
5.01 0.000805072 -0.00210546 -0.00184297 0.000692848 -0.00212661 0.00181309
5.02 0.000738148 -0.0021064 -0.00184163 0.000625924 -0.00212567 0.00181443
5.03 0.00066824 -0.00210739 -0.00184024 0.000556016 -0.00212468 0.00181582
5.04 0.000595999 -0.00210841 -0.0018388 0.000483775 -0.00212366 0.00181726
5.05 0.000522071 -0.00210945 -0.00183732 0.000409847 -0.00212261 0.00181874
5.06 0.000447091 -0.00211051 -0.00183583 0.000334867 -0.00212156 0.00182023
5.07 0.000371682 -0.00211158 -0.00183432 0.000259458 -0.00212049 0.00182174
5.08 0.000296449 -0.00211264 -0.00183282 0.000184224 -0.00211943 0.00182324
5.09 0.000221972 -0.00211369 -0.00183134 0.000109747 -0.00211838 0.00182472
5.1 0.000148806 -0.00211472 -0.00182988 3.6582e-05 -0.00211734 0.00182618
5.11 7.74779e-05 -0.00211573 -0.00182846 -3.47464e-05 -0.00211634 0.0018276
5.12 8.47941e-06 -0.00211671 -0.00182708 -0.000103745 -0.00211536 0.00182898
5.13 -5.77319e-05 -0.00211764 -0.00182576 -0.000169956 -0.00211443 0.0018303
5.14 -0.000120737 -0.00211853 -0.0018245 -0.000232961 -0.00211354 0.00183156
5.15 -0.000180155 -0.00211937 -0.00182332 -0.000292379 -0.0021127 0.00183274
5.16 -0.000235648 -0.00212015 -0.00182221 -0.000347872 -0.00211191 0.00183385
5.17 -0.00028692 -0.00212088 -0.00182119 -0.000399145 -0.00211119 0.00183487
5.18 -0.000333719 -0.00212154 -0.00182025 -0.000445943 -0.00211053 0.0018358
5.19 -0.000375835 -0.00212213 -0.00181942 -0.000488059 -0.00210993 0.00183664
5.2 -0.000413104 -0.00212266 -0.00181867 -0.000525328 -0.00210941 0.00183739
5.21 -0.000445404 -0.00212312 -0.00181803 -0.000557628 -0.00210895 0.00183803
5.22 -0.000472656 -0.0021235 -0.00181748 -0.000584881 -0.00210857 0.00183857
5.23 -0.000494826 -0.00212381 -0.00181704 -0.00060705 -0.00210825 0.00183902
5.24 -0.000511916 -0.00212406 -0.0018167 -0.000624141 -0.00210801 0.00183936
5.25 -0.000523973 -0.00212423 -0.00181646 -0.000636197 -0.00210784 0.0018396
5.26 -0.000531077 -0.00212433 -0.00181632 -0.000643301 -0.00210774 0.00183974
5.27 -0.000533347 -0.00212436 -0.00181627 -0.000645571 -0.00210771 0.00183979
5.28 -0.000530934 -0.00212432 -0.00181632 -0.000643158 -0.00210774 0.00183974
5.29 -0.000524021 -0.00212423 -0.00181646 -0.000636245 -0.00210784 0.0018396
5.3 -0.00051282 -0.00212407 -0.00181668 -0.000625044 -0.002108 0.00183938
5.31 -0.000497567 -0.00212385 -0.00181699 -0.000609791 -0.00210821 0.00183907
5.32 -0.000478524 -0.00212358 -0.00181737 -0.000590749 -0.00210848 0.00183869
5.33 -0.000455973 -0.00212327 -0.00181782 -0.000568197 -0.0021088 0.00183824
5.34 -0.000430212 -0.0021229 -0.00181833 -0.000542436 -0.00210917 0.00183773
5.35 -0.000401554 -0.0021225 -0.0018189 -0.000513779 -0.00210957 0.00183716
5.36 -0.000370326 -0.00212206 -0.00181952 -0.00048255 -0.00211001 0.00183653
5.37 -0.00033686 -0.00212158 -0.00182019 -0.000449085 -0.00211048 0.00183587
5.38 -0.000301497 -0.00212108 -0.0018209 -0.000413721 -0.00211098 0.00183516
5.39 -0.000264579 -0.00212056 -0.00182163 -0.000376803 -0.0021115 0.00183442
5.4 -0.000226449 -0.00212002 -0.00182239 -0.000338673 -0.00211204 0.00183366
5.41 -0.000187447 -0.00211947 -0.00182317 -0.000299671 -0.00211259 0.00183289
5.42 -0.000147907 -0.00211892 -0.00182396 -0.000260132 -0.00211315 0.0018321
5.43 -0.000108159 -0.00211835 -0.00182475 -0.000220383 -0.00211371 0.00183131
5.44 -6.85189e-05 -0.00211779 -0.00182554 -0.000180743 -0.00211427 0.00183051
5.45 -2.92931e-05 -0.00211724 -0.00182633 -0.000141517 -0.00211483 0.00182973
5.46 9.22668e-06 -0.0021167 -0.00182709 -0.000102998 -0.00211537 0.00182896
5.47 4.67643e-05 -0.00211617 -0.00182784 -6.546e-05 -0.0021159 0.00182822
5.48 8.30609e-05 -0.00211565 -0.00182857 -2.91633e-05 -0.00211641 0.00182749
5.49 0.000117877 -0.00211516 -0.00182926 5.65241e-06 -0.00211691 0.0018268
5.5 0.000150991 -0.00211469 -0.00182992 3.87671e-05 -0.00211737 0.00182614
5.51 0.000182206 -0.00211425 -0.00183054 6.99817e-05 -0.00211781 0.00182551
5.52 0.000211343 -0.00211384 -0.00183113 9.9119e-05 -0.00211823 0.00182493
5.53 0.000238248 -0.00211346 -0.00183166 0.000126024 -0.00211861 0.0018244
5.54 0.000262789 -0.00211312 -0.00183215 0.000150565 -0.00211895 0.00182391
5.55 0.000284857 -0.0021128 -0.00183259 0.000172633 -0.00211926 0.00182347
5.56 0.000304366 -0.00211253 -0.00183298 0.000192142 -0.00211954 0.00182308
5.57 0.000321254 -0.00211229 -0.00183332 0.000209029 -0.00211978 0.00182274
5.58 0.000335479 -0.00211209 -0.0018336 0.000223255 -0.00211998 0.00182246
5.59 0.000347025 -0.00211193 -0.00183383 0.000234801 -0.00212014 0.00182223
5.6 0.000355895 -0.0021118 -0.00183401 0.000243671 -0.00212027 0.00182205
5.61 0.000362114 -0.00211171 -0.00183413 0.00024989 -0.00212036 0.00182193
5.62 0.000365725 -0.00211166 -0.0018342 0.0002535 -0.00212041 0.00182185
5.63 0.000366791 -0.00211165 -0.00183423 0.000254567 -0.00212042 0.00182183
5.64 0.000365394 -0.00211167 -0.0018342 0.00025317 -0.0021204 0.00182186
5.65 0.000361631 -0.00211172 -0.00183412 0.000249407 -0.00212035 0.00182194
5.66 0.000355613 -0.0021118 -0.001834 0.000243389 -0.00212026 0.00182206
5.67 0.000347467 -0.00211192 -0.00183384 0.000235243 -0.00212015 0.00182222
5.68 0.000337331 -0.00211206 -0.00183364 0.000225107 -0.00212001 0.00182242
5.69 0.000325354 -0.00211223 -0.0018334 0.000213129 -0.00211984 0.00182266
5.7 0.000311693 -0.00211242 -0.00183313 0.000199469 -0.00211964 0.00182293
5.71 0.000296514 -0.00211264 -0.00183282 0.00018429 -0.00211943 0.00182324
5.72 0.000279989 -0.00211287 -0.00183249 0.000167765 -0.0021192 0.00182356
5.73 0.000262294 -0.00211312 -0.00183214 0.00015007 -0.00211895 0.00182392
5.74 0.000243609 -0.00211339 -0.00183177 0.000131384 -0.00211868 0.00182429
5.75 0.000224113 -0.00211366 -0.00183138 0.000111889 -0.00211841 0.00182468
5.76 0.000203987 -0.00211395 -0.00183098 9.17632e-05 -0.00211812 0.00182508
5.77 0.000183412 -0.00211424 -0.00183057 7.11874e-05 -0.00211783 0.00182549
5.78 0.000162562 -0.00211453 -0.00183015 5.03377e-05 -0.00211754 0.00182591
5.79 0.000141611 -0.00211483 -0.00182973 2.93864e-05 -0.00211724 0.00182632
5.8 0.000120725 -0.00211512 -0.00182932 8.50082e-06 -0.00211695 0.00182674
5.81 0.000100066 -0.00211541 -0.00182891 -1.21583e-05 -0.00211665 0.00182715
5.82 7.97867e-05 -0.0021157 -0.0018285 -3.24376e-05 -0.00211637 0.00182756
5.83 6.00324e-05 -0.00211598 -0.00182811 -5.21919e-05 -0.00211609 0.00182795
5.84 4.09389e-05 -0.00211625 -0.00182773 -7.12854e-05 -0.00211582 0.00182833
5.85 2.26323e-05 -0.00211651 -0.00182736 -8.9592e-05 -0.00211556 0.0018287
5.86 5.22787e-06 -0.00211675 -0.00182701 -0.000106996 -0.00211532 0.00182904
5.87 -1.11699e-05 -0.00211698 -0.00182669 -0.000123394 -0.00211508 0.00182937
5.88 -2.64683e-05 -0.0021172 -0.00182638 -0.000138693 -0.00211487 0.00182968
5.89 -4.05863e-05 -0.0021174 -0.0018261 -0.000152811 -0.00211467 0.00182996
5.9 -5.34549e-05 -0.00211758 -0.00182584 -0.000165679 -0.00211449 0.00183021
5.91 -6.50175e-05 -0.00211774 -0.00182561 -0.000177242 -0.00211432 0.00183045
5.92 -7.52293e-05 -0.00211789 -0.00182541 -0.000187454 -0.00211418 0.00183065
5.93 -8.4058e-05 -0.00211801 -0.00182523 -0.000196282 -0.00211405 0.00183082
5.94 -9.1483e-05 -0.00211812 -0.00182509 -0.000203707 -0.00211395 0.00183097
5.95 -9.74954e-05 -0.0021182 -0.00182497 -0.00020972 -0.00211386 0.00183109
5.96 -0.000102098 -0.00211827 -0.00182487 -0.000214322 -0.0021138 0.00183118
5.97 -0.000105304 -0.00211831 -0.00182481 -0.000217528 -0.00211375 0.00183125
5.98 -0.000107137 -0.00211834 -0.00182477 -0.000219361 -0.00211373 0.00183129
5.99 -0.00010763 -0.00211835 -0.00182476 -0.000219855 -0.00211372 0.00183129
6 -0.000106828 -0.00211833 -0.00182478 -0.000219053 -0.00211373 0.00183128
6.01 -0.000104782 -0.00211831 -0.00182482 -0.000217006 -0.00211376 0.00183124
6.02 -0.00010155 -0.00211826 -0.00182489 -0.000213775 -0.00211381 0.00183117
6.03 -9.72008e-05 -0.0021182 -0.00182497 -0.000209425 -0.00211387 0.00183109
6.04 -9.18061e-05 -0.00211812 -0.00182508 -0.00020403 -0.00211394 0.00183098
6.05 -8.54452e-05 -0.00211803 -0.00182521 -0.000197669 -0.00211403 0.00183085
6.06 -7.82014e-05 -0.00211793 -0.00182535 -0.000190426 -0.00211414 0.00183071
6.07 -7.01622e-05 -0.00211782 -0.00182551 -0.000182386 -0.00211425 0.00183055
6.08 -6.14183e-05 -0.00211769 -0.00182569 -0.000173643 -0.00211437 0.00183037
6.09 -5.20626e-05 -0.00211756 -0.00182587 -0.000164287 -0.00211451 0.00183019
6.1 -4.21895e-05 -0.00211742 -0.00182607 -0.000154414 -0.00211465 0.00182999
6.11 -3.18944e-05 -0.00211728 -0.00182627 -0.000144119 -0.00211479 0.00182978
6.12 -2.12723e-05 -0.00211713 -0.00182649 -0.000133497 -0.00211494 0.00182957
6.13 -1.04178e-05 -0.00211697 -0.0018267 -0.000122642 -0.00211509 0.00182936
6.14 5.76457e-07 -0.00211682 -0.00182692 -0.000111648 -0.00211525 0.00182914
6.15 1.16195e-05 -0.00211666 -0.00182714 -0.000100605 -0.00211541 0.00182892
6.16 2.26236e-05 -0.00211651 -0.00182736 -8.96007e-05 -0.00211556 0.0018287
6.17 3.35039e-05 -0.00211635 -0.00182758 -7.87203e-05 -0.00211571 0.00182848
6.18 4.418e-05 -0.0021162 -0.00182779 -6.80442e-05 -0.00211587 0.00182827
6.19 5.45756e-05 -0.00211606 -0.001828 -5.76487e-05 -0.00211601 0.00182806
6.2 6.46193e-05 -0.00211591 -0.0018282 -4.7605e-05 -0.00211615 0.00182786
6.21 7.4245e-05 -0.00211578 -0.00182839 -3.79793e-05 -0.00211629 0.00182767
6.22 8.33921e-05 -0.00211565 -0.00182857 -2.88321e-05 -0.00211642 0.00182749
6.23 9.2006e-05 -0.00211553 -0.00182875 -2.02182e-05 -0.00211654 0.00182731
6.24 0.000100038 -0.00211541 -0.00182891 -1.21861e-05 -0.00211665 0.00182715
6.25 0.000107446 -0.00211531 -0.00182905 -4.77818e-06 -0.00211676 0.00182701
6.26 0.000114194 -0.00211521 -0.00182919 1.96954e-06 -0.00211685 0.00182687
6.27 0.000120252 -0.00211513 -0.00182931 8.02748e-06 -0.00211694 0.00182675
6.28 0.000125597 -0.00211505 -0.00182942 1.33725e-05 -0.00211702 0.00182664
6.29 0.000130212 -0.00211499 -0.00182951 1.79877e-05 -0.00211708 0.00182655
6.3 0.000134087 -0.00211493 -0.00182958 2.18628e-05 -0.00211714 0.00182647
6.31 0.000137217 -0.00211489 -0.00182965 2.49932e-05 -0.00211718 0.00182641
6.32 0.000139605 -0.00211485 -0.00182969 2.73807e-05 -0.00211721 0.00182636
6.33 0.000141257 -0.00211483 -0.00182973 2.90326e-05 -0.00211724 0.00182633
6.34 0.000142186 -0.00211482 -0.00182975 2.99617e-05 -0.00211725 0.00182631
6.35 0.00014241 -0.00211482 -0.00182975 3.01861e-05 -0.00211725 0.00182631
6.36 0.000141953 -0.00211482 -0.00182974 2.97287e-05 -0.00211725 0.00182632
6.37 0.000140841 -0.00211484 -0.00182972 2.86169e-05 -0.00211723 0.00182634
6.38 0.000139107 -0.00211486 -0.00182968 2.68823e-05 -0.00211721 0.00182637
6.39 0.000136785 -0.00211489 -0.00182964 2.45603e-05 -0.00211717 0.00182642
6.4 0.000133914 -0.00211494 -0.00182958 2.16896e-05 -0.00211713 0.00182648
6.41 0.000130536 -0.00211498 -0.00182951 1.83118e-05 -0.00211708 0.00182655
6.42 0.000126695 -0.00211504 -0.00182944 1.4471e-05 -0.00211703 0.00182662
6.43 0.000122438 -0.0021151 -0.00182935 1.02134e-05 -0.00211697 0.00182671
6.44 0.000117811 -0.00211516 -0.00182926 5.58685e-06 -0.00211691 0.0018268
6.45 0.000112865 -0.00211523 -0.00182916 6.40416e-07 -0.00211684 0.0018269
6.46 0.000107648 -0.00211531 -0.00182906 -4.57608e-06 -0.00211676 0.001827
6.47 0.000102212 -0.00211538 -0.00182895 -1.00125e-05 -0.00211668 0.00182711
6.48 9.66057e-05 -0.00211546 -0.00182884 -1.56186e-05 -0.00211661 0.00182722
6.49 9.08796e-05 -0.00211554 -0.00182872 -2.13447e-05 -0.00211652 0.00182734
6.5 8.50824e-05 -0.00211562 -0.00182861 -2.71419e-05 -0.00211644 0.00182745
6.51 7.92619e-05 -0.00211571 -0.00182849 -3.29624e-05 -0.00211636 0.00182757
6.52 7.34643e-05 -0.00211579 -0.00182838 -3.876e-05 -0.00211628 0.00182768
6.53 6.77341e-05 -0.00211587 -0.00182826 -4.44901e-05 -0.0021162 0.0018278
6.54 6.21138e-05 -0.00211595 -0.00182815 -5.01105e-05 -0.00211612 0.00182791
6.55 5.66433e-05 -0.00211603 -0.00182804 -5.55809e-05 -0.00211604 0.00182802
6.56 5.13602e-05 -0.0021161 -0.00182793 -6.08641e-05 -0.00211597 0.00182812
6.57 4.62991e-05 -0.00211617 -0.00182783 -6.59252e-05 -0.0021159 0.00182823
6.58 4.14917e-05 -0.00211624 -0.00182774 -7.07325e-05 -0.00211583 0.00182832
6.59 3.69669e-05 -0.0021163 -0.00182765 -7.52574e-05 -0.00211576 0.00182841
6.6 3.27499e-05 -0.00211636 -0.00182756 -7.94743e-05 -0.0021157 0.0018285
6.61 2.8863e-05 -0.00211642 -0.00182749 -8.33613e-05 -0.00211565 0.00182857
6.62 2.53249e-05 -0.00211647 -0.00182742 -8.68993e-05 -0.0021156 0.00182864
6.63 2.21511e-05 -0.00211651 -0.00182735 -9.00731e-05 -0.00211555 0.00182871
6.64 1.93537e-05 -0.00211655 -0.0018273 -9.28706e-05 -0.00211551 0.00182876
6.65 1.69412e-05 -0.00211659 -0.00182725 -9.52831e-05 -0.00211548 0.00182881
6.66 1.49191e-05 -0.00211662 -0.00182721 -9.73052e-05 -0.00211545 0.00182885
6.67 1.32894e-05 -0.00211664 -0.00182718 -9.89349e-05 -0.00211543 0.00182888
6.68 1.20512e-05 -0.00211666 -0.00182715 -0.000100173 -0.00211541 0.00182891
6.69 1.12005e-05 -0.00211667 -0.00182713 -0.000101024 -0.0021154 0.00182893
6.7 1.07302e-05 -0.00211667 -0.00182712 -0.000101494 -0.00211539 0.00182893
6.71 1.06309e-05 -0.00211668 -0.00182712 -0.000101593 -0.00211539 0.00182894
6.72 1.08902e-05 -0.00211667 -0.00182713 -0.000101334 -0.0021154 0.00182893
6.73 1.14935e-05 -0.00211666 -0.00182714 -0.000100731 -0.0021154 0.00182892
6.74 1.24243e-05 -0.00211665 -0.00182716 -9.98e-05 -0.00211542 0.0018289
6.75 1.36636e-05 -0.00211663 -0.00182718 -9.85607e-05 -0.00211543 0.00182888
6.76 1.5191e-05 -0.00211661 -0.00182721 -9.70332e-05 -0.00211546 0.00182885
6.77 1.69846e-05 -0.00211659 -0.00182725 -9.52397e-05 -0.00211548 0.00182881
6.78 1.90209e-05 -0.00211656 -0.00182729 -9.32033e-05 -0.00211551 0.00182877
6.79 2.12756e-05 -0.00211653 -0.00182733 -9.09486e-05 -0.00211554 0.00182872
6.8 2.37235e-05 -0.00211649 -0.00182738 -8.85008e-05 -0.00211558 0.00182868
6.81 2.63386e-05 -0.00211645 -0.00182744 -8.58856e-05 -0.00211561 0.00182862
6.82 2.90947e-05 -0.00211642 -0.00182749 -8.31295e-05 -0.00211565 0.00182857
6.83 3.19653e-05 -0.00211637 -0.00182755 -8.02589e-05 -0.00211569 0.00182851
6.84 3.4924e-05 -0.00211633 -0.00182761 -7.73002e-05 -0.00211573 0.00182845
6.85 3.79447e-05 -0.00211629 -0.00182767 -7.42796e-05 -0.00211578 0.00182839
6.86 4.10014e-05 -0.00211625 -0.00182773 -7.12228e-05 -0.00211582 0.00182833
6.87 4.40692e-05 -0.0021162 -0.00182779 -6.81551e-05 -0.00211586 0.00182827
6.88 4.71236e-05 -0.00211616 -0.00182785 -6.51006e-05 -0.00211591 0.00182821
6.89 5.01414e-05 -0.00211612 -0.00182791 -6.20829e-05 -0.00211595 0.00182815
6.9 5.31001e-05 -0.00211608 -0.00182797 -5.91242e-05 -0.00211599 0.00182809
6.91 5.59788e-05 -0.00211604 -0.00182803 -5.62455e-05 -0.00211603 0.00182803
6.92 5.87577e-05 -0.002116 -0.00182808 -5.34665e-05 -0.00211607 0.00182798
6.93 6.14188e-05 -0.00211596 -0.00182814 -5.08055e-05 -0.00211611 0.00182792
6.94 6.39452e-05 -0.00211592 -0.00182819 -4.8279e-05 -0.00211614 0.00182787
6.95 6.6322e-05 -0.00211589 -0.00182823 -4.59022e-05 -0.00211618 0.00182783
6.96 6.85359e-05 -0.00211586 -0.00182828 -4.36883e-05 -0.00211621 0.00182778
6.97 7.05753e-05 -0.00211583 -0.00182832 -4.16489e-05 -0.00211624 0.00182774
6.98 7.24304e-05 -0.0021158 -0.00182835 -3.97939e-05 -0.00211626 0.0018277
6.99 7.40931e-05 -0.00211578 -0.00182839 -3.81312e-05 -0.00211629 0.00182767
7 7.55571e-05 -0.00211576 -0.00182842 -3.66671e-05 -0.00211631 0.00182764
7.01 7.68181e-05 -0.00211574 -0.00182844 -3.54062e-05 -0.00211633 0.00182762
7.02 7.78732e-05 -0.00211573 -0.00182846 -3.43511e-05 -0.00211634 0.0018276
7.03 7.87214e-05 -0.00211571 -0.00182848 -3.35028e-05 -0.00211635 0.00182758
7.04 7.93634e-05 -0.00211571 -0.00182849 -3.28608e-05 -0.00211636 0.00182757
7.05 7.98013e-05 -0.0021157 -0.0018285 -3.24229e-05 -0.00211637 0.00182756
7.06 8.00389e-05 -0.0021157 -0.00182851 -3.21853e-05 -0.00211637 0.00182755
7.07 8.00814e-05 -0.0021157 -0.00182851 -3.21429e-05 -0.00211637 0.00182755
7.08 7.99351e-05 -0.0021157 -0.0018285 -3.22891e-05 -0.00211637 0.00182755
7.09 7.96079e-05 -0.0021157 -0.0018285 -3.26163e-05 -0.00211637 0.00182756
7.1 7.91087e-05 -0.00211571 -0.00182849 -3.31155e-05 -0.00211636 0.00182757
7.11 7.84474e-05 -0.00211572 -0.00182847 -3.37769e-05 -0.00211635 0.00182758
7.12 7.76348e-05 -0.00211573 -0.00182846 -3.45895e-05 -0.00211634 0.0018276
7.13 7.66825e-05 -0.00211574 -0.00182844 -3.55417e-05 -0.00211632 0.00182762
7.14 7.5603e-05 -0.00211576 -0.00182842 -3.66213e-05 -0.00211631 0.00182764
7.15 7.4409e-05 -0.00211578 -0.00182839 -3.78153e-05 -0.00211629 0.00182766
7.16 7.31139e-05 -0.00211579 -0.00182837 -3.91104e-05 -0.00211627 0.00182769
7.17 7.17314e-05 -0.00211581 -0.00182834 -4.04929e-05 -0.00211625 0.00182772
7.18 7.02752e-05 -0.00211583 -0.00182831 -4.1949e-05 -0.00211623 0.00182775
7.19 6.87595e-05 -0.00211586 -0.00182828 -4.34648e-05 -0.00211621 0.00182778
7.2 6.7198e-05 -0.00211588 -0.00182825 -4.50262e-05 -0.00211619 0.00182781
7.21 6.56046e-05 -0.0021159 -0.00182822 -4.66196e-05 -0.00211617 0.00182784
7.22 6.39929e-05 -0.00211592 -0.00182819 -4.82314e-05 -0.00211615 0.00182787
7.23 6.2376e-05 -0.00211595 -0.00182815 -4.98482e-05 -0.00211612 0.0018279
7.24 6.07668e-05 -0.00211597 -0.00182812 -5.14574e-05 -0.0021161 0.00182794
7.25 5.91776e-05 -0.00211599 -0.00182809 -5.30466e-05 -0.00211608 0.00182797
7.26 5.76201e-05 -0.00211601 -0.00182806 -5.46042e-05 -0.00211606 0.001828
7.27 5.61053e-05 -0.00211603 -0.00182803 -5.6119e-05 -0.00211603 0.00182803
7.28 5.46436e-05 -0.00211605 -0.001828 -5.75807e-05 -0.00211601 0.00182806
7.29 5.32445e-05 -0.00211607 -0.00182797 -5.89798e-05 -0.00211599 0.00182809
7.3 5.19168e-05 -0.00211609 -0.00182795 -6.03075e-05 -0.00211597 0.00182811
7.31 5.06683e-05 -0.00211611 -0.00182792 -6.1556e-05 -0.00211596 0.00182814
7.32 4.9506e-05 -0.00211613 -0.0018279 -6.27182e-05 -0.00211594 0.00182816
7.33 4.8436e-05 -0.00211614 -0.00182788 -6.37882e-05 -0.00211593 0.00182818
7.34 4.74634e-05 -0.00211616 -0.00182786 -6.47608e-05 -0.00211591 0.0018282
7.35 4.65924e-05 -0.00211617 -0.00182784 -6.56318e-05 -0.0021159 0.00182822
7.36 4.58263e-05 -0.00211618 -0.00182782 -6.6398e-05 -0.00211589 0.00182823
7.37 4.51672e-05 -0.00211619 -0.00182781 -6.7057e-05 -0.00211588 0.00182825
7.38 4.46168e-05 -0.0021162 -0.0018278 -6.76075e-05 -0.00211587 0.00182826
7.39 4.41753e-05 -0.0021162 -0.00182779 -6.80489e-05 -0.00211587 0.00182827
7.4 4.38425e-05 -0.00211621 -0.00182778 -6.83817e-05 -0.00211586 0.00182827
7.41 4.36172e-05 -0.00211621 -0.00182778 -6.8607e-05 -0.00211586 0.00182828
7.42 4.34974e-05 -0.00211621 -0.00182778 -6.87268e-05 -0.00211586 0.00182828
7.43 4.34803e-05 -0.00211621 -0.00182778 -6.8744e-05 -0.00211586 0.00182828
7.44 4.35624e-05 -0.00211621 -0.00182778 -6.86619e-05 -0.00211586 0.00182828
7.45 4.37397e-05 -0.00211621 -0.00182778 -6.84846e-05 -0.00211586 0.00182828
7.46 4.40073e-05 -0.0021162 -0.00182779 -6.82169e-05 -0.00211586 0.00182827
7.47 4.43602e-05 -0.0021162 -0.0018278 -6.78641e-05 -0.00211587 0.00182826
7.48 4.47924e-05 -0.00211619 -0.0018278 -6.74318e-05 -0.00211587 0.00182826
7.49 4.5298e-05 -0.00211619 -0.00182781 -6.69263e-05 -0.00211588 0.00182825
7.5 4.58702e-05 -0.00211618 -0.00182783 -6.6354e-05 -0.00211589 0.00182823
7.51 4.65025e-05 -0.00211617 -0.00182784 -6.57218e-05 -0.0021159 0.00182822
7.52 4.71877e-05 -0.00211616 -0.00182785 -6.50366e-05 -0.00211591 0.00182821
7.53 4.79185e-05 -0.00211615 -0.00182787 -6.43057e-05 -0.00211592 0.00182819
7.54 4.86878e-05 -0.00211614 -0.00182788 -6.35364e-05 -0.00211593 0.00182818
7.55 4.94881e-05 -0.00211613 -0.0018279 -6.27361e-05 -0.00211594 0.00182816
7.56 5.03122e-05 -0.00211612 -0.00182791 -6.19121e-05 -0.00211595 0.00182815
7.57 5.11527e-05 -0.0021161 -0.00182793 -6.10716e-05 -0.00211596 0.00182813
7.58 5.20025e-05 -0.00211609 -0.00182795 -6.02218e-05 -0.00211598 0.00182811
7.59 5.28547e-05 -0.00211608 -0.00182796 -5.93696e-05 -0.00211599 0.00182809
7.6 5.37024e-05 -0.00211607 -0.00182798 -5.85218e-05 -0.002116 0.00182808
7.61 5.45393e-05 -0.00211606 -0.001828 -5.76849e-05 -0.00211601 0.00182806
7.62 5.53592e-05 -0.00211604 -0.00182801 -5.6865e-05 -0.00211602 0.00182804
7.63 5.61563e-05 -0.00211603 -0.00182803 -5.60679e-05 -0.00211603 0.00182803
7.64 5.69252e-05 -0.00211602 -0.00182805 -5.52991e-05 -0.00211605 0.00182801
7.65 5.76607e-05 -0.00211601 -0.00182806 -5.45635e-05 -0.00211606 0.001828
7.66 5.83585e-05 -0.002116 -0.00182807 -5.38658e-05 -0.00211607 0.00182798
7.67 5.90142e-05 -0.00211599 -0.00182809 -5.321e-05 -0.00211607 0.00182797
7.68 5.96244e-05 -0.00211598 -0.0018281 -5.25999e-05 -0.00211608 0.00182796
7.69 6.01857e-05 -0.00211598 -0.00182811 -5.20385e-05 -0.00211609 0.00182795
7.7 6.06956e-05 -0.00211597 -0.00182812 -5.15286e-05 -0.0021161 0.00182794
7.71 6.11519e-05 -0.00211596 -0.00182813 -5.10723e-05 -0.00211611 0.00182793
7.72 6.15528e-05 -0.00211596 -0.00182814 -5.06714e-05 -0.00211611 0.00182792
7.73 6.18972e-05 -0.00211595 -0.00182814 -5.0327e-05 -0.00211612 0.00182791
7.74 6.21844e-05 -0.00211595 -0.00182815 -5.00398e-05 -0.00211612 0.00182791
7.75 6.24141e-05 -0.00211594 -0.00182816 -4.98101e-05 -0.00211612 0.0018279
7.76 6.25866e-05 -0.00211594 -0.00182816 -4.96377e-05 -0.00211613 0.0018279
7.77 6.27024e-05 -0.00211594 -0.00182816 -4.95218e-05 -0.00211613 0.0018279
7.78 6.27627e-05 -0.00211594 -0.00182816 -4.94615e-05 -0.00211613 0.0018279
7.79 6.2769e-05 -0.00211594 -0.00182816 -4.94552e-05 -0.00211613 0.0018279
7.8 6.27231e-05 -0.00211594 -0.00182816 -4.95012e-05 -0.00211613 0.0018279
7.81 6.26271e-05 -0.00211594 -0.00182816 -4.95971e-05 -0.00211613 0.0018279
7.82 6.24836e-05 -0.00211594 -0.00182816 -4.97406e-05 -0.00211612 0.0018279
7.83 6.22954e-05 -0.00211595 -0.00182815 -4.99288e-05 -0.00211612 0.00182791
7.84 6.20655e-05 -0.00211595 -0.00182815 -5.01587e-05 -0.00211612 0.00182791
7.85 6.17972e-05 -0.00211595 -0.00182814 -5.04271e-05 -0.00211611 0.00182792
7.86 6.14938e-05 -0.00211596 -0.00182814 -5.07304e-05 -0.00211611 0.00182792
7.87 6.1159e-05 -0.00211596 -0.00182813 -5.10652e-05 -0.00211611 0.00182793
7.88 6.07966e-05 -0.00211597 -0.00182812 -5.14277e-05 -0.0021161 0.00182794
7.89 6.04102e-05 -0.00211597 -0.00182812 -5.1814e-05 -0.00211609 0.00182794
7.9 6.00038e-05 -0.00211598 -0.00182811 -5.22205e-05 -0.00211609 0.00182795
7.91 5.95812e-05 -0.00211598 -0.0018281 -5.2643e-05 -0.00211608 0.00182796
7.92 5.91464e-05 -0.00211599 -0.00182809 -5.30779e-05 -0.00211608 0.00182797
7.93 5.8703e-05 -0.002116 -0.00182808 -5.35212e-05 -0.00211607 0.00182798
7.94 5.82549e-05 -0.002116 -0.00182807 -5.39693e-05 -0.00211606 0.00182799
7.95 5.78058e-05 -0.00211601 -0.00182806 -5.44184e-05 -0.00211606 0.001828
7.96 5.73592e-05 -0.00211602 -0.00182805 -5.4865e-05 -0.00211605 0.001828
7.97 5.69185e-05 -0.00211602 -0.00182805 -5.53058e-05 -0.00211605 0.00182801
7.98 5.64869e-05 -0.00211603 -0.00182804 -5.57374e-05 -0.00211604 0.00182802
7.99 5.60675e-05 -0.00211603 -0.00182803 -5.61568e-05 -0.00211603 0.00182803
8 5.56631e-05 -0.00211604 -0.00182802 -5.65612e-05 -0.00211603 0.00182804
8.01 5.52764e-05 -0.00211605 -0.00182801 -5.69479e-05 -0.00211602 0.00182805
8.02 5.49097e-05 -0.00211605 -0.00182801 -5.73145e-05 -0.00211602 0.00182805
8.03 5.45653e-05 -0.00211606 -0.001828 -5.7659e-05 -0.00211601 0.00182806
8.04 5.4245e-05 -0.00211606 -0.00182799 -5.79793e-05 -0.00211601 0.00182807
8.05 5.39505e-05 -0.00211606 -0.00182799 -5.82738e-05 -0.002116 0.00182807
8.06 5.36832e-05 -0.00211607 -0.00182798 -5.85411e-05 -0.002116 0.00182808
8.07 5.34442e-05 -0.00211607 -0.00182798 -5.87801e-05 -0.002116 0.00182808
8.08 5.32344e-05 -0.00211607 -0.00182797 -5.89899e-05 -0.00211599 0.00182809
8.09 5.30544e-05 -0.00211608 -0.00182797 -5.91698e-05 -0.00211599 0.00182809
8.1 5.29046e-05 -0.00211608 -0.00182797 -5.93196e-05 -0.00211599 0.00182809
8.11 5.27851e-05 -0.00211608 -0.00182796 -5.94391e-05 -0.00211599 0.0018281
8.12 5.26958e-05 -0.00211608 -0.00182796 -5.95285e-05 -0.00211599 0.0018281
8.13 5.26362e-05 -0.00211608 -0.00182796 -5.9588e-05 -0.00211598 0.0018281
8.14 5.26059e-05 -0.00211608 -0.00182796 -5.96183e-05 -0.00211598 0.0018281
8.15 5.26041e-05 -0.00211608 -0.00182796 -5.96202e-05 -0.00211598 0.0018281
8.16 5.26297e-05 -0.00211608 -0.00182796 -5.95946e-05 -0.00211598 0.0018281
8.17 5.26816e-05 -0.00211608 -0.00182796 -5.95427e-05 -0.00211599 0.0018281
8.18 5.27585e-05 -0.00211608 -0.00182796 -5.94658e-05 -0.00211599 0.0018281
8.19 5.28588e-05 -0.00211608 -0.00182796 -5.93654e-05 -0.00211599 0.00182809
8.2 5.29811e-05 -0.00211608 -0.00182797 -5.92431e-05 -0.00211599 0.00182809
8.21 5.31236e-05 -0.00211608 -0.00182797 -5.91007e-05 -0.00211599 0.00182809
8.22 5.32844e-05 -0.00211607 -0.00182797 -5.89399e-05 -0.00211599 0.00182809
8.23 5.34616e-05 -0.00211607 -0.00182798 -5.87626e-05 -0.002116 0.00182808
8.24 5.36533e-05 -0.00211607 -0.00182798 -5.85709e-05 -0.002116 0.00182808
8.25 5.38576e-05 -0.00211607 -0.00182798 -5.83667e-05 -0.002116 0.00182807
8.26 5.40723e-05 -0.00211606 -0.00182799 -5.8152e-05 -0.00211601 0.00182807
8.27 5.42954e-05 -0.00211606 -0.00182799 -5.79289e-05 -0.00211601 0.00182807
8.28 5.45249e-05 -0.00211606 -0.001828 -5.76994e-05 -0.00211601 0.00182806
8.29 5.47587e-05 -0.00211605 -0.001828 -5.74655e-05 -0.00211601 0.00182806
8.3 5.4995e-05 -0.00211605 -0.00182801 -5.72293e-05 -0.00211602 0.00182805
8.31 5.52316e-05 -0.00211605 -0.00182801 -5.69926e-05 -0.00211602 0.00182805
8.32 5.54669e-05 -0.00211604 -0.00182802 -5.67573e-05 -0.00211602 0.00182804
8.33 5.5699e-05 -0.00211604 -0.00182802 -5.65252e-05 -0.00211603 0.00182804
8.34 5.59262e-05 -0.00211604 -0.00182803 -5.6298e-05 -0.00211603 0.00182803
8.35 5.61469e-05 -0.00211603 -0.00182803 -5.60774e-05 -0.00211603 0.00182803
8.36 5.63596e-05 -0.00211603 -0.00182803 -5.58647e-05 -0.00211604 0.00182802
8.37 5.65629e-05 -0.00211603 -0.00182804 -5.56614e-05 -0.00211604 0.00182802
8.38 5.67556e-05 -0.00211602 -0.00182804 -5.54687e-05 -0.00211604 0.00182802
8.39 5.69365e-05 -0.00211602 -0.00182805 -5.52878e-05 -0.00211605 0.00182801
8.4 5.71046e-05 -0.00211602 -0.00182805 -5.51196e-05 -0.00211605 0.00182801
8.41 5.72591e-05 -0.00211602 -0.00182805 -5.49651e-05 -0.00211605 0.00182801
8.42 5.73992e-05 -0.00211602 -0.00182806 -5.4825e-05 -0.00211605 0.001828
8.43 5.75244e-05 -0.00211601 -0.00182806 -5.46998e-05 -0.00211605 0.001828
8.44 5.76342e-05 -0.00211601 -0.00182806 -5.45901e-05 -0.00211606 0.001828
8.45 5.77282e-05 -0.00211601 -0.00182806 -5.4496e-05 -0.00211606 0.001828
8.46 5.78064e-05 -0.00211601 -0.00182806 -5.44179e-05 -0.00211606 0.001828
8.47 5.78685e-05 -0.00211601 -0.00182806 -5.43557e-05 -0.00211606 0.00182799
8.48 5.79148e-05 -0.00211601 -0.00182807 -5.43095e-05 -0.00211606 0.00182799
8.49 5.79454e-05 -0.00211601 -0.00182807 -5.42789e-05 -0.00211606 0.00182799
8.5 5.79605e-05 -0.00211601 -0.00182807 -5.42637e-05 -0.00211606 0.00182799
8.51 5.79608e-05 -0.00211601 -0.00182807 -5.42635e-05 -0.00211606 0.00182799
8.52 5.79465e-05 -0.00211601 -0.00182807 -5.42777e-05 -0.00211606 0.00182799
8.53 5.79185e-05 -0.00211601 -0.00182807 -5.43058e-05 -0.00211606 0.00182799
8.54 5.78773e-05 -0.00211601 -0.00182806 -5.4347e-05 -0.00211606 0.00182799
8.55 5.78238e-05 -0.00211601 -0.00182806 -5.44005e-05 -0.00211606 0.001828
8.56 5.77587e-05 -0.00211601 -0.00182806 -5.44655e-05 -0.00211606 0.001828
8.57 5.76831e-05 -0.00211601 -0.00182806 -5.45411e-05 -0.00211606 0.001828
8.58 5.75979e-05 -0.00211601 -0.00182806 -5.46263e-05 -0.00211605 0.001828
8.59 5.75041e-05 -0.00211601 -0.00182806 -5.47202e-05 -0.00211605 0.001828
8.6 5.74027e-05 -0.00211602 -0.00182806 -5.48216e-05 -0.00211605 0.001828
8.61 5.72947e-05 -0.00211602 -0.00182805 -5.49296e-05 -0.00211605 0.00182801
8.62 5.71813e-05 -0.00211602 -0.00182805 -5.5043e-05 -0.00211605 0.00182801
8.63 5.70635e-05 -0.00211602 -0.00182805 -5.51608e-05 -0.00211605 0.00182801
8.64 5.69424e-05 -0.00211602 -0.00182805 -5.52819e-05 -0.00211605 0.00182801
8.65 5.6819e-05 -0.00211602 -0.00182804 -5.54052e-05 -0.00211604 0.00182802
8.66 5.66945e-05 -0.00211603 -0.00182804 -5.55298e-05 -0.00211604 0.00182802
8.67 5.65698e-05 -0.00211603 -0.00182804 -5.56545e-05 -0.00211604 0.00182802
8.68 5.64458e-05 -0.00211603 -0.00182804 -5.57784e-05 -0.00211604 0.00182802
8.69 5.63236e-05 -0.00211603 -0.00182803 -5.59006e-05 -0.00211604 0.00182803
8.7 5.6204e-05 -0.00211603 -0.00182803 -5.60202e-05 -0.00211604 0.00182803
8.71 5.60879e-05 -0.00211603 -0.00182803 -5.61364e-05 -0.00211603 0.00182803
8.72 5.5976e-05 -0.00211604 -0.00182803 -5.62482e-05 -0.00211603 0.00182803
8.73 5.58691e-05 -0.00211604 -0.00182802 -5.63551e-05 -0.00211603 0.00182803
8.74 5.57679e-05 -0.00211604 -0.00182802 -5.64563e-05 -0.00211603 0.00182804
8.75 5.56729e-05 -0.00211604 -0.00182802 -5.65514e-05 -0.00211603 0.00182804
8.76 5.55846e-05 -0.00211604 -0.00182802 -5.66396e-05 -0.00211603 0.00182804
8.77 5.55036e-05 -0.00211604 -0.00182802 -5.67207e-05 -0.00211603 0.00182804
8.78 5.54301e-05 -0.00211604 -0.00182802 -5.67941e-05 -0.00211602 0.00182804
8.79 5.53646e-05 -0.00211604 -0.00182801 -5.68597e-05 -0.00211602 0.00182804
8.8 5.53071e-05 -0.00211605 -0.00182801 -5.69171e-05 -0.00211602 0.00182805
8.81 5.5258e-05 -0.00211605 -0.00182801 -5.69663e-05 -0.00211602 0.00182805
8.82 5.52172e-05 -0.00211605 -0.00182801 -5.7007e-05 -0.00211602 0.00182805
8.83 5.51849e-05 -0.00211605 -0.00182801 -5.70393e-05 -0.00211602 0.00182805
8.84 5.5161e-05 -0.00211605 -0.00182801 -5.70633e-05 -0.00211602 0.00182805
8.85 5.51453e-05 -0.00211605 -0.00182801 -5.7079e-05 -0.00211602 0.00182805
8.86 5.51377e-05 -0.00211605 -0.00182801 -5.70866e-05 -0.00211602 0.00182805
8.87 5.5138e-05 -0.00211605 -0.00182801 -5.70863e-05 -0.00211602 0.00182805
8.88 5.51459e-05 -0.00211605 -0.00182801 -5.70784e-05 -0.00211602 0.00182805
8.89 5.5161e-05 -0.00211605 -0.00182801 -5.70632e-05 -0.00211602 0.00182805
8.9 5.51831e-05 -0.00211605 -0.00182801 -5.70412e-05 -0.00211602 0.00182805
8.91 5.52116e-05 -0.00211605 -0.00182801 -5.70126e-05 -0.00211602 0.00182805
8.92 5.52462e-05 -0.00211605 -0.00182801 -5.69781e-05 -0.00211602 0.00182805
8.93 5.52863e-05 -0.00211605 -0.00182801 -5.6938e-05 -0.00211602 0.00182805
8.94 5.53315e-05 -0.00211604 -0.00182801 -5.68928e-05 -0.00211602 0.00182804
8.95 5.53811e-05 -0.00211604 -0.00182801 -5.68431e-05 -0.00211602 0.00182804
8.96 5.54348e-05 -0.00211604 -0.00182802 -5.67895e-05 -0.00211602 0.00182804
8.97 5.54919e-05 -0.00211604 -0.00182802 -5.67324e-05 -0.00211603 0.00182804
8.98 5.55518e-05 -0.00211604 -0.00182802 -5.66725e-05 -0.00211603 0.00182804
8.99 5.5614e-05 -0.00211604 -0.00182802 -5.66103e-05 -0.00211603 0.00182804
9 5.56779e-05 -0.00211604 -0.00182802 -5.65464e-05 -0.00211603 0.00182804
9.01 5.57429e-05 -0.00211604 -0.00182802 -5.64813e-05 -0.00211603 0.00182804
9.02 5.58086e-05 -0.00211604 -0.00182802 -5.64157e-05 -0.00211603 0.00182804
9.03 5.58743e-05 -0.00211604 -0.00182802 -5.63499e-05 -0.00211603 0.00182803
9.04 5.59396e-05 -0.00211604 -0.00182803 -5.62846e-05 -0.00211603 0.00182803
9.05 5.6004e-05 -0.00211604 -0.00182803 -5.62203e-05 -0.00211603 0.00182803
9.06 5.60669e-05 -0.00211603 -0.00182803 -5.61573e-05 -0.00211603 0.00182803
9.07 5.6128e-05 -0.00211603 -0.00182803 -5.60962e-05 -0.00211603 0.00182803
9.08 5.61868e-05 -0.00211603 -0.00182803 -5.60374e-05 -0.00211603 0.00182803
9.09 5.6243e-05 -0.00211603 -0.00182803 -5.59812e-05 -0.00211604 0.00182803
9.1 5.62962e-05 -0.00211603 -0.00182803 -5.5928e-05 -0.00211604 0.00182803
9.11 5.63461e-05 -0.00211603 -0.00182803 -5.58781e-05 -0.00211604 0.00182802
9.12 5.63925e-05 -0.00211603 -0.00182804 -5.58318e-05 -0.00211604 0.00182802
9.13 5.6435e-05 -0.00211603 -0.00182804 -5.57893e-05 -0.00211604 0.00182802
9.14 5.64735e-05 -0.00211603 -0.00182804 -5.57508e-05 -0.00211604 0.00182802
9.15 5.65078e-05 -0.00211603 -0.00182804 -5.57164e-05 -0.00211604 0.00182802
9.16 5.65379e-05 -0.00211603 -0.00182804 -5.56864e-05 -0.00211604 0.00182802
9.17 5.65635e-05 -0.00211603 -0.00182804 -5.56607e-05 -0.00211604 0.00182802
9.18 5.65848e-05 -0.00211603 -0.00182804 -5.56395e-05 -0.00211604 0.00182802
9.19 5.66016e-05 -0.00211603 -0.00182804 -5.56227e-05 -0.00211604 0.00182802
9.2 5.6614e-05 -0.00211603 -0.00182804 -5.56103e-05 -0.00211604 0.00182802
9.21 5.6622e-05 -0.00211603 -0.00182804 -5.56022e-05 -0.00211604 0.00182802
9.22 5.66258e-05 -0.00211603 -0.00182804 -5.55984e-05 -0.00211604 0.00182802
9.23 5.66254e-05 -0.00211603 -0.00182804 -5.55988e-05 -0.00211604 0.00182802
9.24 5.66211e-05 -0.00211603 -0.00182804 -5.56032e-05 -0.00211604 0.00182802
9.25 5.66129e-05 -0.00211603 -0.00182804 -5.56113e-05 -0.00211604 0.00182802
9.26 5.66011e-05 -0.00211603 -0.00182804 -5.56231e-05 -0.00211604 0.00182802
9.27 5.65859e-05 -0.00211603 -0.00182804 -5.56384e-05 -0.00211604 0.00182802
9.28 5.65675e-05 -0.00211603 -0.00182804 -5.56567e-05 -0.00211604 0.00182802
9.29 5.65462e-05 -0.00211603 -0.00182804 -5.5678e-05 -0.00211604 0.00182802
9.3 5.65223e-05 -0.00211603 -0.00182804 -5.5702e-05 -0.00211604 0.00182802
9.31 5.6496e-05 -0.00211603 -0.00182804 -5.57283e-05 -0.00211604 0.00182802
9.32 5.64676e-05 -0.00211603 -0.00182804 -5.57566e-05 -0.00211604 0.00182802
9.33 5.64374e-05 -0.00211603 -0.00182804 -5.57868e-05 -0.00211604 0.00182802
9.34 5.64058e-05 -0.00211603 -0.00182804 -5.58184e-05 -0.00211604 0.00182802
9.35 5.6373e-05 -0.00211603 -0.00182803 -5.58513e-05 -0.00211604 0.00182802
9.36 5.63393e-05 -0.00211603 -0.00182803 -5.5885e-05 -0.00211604 0.00182802
9.37 5.63049e-05 -0.00211603 -0.00182803 -5.59193e-05 -0.00211604 0.00182803
9.38 5.62703e-05 -0.00211603 -0.00182803 -5.59539e-05 -0.00211604 0.00182803
9.39 5.62357e-05 -0.00211603 -0.00182803 -5.59886e-05 -0.00211604 0.00182803
9.4 5.62013e-05 -0.00211603 -0.00182803 -5.6023e-05 -0.00211604 0.00182803
9.41 5.61674e-05 -0.00211603 -0.00182803 -5.60569e-05 -0.00211603 0.00182803
9.42 5.61343e-05 -0.00211603 -0.00182803 -5.609e-05 -0.00211603 0.00182803
9.43 5.61021e-05 -0.00211603 -0.00182803 -5.61221e-05 -0.00211603 0.00182803
9.44 5.60712e-05 -0.00211603 -0.00182803 -5.61531e-05 -0.00211603 0.00182803
9.45 5.60416e-05 -0.00211603 -0.00182803 -5.61826e-05 -0.00211603 0.00182803
9.46 5.60137e-05 -0.00211604 -0.00182803 -5.62106e-05 -0.00211603 0.00182803
9.47 5.59875e-05 -0.00211604 -0.00182803 -5.62368e-05 -0.00211603 0.00182803
9.48 5.59632e-05 -0.00211604 -0.00182803 -5.62611e-05 -0.00211603 0.00182803
9.49 5.59409e-05 -0.00211604 -0.00182803 -5.62834e-05 -0.00211603 0.00182803
9.5 5.59207e-05 -0.00211604 -0.00182803 -5.63036e-05 -0.00211603 0.00182803
9.51 5.59027e-05 -0.00211604 -0.00182803 -5.63216e-05 -0.00211603 0.00182803
9.52 5.5887e-05 -0.00211604 -0.00182802 -5.63373e-05 -0.00211603 0.00182803
9.53 5.58736e-05 -0.00211604 -0.00182802 -5.63507e-05 -0.00211603 0.00182803
9.54 5.58625e-05 -0.00211604 -0.00182802 -5.63618e-05 -0.00211603 0.00182803
9.55 5.58537e-05 -0.00211604 -0.00182802 -5.63705e-05 -0.00211603 0.00182803
9.56 5.58473e-05 -0.00211604 -0.00182802 -5.63769e-05 -0.00211603 0.00182803
9.57 5.58432e-05 -0.00211604 -0.00182802 -5.6381e-05 -0.00211603 0.00182803
9.58 5.58413e-05 -0.00211604 -0.00182802 -5.63829e-05 -0.00211603 0.00182803
9.59 5.58416e-05 -0.00211604 -0.00182802 -5.63826e-05 -0.00211603 0.00182803
9.6 5.5844e-05 -0.00211604 -0.00182802 -5.63802e-05 -0.00211603 0.00182803
9.61 5.58485e-05 -0.00211604 -0.00182802 -5.63758e-05 -0.00211603 0.00182803
9.62 5.58548e-05 -0.00211604 -0.00182802 -5.63695e-05 -0.00211603 0.00182803
9.63 5.58629e-05 -0.00211604 -0.00182802 -5.63614e-05 -0.00211603 0.00182803
9.64 5.58726e-05 -0.00211604 -0.00182802 -5.63516e-05 -0.00211603 0.00182803
9.65 5.58839e-05 -0.00211604 -0.00182802 -5.63403e-05 -0.00211603 0.00182803
9.66 5.58966e-05 -0.00211604 -0.00182803 -5.63276e-05 -0.00211603 0.00182803
9.67 5.59105e-05 -0.00211604 -0.00182803 -5.63137e-05 -0.00211603 0.00182803
9.68 5.59256e-05 -0.00211604 -0.00182803 -5.62987e-05 -0.00211603 0.00182803
9.69 5.59415e-05 -0.00211604 -0.00182803 -5.62827e-05 -0.00211603 0.00182803
9.7 5.59582e-05 -0.00211604 -0.00182803 -5.6266e-05 -0.00211603 0.00182803
9.71 5.59755e-05 -0.00211604 -0.00182803 -5.62487e-05 -0.00211603 0.00182803
9.72 5.59933e-05 -0.00211604 -0.00182803 -5.62309e-05 -0.00211603 0.00182803
9.73 5.60114e-05 -0.00211604 -0.00182803 -5.62128e-05 -0.00211603 0.00182803
9.74 5.60297e-05 -0.00211603 -0.00182803 -5.61946e-05 -0.00211603 0.00182803
9.75 5.60479e-05 -0.00211603 -0.00182803 -5.61763e-05 -0.00211603 0.00182803
9.76 5.60661e-05 -0.00211603 -0.00182803 -5.61582e-05 -0.00211603 0.00182803
9.77 5.60839e-05 -0.00211603 -0.00182803 -5.61403e-05 -0.00211603 0.00182803
9.78 5.61013e-05 -0.00211603 -0.00182803 -5.61229e-05 -0.00211603 0.00182803
9.79 5.61183e-05 -0.00211603 -0.00182803 -5.6106e-05 -0.00211603 0.00182803
9.8 5.61345e-05 -0.00211603 -0.00182803 -5.60897e-05 -0.00211603 0.00182803
9.81 5.61501e-05 -0.00211603 -0.00182803 -5.60742e-05 -0.00211603 0.00182803
9.82 5.61647e-05 -0.00211603 -0.00182803 -5.60595e-05 -0.00211603 0.00182803
9.83 5.61785e-05 -0.00211603 -0.00182803 -5.60457e-05 -0.00211603 0.00182803
9.84 5.61913e-05 -0.00211603 -0.00182803 -5.6033e-05 -0.00211603 0.00182803
9.85 5.6203e-05 -0.00211603 -0.00182803 -5.60213e-05 -0.00211604 0.00182803
9.86 5.62135e-05 -0.00211603 -0.00182803 -5.60107e-05 -0.00211604 0.00182803
9.87 5.6223e-05 -0.00211603 -0.00182803 -5.60013e-05 -0.00211604 0.00182803
9.88 5.62312e-05 -0.00211603 -0.00182803 -5.59931e-05 -0.00211604 0.00182803
9.89 5.62382e-05 -0.00211603 -0.00182803 -5.59861e-05 -0.00211604 0.00182803
9.9 5.6244e-05 -0.00211603 -0.00182803 -5.59803e-05 -0.00211604 0.00182803
9.91 5.62485e-05 -0.00211603 -0.00182803 -5.59757e-05 -0.00211604 0.00182803
9.92 5.62518e-05 -0.00211603 -0.00182803 -5.59724e-05 -0.00211604 0.00182803
9.93 5.62539e-05 -0.00211603 -0.00182803 -5.59703e-05 -0.00211604 0.00182803
9.94 5.62549e-05 -0.00211603 -0.00182803 -5.59694e-05 -0.00211604 0.00182803
9.95 5.62547e-05 -0.00211603 -0.00182803 -5.59696e-05 -0.00211604 0.00182803
9.96 5.62533e-05 -0.00211603 -0.00182803 -5.59709e-05 -0.00211604 0.00182803
9.97 5.62509e-05 -0.00211603 -0.00182803 -5.59733e-05 -0.00211604 0.00182803
9.98 5.62476e-05 -0.00211603 -0.00182803 -5.59767e-05 -0.00211604 0.00182803
9.99 5.62432e-05 -0.00211603 -0.00182803 -5.5981e-05 -0.00211604 0.00182803
10 5.62381e-05 -0.00211603 -0.00182803 -5.59862e-05 -0.00211604 0.00182803
