10.01 -0.00296738
10.02 -0.00299294
10.03 -0.00301731
10.04 -0.00304233
10.05 -0.00306887
10.06 -0.00309562
10.07 -0.00312054
10.08 -0.00314244
10.09 -0.00316087
10.1 -0.003176
10.11 -0.003188
10.12 -0.00319635
10.13 -0.0032002
10.14 -0.00319875
10.15 -0.00319119
10.16 -0.00317676
10.17 -0.00315501
10.18 -0.00312608
10.19 -0.00309049
10.2 -0.00304876
10.21 -0.00300149
10.22 -0.00294943
10.23 -0.00289357
10.24 -0.00283539
10.25 -0.00277655
10.26 -0.00271871
10.27 -0.00266355
10.28 -0.00261281
10.29 -0.00256817
10.3 -0.00253117
10.31 -0.00250242
10.32 -0.00248074
10.33 -0.00246394
10.34 -0.00244963
10.35 -0.00243514
10.36 -0.00241755
10.37 -0.0023947
10.38 -0.00236623
10.39 -0.0023326
10.4 -0.0022942
10.41 -0.00225045
10.42 -0.00219896
10.43 -0.00213717
10.44 -0.00206396
10.45 -0.00197951
10.46 -0.0018853
10.47 -0.00178321
10.48 -0.00167482
10.49 -0.00156175
10.5 -0.00144602
10.51 -0.00132956
10.52 -0.00121372
10.53 -0.00109962
10.54 -0.000988549
10.55 -0.000881386
10.56 -0.000777984
10.57 -0.000677521
10.58 -0.000578837
10.59 -0.000480784
10.6 -0.000382579
10.61 -0.000283606
10.62 -0.000183206
10.63 -8.07631e-05
10.64 2.42223e-05
10.65 0.00013195
10.66 0.000242142
10.67 0.000354555
10.68 0.000469497
10.69 0.000587594
10.7 0.000709562
10.71 0.00083615
10.72 0.000968101
10.73 0.00110603
10.74 0.00125031
10.75 0.00140074
10.76 0.00155618
10.77 0.00171517
10.78 0.00187648
10.79 0.00203882
10.8 0.00220054
10.81 0.00236013
10.82 0.00251672
10.83 0.00266999
10.84 0.00282009
10.85 0.00296723
10.86 0.00311127
10.87 0.00324573
10.88 0.00335337
10.89 0.003417
10.9 0.00343025
10.91 0.00339722
10.92 0.00332854
10.93 0.00323844
10.94 0.00313877
10.95 0.00303366
10.96 0.00292277
10.97 0.00280508
10.98 0.00267955
10.99 0.00254544
11 0.00240245
11.01 0.00225111
11.02 0.0020931
11.03 0.00193059
11.04 0.00176546
11.05 0.0015996
11.06 0.00143518
11.07 0.0012738
11.08 0.0011157
11.09 0.000960436
11.1 0.00080758
11.11 0.000656603
11.12 0.000506763
11.13 0.000357244
11.14 0.000207284
11.15 5.60484e-05
11.16 -9.74937e-05
11.17 -0.000253973
11.18 -0.00041302
11.19 -0.000573346
11.2 -0.000732822
11.21 -0.000889246
11.22 -0.0010411
11.23 -0.00118716
11.24 -0.00132607
11.25 -0.00145678
11.26 -0.00157891
11.27 -0.00169251
11.28 -0.0017978
11.29 -0.00189504
11.3 -0.00198454
11.31 -0.00206665
11.32 -0.00214181
11.33 -0.00221048
11.34 -0.00227312
11.35 -0.00233011
11.36 -0.00238169
11.37 -0.00242763
11.38 -0.00246692
11.39 -0.00249835
11.4 -0.00252124
11.41 -0.00253489
11.42 -0.00253812
11.43 -0.00252963
11.44 -0.00250832
11.45 -0.00247377
11.46 -0.00242665
11.47 -0.00236805
11.48 -0.00229877
11.49 -0.00221957
11.5 -0.00213141
11.51 -0.00203526
11.52 -0.00193187
11.53 -0.00182198
11.54 -0.00170637
11.55 -0.00158588
11.56 -0.00146133
11.57 -0.00133365
11.58 -0.00120398
11.59 -0.00107354
11.6 -0.00094346
11.61 -0.000814891
11.62 -0.000689045
11.63 -0.000567117
11.64 -0.000450195
11.65 -0.000339275
11.66 -0.000235273
11.67 -0.00013908
11.68 -5.16066e-05
11.69 2.62688e-05
11.7 9.37533e-05
11.71 0.000150201
11.72 0.000195176
11.73 0.000228349
11.74 0.000249409
11.75 0.000258052
11.76 0.000253993
11.77 0.00023693
11.78 0.000206527
11.79 0.000162206
11.8 0.000102947
11.81 2.75809e-05
11.82 -6.49138e-05
11.83 -0.000175515
11.84 -0.000305256
11.85 -0.000453864
11.86 -0.000618398
11.87 -0.000794587
11.88 -0.000978163
11.89 -0.00116513
11.9 -0.00135207
11.91 -0.00153588
11.92 -0.00171365
11.93 -0.00188333
11.94 -0.00204453
11.95 -0.00219736
11.96 -0.00234127
11.97 -0.00247527
11.98 -0.00259793
11.99 -0.00270772
12 -0.00280316
12.01 -0.00288325
12.02 -0.00294789
12.03 -0.00299747
12.04 -0.00303256
12.05 -0.00305381
12.06 -0.00306189
12.07 -0.00305755
12.08 -0.00304166
12.09 -0.00301484
12.1 -0.00297714
12.11 -0.00292829
12.12 -0.00286814
12.13 -0.00279659
12.14 -0.00271367
12.15 -0.00261942
12.16 -0.00251395
12.17 -0.00239736
12.18 -0.00226976
12.19 -0.00213126
12.2 -0.00198203
12.21 -0.00182225
12.22 -0.00165203
12.23 -0.00147196
12.24 -0.00128354
12.25 -0.00108906
12.26 -0.000891423
12.27 -0.00069329
12.28 -0.000496236
12.29 -0.000301118
12.3 -0.000108452
12.31 8.10316e-05
12.32 0.00026583
12.33 0.000444826
12.34 0.000618439
12.35 0.000787621
12.36 0.000952846
12.37 0.00111394
12.38 0.00126989
12.39 0.00141947
12.4 0.00156183
12.41 0.00169652
12.42 0.001815
12.43 0.00189866
12.44 0.00193586
12.45 0.00192959
12.46 0.00189333
12.47 0.00184266
12.48 0.00178578
12.49 0.00172416
12.5 0.00165702
12.51 0.00158368
12.52 0.00150451
12.53 0.0014203
12.54 0.00133157
12.55 0.00123848
12.56 0.00114064
12.57 0.00103788
12.58 0.00093087
12.59 0.000820653
12.6 0.000708172
12.61 0.000594138
12.62 0.000478904
12.63 0.000362919
12.64 0.000247174
12.65 0.000132554
12.66 1.91902e-05
12.67 -9.31521e-05
12.68 -0.000204673
12.69 -0.000315602
12.7 -0.000426261
12.71 -0.000536859
12.72 -0.000647285
12.73 -0.000757068
12.74 -0.000865338
12.75 -0.000971049
12.76 -0.00107321
12.77 -0.00117115
12.78 -0.00126487
12.79 -0.00135484
12.8 -0.00144187
12.81 -0.00152697
12.82 -0.00161112
12.83 -0.00169537
12.84 -0.00178082
12.85 -0.00186832
12.86 -0.00195816
12.87 -0.00205037
12.88 -0.00214515
12.89 -0.00224263
12.9 -0.0023426
12.91 -0.00244482
12.92 -0.00254915
12.93 -0.00265519
12.94 -0.00276173
12.95 -0.00286762
12.96 -0.0029725
12.97 -0.00307643
12.98 -0.00317956
12.99 -0.00328213
13 -0.00338455
13.01 -0.00348733
13.02 -0.00359093
13.03 -0.00369575
13.04 -0.00380212
13.05 -0.00391022
13.06 -0.00402006
13.07 -0.00413187
13.08 -0.00424644
13.09 -0.00436452
13.1 -0.00448617
13.11 -0.00461136
13.12 -0.00474052
13.13 -0.0048733
13.14 -0.00500747
13.15 -0.00514018
13.16 -0.00526939
13.17 -0.00539363
13.18 -0.00551174
13.19 -0.00562271
13.2 -0.00572536
13.21 -0.00581865
13.22 -0.00590191
13.23 -0.00597481
13.24 -0.00603721
13.25 -0.00608931
13.26 -0.00613162
13.27 -0.00616465
13.28 -0.00618861
13.29 -0.00620394
13.3 -0.00621196
13.31 -0.00621444
13.32 -0.00621318
13.33 -0.00620872
13.34 -0.00619898
13.35 -0.00618128
13.36 -0.00615421
13.37 -0.00611762
13.38 -0.00607253
13.39 -0.00602044
13.4 -0.00596265
13.41 -0.00590048
13.42 -0.00583544
13.43 -0.00576824
13.44 -0.00569776
13.45 -0.00562154
13.46 -0.00553639
13.47 -0.00543951
13.48 -0.00532974
13.49 -0.00520752
13.5 -0.00507496
13.51 -0.00493444
13.52 -0.00478726
13.53 -0.0046343
13.54 -0.0044767
13.55 -0.00431518
13.56 -0.00414946
13.57 -0.00397879
13.58 -0.0038026
13.59 -0.00362045
13.6 -0.00343204
13.61 -0.00323736
13.62 -0.00303675
13.63 -0.00283063
13.64 -0.00261919
13.65 -0.00240265
13.66 -0.00218158
13.67 -0.00195678
13.68 -0.00172912
13.69 -0.00149938
13.7 -0.00126808
13.71 -0.00103574
13.72 -0.000803187
13.73 -0.000571447
13.74 -0.000341662
13.75 -0.000114852
13.76 0.000108334
13.77 0.000326715
13.78 0.000537676
13.79 0.000738755
13.8 0.000929215
13.81 0.00111002
13.82 0.00128384
13.83 0.00145395
13.84 0.00162315
13.85 0.00179415
13.86 0.00196988
13.87 0.00215232
13.88 0.00234137
13.89 0.00253602
13.9 0.00273559
13.91 0.00293253
13.92 0.00310691
13.93 0.00323838
13.94 0.00331814
13.95 0.0033492
13.96 0.00334283
13.97 0.00331436
13.98 0.0032762
13.99 0.00323293
14 0.0031849
14.01 0.00313158
14.02 0.00307164
14.03 0.00300456
14.04 0.00293203
14.05 0.00285679
14.06 0.00278139
14.07 0.00270755
14.08 0.00263542
14.09 0.00256502
14.1 0.0024975
14.11 0.002434
14.12 0.0023743
14.13 0.00231763
14.14 0.00226325
14.15 0.00221007
14.16 0.00215621
14.17 0.00209928
14.18 0.00203667
14.19 0.00196614
14.2 0.00188626
14.21 0.00179578
14.22 0.00169288
14.23 0.00157587
14.24 0.00144392
14.25 0.00129703
14.26 0.001136
14.27 0.000962349
14.28 0.00077821
14.29 0.000586137
14.3 0.00038891
14.31 0.000189145
14.32 -1.10841e-05
14.33 -0.000210202
14.34 -0.000407081
14.35 -0.000601379
14.36 -0.000793876
14.37 -0.000985668
14.38 -0.00117735
14.39 -0.00136961
14.4 -0.00156377
14.41 -0.00176082
14.42 -0.00196047
14.43 -0.00216152
14.44 -0.00236221
14.45 -0.00256083
14.46 -0.00275625
14.47 -0.00294767
14.48 -0.00313433
14.49 -0.00331589
14.5 -0.00349266
14.51 -0.00366514
14.52 -0.00383347
14.53 -0.00399744
14.54 -0.00415645
14.55 -0.00430977
14.56 -0.00445673
14.57 -0.00459674
14.58 -0.00472918
14.59 -0.00485333
14.6 -0.00496815
14.61 -0.00507248
14.62 -0.00516515
14.63 -0.00524545
14.64 -0.00531362
14.65 -0.00537059
14.66 -0.0054177
14.67 -0.00545624
14.68 -0.00548691
14.69 -0.00551032
14.7 -0.0055274
14.71 -0.00553905
14.72 -0.00554578
14.73 -0.00554786
14.74 -0.00554551
14.75 -0.00553901
14.76 -0.00552875
14.77 -0.00551533
14.78 -0.00549971
14.79 -0.00548229
14.8 -0.00546206
14.81 -0.00543689
14.82 -0.00540395
14.83 -0.00536083
14.84 -0.00530677
14.85 -0.0052422
14.86 -0.00516841
14.87 -0.00508688
14.88 -0.00499872
14.89 -0.00490508
14.9 -0.00480754
14.91 -0.00470768
14.92 -0.00460662
14.93 -0.00450479
14.94 -0.00440164
14.95 -0.00429614
14.96 -0.0041873
14.97 -0.00407416
14.98 -0.00395578
14.99 -0.00383173
15 -0.00370276
15.01 -0.0035702
15.02 -0.00343549
15.03 -0.00330008
15.04 -0.00316532
15.05 -0.00303265
15.06 -0.00290362
15.07 -0.00277932
15.08 -0.00265962
15.09 -0.00254366
15.1 -0.00243022
15.11 -0.00231787
15.12 -0.00220502
15.13 -0.00209025
15.14 -0.00197254
15.15 -0.00185126
15.16 -0.00172612
15.17 -0.0015971
15.18 -0.00146439
15.19 -0.00132841
15.2 -0.00118974
15.21 -0.00104911
15.22 -0.000907409
15.23 -0.000765643
15.24 -0.000624884
15.25 -0.000485654
15.26 -0.000347281
15.27 -0.000208623
15.28 -6.87756e-05
15.29 7.31371e-05
15.3 0.000218173
15.31 0.000367014
15.32 0.000519414
15.33 0.000674585
15.34 0.000831586
15.35 0.000989386
15.36 0.00114694
15.37 0.00130316
15.38 0.00145696
15.39 0.00160778
15.4 0.0017562
15.41 0.00190292
15.42 0.00204778
15.43 0.00219003
15.44 0.00232857
15.45 0.00246221
15.46 0.00259001
15.47 0.002711
15.48 0.00282403
15.49 0.00292824
15.5 0.00302227
15.51 0.00309743
15.52 0.0031382
15.53 0.00313473
15.54 0.00308751
15.55 0.00300442
15.56 0.00289759
15.57 0.00277723
15.58 0.00264717
15.59 0.00250769
15.6 0.00235889
15.61 0.00220158
15.62 0.00203793
15.63 0.00187054
15.64 0.00170157
15.65 0.00153296
15.66 0.00136671
15.67 0.0012045
15.68 0.00104748
15.69 0.000895965
15.7 0.000749217
15.71 0.000606104
15.72 0.000465783
15.73 0.000327518
15.74 0.000190514
15.75 5.39908e-05
15.76 -8.27349e-05
15.77 -0.00021979
15.78 -0.000356287
15.79 -0.00049086
15.8 -0.000622212
15.81 -0.000749157
15.82 -0.00087067
15.83 -0.000986246
15.84 -0.00109625
15.85 -0.00120143
15.86 -0.00130235
15.87 -0.00139963
15.88 -0.00149412
15.89 -0.00158671
15.9 -0.00167816
15.91 -0.00176887
15.92 -0.00185869
15.93 -0.00194706
15.94 -0.00203331
15.95 -0.00211678
15.96 -0.002197
15.97 -0.00227342
15.98 -0.00234512
15.99 -0.00241125
16 -0.0024714
16.01 -0.00252574
16.02 -0.0025752
16.03 -0.0026209
16.04 -0.00266376
16.05 -0.00270467
16.06 -0.0027447
16.07 -0.00278492
16.08 -0.00282621
16.09 -0.00286933
16.1 -0.00291492
16.11 -0.00296341
16.12 -0.0030148
16.13 -0.00306862
16.14 -0.00312383
16.15 -0.00317892
16.16 -0.00323199
16.17 -0.00328055
16.18 -0.00332136
16.19 -0.00335192
16.2 -0.00337197
16.21 -0.00338238
16.22 -0.00338402
16.23 -0.00337784
16.24 -0.00336497
16.25 -0.0033466
16.26 -0.00332398
16.27 -0.00329847
16.28 -0.00327161
16.29 -0.00324458
16.3 -0.0032176
16.31 -0.00319026
16.32 -0.00316185
16.33 -0.00313204
16.34 -0.00310146
16.35 -0.00307094
16.36 -0.00304072
16.37 -0.00301066
16.38 -0.00298052
16.39 -0.00295004
16.4 -0.00291898
16.41 -0.00288719
16.42 -0.00285459
16.43 -0.00282117
16.44 -0.00278687
16.45 -0.00275142
16.46 -0.00271426
16.47 -0.00267463
16.48 -0.00263175
16.49 -0.00258479
16.5 -0.00253284
16.51 -0.0024752
16.52 -0.0024117
16.53 -0.00234269
16.54 -0.00226899
16.55 -0.00219157
16.56 -0.00211123
16.57 -0.00202873
16.58 -0.00194508
16.59 -0.00186078
16.6 -0.00177515
16.61 -0.00168707
16.62 -0.00159568
16.63 -0.00150045
16.64 -0.00140118
16.65 -0.00129775
16.66 -0.00118984
16.67 -0.00107732
16.68 -0.000960746
16.69 -0.00084083
16.7 -0.000717991
16.71 -0.000592504
16.72 -0.000464663
16.73 -0.000334738
16.74 -0.000202938
16.75 -6.96027e-05
16.76 6.45989e-05
16.77 0.000198996
16.78 0.000333238
16.79 0.000467347
16.8 0.000601779
16.81 0.00073692
16.82 0.000872596
16.83 0.00100817
16.84 0.00114261
16.85 0.00127467
16.86 0.00140297
16.87 0.00152596
16.88 0.00164187
16.89 0.00174896
16.9 0.00184588
16.91 0.00193181
16.92 0.00200662
16.93 0.00207061
16.94 0.00212415
16.95 0.00216788
16.96 0.00220285
16.97 0.00223039
16.98 0.00225205
16.99 0.0022693
17 0.0022832
17.01 0.00229464
17.02 0.00230409
17.03 0.0023101
17.04 0.00231051
17.05 0.00230592
17.06 0.00229862
17.07 0.00228944
17.08 0.00227814
17.09 0.00226429
17.1 0.00224738
17.11 0.00222693
17.12 0.0022025
17.13 0.00217406
17.14 0.00214226
17.15 0.00210806
17.16 0.00207231
17.17 0.00203587
17.18 0.00199975
17.19 0.00196502
17.2 0.00193269
17.21 0.00190376
17.22 0.00187921
17.23 0.00185962
17.24 0.00184474
17.25 0.00183394
17.26 0.00182661
17.27 0.00182209
17.28 0.00181967
17.29 0.00181852
17.3 0.00181784
17.31 0.00181682
17.32 0.00181476
17.33 0.00181135
17.34 0.00180707
17.35 0.00180277
17.36 0.00179919
17.37 0.00179704
17.38 0.00179707
17.39 0.00179973
17.4 0.00180493
17.41 0.0018123
17.42 0.00182158
17.43 0.00183252
17.44 0.00184496
17.45 0.0018589
17.46 0.00187477
17.47 0.00189305
17.48 0.00191409
17.49 0.00193806
17.5 0.00196493
17.51 0.00199455
17.52 0.00202664
17.53 0.00206089
17.54 0.00209696
17.55 0.00213447
17.56 0.00217299
17.57 0.00221214
17.58 0.00225168
17.59 0.00229137
17.6 0.00233067
17.61 0.00236901
17.62 0.00240593
17.63 0.00244038
17.64 0.00247006
17.65 0.00249247
17.66 0.00250605
17.67 0.00250979
17.68 0.00250284
17.69 0.00248474
17.7 0.00245572
17.71 0.00241622
17.72 0.00236647
17.73 0.00230704
17.74 0.00223927
17.75 0.00216495
17.76 0.00208596
17.77 0.00200383
17.78 0.00191938
17.79 0.00183313
17.8 0.00174578
17.81 0.00165781
17.82 0.00156907
17.83 0.00147917
17.84 0.00138789
17.85 0.00129505
17.86 0.00120042
17.87 0.00110381
17.88 0.00100523
17.89 0.000904672
17.9 0.000801897
17.91 0.000696662
17.92 0.000588919
17.93 0.000478903
17.94 0.000367215
17.95 0.000254639
17.96 0.000141952
17.97 2.97857e-05
17.98 -8.15206e-05
17.99 -0.000191976
18 -0.000301992
18.01 -0.000412048
18.02 -0.000522348
18.03 -0.000632972
18.04 -0.000744009
18.05 -0.000855303
18.06 -0.000966199
18.07 -0.0010758
18.08 -0.00118322
18.09 -0.00128775
18.1 -0.001389
18.11 -0.00148698
18.12 -0.00158227
18.13 -0.00167566
18.14 -0.00176791
18.15 -0.00185948
18.16 -0.0019503
18.17 -0.00203981
18.18 -0.00212701
18.19 -0.00221074
18.2 -0.00228994
18.21 -0.00236381
18.22 -0.00243202
18.23 -0.00249475
18.24 -0.00255277
18.25 -0.0026069
18.26 -0.00265749
18.27 -0.00270472
18.28 -0.00274885
18.29 -0.00279008
18.3 -0.00282853
18.31 -0.00286425
18.32 -0.00289735
18.33 -0.00292793
18.34 -0.00295603
18.35 -0.00298171
18.36 -0.00300509
18.37 -0.00302637
18.38 -0.00304572
18.39 -0.00306331
18.4 -0.00307936
18.41 -0.00309405
18.42 -0.0031076
18.43 -0.00312019
18.44 -0.00313204
18.45 -0.00314335
18.46 -0.00315432
18.47 -0.00316516
18.48 -0.00317607
18.49 -0.00318726
18.5 -0.00319894
18.51 -0.00321134
18.52 -0.00322484
18.53 -0.00323967
18.54 -0.0032556
18.55 -0.00327211
18.56 -0.00328849
18.57 -0.00330397
18.58 -0.00331788
18.59 -0.00332947
18.6 -0.00333786
18.61 -0.00334224
18.62 -0.00334219
18.63 -0.00333778
18.64 -0.00332965
18.65 -0.00331846
18.66 -0.00330434
18.67 -0.00328687
18.68 -0.00326498
18.69 -0.00323723
18.7 -0.00320211
18.71 -0.00315838
18.72 -0.00310546
18.73 -0.00304322
18.74 -0.00297183
18.75 -0.00289173
18.76 -0.00280377
18.77 -0.00270916
18.78 -0.00260956
18.79 -0.00250684
18.8 -0.00240284
18.81 -0.00229897
18.82 -0.00219579
18.83 -0.00209304
18.84 -0.0019897
18.85 -0.00188468
18.86 -0.00177756
18.87 -0.00166825
18.88 -0.00155661
18.89 -0.00144244
18.9 -0.00132537
18.91 -0.00120485
18.92 -0.00108012
18.93 -0.000950441
18.94 -0.000815317
18.95 -0.00067488
18.96 -0.000530284
18.97 -0.000383141
18.98 -0.000234946
18.99 -8.6874e-05
19 6.04161e-05
19.01 0.000206514
19.02 0.000350982
19.03 0.000493409
19.04 0.000633456
19.05 0.000770759
19.06 0.000904832
19.07 0.00103514
19.08 0.0011612
19.09 0.00128252
19.1 0.00139866
19.11 0.00150953
19.12 0.0016158
19.13 0.00171864
19.14 0.00181938
19.15 0.00191931
19.16 0.00201942
19.17 0.00212029
19.18 0.00222192
19.19 0.00232409
19.2 0.00242663
19.21 0.00252944
19.22 0.00263249
19.23 0.00273578
19.24 0.00283935
19.25 0.00294312
19.26 0.00304667
19.27 0.00314665
19.28 0.00323585
19.29 0.00330791
19.3 0.00336008
19.31 0.00339246
19.32 0.00340712
19.33 0.00340727
19.34 0.00339657
19.35 0.00337768
19.36 0.00335189
19.37 0.00332004
19.38 0.00328278
19.39 0.00324077
19.4 0.00319496
19.41 0.0031463
19.42 0.00309554
19.43 0.00304333
19.44 0.0029904
19.45 0.00293736
19.46 0.00288454
19.47 0.00283183
19.48 0.00277855
19.49 0.00272369
19.5 0.00266629
19.51 0.0026053
19.52 0.00253963
19.53 0.00246811
19.54 0.00238961
19.55 0.0023035
19.56 0.00221014
19.57 0.00211059
19.58 0.00200623
19.59 0.00189844
19.6 0.00178827
19.61 0.00167656
19.62 0.00156412
19.63 0.00145171
19.64 0.00134014
19.65 0.00123012
19.66 0.0011222
19.67 0.00101677
19.68 0.000914098
19.69 0.00081438
19.7 0.000717884
19.71 0.000624856
19.72 0.000535458
19.73 0.000449903
19.74 0.000368607
19.75 0.00029196
19.76 0.000220109
19.77 0.000152992
19.78 9.03744e-05
19.79 3.20282e-05
19.8 -2.20869e-05
19.81 -7.19926e-05
19.82 -0.00011786
19.83 -0.000160073
19.84 -0.000199296
19.85 -0.000236286
19.86 -0.000271716
19.87 -0.000306179
19.88 -0.000340192
19.89 -0.000374029
19.9 -0.000407542
19.91 -0.000440391
19.92 -0.000472262
19.93 -0.000502797
19.94 -0.000531532
19.95 -0.00055814
19.96 -0.00058268
19.97 -0.000605645
19.98 -0.000628005
19.99 -0.000650954
20 -0.00067566
