0.0000000e+000 -1.4275799e-003
2.0000000e-002 -1.1012760e-002
4.0000000e-002 -1.0298970e-002
6.0000000e-002 -8.9733599e-003
8.0000000e-002 -9.6871497e-003
1.0000000e-001 -1.2236400e-002
1.2000000e-001 -1.4479739e-002
1.4000000e-001 -1.3052160e-002
1.6000000e-001 -1.1216700e-002
1.8000000e-001 -8.6674497e-003
2.0000000e-001 -8.6674497e-003
2.2000000e-001 -1.3358070e-002
2.4000000e-001 -1.7946720e-002
2.6000000e-001 -1.9782179e-002
2.8000000e-001 -1.6519140e-002
3.0000000e-001 -1.4683679e-002
3.2000000e-001 -1.1012760e-002
3.4000000e-001 -8.3615395e-003
3.6000000e-001 -4.2827397e-003
3.8000000e-001 -6.7300197e-003
4.0000000e-001 -1.3358070e-002
4.2000000e-001 -1.9374299e-002
4.4000000e-001 -1.9986120e-002
4.6000000e-001 -6.7300197e-003
4.8000000e-001 3.0590999e-003
5.0000000e-001 1.4377770e-002
5.2000000e-001 -4.9965299e-003
5.4000000e-001 -1.3052160e-002
5.6000000e-001 -1.4683679e-002
5.8000000e-001 -2.0699909e-002
6.0000000e-001 -2.6512199e-002
6.2000000e-001 -3.3140249e-002
6.4000000e-001 -3.1202819e-002
6.6000000e-001 -1.7538840e-002
6.8000000e-001 -2.0088090e-002
7.0000000e-001 -1.6621109e-002
7.2000000e-001 -1.6723079e-002
7.4000000e-001 -6.8319896e-003
7.6000000e-001 2.5492499e-003
7.8000000e-001 1.5295499e-002
8.0000000e-001 2.4064920e-002
8.2000000e-001 2.5696440e-002
8.4000000e-001 3.4261917e-002
8.6000000e-001 4.7212108e-002
8.8000000e-001 5.0169239e-002
9.0000000e-001 4.2725430e-002
9.2000000e-001 3.6607230e-002
9.4000000e-001 2.7633869e-002
9.6000000e-001 2.3962949e-002
9.8000000e-001 3.4567830e-002
1.0000000e+000 4.2011639e-002
1.0200000e+000 5.4044098e-002
1.0400000e+000 6.5158829e-002
1.0600000e+000 7.4642034e-002
1.0800000e+000 6.6484435e-002
1.1000000e+000 6.1080029e-002
1.1200000e+000 4.0787999e-002
1.1400000e+000 4.0787999e-002
1.1600000e+000 6.4241100e-003
1.1800000e+000 -5.2514548e-002
1.2000000e+000 -8.0250384e-002
1.2200000e+000 -6.1487907e-002
1.2400000e+000 -4.9353480e-002
1.2600000e+000 -2.5492499e-002
1.2800000e+000 -6.0162299e-003
1.3000000e+000 1.3663979e-002
1.3200000e+000 3.1406758e-002
1.3400000e+000 5.0883030e-002
1.3600000e+000 7.2398697e-002
1.3800000e+000 1.0146015e-001
1.4000000e+000 1.2440340e-001
1.4200000e+000 1.5601409e-001
1.4400000e+000 1.4785649e-001
1.4600000e+000 1.1828520e-001
1.4800000e+000 9.5341947e-002
1.5000000e+000 9.0957234e-002
1.5200000e+000 9.4424215e-002
1.5400000e+000 8.5552829e-002
1.5600000e+000 9.1874965e-002
1.5800000e+000 1.0125621e-001
1.6000000e+000 1.2338370e-001
1.6200000e+000 3.3446158e-002
1.6400000e+000 -1.5091559e-001
1.6600000e+000 -2.1107789e-001
1.6800000e+000 -2.0292029e-001
1.7000000e+000 -2.0699909e-001
1.7200000e+000 -1.8558539e-001
1.7400000e+000 -1.7640809e-001
1.7600000e+000 -1.7844749e-001
1.7800000e+000 -1.7844749e-001
1.8000000e+000 -1.8456569e-001
1.8200000e+000 -1.6621109e-001
1.8400000e+000 -1.3765950e-001
1.8600000e+000 -1.1114730e-001
1.8800000e+000 -7.9740534e-002
1.9000000e+000 -4.3745130e-002
1.9200000e+000 -1.7334900e-003
1.9400000e+000 3.6709199e-002
1.9600000e+000 8.0046447e-002
1.9800000e+000 1.1828520e-001
2.0000000e+000 1.6315199e-001
2.0200000e+000 1.9986119e-001
2.0400000e+000 2.4574769e-001
2.0600000e+000 2.7837809e-001
2.0800000e+000 3.0998879e-001
2.1000000e+000 3.2630399e-001
2.1200000e+000 3.4873739e-001
2.1400000e+000 2.8755539e-001
2.1600000e+000 2.3657039e-001
2.1800000e+000 -1.2236400e-001
2.2000000e+000 -2.4166889e-001
2.2200000e+000 -1.6723079e-001
2.2400000e+000 -1.9068389e-001
2.2600000e+000 -1.1216700e-001
2.2800000e+000 -7.6783410e-002
2.3000000e+000 -1.7640809e-002
2.3200000e+000 1.1522610e-002
2.3400000e+000 5.4350007e-002
2.3600000e+000 9.1263147e-002
2.3800000e+000 1.2134430e-001
2.4000000e+000 1.7946719e-001
2.4200000e+000 5.8734716e-002
2.4400000e+000 -2.6818109e-001
2.4600000e+000 -1.5805349e-001
2.4800000e+000 -1.7640809e-001
2.5000000e+000 -1.0298970e-001
2.5200000e+000 -5.9040630e-002
2.5400000e+000 2.4166890e-002
2.5600000e+000 -6.8319898e-002
2.5800000e+000 -2.0190059e-001
2.6000000e+000 -1.6723079e-001
2.6200000e+000 -1.7232929e-001
2.6400000e+000 -1.5091559e-001
2.6600000e+000 -1.2542310e-001
2.6800000e+000 -1.0197000e-001
2.7000000e+000 -7.6579466e-002
2.7200000e+000 -5.3330307e-002
2.7400000e+000 -2.7633869e-002
2.7600000e+000 -4.4866799e-003
2.7800000e+000 1.9170359e-002
2.8000000e+000 -9.6871497e-003
2.8200000e+000 -4.4153008e-002
2.8400000e+000 -8.5450860e-002
2.8600000e+000 -9.6973465e-002
2.8800000e+000 -7.3010516e-002
2.9000000e+000 -6.1080029e-002
2.9200000e+000 -3.4057980e-002
2.9400000e+000 -1.1012760e-002
2.9600000e+000 1.8864449e-002
2.9800000e+000 4.2827399e-002
3.0000000e+000 6.8625811e-002
3.0200000e+000 -9.8910895e-003
3.0400000e+000 -3.7932839e-002
3.0600000e+000 -4.0787999e-003
3.0800000e+000 1.1216700e-003
3.1000000e+000 3.5077680e-002
3.1200000e+000 5.7613048e-002
3.1400000e+000 9.0039510e-002
3.1600000e+000 1.1522610e-001
3.1800000e+000 1.3867920e-001
3.2000000e+000 2.2331429e-002
3.2200000e+000 2.4574770e-002
3.2400000e+000 6.9645511e-002
3.2600000e+000 7.0257329e-002
3.2800000e+000 1.3460040e-001
3.3000000e+000 1.3765950e-001
3.3200000e+000 2.0801879e-001
3.3400000e+000 -9.4934065e-002
3.3600000e+000 -1.3358070e-001
3.3800000e+000 -7.0563234e-002
3.4000000e+000 -5.5675617e-002
3.4200000e+000 7.3418396e-003
3.4400000e+000 6.8829748e-002
3.4600000e+000 -1.0910790e-001
3.4800000e+000 -1.5193529e-001
3.5000000e+000 -1.0910790e-001
3.5200000e+000 -1.1828520e-001
3.5400000e+000 -7.7701134e-002
3.5600000e+000 -5.7001230e-002
3.5800000e+000 -2.1923549e-002
3.6000000e+000 -1.2848220e-002
3.6200000e+000 -6.8727779e-002
3.6400000e+000 -3.3038280e-002
3.6600000e+000 -3.4363890e-002
3.6800000e+000 -1.1114729e-002
3.7000000e+000 1.7334900e-003
3.7200000e+000 3.0489029e-002
3.7400000e+000 4.9761357e-002
3.7600000e+000 6.1997757e-002
3.7800000e+000 2.2637340e-002
3.8000000e+000 -3.2630399e-003
3.8200000e+000 -2.4982649e-002
3.8400000e+000 7.8516895e-003
3.8600000e+000 2.1515670e-002
3.8800000e+000 5.7918957e-002
3.9000000e+000 8.4227216e-002
3.9200000e+000 1.2338370e-001
3.9400000e+000 1.5091559e-001
3.9600000e+000 1.7742779e-001
3.9800000e+000 4.2929367e-002
4.0000000e+000 2.9571300e-003
4.0200000e+000 2.6410229e-002
4.0400000e+000 2.9877208e-002
4.0600000e+000 -5.6083498e-003
4.0800000e+000 -1.4989589e-002
4.1000000e+000 1.4581710e-002
4.1200000e+000 2.1005820e-002
4.1400000e+000 5.0883030e-002
4.1600000e+000 6.5770648e-002
4.1800000e+000 9.7585284e-002
4.2000000e+000 1.1522610e-001
4.2200000e+000 1.4785649e-001
4.2400000e+000 1.6621109e-001
4.2600000e+000 1.9884149e-001
4.2800000e+000 1.8966419e-001
4.3000000e+000 2.0190059e-001
4.3200000e+000 1.8048689e-001
4.3400000e+000 1.2746250e-001
4.3600000e+000 -1.2338370e-001
4.3800000e+000 -5.5267739e-002
4.4000000e+000 -3.9156480e-002
4.4200000e+000 -3.1712669e-002
4.4400000e+000 -1.1420640e-001
4.4600000e+000 -1.6927019e-001
4.4800000e+000 -2.5084619e-001
4.5000000e+000 -2.0699909e-001
4.5200000e+000 -1.8762479e-001
4.5400000e+000 -1.3460040e-001
4.5600000e+000 -9.7891197e-002
4.5800000e+000 -3.3140249e-002
4.6000000e+000 1.5703379e-002
4.6200000e+000 8.3207516e-002
4.6400000e+000 1.3460040e-001
4.6600000e+000 1.8558539e-001
4.6800000e+000 -5.9142600e-003
4.7000000e+000 -1.7232929e-002
4.7200000e+000 2.9061449e-002
4.7400000e+000 4.5580589e-002
4.7600000e+000 1.0023651e-001
4.7800000e+000 1.4479739e-001
4.8000000e+000 1.8864449e-001
4.8200000e+000 2.5084619e-001
4.8400000e+000 1.7232929e-001
4.8600000e+000 -1.4071860e-001
4.8800000e+000 -1.0186803e-001
4.9000000e+000 -1.1114730e-001
4.9200000e+000 -9.2486784e-002
4.9400000e+000 -4.7823930e-002
4.9600000e+000 -1.2746250e-001
4.9800000e+000 -2.1515669e-001
5.0000000e+000 -1.6519139e-001
5.0200000e+000 -1.7232929e-001
5.0400000e+000 -1.3358070e-001
5.0600000e+000 -1.1318670e-001
5.0800000e+000 -7.8822810e-002
5.1000000e+000 -5.2004698e-002
5.1200000e+000 -5.5471680e-002
5.1400000e+000 -1.2236400e-001
5.1600000e+000 -1.2338370e-001
5.1800000e+000 -1.1828520e-001
5.2000000e+000 -1.1726550e-001
5.2200000e+000 -7.3112484e-002
5.2400000e+000 -5.5675617e-002
5.2600000e+000 6.5260799e-003
5.2800000e+000 -8.1983879e-002
5.3000000e+000 -1.6621109e-001
5.3200000e+000 -8.7592229e-002
5.3400000e+000 -9.7993165e-002
5.3600000e+000 -4.0380117e-002
5.3800000e+000 -1.4989589e-002
5.4000000e+000 3.2528428e-002
5.4200000e+000 6.6076561e-002
5.4400000e+000 8.9325715e-002
5.4600000e+000 4.8129839e-002
5.4800000e+000 2.0190059e-002
5.5000000e+000 -2.7531900e-003
5.5200000e+000 2.9775240e-002
5.5400000e+000 4.5376648e-002
5.5600000e+000 8.0046447e-002
5.5800000e+000 1.0502910e-001
5.6000000e+000 1.3765950e-001
5.6200000e+000 1.6417169e-001
5.6400000e+000 1.8966419e-001
5.6600000e+000 1.3052160e-001
5.6800000e+000 6.5260798e-002
5.7000000e+000 2.0801879e-002
5.7200000e+000 3.2018579e-002
5.7400000e+000 3.8034808e-002
5.7600000e+000 5.0577117e-002
5.7800000e+000 2.3962949e-002
5.8000000e+000 -8.5654793e-003
5.8200000e+000 -1.7130959e-002
5.8400000e+000 -1.1522610e-002
5.8600000e+000 -2.3351129e-002
5.8800000e+000 -2.5288558e-002
5.9000000e+000 -1.6009289e-002
5.9200000e+000 -7.0359299e-003
5.9400000e+000 1.4989589e-002
5.9600000e+000 3.8646630e-002
5.9800000e+000 5.9040630e-002
6.0000000e+000 2.6002349e-002
6.0200000e+000 -4.1807698e-003
6.0400000e+000 -4.3643158e-002
6.0600000e+000 -1.3562010e-002
6.0800000e+000 9.6871497e-003
6.1000000e+000 2.3453099e-002
6.1200000e+000 -1.3154129e-002
6.1400000e+000 -5.0984998e-003
6.1600000e+000 8.1575997e-003
6.1800000e+000 2.1413699e-002
6.2000000e+000 3.8748599e-002
6.2200000e+000 5.2004698e-002
6.2400000e+000 1.6009289e-002
6.2600000e+000 -3.2630399e-003
6.2800000e+000 -1.1318670e-002
6.3000000e+000 5.0984998e-004
6.3200000e+000 7.7497196e-003
6.3400000e+000 3.5689499e-003
6.3600000e+000 -9.6871497e-003
6.3800000e+000 -3.6709198e-003
6.4000000e+000 -1.6315200e-003
6.4200000e+000 3.8748598e-003
6.4400000e+000 8.6674497e-003
6.4600000e+000 -5.7103197e-003
6.4800000e+000 -3.0998879e-002
6.5000000e+000 -4.2929367e-002
6.5200000e+000 -2.4880679e-002
6.5400000e+000 -2.4064920e-002
6.5600000e+000 -1.8048690e-002
6.5800000e+000 -1.3154129e-002
6.6000000e+000 -1.8354599e-003
6.6200000e+000 2.0699909e-002
6.6400000e+000 -1.1012760e-002
6.6600000e+000 -9.2792701e-003
6.6800000e+000 -3.4669800e-003
6.7000000e+000 -1.0808820e-002
6.7200000e+000 -1.1318670e-002
6.7400000e+000 -1.0095029e-002
6.7600000e+000 -2.0394000e-004
6.7800000e+000 7.4438099e-003
6.8000000e+000 2.3962949e-002
6.8200000e+000 3.6199349e-002
6.8400000e+000 7.1888848e-002
6.8600000e+000 7.9434629e-002
6.8800000e+000 1.8762479e-002
6.9000000e+000 -2.6818108e-002
6.9200000e+000 -1.2644279e-002
6.9400000e+000 -4.2827397e-003
6.9600000e+000 1.6213229e-002
6.9800000e+000 4.8945600e-003
7.0000000e+000 -2.2331429e-002
7.0200000e+000 -4.7619989e-002
7.0400000e+000 -4.3643158e-002
7.0600000e+000 -2.2025520e-002
7.0800000e+000 -4.3847100e-003
7.1000000e+000 1.6213229e-002
7.1200000e+000 3.2630399e-002
7.1400000e+000 4.2725430e-002
7.1600000e+000 1.2542310e-002
7.1800000e+000 -1.6315199e-002
7.2000000e+000 -2.0801879e-002
7.2200000e+000 -8.3615395e-003
7.2400000e+000 -2.1005820e-002
7.2600000e+000 -1.3969889e-002
7.2800000e+000 -5.6083498e-003
7.3000000e+000 5.4044100e-003
7.3200000e+000 1.3663979e-002
7.3400000e+000 2.7124019e-002
7.3600000e+000 2.3657040e-002
7.3800000e+000 8.0556298e-003
7.4000000e+000 -8.1575998e-004
7.4200000e+000 2.0393999e-002
7.4400000e+000 4.4356948e-002
7.4600000e+000 5.0169239e-002
7.4800000e+000 1.9476270e-002
7.5000000e+000 9.3812395e-003
7.5200000e+000 -2.2433400e-003
7.5400000e+000 -2.1413698e-003
7.5600000e+000 5.3024396e-003
7.5800000e+000 9.4832099e-003
7.6000000e+000 2.6002349e-002
7.6200000e+000 3.7524958e-002
7.6400000e+000 5.3534248e-002
7.6600000e+000 5.5165767e-002
7.6800000e+000 4.3337248e-002
7.7000000e+000 4.0584058e-002
7.7200000e+000 5.7001230e-002
7.7400000e+000 7.7089316e-002
7.7600000e+000 3.7219049e-002
7.7800000e+000 4.1909667e-002
7.8000000e+000 9.9930598e-003
7.8200000e+000 -2.0801879e-002
7.8400000e+000 -2.5390529e-002
7.8600000e+000 -4.1297849e-002
7.8800000e+000 -4.2113608e-002
7.9000000e+000 -4.8027867e-002
7.9200000e+000 -4.4153008e-002
7.9400000e+000 -4.6702258e-002
7.9600000e+000 -5.8122896e-003
7.9800000e+000 1.8150659e-002
8.0000000e+000 -2.1209758e-002
8.0200000e+000 -5.0169239e-002
8.0400000e+000 -5.4044098e-002
8.0600000e+000 -3.6913139e-002
8.0800000e+000 -4.1297849e-002
8.1000000e+000 -3.1406758e-002
8.1200000e+000 -3.2222519e-002
8.1400000e+000 -2.7022049e-002
8.1600000e+000 -2.7022049e-002
8.1800000e+000 -2.7429929e-002
8.2000000e+000 -3.5179649e-002
8.2200000e+000 -3.1508729e-002
8.2400000e+000 -2.2127490e-002
8.2600000e+000 -7.9536599e-003
8.2800000e+000 8.8713895e-003
8.3000000e+000 2.8653569e-002
8.3200000e+000 3.1610699e-002
8.3400000e+000 3.6505258e-002
8.3600000e+000 3.4771767e-002
8.3800000e+000 3.6505258e-002
8.4000000e+000 2.9265390e-002
8.4200000e+000 3.1100849e-002
8.4400000e+000 1.1420639e-002
8.4600000e+000 2.1821579e-002
8.4800000e+000 1.3867920e-002
8.5000000e+000 3.9156480e-002
8.5200000e+000 -8.7796165e-002
8.5400000e+000 -1.3765950e-001
8.5600000e+000 -1.3663980e-001
8.5800000e+000 -1.3765950e-001
8.6000000e+000 -1.2134430e-001
8.6200000e+000 -1.0604880e-001
8.6400000e+000 -8.4533129e-002
8.6600000e+000 -6.6382466e-002
8.6800000e+000 -4.5274680e-002
8.7000000e+000 -2.6308258e-002
8.7200000e+000 -6.1181998e-003
8.7400000e+000 -9.2792701e-003
8.7600000e+000 -1.8558540e-002
8.7800000e+000 -1.4989589e-002
8.8000000e+000 8.6674497e-003
8.8200000e+000 1.6621109e-002
8.8400000e+000 5.0984998e-003
8.8600000e+000 2.6920079e-002
8.8800000e+000 5.9346539e-002
8.9000000e+000 8.8407984e-002
8.9200000e+000 1.2236400e-001
8.9400000e+000 1.7334899e-001
8.9600000e+000 1.1318670e-001
8.9800000e+000 -1.1216700e-001
9.0000000e+000 -3.7321017e-002
9.0200000e+000 -4.5376648e-002
9.0400000e+000 -2.4064920e-002
9.0600000e+000 -9.7891197e-002
9.0800000e+000 -6.6892316e-002
9.1000000e+000 -6.0876089e-002
9.1200000e+000 -6.8319898e-002
9.1400000e+000 -5.6287439e-002
9.1600000e+000 -2.7531900e-003
9.1800000e+000 3.8544658e-002
9.2000000e+000 1.0910790e-001
9.2200000e+000 1.7028989e-001
9.2400000e+000 9.6565584e-002
9.2600000e+000 4.1603758e-002
9.2800000e+000 6.8013985e-002
9.3000000e+000 1.3460039e-002
9.3200000e+000 -9.6871497e-003
9.3400000e+000 -5.3024398e-002
9.3600000e+000 -8.4329184e-002
9.3800000e+000 -1.1726550e-001
9.4000000e+000 -1.1726550e-001
9.4200000e+000 -8.1881910e-002
9.4400000e+000 -3.7626930e-002
9.4600000e+000 2.9571300e-003
9.4800000e+000 5.5573648e-002
9.5000000e+000 1.2032460e-001
9.5200000e+000 1.6417169e-001
9.5400000e+000 -2.7531899e-002
9.5600000e+000 3.4669800e-003
9.5800000e+000 -5.7103197e-003
9.6000000e+000 2.0393999e-003
9.6200000e+000 1.4887620e-002
9.6400000e+000 5.4757889e-002
9.6600000e+000 8.1372060e-002
9.6800000e+000 -2.0903849e-002
9.7000000e+000 -6.0162298e-002
9.7200000e+000 -1.7232929e-002
9.7400000e+000 -1.7844749e-002
9.7600000e+000 -2.8551599e-003
9.7800000e+000 7.5457798e-003
9.8000000e+000 3.8952539e-002
9.8200000e+000 5.7816989e-002
9.8400000e+000 7.6783410e-002
9.8600000e+000 8.1677966e-002
9.8800000e+000 6.0366239e-002
9.9000000e+000 3.0998879e-002
9.9200000e+000 2.3453099e-003
9.9400000e+000 6.5260799e-003
9.9600000e+000 -4.1399817e-002
9.9800000e+000 -4.5988467e-002
1.0000000e+001 -8.0556298e-003
1.0020000e+001 1.7130959e-002
1.0040000e+001 5.7816989e-002
1.0060000e+001 9.4832099e-003
1.0080000e+001 -5.6083498e-003
1.0100000e+001 4.4866799e-003
1.0120000e+001 -1.2542310e-002
1.0140000e+001 -2.8755540e-002
1.0160000e+001 -4.4560889e-002
1.0180000e+001 -3.5893440e-002
1.0200000e+001 -2.6002349e-002
1.0220000e+001 -1.1318670e-002
1.0240000e+001 2.0903849e-002
1.0260000e+001 5.2922430e-002
1.0280000e+001 8.7082379e-002
1.0300000e+001 1.1624580e-001
1.0320000e+001 7.4744011e-002
1.0340000e+001 2.4166890e-002
1.0360000e+001 -3.7524958e-002
1.0380000e+001 -2.7633869e-002
1.0400000e+001 -2.2127490e-002
1.0420000e+001 -8.9019810e-002
1.0440000e+001 -9.9216810e-002
1.0460000e+001 -6.0060329e-002
1.0480000e+001 -3.4261917e-002
1.0500000e+001 7.8516895e-003
1.0520000e+001 2.6410229e-002
1.0540000e+001 5.1800757e-002
1.0560000e+001 3.6811167e-002
1.0580000e+001 8.2595701e-003
1.0600000e+001 -5.7103197e-003
1.0620000e+001 -2.1311729e-002
1.0640000e+001 -3.2324490e-002
1.0660000e+001 -2.4268858e-002
1.0680000e+001 -3.8340717e-002
1.0700000e+001 -5.6083498e-002
1.0720000e+001 -7.3622334e-002
1.0740000e+001 -8.1881910e-002
1.0760000e+001 -5.3330307e-002
1.0780000e+001 -3.4669799e-002
1.0800000e+001 -1.1216700e-003
1.0820000e+001 6.6280498e-003
1.0840000e+001 -3.7728899e-003
1.0860000e+001 -5.0984998e-004
1.0880000e+001 -1.7130959e-002
1.0900000e+001 -4.1807699e-002
1.0920000e+001 -8.1575997e-003
1.0940000e+001 8.0556298e-003
1.0960000e+001 3.8136780e-002
1.0980000e+001 6.2711548e-002
1.1000000e+001 6.7810048e-002
1.1020000e+001 2.5900379e-002
1.1040000e+001 -5.8122896e-003
1.1060000e+001 -4.8333780e-002
1.1080000e+001 -3.6301317e-002
1.1100000e+001 -2.4778708e-002
1.1120000e+001 -4.8945600e-003
1.1140000e+001 1.2848220e-002
1.1160000e+001 3.8646630e-002
1.1180000e+001 2.4574770e-002
1.1200000e+001 -2.3147190e-002
1.1220000e+001 -4.3643158e-002
1.1240000e+001 -6.9237629e-002
1.1260000e+001 -6.7402166e-002
1.1280000e+001 -6.0162298e-002
1.1300000e+001 -5.2310607e-002
1.1320000e+001 -4.1603758e-002
1.1340000e+001 -3.1508729e-002
1.1360000e+001 -2.7124019e-002
1.1380000e+001 -5.5165767e-002
1.1400000e+001 -6.4037157e-002
1.1420000e+001 -9.2588760e-002
1.1440000e+001 -1.1318670e-001
1.1460000e+001 -8.9835565e-002
1.1480000e+001 -7.8516897e-002
1.1500000e+001 -5.9346539e-002
1.1520000e+001 -4.8231808e-002
1.1540000e+001 -3.3956008e-002
1.1560000e+001 -2.0292029e-002
1.1580000e+001 2.0393999e-003
1.1600000e+001 2.1515670e-002
1.1620000e+001 4.4051039e-002
1.1640000e+001 6.2507607e-002
1.1660000e+001 7.8210984e-002
1.1680000e+001 9.5138010e-002
1.1700000e+001 1.0910790e-001
1.1720000e+001 1.1522610e-001
1.1740000e+001 1.2134430e-001
1.1760000e+001 1.2746250e-001
1.1780000e+001 1.3562010e-001
1.1800000e+001 1.6213229e-001
1.1820000e+001 1.8354599e-001
1.1840000e+001 2.0801879e-001
1.1860000e+001 1.2644280e-001
1.1880000e+001 4.5070739e-002
1.1900000e+001 -1.4275800e-002
1.1920000e+001 -6.7912016e-002
1.1940000e+001 -5.6593348e-002
1.1960000e+001 -7.0665211e-002
1.1980000e+001 -1.0033848e-001
1.2000000e+001 -1.2746250e-001
1.2020000e+001 -1.2032460e-001
1.2040000e+001 -1.0706850e-001
1.2060000e+001 -9.3812397e-002
1.2080000e+001 -7.5763710e-002
1.2100000e+001 -8.2493729e-002
1.2120000e+001 -8.6674497e-002
1.2140000e+001 -8.7694197e-002
1.2160000e+001 -8.8000110e-002
1.2180000e+001 -8.9019810e-002
1.2200000e+001 -8.8509960e-002
1.2220000e+001 -9.0243447e-002
1.2240000e+001 -5.4757889e-002
1.2260000e+001 5.3024396e-003
1.2280000e+001 2.1923549e-002
1.2300000e+001 2.4982649e-002
1.2320000e+001 5.9142598e-002
1.2340000e+001 3.2018579e-002
1.2360000e+001 2.4064920e-002
1.2380000e+001 4.9455448e-002
1.2400000e+001 6.0060329e-002
1.2420000e+001 5.3534248e-002
1.2440000e+001 3.6199349e-002
1.2460000e+001 2.0088090e-002
1.2480000e+001 2.0292029e-002
1.2500000e+001 5.0169239e-002
1.2520000e+001 3.4975708e-002
1.2540000e+001 2.9367358e-002
1.2560000e+001 4.4051039e-002
1.2580000e+001 2.4370829e-002
1.2600000e+001 8.9733599e-003
1.2620000e+001 7.8516895e-003
1.2640000e+001 -1.5091560e-002
1.2660000e+001 -7.8516895e-003
1.2680000e+001 -1.9374299e-003
1.2700000e+001 7.6477497e-003
1.2720000e+001 4.4866799e-003
1.2740000e+001 -1.4785649e-002
1.2760000e+001 -3.2222519e-002
1.2780000e+001 -2.4574770e-002
1.2800000e+001 -2.8551599e-003
1.2820000e+001 1.8558540e-002
1.2840000e+001 4.3439217e-002
1.2860000e+001 4.4764830e-002
1.2880000e+001 5.2208639e-002
1.2900000e+001 4.7518017e-002
1.2920000e+001 4.8843630e-002
1.2940000e+001 1.9680209e-002
1.2960000e+001 2.2637340e-002
1.2980000e+001 2.7939779e-002
1.3000000e+001 4.0074208e-002
1.3020000e+001 5.1392880e-002
1.3040000e+001 5.8836689e-002
1.3060000e+001 5.9958357e-002
1.3080000e+001 8.3819334e-002
1.3100000e+001 8.1270084e-002
1.3120000e+001 9.6769528e-002
1.3140000e+001 3.5179649e-002
1.3160000e+001 4.5886498e-003
1.3180000e+001 -1.2542310e-002
1.3200000e+001 -3.5383590e-002
1.3220000e+001 -4.3439217e-002
1.3240000e+001 -4.2419517e-002
1.3260000e+001 -2.8041749e-002
1.3280000e+001 -2.7531899e-002
1.3300000e+001 7.5457798e-003
1.3320000e+001 4.3643158e-002
1.3340000e+001 -2.3555070e-002
1.3360000e+001 -3.9462389e-002
1.3380000e+001 -8.4635099e-003
1.3400000e+001 1.4173829e-002
1.3420000e+001 4.5376648e-002
1.3440000e+001 2.7531900e-003
1.3460000e+001 -7.1073084e-002
1.3480000e+001 -8.1168116e-002
1.3500000e+001 -2.5594470e-002
1.3520000e+001 -1.3765950e-002
1.3540000e+001 8.0556298e-003
1.3560000e+001 -1.1726550e-002
1.3580000e+001 -2.5594470e-002
1.3600000e+001 -3.3956008e-002
1.3620000e+001 -2.7429929e-002
1.3640000e+001 -3.0692969e-002
1.3660000e+001 -2.0393999e-002
1.3680000e+001 -6.8319896e-003
1.3700000e+001 -3.8748598e-003
1.3720000e+001 1.0706850e-002
1.3740000e+001 3.0183119e-002
1.3760000e+001 3.5077680e-002
1.3780000e+001 9.7585284e-002
1.3800000e+001 9.1569060e-002
1.3820000e+001 1.8252629e-002
1.3840000e+001 -3.6913139e-002
1.3860000e+001 -1.0135818e-001
1.3880000e+001 -8.2289784e-002
1.3900000e+001 -7.5865679e-002
1.3920000e+001 -5.4961830e-002
1.3940000e+001 -3.3650099e-002
1.3960000e+001 -1.3052160e-002
1.3980000e+001 3.1610698e-003
1.4000000e+001 1.5091560e-002
1.4020000e+001 5.1800757e-002
1.4040000e+001 -2.2433400e-003
1.4060000e+001 -4.9863330e-002
1.4080000e+001 -3.6505258e-002
1.4100000e+001 -7.0461266e-002
1.4120000e+001 -5.2616517e-002
1.4140000e+001 -3.7830867e-002
1.4160000e+001 8.9733599e-003
1.4180000e+001 6.4445039e-002
1.4200000e+001 8.5756765e-002
1.4220000e+001 1.3052160e-001
1.4240000e+001 1.4173830e-001
1.4260000e+001 1.2134430e-001
1.4280000e+001 7.6579466e-002
1.4300000e+001 2.2943249e-002
1.4320000e+001 -8.9733599e-003
1.4340000e+001 -2.3147190e-002
1.4360000e+001 7.5457798e-003
1.4380000e+001 1.8456570e-002
1.4400000e+001 5.5471680e-002
1.4420000e+001 4.0686030e-002
1.4440000e+001 4.5886498e-003
1.4460000e+001 -8.3615395e-003
1.4480000e+001 -1.8864449e-002
1.4500000e+001 -2.0393999e-003
1.4520000e+001 6.1182000e-004
1.4540000e+001 -1.1930489e-002
1.4560000e+001 -2.1413699e-002
1.4580000e+001 -3.0896908e-002
1.4600000e+001 -5.2208639e-002
1.4620000e+001 -7.4132184e-002
1.4640000e+001 -5.9040630e-002
1.4660000e+001 -2.7124019e-002
1.4680000e+001 -1.8150659e-002
1.4700000e+001 4.0787999e-003
1.4720000e+001 9.9930598e-003
1.4740000e+001 1.3969889e-002
1.4760000e+001 2.2535370e-002
1.4780000e+001 4.4560889e-002
1.4800000e+001 9.2792701e-003
1.4820000e+001 -5.5879557e-002
1.4840000e+001 -5.6593348e-002
1.4860000e+001 -2.4778708e-002
1.4880000e+001 -8.2595701e-003
1.4900000e+001 2.5492499e-002
1.4920000e+001 4.1807699e-002
1.4940000e+001 1.8558540e-002
1.4960000e+001 -2.7531900e-003
1.4980000e+001 -2.4778708e-002
1.5000000e+001 -1.5295499e-003
1.5020000e+001 2.5186590e-002
1.5040000e+001 4.9149539e-002
1.5060000e+001 7.9842510e-002
1.5080000e+001 6.3425339e-002
1.5100000e+001 3.3752067e-002
1.5120000e+001 -1.4275799e-003
1.5140000e+001 -1.9884149e-002
1.5160000e+001 -2.5186590e-002
1.5180000e+001 -2.1617640e-002
1.5200000e+001 -1.1216700e-002
1.5220000e+001 5.0984998e-003
1.5240000e+001 2.4574770e-002
1.5260000e+001 -3.4669800e-003
1.5280000e+001 -2.2025520e-002
1.5300000e+001 -4.8027867e-002
1.5320000e+001 -3.7015108e-002
1.5340000e+001 -1.9884149e-002
1.5360000e+001 -1.8354599e-003
1.5380000e+001 1.7334899e-002
1.5400000e+001 -8.1575997e-003
1.5420000e+001 5.0984998e-004
1.5440000e+001 2.3453099e-002
1.5460000e+001 3.8136780e-002
1.5480000e+001 6.1283966e-002
1.5500000e+001 5.2616517e-002
1.5520000e+001 4.4051039e-002
1.5540000e+001 3.5077680e-002
1.5560000e+001 5.1494848e-002
1.5580000e+001 6.6586411e-002
1.5600000e+001 6.9645511e-002
1.5620000e+001 1.7538840e-002
1.5640000e+001 -1.7334899e-002
1.5660000e+001 -5.3738189e-002
1.5680000e+001 -6.7708079e-002
1.5700000e+001 -3.9462389e-002
1.5720000e+001 -2.2637340e-002
1.5740000e+001 -3.3650098e-003
1.5760000e+001 1.2134429e-002
1.5780000e+001 -1.3052160e-002
1.5800000e+001 -3.5791467e-002
1.5820000e+001 -5.2412580e-002
1.5840000e+001 -3.4159949e-002
1.5860000e+001 -2.2229458e-002
1.5880000e+001 -1.2236400e-003
1.5900000e+001 1.4479739e-002
1.5920000e+001 7.1378998e-003
1.5940000e+001 -6.4241100e-003
1.5960000e+001 -1.2236400e-002
1.5980000e+001 -3.2834340e-002
1.6000000e+001 -3.5281617e-002
1.6020000e+001 -9.2792701e-003
1.6040000e+001 7.4438099e-003
1.6060000e+001 3.1508729e-002
1.6080000e+001 4.8129839e-002
1.6100000e+001 6.1487907e-002
1.6120000e+001 5.8734716e-002
1.6140000e+001 3.3650099e-002
1.6160000e+001 -7.4438099e-003
1.6180000e+001 -7.9230684e-002
1.6200000e+001 -6.1997757e-002
1.6220000e+001 -4.4662858e-002
1.6240000e+001 -2.1311729e-002
1.6260000e+001 3.1610698e-003
1.6280000e+001 3.5689499e-002
1.6300000e+001 2.9877208e-002
1.6320000e+001 1.2338370e-002
1.6340000e+001 3.4465858e-002
1.6360000e+001 3.2324490e-002
1.6380000e+001 2.5900379e-002
1.6400000e+001 2.1005820e-002
1.6420000e+001 2.0190059e-002
1.6440000e+001 1.7742779e-002
1.6460000e+001 2.1413698e-003
1.6480000e+001 -1.4683679e-002
1.6500000e+001 -3.4975708e-002
1.6520000e+001 -3.4567830e-002
1.6540000e+001 -1.4785649e-002
1.6560000e+001 -2.8551599e-003
1.6580000e+001 1.7334899e-002
1.6600000e+001 -9.7891200e-003
1.6620000e+001 -2.6002349e-002
1.6640000e+001 -2.8449629e-002
1.6660000e+001 -3.9564358e-002
1.6680000e+001 -2.4676740e-002
1.6700000e+001 -2.1923549e-002
1.6720000e+001 -1.8558540e-002
1.6740000e+001 -1.7742779e-002
1.6760000e+001 -3.8748598e-003
1.6780000e+001 -2.7531900e-003
1.6800000e+001 -1.8864449e-002
1.6820000e+001 -1.2542310e-002
1.6840000e+001 8.8713895e-003
1.6860000e+001 3.4975708e-002
1.6880000e+001 7.0869148e-002
1.6900000e+001 9.2792697e-002
1.6920000e+001 8.6980410e-002
1.6940000e+001 7.7497197e-002
1.6960000e+001 5.2310607e-002
1.6980000e+001 1.8966420e-002
1.7000000e+001 1.5295499e-003
1.7020000e+001 -1.9374299e-002
1.7040000e+001 -1.5397470e-002
1.7060000e+001 -7.4438099e-003
1.7080000e+001 2.1413698e-003
1.7100000e+001 1.3154129e-002
1.7120000e+001 2.1923549e-002
1.7140000e+001 2.4472800e-003
1.7160000e+001 -1.2644279e-002
1.7180000e+001 -3.3548130e-002
1.7200000e+001 -5.2922430e-002
1.7220000e+001 -7.2194761e-002
1.7240000e+001 -5.9040630e-002
1.7260000e+001 -4.7110139e-002
1.7280000e+001 -3.1304790e-002
1.7300000e+001 -1.4785649e-002
1.7320000e+001 -9.1772994e-004
1.7340000e+001 -1.8354599e-002
1.7360000e+001 -3.2426458e-002
1.7380000e+001 -4.7416048e-002
1.7400000e+001 -3.9870267e-002
1.7420000e+001 -3.5179649e-002
1.7440000e+001 -3.2222519e-002
1.7460000e+001 -4.4356948e-002
1.7480000e+001 -5.0067267e-002
1.7500000e+001 -4.8435748e-002
1.7520000e+001 -4.2827399e-002
1.7540000e+001 -3.6811167e-002
1.7560000e+001 -2.8245690e-002
1.7580000e+001 -2.6308258e-002
1.7600000e+001 -1.4173829e-002
1.7620000e+001 -6.9339600e-003
1.7640000e+001 5.1698789e-002
1.7660000e+001 7.3622334e-002
1.7680000e+001 8.9529660e-002
1.7700000e+001 7.9740534e-002
1.7720000e+001 7.8007047e-002
1.7740000e+001 4.4764830e-002
1.7760000e+001 8.1575997e-003
1.7780000e+001 1.3256099e-003
1.7800000e+001 -1.2848220e-002
1.7820000e+001 -1.5295499e-003
1.7840000e+001 3.0590999e-003
1.7860000e+001 1.0604879e-002
1.7880000e+001 1.0604879e-002
1.7900000e+001 1.9680209e-002
1.7920000e+001 2.0903849e-002
1.7940000e+001 7.5457798e-003
1.7960000e+001 -5.7103197e-003
1.7980000e+001 -7.3418396e-003
1.8000000e+001 7.1378998e-003
1.8020000e+001 1.0808820e-002
1.8040000e+001 1.4989589e-002
1.8060000e+001 -9.1772994e-004
1.8080000e+001 -1.6213229e-002
1.8100000e+001 -1.9068390e-002
1.8120000e+001 -7.1378996e-004
1.8140000e+001 1.5805349e-002
1.8160000e+001 1.0706850e-002
1.8180000e+001 -1.1726550e-002
1.8200000e+001 -3.0794940e-002
1.8220000e+001 -3.1508729e-002
1.8240000e+001 -9.6871497e-003
1.8260000e+001 -5.9142600e-003
1.8280000e+001 4.0787999e-004
1.8300000e+001 2.0393999e-003
1.8320000e+001 5.0984998e-003
1.8340000e+001 5.8122896e-003
1.8360000e+001 9.8910895e-003
1.8380000e+001 1.3663979e-002
1.8400000e+001 1.8048690e-002
1.8420000e+001 2.2229458e-002
1.8440000e+001 2.6614169e-002
1.8460000e+001 3.0794940e-002
1.8480000e+001 3.5281617e-002
1.8500000e+001 3.9360417e-002
1.8520000e+001 4.8333780e-002
1.8540000e+001 4.0074208e-002
1.8560000e+001 2.4268858e-002
1.8580000e+001 1.1726550e-002
1.8600000e+001 -8.0556298e-003
1.8620000e+001 -1.2644279e-002
1.8640000e+001 5.5063799e-003
1.8660000e+001 2.7531900e-003
1.8680000e+001 -2.5492499e-002
1.8700000e+001 -5.7715016e-002
1.8720000e+001 -6.4241098e-002
1.8740000e+001 -6.0264266e-002
1.8760000e+001 -4.2113608e-002
1.8780000e+001 -6.9339600e-003
1.8800000e+001 2.7735840e-002
1.8820000e+001 2.8245690e-002
1.8840000e+001 -2.1413698e-003
1.8860000e+001 -6.1181998e-003
1.8880000e+001 -1.1216700e-002
1.8900000e+001 -2.2535370e-002
1.8920000e+001 -4.2419517e-002
1.8940000e+001 -5.2922430e-002
1.8960000e+001 -2.2637340e-002
1.8980000e+001 3.0590999e-003
1.9000000e+001 8.0556298e-003
1.9020000e+001 1.4173829e-002
1.9040000e+001 1.7436870e-002
1.9060000e+001 2.5798408e-002
1.9080000e+001 3.2936308e-002
1.9100000e+001 3.9870267e-002
1.9120000e+001 1.6723079e-002
1.9140000e+001 -1.3867920e-002
1.9160000e+001 -3.2936308e-002
1.9180000e+001 -2.9673269e-002
1.9200000e+001 -2.9265390e-002
1.9220000e+001 -3.0998879e-002
1.9240000e+001 -3.4567830e-002
1.9260000e+001 -2.4982649e-002
1.9280000e+001 -7.7497196e-003
1.9300000e+001 1.2746250e-002
1.9320000e+001 3.8340717e-002
1.9340000e+001 4.0991939e-002
1.9360000e+001 2.4982649e-002
1.9380000e+001 1.5907320e-002
1.9400000e+001 -4.0787999e-003
1.9420000e+001 -1.5601410e-002
1.9440000e+001 -2.9469329e-002
1.9460000e+001 -3.2222519e-002
1.9480000e+001 -1.1318670e-002
1.9500000e+001 9.5851793e-003
1.9520000e+001 3.4159949e-002
1.9540000e+001 5.8734716e-002
1.9560000e+001 4.3235280e-002
1.9580000e+001 1.4581710e-002
1.9600000e+001 -7.1378996e-004
1.9620000e+001 -1.3765950e-002
1.9640000e+001 -2.7531899e-002
1.9660000e+001 -3.4771767e-002
1.9680000e+001 -3.6403290e-002
1.9700000e+001 -4.0380117e-002
1.9720000e+001 -4.0991939e-002
1.9740000e+001 -4.9761357e-002
1.9760000e+001 -4.8945598e-002
1.9780000e+001 -4.1399817e-002
1.9800000e+001 -4.1501789e-002
1.9820000e+001 -3.5791467e-002
1.9840000e+001 -1.9068390e-002
1.9860000e+001 -5.8122896e-003
1.9880000e+001 4.4866799e-003
1.9900000e+001 -1.9374299e-003
1.9920000e+001 -7.3418396e-003
1.9940000e+001 -1.7232929e-002
1.9960000e+001 -1.1726550e-002
1.9980000e+001 1.2848220e-002
2.0000000e+001 3.6505258e-002
2.0020000e+001 6.6688379e-002
2.0040000e+001 7.3010516e-002
2.0060000e+001 7.7701134e-002
2.0080000e+001 7.5355829e-002
2.0100000e+001 6.4037157e-002
2.0120000e+001 4.9353480e-002
2.0140000e+001 2.6920079e-002
2.0160000e+001 -4.4866799e-003
2.0180000e+001 -2.9367358e-002
2.0200000e+001 -3.9156480e-002
2.0220000e+001 -5.0169239e-002
2.0240000e+001 -4.3643158e-002
2.0260000e+001 -4.2419517e-002
2.0280000e+001 -2.8143719e-002
2.0300000e+001 -5.3024396e-003
2.0320000e+001 2.4166890e-002
2.0340000e+001 4.3439217e-002
2.0360000e+001 6.1589879e-002
2.0380000e+001 4.6090439e-002
2.0400000e+001 2.8959479e-002
2.0420000e+001 1.2848220e-002
2.0440000e+001 -5.5063799e-003
2.0460000e+001 -2.8041749e-002
2.0480000e+001 -4.3133308e-002
2.0500000e+001 -1.7844749e-002
2.0520000e+001 1.0197000e-004
2.0540000e+001 2.5900379e-002
2.0560000e+001 4.9047567e-002
2.0580000e+001 6.5362766e-002
2.0600000e+001 5.6491380e-002
2.0620000e+001 4.2113608e-002
2.0640000e+001 1.8762479e-002
2.0660000e+001 -4.8945600e-003
2.0680000e+001 -3.0896908e-002
2.0700000e+001 -5.4146067e-002
2.0720000e+001 -7.2194761e-002
2.0740000e+001 -9.4628160e-002
2.0760000e+001 -8.8000110e-002
2.0780000e+001 -6.4343066e-002
2.0800000e+001 -3.8340717e-002
2.0820000e+001 8.8713895e-003
2.0840000e+001 3.1508729e-002
2.0860000e+001 6.0060329e-002
2.0880000e+001 6.2609579e-002
2.0900000e+001 3.9258449e-002
2.0920000e+001 3.5791467e-002
2.0940000e+001 3.1712669e-002
2.0960000e+001 2.5084620e-002
2.0980000e+001 1.9374299e-003
2.1000000e+001 -2.0190059e-002
2.1020000e+001 -1.6111260e-002
2.1040000e+001 -1.5295499e-003
2.1060000e+001 1.0095029e-002
2.1080000e+001 2.9163419e-002
2.1100000e+001 4.1603758e-002
2.1120000e+001 5.7409107e-002
2.1140000e+001 5.4146067e-002
2.1160000e+001 3.2018579e-002
2.1180000e+001 1.6825049e-002
2.1200000e+001 -2.4472800e-003
2.1220000e+001 -1.9272329e-002
2.1240000e+001 -2.8143719e-002
2.1260000e+001 -3.7830867e-002
2.1280000e+001 -4.5886498e-002
2.1300000e+001 -5.4451980e-002
2.1320000e+001 -4.9251508e-002
2.1340000e+001 -3.8646630e-002
2.1360000e+001 -3.0183119e-002
2.1380000e+001 -1.9986120e-002
2.1400000e+001 -1.8762479e-002
2.1420000e+001 -1.6213229e-002
2.1440000e+001 -1.2134429e-002
2.1460000e+001 -5.4044100e-003
2.1480000e+001 2.0394000e-004
2.1500000e+001 6.0162299e-003
2.1520000e+001 -2.3453099e-003
2.1540000e+001 -1.1420639e-002
2.1560000e+001 -2.0903849e-002
2.1580000e+001 -3.2834340e-002
2.1600000e+001 -3.9564358e-002
2.1620000e+001 -3.4771767e-002
2.1640000e+001 -2.9265390e-002
2.1660000e+001 -3.3446158e-002
2.1680000e+001 -4.1501789e-002
2.1700000e+001 -4.9659389e-002
2.1720000e+001 -5.7409107e-002
2.1740000e+001 -6.5668679e-002
2.1760000e+001 -5.6593348e-002
2.1780000e+001 -4.5478617e-002
2.1800000e+001 -8.1575998e-004
2.1820000e+001 2.5798408e-002
2.1840000e+001 4.1909667e-002
2.1860000e+001 6.5668679e-002
2.1880000e+001 5.9040630e-002
2.1900000e+001 4.8333780e-002
2.1920000e+001 3.9156480e-002
2.1940000e+001 3.9258449e-002
2.1960000e+001 3.4669799e-002
2.1980000e+001 3.6403290e-002
2.2000000e+001 8.1575998e-004
2.2020000e+001 -2.5900379e-002
2.2040000e+001 -4.6906198e-002
2.2060000e+001 -4.8027867e-002
2.2080000e+001 -2.2637340e-002
2.2100000e+001 -6.6280498e-003
2.2120000e+001 1.6723079e-002
2.2140000e+001 3.6199349e-002
2.2160000e+001 5.1392880e-002
2.2180000e+001 3.7830867e-002
2.2200000e+001 2.8551599e-002
2.2220000e+001 1.6111260e-002
2.2240000e+001 4.1807698e-003
2.2260000e+001 -2.7531900e-003
2.2280000e+001 2.1413698e-003
2.2300000e+001 4.4866799e-003
2.2320000e+001 1.0095029e-002
2.2340000e+001 1.3765950e-002
2.2360000e+001 9.5851793e-003
2.2380000e+001 5.9142600e-003
2.2400000e+001 2.2433400e-003
2.2420000e+001 -3.1610698e-003
2.2440000e+001 -3.1610698e-003
2.2460000e+001 4.0787999e-004
2.2480000e+001 -2.5492499e-003
2.2500000e+001 -1.2644279e-002
2.2520000e+001 -2.3962949e-002
2.2540000e+001 -4.1399817e-002
2.2560000e+001 -5.4044098e-002
2.2580000e+001 -7.1480966e-002
2.2600000e+001 -3.2936308e-002
2.2620000e+001 -5.3024396e-003
2.2640000e+001 9.5851793e-003
2.2660000e+001 3.3446158e-002
2.2680000e+001 4.8741658e-002
2.2700000e+001 5.1902730e-002
2.2720000e+001 3.6505258e-002
2.2740000e+001 3.4873740e-002
2.2760000e+001 3.1202819e-002
2.2780000e+001 2.9061449e-002
2.2800000e+001 2.6818108e-002
2.2820000e+001 1.7130959e-002
2.2840000e+001 -5.0984998e-004
2.2860000e+001 -2.1617640e-002
2.2880000e+001 -3.7219049e-002
2.2900000e+001 -3.1610699e-002
2.2920000e+001 -3.0285090e-002
2.2940000e+001 -2.8551599e-002
2.2960000e+001 -2.4166890e-002
2.2980000e+001 -2.7124019e-002
2.3000000e+001 -3.1406758e-002
2.3020000e+001 -3.7321017e-002
2.3040000e+001 -3.6403290e-002
2.3060000e+001 -3.1406758e-002
2.3080000e+001 -1.9680209e-002
2.3100000e+001 1.9374299e-003
2.3120000e+001 1.9986120e-002
2.3140000e+001 1.6315199e-002
2.3160000e+001 1.3154129e-002
2.3180000e+001 1.4275800e-002
2.3200000e+001 1.1216700e-002
2.3220000e+001 1.1012760e-002
2.3240000e+001 9.3812395e-003
2.3260000e+001 9.0753293e-003
2.3280000e+001 1.9374299e-003
2.3300000e+001 -1.3358070e-002
2.3320000e+001 -2.5186590e-002
2.3340000e+001 -4.4458917e-002
2.3360000e+001 -4.4051039e-002
2.3380000e+001 -3.0590999e-002
2.3400000e+001 -1.9578240e-002
2.3420000e+001 -4.8945600e-003
2.3440000e+001 9.8910895e-003
2.3460000e+001 1.7130959e-002
2.3480000e+001 1.5091560e-002
2.3500000e+001 1.7640809e-002
2.3520000e+001 7.9536599e-003
2.3540000e+001 -5.9142600e-003
2.3560000e+001 -2.1923549e-002
2.3580000e+001 -2.3860979e-002
2.3600000e+001 6.1181998e-003
2.3620000e+001 2.6716140e-002
2.3640000e+001 2.7429929e-002
2.3660000e+001 8.5654793e-003
2.3680000e+001 -4.1807698e-003
2.3700000e+001 -2.3147190e-002
2.3720000e+001 -7.7497196e-003
2.3740000e+001 3.1610698e-003
2.3760000e+001 1.8558540e-002
2.3780000e+001 3.1610699e-002
2.3800000e+001 4.8843630e-002
2.3820000e+001 4.6804230e-002
2.3840000e+001 1.6927020e-002
2.3860000e+001 -5.9142600e-003
2.3880000e+001 -4.0380117e-002
2.3900000e+001 -4.5274680e-002
2.3920000e+001 -2.4574770e-002
2.3940000e+001 -1.0298970e-002
2.3960000e+001 2.2127490e-002
2.3980000e+001 2.6614169e-002
2.4000000e+001 1.2338370e-002
2.4020000e+001 8.1575998e-004
2.4040000e+001 -1.7130959e-002
2.4060000e+001 -3.8952539e-002
2.4080000e+001 -5.7715016e-002
2.4100000e+001 -7.9638566e-002
2.4120000e+001 -6.3119429e-002
2.4140000e+001 -2.6104319e-002
2.4160000e+001 4.4866799e-003
2.4180000e+001 4.6498317e-002
2.4200000e+001 7.9842510e-002
2.4220000e+001 1.1216700e-001
2.4240000e+001 9.7177410e-002
2.4260000e+001 4.9863330e-002
2.4280000e+001 1.2440339e-002
2.4300000e+001 -3.9462389e-002
2.4320000e+001 -8.6266615e-002
2.4340000e+001 -1.2542310e-001
2.4360000e+001 -8.8102079e-002
2.4380000e+001 -6.2813516e-002
2.4400000e+001 -2.3249158e-002
2.4420000e+001 1.5295499e-002
2.4440000e+001 4.8639689e-002
2.4460000e+001 3.2936308e-002
2.4480000e+001 2.5288558e-002
2.4500000e+001 9.6871497e-003
2.4520000e+001 2.3147190e-002
2.4540000e+001 3.4465858e-002
2.4560000e+001 5.1494848e-002
2.4580000e+001 6.0570179e-002
2.4600000e+001 5.2922430e-002
2.4620000e+001 5.6287439e-002
2.4640000e+001 6.0672148e-002
2.4660000e+001 6.2915489e-002
2.4680000e+001 6.0468207e-002
2.4700000e+001 4.7518017e-002
2.4720000e+001 1.6111260e-002
2.4740000e+001 -7.8516895e-003
2.4760000e+001 -2.3453099e-002
2.4780000e+001 -3.0896908e-002
2.4800000e+001 -3.3548130e-002
2.4820000e+001 -3.7117080e-002
2.4840000e+001 -4.9965298e-002
2.4860000e+001 -6.7300198e-002
2.4880000e+001 -7.3724311e-002
2.4900000e+001 -7.9944479e-002
2.4920000e+001 -8.6266615e-002
2.4940000e+001 -5.7715016e-002
2.4960000e+001 -2.1311729e-002
2.4980000e+001 1.3052160e-002
2.5000000e+001 3.8850567e-002
2.5020000e+001 4.9761357e-002
2.5040000e+001 3.7015108e-002
2.5060000e+001 2.5492499e-002
2.5080000e+001 1.6111260e-002
2.5100000e+001 3.8442689e-002
2.5120000e+001 6.0570179e-002
2.5140000e+001 6.4241098e-002
2.5160000e+001 3.7728899e-002
2.5180000e+001 2.2127490e-002
2.5200000e+001 4.0787999e-003
2.5220000e+001 2.3453099e-003
2.5240000e+001 -6.3221396e-003
2.5260000e+001 -2.9163419e-002
2.5280000e+001 -3.8748599e-002
2.5300000e+001 -4.6600289e-002
2.5320000e+001 -5.1494848e-002
2.5340000e+001 -7.9230684e-002
2.5360000e+001 -6.4037157e-002
2.5380000e+001 -1.9272329e-002
2.5400000e+001 1.9272329e-002
2.5420000e+001 5.1902730e-002
2.5440000e+001 7.5865679e-002
2.5460000e+001 7.6375529e-002
2.5480000e+001 5.7307139e-002
2.5500000e+001 4.6396348e-002
2.5520000e+001 5.3534248e-002
2.5540000e+001 6.4750948e-002
2.5560000e+001 7.4540066e-002
2.5580000e+001 8.6776465e-002
2.5600000e+001 9.4526184e-002
2.5620000e+001 9.9420747e-002
2.5640000e+001 9.4730128e-002
2.5660000e+001 8.3003579e-002
2.5680000e+001 2.6920079e-002
2.5700000e+001 -2.9469329e-002
2.5720000e+001 -9.1874965e-002
2.5740000e+001 -1.3867920e-001
2.5760000e+001 -8.7592229e-002
2.5780000e+001 -4.7721958e-002
2.5800000e+001 8.2595701e-003
2.5820000e+001 6.0570179e-002
2.5840000e+001 8.3921310e-002
2.5860000e+001 5.6695316e-002
2.5880000e+001 3.0692969e-002
2.5900000e+001 -1.1216700e-003
2.5920000e+001 -3.8748599e-002
2.5940000e+001 -3.5383590e-002
2.5960000e+001 -2.0393999e-003
2.5980000e+001 1.8354599e-002
2.6000000e+001 6.4547007e-002
2.6020000e+001 1.0298970e-001
2.6040000e+001 1.1420640e-001
2.6060000e+001 1.1318670e-001
2.6080000e+001 9.5851797e-002
2.6100000e+001 8.2085847e-002
2.6120000e+001 6.1997757e-002
2.6140000e+001 5.1800757e-002
2.6160000e+001 2.1005820e-002
2.6180000e+001 -2.0495970e-002
2.6200000e+001 -5.8326839e-002
2.6220000e+001 -1.0400940e-001
2.6240000e+001 -1.3562010e-001
2.6260000e+001 -1.2542310e-001
2.6280000e+001 -1.2338370e-001
2.6300000e+001 -1.0298970e-001
2.6320000e+001 -7.7701134e-002
2.6340000e+001 -5.5879557e-002
2.6360000e+001 -4.9863330e-002
2.6380000e+001 -4.1297849e-002
2.6400000e+001 -2.9673269e-002
2.6420000e+001 -1.7946720e-002
2.6440000e+001 -1.4377770e-002
2.6460000e+001 -9.9930598e-003
2.6480000e+001 -5.0984998e-003
2.6500000e+001 1.9374299e-003
2.6520000e+001 8.1575997e-003
2.6540000e+001 3.5689499e-003
2.6560000e+001 -2.9571300e-003
2.6580000e+001 -6.2201697e-003
2.6600000e+001 -3.4669800e-003
2.6620000e+001 -1.3256099e-003
2.6640000e+001 7.7497196e-003
2.6660000e+001 2.0903849e-002
2.6680000e+001 3.3344190e-002
2.6700000e+001 4.5886498e-002
2.6720000e+001 5.8836689e-002
2.6740000e+001 5.7307139e-002
2.6760000e+001 4.7314080e-002
2.6780000e+001 3.0590999e-002
2.6800000e+001 1.0910789e-002
2.6820000e+001 -4.0787999e-004
2.6840000e+001 -3.3650098e-003
2.6860000e+001 -7.0359299e-003
2.6880000e+001 -1.0298970e-002
2.6900000e+001 -2.0495970e-002
2.6920000e+001 -1.9170359e-002
2.6940000e+001 2.5492499e-003
2.6960000e+001 1.3663979e-002
2.6980000e+001 2.4778708e-002
2.7000000e+001 2.7124019e-002
2.7020000e+001 2.7022049e-002
2.7040000e+001 1.5805349e-002
2.7060000e+001 -1.9374299e-003
2.7080000e+001 -9.6871497e-003
2.7100000e+001 -2.2025520e-002
2.7120000e+001 -1.7028990e-002
2.7140000e+001 -1.2236400e-002
2.7160000e+001 -6.5260799e-003
2.7180000e+001 -1.3154129e-002
2.7200000e+001 -1.6621109e-002
2.7220000e+001 -1.9680209e-002
2.7240000e+001 -2.4676740e-002
2.7260000e+001 -2.4064920e-002
2.7280000e+001 -1.7844749e-002
2.7300000e+001 -1.2644279e-002
2.7320000e+001 -1.8864449e-002
2.7340000e+001 -2.7022049e-002
2.7360000e+001 -3.2936308e-002
2.7380000e+001 -3.4261917e-002
2.7400000e+001 -4.6294380e-002
2.7420000e+001 -4.3847098e-002
2.7440000e+001 -3.4057980e-002
2.7460000e+001 -2.1719608e-002
2.7480000e+001 -7.0359299e-003
2.7500000e+001 3.0590999e-003
2.7520000e+001 3.0591000e-004
2.7540000e+001 -9.4832099e-003
2.7560000e+001 -9.0753293e-003
2.7580000e+001 -1.5295499e-002
2.7600000e+001 -1.6723079e-002
2.7620000e+001 -2.4268858e-002
2.7640000e+001 -3.2936308e-002
2.7660000e+001 -4.2929367e-002
2.7680000e+001 -4.6600289e-002
2.7700000e+001 -4.0482089e-002
2.7720000e+001 -3.5587530e-002
2.7740000e+001 -2.6308258e-002
2.7760000e+001 -1.7538840e-002
2.7780000e+001 -2.0393999e-003
2.7800000e+001 1.5907320e-002
2.7820000e+001 2.8959479e-002
2.7840000e+001 3.6913139e-002
2.7860000e+001 3.6097380e-002
2.7880000e+001 2.7429929e-002
2.7900000e+001 1.0298970e-002
2.7920000e+001 -4.5886498e-003
2.7940000e+001 -1.2746250e-002
2.7960000e+001 -2.4982649e-002
2.7980000e+001 -2.3351129e-002
2.8000000e+001 -1.2848220e-002
2.8020000e+001 -6.9339600e-003
2.8040000e+001 1.8354599e-003
2.8060000e+001 9.4832099e-003
2.8080000e+001 2.0393999e-002
2.8100000e+001 2.9163419e-002
2.8120000e+001 3.7219049e-002
2.8140000e+001 3.1712669e-002
2.8160000e+001 1.8456570e-002
2.8180000e+001 2.4472800e-003
2.8200000e+001 -1.5907320e-002
2.8220000e+001 -3.2528428e-002
2.8240000e+001 -2.2331429e-002
2.8260000e+001 -1.2032460e-002
2.8280000e+001 1.5295499e-003
2.8300000e+001 1.5601410e-002
2.8320000e+001 3.0387058e-002
2.8340000e+001 2.4778708e-002
2.8360000e+001 1.3867920e-002
2.8380000e+001 1.0400939e-002
2.8400000e+001 2.4472800e-003
2.8420000e+001 -1.0197000e-003
2.8440000e+001 -2.3453099e-003
2.8460000e+001 -3.6709198e-003
2.8480000e+001 -4.8945600e-003
2.8500000e+001 -9.0753293e-003
2.8520000e+001 -1.5805349e-002
2.8540000e+001 -1.5091560e-002
2.8560000e+001 -7.7497196e-003
2.8580000e+001 0.0000000e+000
2.8600000e+001 -2.0393999e-003
2.8620000e+001 -1.5091560e-002
2.8640000e+001 -2.2943249e-002
2.8660000e+001 -3.8136780e-002
2.8680000e+001 -3.7219049e-002
2.8700000e+001 -2.5594470e-002
2.8720000e+001 -1.6723079e-002
2.8740000e+001 -1.4275799e-003
2.8760000e+001 1.5601410e-002
2.8780000e+001 3.0794940e-002
2.8800000e+001 4.0074208e-002
2.8820000e+001 4.1399817e-002
2.8840000e+001 3.9258449e-002
2.8860000e+001 3.3548130e-002
2.8880000e+001 1.8660509e-002
2.8900000e+001 1.2746250e-002
2.8920000e+001 7.1378998e-003
2.8940000e+001 -1.0197000e-004
2.8960000e+001 -6.9339600e-003
2.8980000e+001 -1.3256100e-002
2.9000000e+001 -1.3052160e-002
2.9020000e+001 -1.1726550e-002
2.9040000e+001 -1.0400939e-002
2.9060000e+001 -8.5654793e-003
2.9080000e+001 -1.4377770e-002
2.9100000e+001 -2.0903849e-002
2.9120000e+001 -2.7429929e-002
2.9140000e+001 -3.5689499e-002
2.9160000e+001 -3.6607230e-002
2.9180000e+001 -3.0285090e-002
2.9200000e+001 -2.3147190e-002
2.9220000e+001 1.8354599e-003
2.9240000e+001 1.0095029e-002
2.9260000e+001 2.0699909e-002
2.9280000e+001 2.6104319e-002
2.9300000e+001 2.0292029e-002
2.9320000e+001 1.6315199e-002
2.9340000e+001 1.0910789e-002
2.9360000e+001 1.5907320e-002
2.9380000e+001 2.0190059e-002
2.9400000e+001 2.4676740e-002
2.9420000e+001 1.4377770e-002
2.9440000e+001 5.6083498e-003
2.9460000e+001 -6.7300197e-003
2.9480000e+001 -9.8910895e-003
2.9500000e+001 -2.6512198e-003
2.9520000e+001 1.6315200e-003
2.9540000e+001 1.0197000e-002
2.9560000e+001 9.5851793e-003
2.9580000e+001 3.9768300e-003
2.9600000e+001 0.0000000e+000
2.9620000e+001 -6.7300197e-003
2.9640000e+001 -1.0095029e-002
2.9660000e+001 -1.1114729e-002
2.9680000e+001 -1.1726550e-002
2.9700000e+001 -1.3358070e-002
2.9720000e+001 -1.7130959e-002
2.9740000e+001 -2.0292029e-002
2.9760000e+001 -1.0604879e-002
2.9780000e+001 -1.0197000e-003
2.9800000e+001 5.6083498e-003
2.9820000e+001 1.3154129e-002
2.9840000e+001 2.0393999e-002
2.9860000e+001 2.0292029e-002
2.9880000e+001 1.7232929e-002
2.9900000e+001 1.4581710e-002
2.9920000e+001 1.1114729e-002
2.9940000e+001 1.3052160e-002
2.9960000e+001 1.5499439e-002
2.9980000e+001 1.3969889e-002
3.0000000e+001 1.1930489e-002
3.0020000e+001 9.8910895e-003
3.0040000e+001 6.1181998e-003
3.0060000e+001 -2.8551599e-003
3.0080000e+001 -5.0984998e-003
3.0100000e+001 -8.5654793e-003
3.0120000e+001 -1.8150659e-002
3.0140000e+001 -3.2732367e-002
3.0160000e+001 -4.2827399e-002
3.0180000e+001 -5.2820457e-002
3.0200000e+001 -4.8129839e-002
3.0220000e+001 -4.0176180e-002
3.0240000e+001 -2.9571299e-002
3.0260000e+001 -1.1216700e-002
3.0280000e+001 5.0984998e-003
3.0300000e+001 1.3460039e-002
3.0320000e+001 1.6009289e-002
3.0340000e+001 1.8048690e-002
3.0360000e+001 1.9884149e-002
3.0380000e+001 2.6002349e-002
3.0400000e+001 3.3752067e-002
3.0420000e+001 3.3446158e-002
3.0440000e+001 2.5696440e-002
3.0460000e+001 1.7640809e-002
3.0480000e+001 4.5886498e-003
3.0500000e+001 -8.6674497e-003
3.0520000e+001 -1.9374299e-002
3.0540000e+001 -2.3351129e-002
3.0560000e+001 -3.0998879e-002
3.0580000e+001 -2.8245690e-002
3.0600000e+001 -2.3147190e-002
3.0620000e+001 -1.7742779e-002
3.0640000e+001 -1.2338370e-002
3.0660000e+001 -1.2848220e-002
3.0680000e+001 -1.3154129e-002
3.0700000e+001 -8.1575997e-003
3.0720000e+001 -2.6512198e-003
3.0740000e+001 3.9768300e-003
3.0760000e+001 6.6280498e-003
3.0780000e+001 5.6083498e-003
3.0800000e+001 5.0984998e-003
3.0820000e+001 6.5260799e-003
3.0840000e+001 1.2848220e-002
3.0860000e+001 1.8252629e-002
3.0880000e+001 2.4778708e-002
3.0900000e+001 3.1304790e-002
3.0920000e+001 3.0387058e-002
3.0940000e+001 2.5594470e-002
3.0960000e+001 2.2025520e-002
3.0980000e+001 1.6621109e-002
3.1000000e+001 1.9578240e-002
3.1020000e+001 2.3860979e-002
3.1040000e+001 2.8755540e-002
3.1060000e+001 3.0692969e-002
3.1080000e+001 1.9986120e-002
3.1100000e+001 1.0808820e-002
3.1120000e+001 -3.9768300e-003
3.1140000e+001 -1.6621109e-002
3.1160000e+001 -3.2834340e-002
3.1180000e+001 -3.4159949e-002
3.1200000e+001 -2.2331429e-002
3.1220000e+001 -1.5091560e-002
3.1240000e+001 -1.0197000e-003
3.1260000e+001 1.1216700e-003
3.1280000e+001 -5.4044100e-003
3.1300000e+001 -1.0298970e-002
3.1320000e+001 -1.2848220e-002
3.1340000e+001 -1.4581710e-002
3.1360000e+001 -1.3154129e-002
3.1380000e+001 -1.0604879e-002
3.1400000e+001 -7.2398697e-003
3.1420000e+001 -1.8354599e-003
3.1440000e+001 3.3650098e-003
3.1460000e+001 8.6674497e-003
3.1480000e+001 1.6111260e-002
3.1500000e+001 2.4370829e-002
3.1520000e+001 3.2528428e-002
3.1540000e+001 3.4771767e-002
3.1560000e+001 3.2426458e-002
3.1580000e+001 2.1719608e-002
3.1600000e+001 7.4438099e-003
3.1620000e+001 9.1772994e-004
3.1640000e+001 -1.5295499e-003
3.1660000e+001 -4.7925896e-003
3.1680000e+001 -7.6477497e-003
3.1700000e+001 -1.2338370e-002
3.1720000e+001 -1.5907320e-002
3.1740000e+001 -1.1828520e-002
3.1760000e+001 -5.7103197e-003
3.1780000e+001 -6.1182000e-004
3.1800000e+001 -3.0591000e-004
3.1820000e+001 -3.0591000e-004
3.1840000e+001 1.4275799e-003
3.1860000e+001 4.6906197e-003
3.1880000e+001 7.3418396e-003
3.1900000e+001 8.7694201e-003
3.1920000e+001 9.9930598e-003
3.1940000e+001 1.2644279e-002
3.1960000e+001 1.4989589e-002
3.1980000e+001 1.7538840e-002
3.2000000e+001 2.0393999e-002
3.2020000e+001 2.6104319e-002
3.2040000e+001 3.2324490e-002
3.2060000e+001 2.9265390e-002
3.2080000e+001 2.3555070e-002
3.2100000e+001 1.0706850e-002
3.2120000e+001 -1.0197000e-004
3.2140000e+001 -1.1216700e-003
3.2160000e+001 -3.6709198e-003
3.2180000e+001 -5.4044100e-003
3.2200000e+001 -8.4635099e-003
3.2220000e+001 -5.3024396e-003
3.2240000e+001 -7.1378996e-004
3.2260000e+001 3.7728899e-003
3.2280000e+001 9.7891200e-003
3.2300000e+001 1.5805349e-002
3.2320000e+001 2.0903849e-002
3.2340000e+001 1.4581710e-002
3.2360000e+001 7.4438099e-003
3.2380000e+001 2.1413698e-003
3.2400000e+001 -2.2433400e-003
3.2420000e+001 -7.1378998e-003
3.2440000e+001 -1.0197000e-002
3.2460000e+001 -7.6477497e-003
3.2480000e+001 -5.5063799e-003
3.2500000e+001 -2.9571300e-003
3.2520000e+001 -1.5295499e-003
3.2540000e+001 0.0000000e+000
3.2560000e+001 -1.0197000e-004
3.2580000e+001 -6.1182000e-004
3.2600000e+001 -1.1216700e-003
3.2620000e+001 -1.0197000e-003
3.2640000e+001 -3.0591000e-004
3.2660000e+001 1.0197000e-004
3.2680000e+001 1.6315200e-003
3.2700000e+001 5.4044100e-003
3.2720000e+001 8.7694201e-003
3.2740000e+001 1.2848220e-002
3.2760000e+001 1.5703379e-002
3.2780000e+001 1.3358070e-002
3.2800000e+001 1.0400939e-002
3.2820000e+001 5.7103197e-003
3.2840000e+001 6.1182000e-004
3.2860000e+001 -4.0787999e-003
3.2880000e+001 -9.9930598e-003
3.2900000e+001 -9.7891200e-003
3.2920000e+001 -4.6906197e-003
3.2940000e+001 -7.1378996e-004
3.2960000e+001 3.1610698e-003
3.2980000e+001 4.5886498e-003
3.3000000e+001 6.9339600e-003
3.3020000e+001 5.3024396e-003
3.3040000e+001 4.5886498e-003
3.3060000e+001 1.8354599e-003
3.3080000e+001 -2.0394000e-004
3.3100000e+001 -2.9571300e-003
3.3120000e+001 -2.8551599e-003
3.3140000e+001 -1.7334900e-003
3.3160000e+001 -6.1182000e-004
3.3180000e+001 -5.0984998e-004
3.3200000e+001 -1.7334900e-003
3.3220000e+001 -2.2433400e-003
3.3240000e+001 -3.6709198e-003
3.3260000e+001 -3.2630399e-003
3.3280000e+001 -7.1378996e-004
3.3300000e+001 1.4275799e-003
3.3320000e+001 4.1807698e-003
3.3340000e+001 6.6280498e-003
3.3360000e+001 6.4241100e-003
3.3380000e+001 5.3024396e-003
3.3400000e+001 6.1182000e-004
3.3420000e+001 -4.5886498e-003
3.3440000e+001 -7.7497196e-003
3.3460000e+001 -6.5260799e-003
3.3480000e+001 -6.6280498e-003
3.3500000e+001 -1.0910789e-002
3.3520000e+001 -1.6417170e-002
3.3540000e+001 -1.7742779e-002
3.3560000e+001 -1.1930489e-002
3.3580000e+001 -7.1378998e-003
3.3600000e+001 -3.6709198e-003
3.3620000e+001 -2.5492499e-003
3.3640000e+001 -2.0394000e-004
3.3660000e+001 4.0787999e-004
3.3680000e+001 3.6709198e-003
3.3700000e+001 8.3615395e-003
3.3720000e+001 1.1726550e-002
3.3740000e+001 7.1378998e-003
3.3760000e+001 3.8748598e-003
3.3780000e+001 -1.0197000e-003
3.3800000e+001 -2.5492499e-003
3.3820000e+001 -3.4669800e-003
3.3840000e+001 -4.1807698e-003
3.3860000e+001 -4.5886498e-003
3.3880000e+001 -6.6280498e-003
3.3900000e+001 -1.2236400e-002
3.3920000e+001 -1.1930489e-002
3.3940000e+001 -1.1012760e-002
3.3960000e+001 -9.9930598e-003
3.3980000e+001 -8.2595701e-003
3.4000000e+001 -7.7497196e-003
3.4020000e+001 -1.1216700e-002
3.4040000e+001 -1.4071860e-002
3.4060000e+001 -1.6927020e-002
3.4080000e+001 -1.4683679e-002
3.4100000e+001 -1.3256100e-002
3.4120000e+001 -1.1318670e-002
3.4140000e+001 -1.1012760e-002
3.4160000e+001 -9.9930598e-003
3.4180000e+001 -9.9930598e-003
3.4200000e+001 -6.4241100e-003
3.4220000e+001 -2.0394000e-004
3.4240000e+001 5.5063799e-003
3.4260000e+001 1.1216700e-002
3.4280000e+001 1.5499439e-002
3.4300000e+001 2.0088090e-002
3.4320000e+001 1.7334899e-002
3.4340000e+001 1.4275800e-002
3.4360000e+001 1.0502910e-002
3.4380000e+001 6.5260799e-003
3.4400000e+001 1.0197000e-003
3.4420000e+001 -6.8319896e-003
3.4440000e+001 -1.0706850e-002
3.4460000e+001 -1.2440339e-002
3.4480000e+001 -1.4071860e-002
3.4500000e+001 -1.6927020e-002
3.4520000e+001 -2.1923549e-002
3.4540000e+001 -2.7429929e-002
3.4560000e+001 -2.7939779e-002
3.4580000e+001 -2.2127490e-002
3.4600000e+001 -1.8150659e-002
3.4620000e+001 -1.1828520e-002
3.4640000e+001 -6.2201697e-003
3.4660000e+001 0.0000000e+000
3.4680000e+001 5.5063799e-003
3.4700000e+001 1.0095029e-002
3.4720000e+001 1.4683679e-002
3.4740000e+001 1.9068390e-002
3.4760000e+001 2.3657040e-002
3.4780000e+001 2.6716140e-002
3.4800000e+001 2.6002349e-002
3.4820000e+001 2.3147190e-002
3.4840000e+001 1.7436870e-002
3.4860000e+001 1.2950189e-002
3.4880000e+001 5.5063799e-003
3.4900000e+001 -4.7925896e-003
3.4920000e+001 -1.5193529e-002
3.4940000e+001 -2.1413699e-002
3.4960000e+001 -2.5900379e-002
3.4980000e+001 -2.5696440e-002
3.5000000e+001 -2.4982649e-002
3.5020000e+001 -2.3045220e-002
3.5040000e+001 -1.8252629e-002
3.5060000e+001 -1.3867920e-002
3.5080000e+001 -8.3615395e-003
3.5100000e+001 -1.4275799e-003
3.5120000e+001 4.4866799e-003
3.5140000e+001 9.0753293e-003
3.5160000e+001 9.8910895e-003
3.5180000e+001 1.0197000e-002
3.5200000e+001 1.0197000e-002
3.5220000e+001 1.0604879e-002
3.5240000e+001 1.3867920e-002
3.5260000e+001 1.2338370e-002
3.5280000e+001 1.0197000e-002
3.5300000e+001 7.3418396e-003
3.5320000e+001 1.9374299e-003
3.5340000e+001 -2.8551599e-003
3.5360000e+001 -8.4635099e-003
3.5380000e+001 -1.3358070e-002
3.5400000e+001 -1.9374299e-002
3.5420000e+001 -1.9782179e-002
3.5440000e+001 -1.4173829e-002
3.5460000e+001 -1.0197000e-002
3.5480000e+001 -4.4866799e-003
3.5500000e+001 -4.4866799e-003
3.5520000e+001 -4.0787999e-003
3.5540000e+001 -4.5886498e-003
3.5560000e+001 -4.9965299e-003
3.5580000e+001 -3.9768300e-003
3.5600000e+001 -2.1413698e-003
3.5620000e+001 -2.2433400e-003
3.5640000e+001 -1.6315200e-003
3.5660000e+001 -1.6315200e-003
3.5680000e+001 -1.2236400e-003
3.5700000e+001 -1.2236400e-003
3.5720000e+001 2.8551599e-003
3.5740000e+001 6.9339600e-003
3.5760000e+001 1.1726550e-002
3.5780000e+001 9.7891200e-003
3.5800000e+001 5.7103197e-003
3.5820000e+001 1.7334900e-003
3.5840000e+001 -3.1610698e-003
3.5860000e+001 -7.9536599e-003
3.5880000e+001 -9.3812395e-003
3.5900000e+001 -9.3812395e-003
3.5920000e+001 -9.6871497e-003
3.5940000e+001 -9.3812395e-003
3.5960000e+001 -8.7694201e-003
3.5980000e+001 -5.3024396e-003
3.6000000e+001 -2.2433400e-003
3.6020000e+001 1.4275799e-003
3.6040000e+001 3.8748598e-003
3.6060000e+001 3.4669800e-003
3.6080000e+001 3.4669800e-003
3.6100000e+001 2.9571300e-003
3.6120000e+001 4.0787999e-003
3.6140000e+001 5.5063799e-003
3.6160000e+001 6.8319896e-003
3.6180000e+001 8.6674497e-003
3.6200000e+001 8.8713895e-003
3.6220000e+001 7.8516895e-003
3.6240000e+001 7.1378998e-003
3.6260000e+001 6.2201697e-003
3.6280000e+001 7.6477497e-003
3.6300000e+001 8.8713895e-003
3.6320000e+001 1.0400939e-002
3.6340000e+001 1.1318670e-002
3.6360000e+001 9.1772997e-003
3.6380000e+001 7.6477497e-003
3.6400000e+001 5.4044100e-003
3.6420000e+001 6.3221396e-003
3.6440000e+001 8.0556298e-003
3.6460000e+001 9.8910895e-003
3.6480000e+001 1.2032460e-002
3.6500000e+001 1.3765950e-002
3.6520000e+001 1.0706850e-002
3.6540000e+001 7.8516895e-003
3.6560000e+001 4.4866799e-003
3.6580000e+001 1.2236400e-003
3.6600000e+001 -2.1413698e-003
3.6620000e+001 -4.2827397e-003
3.6640000e+001 -6.9339600e-003
3.6660000e+001 -8.8713895e-003
3.6680000e+001 -1.2236400e-002
3.6700000e+001 -1.6213229e-002
3.6720000e+001 -2.0190059e-002
3.6740000e+001 -2.3759008e-002
3.6760000e+001 -2.6308258e-002
3.6780000e+001 -2.7531899e-002
3.6800000e+001 -2.8347658e-002
3.6820000e+001 -2.9265390e-002
3.6840000e+001 -2.8347658e-002
3.6860000e+001 -2.7531899e-002
3.6880000e+001 -2.6308258e-002
3.6900000e+001 -2.5594470e-002
3.6920000e+001 -2.2331429e-002
3.6940000e+001 -1.7640809e-002
3.6960000e+001 -1.3154129e-002
3.6980000e+001 -1.1114729e-002
3.7000000e+001 -1.0706850e-002
3.7020000e+001 -9.6871497e-003
3.7040000e+001 -9.2792701e-003
3.7060000e+001 -7.3418396e-003
3.7080000e+001 -6.0162299e-003
3.7100000e+001 -4.0787999e-003
3.7120000e+001 -2.3453099e-003
3.7140000e+001 1.8354599e-003
3.7160000e+001 3.5689499e-003
3.7180000e+001 4.2827397e-003
3.7200000e+001 4.8945600e-003
3.7220000e+001 4.3847100e-003
3.7240000e+001 4.3847100e-003
3.7260000e+001 3.8748598e-003
3.7280000e+001 3.6709198e-003
3.7300000e+001 3.2630399e-003
3.7320000e+001 4.7925896e-003
3.7340000e+001 6.4241100e-003
3.7360000e+001 8.6674497e-003
3.7380000e+001 1.1216700e-002
3.7400000e+001 1.3663979e-002
3.7420000e+001 1.6315199e-002
3.7440000e+001 1.8456570e-002
3.7460000e+001 1.7640809e-002
3.7480000e+001 1.7130959e-002
3.7500000e+001 1.6213229e-002
3.7520000e+001 1.4989589e-002
3.7540000e+001 1.1012760e-002
3.7560000e+001 6.9339600e-003
3.7580000e+001 3.2630399e-003
3.7600000e+001 9.1772994e-004
3.7620000e+001 1.9374299e-003
3.7640000e+001 2.8551599e-003
3.7660000e+001 4.0787999e-003
3.7680000e+001 5.5063799e-003
3.7700000e+001 7.0359299e-003
3.7720000e+001 9.6871497e-003
3.7740000e+001 1.1930489e-002
3.7760000e+001 1.4581710e-002
3.7780000e+001 1.4581710e-002
3.7800000e+001 1.2746250e-002
3.7820000e+001 1.2440339e-002
3.7840000e+001 1.2644279e-002
3.7860000e+001 1.2848220e-002
3.7880000e+001 1.3256100e-002
3.7900000e+001 1.3562010e-002
3.7920000e+001 1.0808820e-002
3.7940000e+001 8.0556298e-003
3.7960000e+001 4.6906197e-003
3.7980000e+001 2.0393999e-003
3.8000000e+001 5.0984998e-004
3.8020000e+001 -1.1216700e-003
3.8040000e+001 -2.5492499e-003
3.8060000e+001 -1.1216700e-003
3.8080000e+001 1.8354599e-003
3.8100000e+001 4.3847100e-003
3.8120000e+001 7.7497196e-003
3.8140000e+001 1.0502910e-002
3.8160000e+001 1.3562010e-002
3.8180000e+001 1.0298970e-002
3.8200000e+001 6.3221396e-003
3.8220000e+001 1.8354599e-003
3.8240000e+001 -2.7531900e-003
3.8260000e+001 -8.1575997e-003
3.8280000e+001 -9.0753293e-003
3.8300000e+001 -5.5063799e-003
3.8320000e+001 -3.0590999e-003
3.8340000e+001 6.1182000e-004
3.8360000e+001 1.2236400e-003
3.8380000e+001 2.2433400e-003
3.8400000e+001 2.7531900e-003
3.8420000e+001 3.2630399e-003
3.8440000e+001 4.8945600e-003
3.8460000e+001 7.0359299e-003
3.8480000e+001 9.0753293e-003
3.8500000e+001 1.1420639e-002
3.8520000e+001 1.3562010e-002
3.8540000e+001 1.4275800e-002
3.8560000e+001 1.3969889e-002
3.8580000e+001 1.4275800e-002
3.8600000e+001 1.3765950e-002
3.8620000e+001 1.4173829e-002
3.8640000e+001 1.0400939e-002
3.8660000e+001 3.0590999e-003
3.8680000e+001 -3.2630399e-003
3.8700000e+001 -6.4241100e-003
3.8720000e+001 -8.6674497e-003
3.8740000e+001 -1.1420639e-002
3.8760000e+001 -1.6009289e-002
3.8780000e+001 -2.0088090e-002
3.8800000e+001 -1.9170359e-002
3.8820000e+001 -1.8558540e-002
3.8840000e+001 -1.7334899e-002
3.8860000e+001 -1.5907320e-002
3.8880000e+001 -1.4479739e-002
3.8900000e+001 -1.3154129e-002
3.8920000e+001 -1.2746250e-002
3.8940000e+001 -1.2236400e-002
3.8960000e+001 -1.1828520e-002
3.8980000e+001 -1.1624579e-002
3.9000000e+001 -1.0808820e-002
3.9020000e+001 -6.5260799e-003
3.9040000e+001 -2.1413698e-003
3.9060000e+001 2.0394000e-004
3.9080000e+001 -4.0787999e-004
3.9100000e+001 -4.0787999e-004
3.9120000e+001 -1.4275799e-003
3.9140000e+001 -1.9374299e-003
3.9160000e+001 -8.1575998e-004
3.9180000e+001 1.1216700e-003
3.9200000e+001 2.7531900e-003
3.9220000e+001 5.0984998e-003
3.9240000e+001 5.4044100e-003
3.9260000e+001 4.2827397e-003
3.9280000e+001 3.0590999e-003
3.9300000e+001 1.1216700e-003
3.9320000e+001 -5.0984998e-004
3.9340000e+001 -2.4472800e-003
3.9360000e+001 -2.0393999e-003
3.9380000e+001 -7.1378996e-004
3.9400000e+001 4.0787999e-004
3.9420000e+001 1.9374299e-003
3.9440000e+001 3.3650098e-003
3.9460000e+001 4.8945600e-003
3.9480000e+001 5.8122896e-003
3.9500000e+001 6.6280498e-003
3.9520000e+001 7.5457798e-003
3.9540000e+001 8.2595701e-003
3.9560000e+001 9.2792701e-003
3.9580000e+001 1.2950189e-002
3.9600000e+001 1.7232929e-002
3.9620000e+001 1.4683679e-002
3.9640000e+001 1.0706850e-002
3.9660000e+001 7.1378998e-003
3.9680000e+001 3.5689499e-003
3.9700000e+001 2.0394000e-004
3.9720000e+001 -3.2630399e-003
3.9740000e+001 -6.5260799e-003
3.9760000e+001 -9.6871497e-003
3.9780000e+001 -9.2792701e-003
3.9800000e+001 -8.4635099e-003
3.9820000e+001 -7.4438099e-003
3.9840000e+001 -5.2004697e-003
3.9860000e+001 -3.0590999e-003
3.9880000e+001 -4.0787999e-004
3.9900000e+001 3.3650098e-003
3.9920000e+001 5.3024396e-003
3.9940000e+001 4.4866799e-003
3.9960000e+001 4.0787999e-003
3.9980000e+001 3.0590999e-003
4.0000000e+001 2.0393999e-003
4.0020000e+001 1.0197000e-003
4.0040000e+001 1.0197000e-004
4.0060000e+001 -1.0197000e-003
4.0080000e+001 -1.4275799e-003
4.0100000e+001 2.0394000e-004
4.0120000e+001 1.6315200e-003
4.0140000e+001 3.0590999e-003
4.0160000e+001 2.3453099e-003
4.0180000e+001 1.6315200e-003
4.0200000e+001 1.6315200e-003
4.0220000e+001 2.6512198e-003
4.0240000e+001 3.2630399e-003
4.0260000e+001 4.5886498e-003
4.0280000e+001 4.6906197e-003
4.0300000e+001 2.1413698e-003
4.0320000e+001 -3.0591000e-004
4.0340000e+001 -3.0590999e-003
4.0360000e+001 -6.1181998e-003
4.0380000e+001 -8.8713895e-003
4.0400000e+001 -1.1828520e-002
4.0420000e+001 -1.0910789e-002
4.0440000e+001 -9.5851793e-003
4.0460000e+001 -7.9536599e-003
4.0480000e+001 -6.9339600e-003
4.0500000e+001 -6.4241100e-003
4.0520000e+001 -5.8122896e-003
4.0540000e+001 -5.0984998e-003
4.0560000e+001 -4.1807698e-003
4.0580000e+001 -3.3650098e-003
4.0600000e+001 -2.4472800e-003
4.0620000e+001 -1.4275799e-003
4.0640000e+001 -5.0984998e-004
4.0660000e+001 4.0787999e-004
4.0680000e+001 1.3256099e-003
4.0700000e+001 2.1413698e-003
4.0720000e+001 1.0197000e-004
4.0740000e+001 -1.8354599e-003
4.0760000e+001 -4.0787999e-003
4.0780000e+001 -6.5260799e-003
4.0800000e+001 -8.8713895e-003
4.0820000e+001 -1.1216700e-002
4.0840000e+001 -1.3154129e-002
4.0860000e+001 -1.5397470e-002
4.0880000e+001 -1.6825049e-002
4.0900000e+001 -1.7742779e-002
4.0920000e+001 -1.8762479e-002
4.0940000e+001 -1.9782179e-002
4.0960000e+001 -2.0597940e-002
4.0980000e+001 -2.1719608e-002
4.1000000e+001 -2.0190059e-002
4.1020000e+001 -1.7640809e-002
4.1040000e+001 -1.3765950e-002
4.1060000e+001 -6.6280498e-003
4.1080000e+001 -1.4275799e-003
4.1100000e+001 2.0393999e-003
4.1120000e+001 5.6083498e-003
4.1140000e+001 8.3615395e-003
4.1160000e+001 9.0753293e-003
4.1180000e+001 1.0400939e-002
4.1200000e+001 9.4832099e-003
4.1220000e+001 8.1575997e-003
4.1240000e+001 6.2201697e-003
4.1260000e+001 3.3650098e-003
4.1280000e+001 3.0591000e-004
4.1300000e+001 -2.4472800e-003
4.1320000e+001 -5.8122896e-003
4.1340000e+001 -4.5886498e-003
4.1360000e+001 -1.3256099e-003
4.1380000e+001 1.3256099e-003
4.1400000e+001 3.3650098e-003
4.1420000e+001 4.8945600e-003
4.1440000e+001 5.5063799e-003
4.1460000e+001 5.9142600e-003
4.1480000e+001 6.3221396e-003
4.1500000e+001 6.6280498e-003
4.1520000e+001 7.0359299e-003
4.1540000e+001 7.3418396e-003
4.1560000e+001 7.6477497e-003
4.1580000e+001 7.8516895e-003
4.1600000e+001 7.4438099e-003
4.1620000e+001 7.0359299e-003
4.1640000e+001 6.5260799e-003
4.1660000e+001 5.9142600e-003
4.1680000e+001 5.5063799e-003
4.1700000e+001 4.8945600e-003
4.1720000e+001 6.2201697e-003
4.1740000e+001 8.0556298e-003
4.1760000e+001 9.7891200e-003
4.1780000e+001 1.1624579e-002
4.1800000e+001 1.2848220e-002
4.1820000e+001 1.4173829e-002
4.1840000e+001 1.3358070e-002
4.1860000e+001 1.2542310e-002
4.1880000e+001 1.1624579e-002
4.1900000e+001 1.0502910e-002
4.1920000e+001 8.8713895e-003
4.1940000e+001 7.3418396e-003
4.1960000e+001 5.7103197e-003
4.1980000e+001 4.0787999e-003
4.2000000e+001 2.4472800e-003
4.2020000e+001 7.1378996e-004
4.2040000e+001 4.0787999e-004
4.2060000e+001 8.1575998e-004
4.2080000e+001 9.1772994e-004
4.2100000e+001 2.3453099e-003
4.2120000e+001 4.2827397e-003
4.2140000e+001 5.3024396e-003
4.2160000e+001 6.2201697e-003
4.2180000e+001 7.3418396e-003
4.2200000e+001 8.0556298e-003
4.2220000e+001 9.0753293e-003
4.2240000e+001 9.6871497e-003
4.2260000e+001 9.6871497e-003
4.2280000e+001 9.4832099e-003
4.2300000e+001 9.0753293e-003
4.2320000e+001 2.5492499e-003
4.2340000e+001 0.0000000e+000
4.2360000e+001 -5.0984998e-004
4.2380000e+001 -2.0393999e-003
4.2400000e+001 -2.4472800e-003
4.2420000e+001 -3.3650098e-003
4.2440000e+001 -4.8945600e-003
4.2460000e+001 -6.5260799e-003
4.2480000e+001 -8.1575997e-003
4.2500000e+001 -9.8910895e-003
4.2520000e+001 -1.1624579e-002
4.2540000e+001 -1.3052160e-002
4.2560000e+001 -1.0808820e-002
4.2580000e+001 -9.0753293e-003
4.2600000e+001 -6.7300197e-003
4.2620000e+001 -4.3847100e-003
4.2640000e+001 -1.9374299e-003
4.2660000e+001 -1.1216700e-003
4.2680000e+001 -9.1772994e-004
4.2700000e+001 -5.0984998e-004
4.2720000e+001 -4.0787999e-004
4.2740000e+001 5.0984998e-004
4.2760000e+001 1.4275799e-003
4.2780000e+001 2.4472800e-003
4.2800000e+001 3.5689499e-003
4.2820000e+001 4.3847100e-003
4.2840000e+001 4.4866799e-003
4.2860000e+001 3.9768300e-003
4.2880000e+001 1.3256099e-003
4.2900000e+001 -8.1575998e-004
4.2920000e+001 -3.6709198e-003
4.2940000e+001 -4.7925896e-003
4.2960000e+001 -5.6083498e-003
4.2980000e+001 -6.3221396e-003
4.3000000e+001 -6.9339600e-003
4.3020000e+001 -7.4438099e-003
4.3040000e+001 -8.1575997e-003
4.3060000e+001 -7.6477497e-003
4.3080000e+001 -6.5260799e-003
4.3100000e+001 -2.8551599e-003
4.3120000e+001 5.0984998e-004
4.3140000e+001 4.6906197e-003
4.3160000e+001 6.6280498e-003
4.3180000e+001 6.1181998e-003
4.3200000e+001 6.1181998e-003
4.3220000e+001 5.5063799e-003
4.3240000e+001 4.9965299e-003
4.3260000e+001 4.4866799e-003
4.3280000e+001 3.9768300e-003
4.3300000e+001 2.9571300e-003
4.3320000e+001 0.0000000e+000
4.3340000e+001 -2.6512198e-003
4.3360000e+001 -5.3024396e-003
4.3380000e+001 -4.2827397e-003
4.3400000e+001 -3.7728899e-003
4.3420000e+001 -2.5492499e-003
4.3440000e+001 -1.5295499e-003
4.3460000e+001 -2.0394000e-004
4.3480000e+001 2.0394000e-004
4.3500000e+001 0.0000000e+000
4.3520000e+001 -1.0197000e-004
4.3540000e+001 -4.0787999e-004
4.3560000e+001 -7.1378996e-004
4.3580000e+001 -6.1182000e-004
4.3600000e+001 -1.0197000e-004
4.3620000e+001 3.0591000e-004
4.3640000e+001 7.1378996e-004
4.3660000e+001 -1.0197000e-004
4.3680000e+001 -7.1378996e-004
4.3700000e+001 -1.5295499e-003
4.3720000e+001 -2.4472800e-003
4.3740000e+001 -2.9571300e-003
4.3760000e+001 -2.8551599e-003
4.3780000e+001 -2.8551599e-003
4.3800000e+001 -2.5492499e-003
4.3820000e+001 -2.4472800e-003
4.3840000e+001 -2.1413698e-003
4.3860000e+001 -2.7531900e-003
4.3880000e+001 -4.4866799e-003
4.3900000e+001 -5.9142600e-003
4.3920000e+001 -7.7497196e-003
4.3940000e+001 -8.5654793e-003
4.3960000e+001 -8.3615395e-003
4.3980000e+001 -8.4635099e-003
4.4000000e+001 -7.6477497e-003
4.4020000e+001 -5.0984998e-003
4.4040000e+001 -2.8551599e-003
4.4060000e+001 -2.0394000e-004
4.4080000e+001 1.8354599e-003
4.4100000e+001 1.8354599e-003
4.4120000e+001 2.1413698e-003
4.4140000e+001 2.1413698e-003
4.4160000e+001 2.1413698e-003
4.4180000e+001 3.1610698e-003
4.4200000e+001 4.3847100e-003
4.4220000e+001 4.9965299e-003
4.4240000e+001 4.9965299e-003
4.4260000e+001 4.9965299e-003
4.4280000e+001 4.8945600e-003
4.4300000e+001 4.7925896e-003
4.4320000e+001 5.3024396e-003
4.4340000e+001 6.8319896e-003
4.4360000e+001 8.0556298e-003
4.4380000e+001 9.6871497e-003
4.4400000e+001 9.8910895e-003
4.4420000e+001 9.7891200e-003
4.4440000e+001 9.7891200e-003
4.4460000e+001 9.4832099e-003
4.4480000e+001 9.2792701e-003
4.4500000e+001 9.0753293e-003
4.4520000e+001 8.8713895e-003
4.4540000e+001 8.5654793e-003
4.4560000e+001 8.3615395e-003
4.4580000e+001 8.1575997e-003
4.4600000e+001 7.8516895e-003
4.4620000e+001 6.3221396e-003
4.4640000e+001 4.7925896e-003
4.4660000e+001 3.5689499e-003
4.4680000e+001 3.6709198e-003
4.4700000e+001 3.4669800e-003
4.4720000e+001 3.5689499e-003
4.4740000e+001 3.6709198e-003
4.4760000e+001 3.2630399e-003
4.4780000e+001 1.9374299e-003
4.4800000e+001 1.5295499e-003
4.4820000e+001 1.4275799e-003
4.4840000e+001 1.2236400e-003
4.4860000e+001 1.2236400e-003
4.4880000e+001 1.1216700e-003
4.4900000e+001 0.0000000e+000
4.4920000e+001 -1.0197000e-003
4.4940000e+001 -2.0393999e-003
4.4960000e+001 -2.5492499e-003
4.4980000e+001 -2.9571300e-003
4.5000000e+001 -3.3650098e-003
4.5020000e+001 -3.7728899e-003
4.5040000e+001 -4.8945600e-003
4.5060000e+001 -6.4241100e-003
4.5080000e+001 -7.8516895e-003
4.5100000e+001 -9.3812395e-003
4.5120000e+001 -1.0910789e-002
4.5140000e+001 -1.2440339e-002
4.5160000e+001 -1.4071860e-002
4.5180000e+001 -1.4581710e-002
4.5200000e+001 -1.2236400e-002
4.5220000e+001 -1.0502910e-002
4.5240000e+001 -7.9536599e-003
4.5260000e+001 -6.8319896e-003
4.5280000e+001 -6.4241100e-003
4.5300000e+001 -5.9142600e-003
4.5320000e+001 -5.7103197e-003
4.5340000e+001 -5.4044100e-003
4.5360000e+001 -5.0984998e-003
4.5380000e+001 -4.8945600e-003
4.5400000e+001 -4.5886498e-003
4.5420000e+001 -4.2827397e-003
4.5440000e+001 -3.9768300e-003
4.5460000e+001 -3.1610698e-003
4.5480000e+001 -2.6512198e-003
4.5500000e+001 -1.1216700e-003
4.5520000e+001 1.0197000e-003
4.5540000e+001 3.1610698e-003
4.5560000e+001 4.6906197e-003
4.5580000e+001 4.8945600e-003
4.5600000e+001 5.5063799e-003
4.5620000e+001 5.6083498e-003
4.5640000e+001 6.4241100e-003
4.5660000e+001 8.5654793e-003
4.5680000e+001 1.0298970e-002
4.5700000e+001 8.5654793e-003
4.5720000e+001 7.2398697e-003
4.5740000e+001 5.4044100e-003
4.5760000e+001 3.3650098e-003
4.5780000e+001 2.8551599e-003
4.5800000e+001 2.9571300e-003
4.5820000e+001 2.8551599e-003
4.5840000e+001 2.7531900e-003
4.5860000e+001 1.2236400e-003
4.5880000e+001 -1.0197000e-004
4.5900000e+001 -1.0197000e-003
4.5920000e+001 -1.1216700e-003
4.5940000e+001 -1.6315200e-003
4.5960000e+001 -1.5295499e-003
4.5980000e+001 -3.1610698e-003
4.6000000e+001 -6.9339600e-003
4.6020000e+001 -1.0095029e-002
4.6040000e+001 -1.0400939e-002
4.6060000e+001 -1.0706850e-002
4.6080000e+001 -1.0808820e-002
4.6100000e+001 -1.0095029e-002
4.6120000e+001 -9.0753293e-003
4.6140000e+001 -8.0556298e-003
4.6160000e+001 -7.5457798e-003
4.6180000e+001 -7.3418396e-003
4.6200000e+001 -6.9339600e-003
4.6220000e+001 -6.8319896e-003
4.6240000e+001 -6.4241100e-003
4.6260000e+001 -4.0787999e-003
4.6280000e+001 -1.3256099e-003
4.6300000e+001 1.3256099e-003
4.6320000e+001 4.3847100e-003
4.6340000e+001 7.2398697e-003
4.6360000e+001 1.0095029e-002
4.6380000e+001 8.7694201e-003
4.6400000e+001 6.4241100e-003
4.6420000e+001 4.1807698e-003
4.6440000e+001 1.3256099e-003
4.6460000e+001 -1.4275799e-003
4.6480000e+001 -3.5689499e-003
4.6500000e+001 -3.7728899e-003
4.6520000e+001 -4.4866799e-003
4.6540000e+001 -4.6906197e-003
4.6560000e+001 -4.9965299e-003
4.6580000e+001 -5.2004697e-003
4.6600000e+001 -5.5063799e-003
4.6620000e+001 -5.7103197e-003
4.6640000e+001 -5.9142600e-003
4.6660000e+001 -4.6906197e-003
4.6680000e+001 -2.9571300e-003
4.6700000e+001 -1.3256099e-003
4.6720000e+001 7.1378996e-004
4.6740000e+001 1.7334900e-003
4.6760000e+001 1.9374299e-003
4.6780000e+001 2.5492499e-003
4.6800000e+001 2.5492499e-003
4.6820000e+001 3.5689499e-003
4.6840000e+001 5.0984998e-003
4.6860000e+001 6.5260799e-003
4.6880000e+001 8.1575997e-003
4.6900000e+001 9.5851793e-003
4.6920000e+001 9.8910895e-003
4.6940000e+001 1.0400939e-002
4.6960000e+001 1.0706850e-002
4.6980000e+001 1.1012760e-002
4.7000000e+001 1.1216700e-002
4.7020000e+001 1.0604879e-002
4.7040000e+001 1.0095029e-002
4.7060000e+001 9.4832099e-003
4.7080000e+001 8.7694201e-003
4.7100000e+001 8.0556298e-003
4.7120000e+001 7.3418396e-003
4.7140000e+001 6.4241100e-003
4.7160000e+001 5.6083498e-003
4.7180000e+001 4.6906197e-003
4.7200000e+001 3.8748598e-003
4.7220000e+001 3.1610698e-003
4.7240000e+001 2.7531900e-003
4.7260000e+001 2.1413698e-003
4.7280000e+001 1.7334900e-003
4.7300000e+001 1.2236400e-003
4.7320000e+001 7.1378996e-004
4.7340000e+001 3.0591000e-004
4.7360000e+001 8.1575998e-004
4.7380000e+001 1.3256099e-003
4.7400000e+001 1.9374299e-003
4.7420000e+001 2.2433400e-003
4.7440000e+001 9.1772994e-004
4.7460000e+001 -3.0591000e-004
4.7480000e+001 -1.7334900e-003
4.7500000e+001 -3.1610698e-003
4.7520000e+001 -4.7925896e-003
4.7540000e+001 -5.4044100e-003
4.7560000e+001 -4.8945600e-003
4.7580000e+001 -4.3847100e-003
4.7600000e+001 -3.8748598e-003
4.7620000e+001 -2.5492499e-003
4.7640000e+001 -9.1772994e-004
4.7660000e+001 7.1378996e-004
4.7680000e+001 1.7334900e-003
4.7700000e+001 2.2433400e-003
4.7720000e+001 3.5689499e-003
4.7740000e+001 6.2201697e-003
4.7760000e+001 8.4635099e-003
4.7780000e+001 1.1420639e-002
4.7800000e+001 1.0910789e-002
4.7820000e+001 8.8713895e-003
4.7840000e+001 7.2398697e-003
4.7860000e+001 4.7925896e-003
4.7880000e+001 2.7531900e-003
4.7900000e+001 4.0787999e-004
4.7920000e+001 -1.6315200e-003
4.7940000e+001 -2.4472800e-003
4.7960000e+001 -3.3650098e-003
4.7980000e+001 -4.6906197e-003
4.8000000e+001 -7.0359299e-003
4.8020000e+001 -8.5654793e-003
4.8040000e+001 -8.9733599e-003
4.8060000e+001 -9.4832099e-003
4.8080000e+001 -9.6871497e-003
4.8100000e+001 -9.8910895e-003
4.8120000e+001 -1.0095029e-002
4.8140000e+001 -1.0298970e-002
4.8160000e+001 -1.0400939e-002
4.8180000e+001 -9.9930598e-003
4.8200000e+001 -9.6871497e-003
4.8220000e+001 -9.1772997e-003
4.8240000e+001 -8.8713895e-003
4.8260000e+001 -9.0753293e-003
4.8280000e+001 -9.2792701e-003
4.8300000e+001 -9.4832099e-003
4.8320000e+001 -9.7891200e-003
4.8340000e+001 -9.8910895e-003
4.8360000e+001 -8.9733599e-003
4.8380000e+001 -8.2595701e-003
4.8400000e+001 -7.2398697e-003
4.8420000e+001 -6.9339600e-003
4.8440000e+001 -6.9339600e-003
4.8460000e+001 -6.8319896e-003
4.8480000e+001 -6.8319896e-003
4.8500000e+001 -6.7300197e-003
4.8520000e+001 -6.7300197e-003
4.8540000e+001 -6.5260799e-003
4.8560000e+001 -5.7103197e-003
4.8580000e+001 -5.0984998e-003
4.8600000e+001 -4.3847100e-003
4.8620000e+001 -3.4669800e-003
4.8640000e+001 -2.3453099e-003
4.8660000e+001 -1.3256099e-003
4.8680000e+001 -2.0394000e-004
4.8700000e+001 1.0197000e-003
4.8720000e+001 1.7334900e-003
4.8740000e+001 9.1772994e-004
4.8760000e+001 3.0591000e-004
4.8780000e+001 -5.0984998e-004
4.8800000e+001 -1.4275799e-003
4.8820000e+001 -7.1378996e-004
4.8840000e+001 6.1182000e-004
4.8860000e+001 1.6315200e-003
4.8880000e+001 1.3256099e-003
4.8900000e+001 1.2236400e-003
4.8920000e+001 8.1575998e-004
4.8940000e+001 5.0984998e-004
4.8960000e+001 0.0000000e+000
4.8980000e+001 2.0394000e-004
4.9000000e+001 9.1772994e-004
4.9020000e+001 1.4275799e-003
4.9040000e+001 2.1413698e-003
4.9060000e+001 2.2433400e-003
4.9080000e+001 1.0197000e-003
4.9100000e+001 0.0000000e+000
4.9120000e+001 -1.2236400e-003
4.9140000e+001 -2.4472800e-003
4.9160000e+001 -2.4472800e-003
4.9180000e+001 -1.9374299e-003
4.9200000e+001 -1.6315200e-003
4.9220000e+001 -1.8354599e-003
4.9240000e+001 -2.2433400e-003
4.9260000e+001 -2.7531900e-003
4.9280000e+001 -3.0590999e-003
4.9300000e+001 -2.6512198e-003
4.9320000e+001 -2.2433400e-003
4.9340000e+001 -2.2433400e-003
4.9360000e+001 -3.2630399e-003
4.9380000e+001 -4.1807698e-003
4.9400000e+001 -5.2004697e-003
4.9420000e+001 -4.6906197e-003
4.9440000e+001 -4.3847100e-003
4.9460000e+001 -3.8748598e-003
4.9480000e+001 -3.2630399e-003
4.9500000e+001 -2.6512198e-003
4.9520000e+001 -2.0393999e-003
4.9540000e+001 -1.9374299e-003
4.9560000e+001 -1.8354599e-003
4.9580000e+001 -1.5295499e-003
4.9600000e+001 1.3256099e-003
4.9620000e+001 4.1807698e-003
4.9640000e+001 6.8319896e-003
4.9660000e+001 7.1378998e-003
4.9680000e+001 7.7497196e-003
4.9700000e+001 7.9536599e-003
4.9720000e+001 8.1575997e-003
4.9740000e+001 8.2595701e-003
4.9760000e+001 8.5654793e-003
4.9780000e+001 7.9536599e-003
4.9800000e+001 6.2201697e-003
4.9820000e+001 4.8945600e-003
4.9840000e+001 3.1610698e-003
4.9860000e+001 2.9571300e-003
4.9880000e+001 3.0590999e-003
4.9900000e+001 3.2630399e-003
4.9920000e+001 3.5689499e-003
4.9940000e+001 3.7728899e-003
4.9960000e+001 2.4472800e-003
4.9980000e+001 7.1378996e-004
5.0000000e+001 -8.1575998e-004
5.0020000e+001 -2.8551599e-003
5.0040000e+001 -3.5689499e-003
5.0060000e+001 -2.2433400e-003
5.0080000e+001 -1.3256099e-003
5.0100000e+001 1.0197000e-004
5.0120000e+001 3.0591000e-004
5.0140000e+001 1.0197000e-004
5.0160000e+001 -1.0197000e-004
5.0180000e+001 -5.0984998e-004
5.0200000e+001 -8.1575998e-004
5.0220000e+001 -1.1216700e-003
5.0240000e+001 -1.5295499e-003
5.0260000e+001 -1.2236400e-003
5.0280000e+001 -8.1575998e-004
5.0300000e+001 -4.0787999e-004
5.0320000e+001 1.0197000e-004
5.0340000e+001 5.0984998e-004
5.0360000e+001 8.1575998e-004
5.0380000e+001 8.1575998e-004
5.0400000e+001 9.1772994e-004
5.0420000e+001 1.0197000e-003
5.0440000e+001 2.2433400e-003
5.0460000e+001 3.3650098e-003
5.0480000e+001 4.6906197e-003
5.0500000e+001 6.0162299e-003
5.0520000e+001 7.3418396e-003
5.0540000e+001 8.0556298e-003
5.0560000e+001 6.3221396e-003
5.0580000e+001 5.0984998e-003
5.0600000e+001 3.2630399e-003
5.0620000e+001 1.6315200e-003
5.0640000e+001 -4.0787999e-004
5.0660000e+001 0.0000000e+000
5.0680000e+001 3.0590999e-003
5.0700000e+001 5.3024396e-003
5.0720000e+001 8.8713895e-003
5.0740000e+001 8.3615395e-003
5.0760000e+001 3.1610698e-003
5.0780000e+001 -2.0394000e-004
5.0800000e+001 -6.3221396e-003
5.0820000e+001 -2.8551599e-003
5.0840000e+001 5.9142600e-003
5.0860000e+001 1.3256100e-002
5.0880000e+001 2.2535370e-002
5.0900000e+001 1.8864449e-002
5.0920000e+001 9.5851793e-003
5.0940000e+001 9.2792701e-003
5.0960000e+001 7.8516895e-003
5.0980000e+001 9.1772997e-003
5.1000000e+001 1.6315200e-003
5.1020000e+001 -8.5654793e-003
5.1040000e+001 -2.0393999e-002
5.1060000e+001 -1.5091560e-002
5.1080000e+001 -7.1378996e-004
5.1100000e+001 1.0910789e-002
5.1120000e+001 1.0095029e-002
5.1140000e+001 4.8945600e-003
5.1160000e+001 3.0591000e-004
5.1180000e+001 -7.0359299e-003
5.1200000e+001 -1.0910789e-002
5.1220000e+001 -1.5295499e-003
5.1240000e+001 7.0359299e-003
5.1260000e+001 1.4071860e-002
5.1280000e+001 6.8319896e-003
5.1300000e+001 2.0393999e-003
5.1320000e+001 3.5689499e-003
5.1340000e+001 9.1772997e-003
5.1360000e+001 8.7694201e-003
5.1380000e+001 5.3024396e-003
5.1400000e+001 2.4472800e-003
5.1420000e+001 1.6315200e-003
5.1440000e+001 1.3256099e-003
5.1460000e+001 -1.1216700e-003
5.1480000e+001 -3.4669800e-003
5.1500000e+001 -6.8319896e-003
5.1520000e+001 -5.5063799e-003
5.1540000e+001 -2.0393999e-003
5.1560000e+001 1.4275799e-003
5.1580000e+001 4.8945600e-003
5.1600000e+001 9.8910895e-003
5.1620000e+001 5.9142600e-003
5.1640000e+001 -4.8945600e-003
5.1660000e+001 -1.2134429e-002
5.1680000e+001 -9.6871497e-003
5.1700000e+001 -6.1181998e-003
5.1720000e+001 -2.4472800e-003
5.1740000e+001 3.2630399e-003
5.1760000e+001 3.8748598e-003
5.1780000e+001 1.4275799e-003
5.1800000e+001 -1.0197000e-004
5.1820000e+001 -7.1378996e-004
5.1840000e+001 6.1182000e-004
5.1860000e+001 1.0197000e-003
5.1880000e+001 2.4472800e-003
5.1900000e+001 1.3256099e-003
5.1920000e+001 4.0787999e-004
5.1940000e+001 -8.1575998e-004
5.1960000e+001 -2.7531900e-003
5.1980000e+001 -5.6083498e-003
5.2000000e+001 -8.5654793e-003
5.2020000e+001 -9.4832099e-003
5.2040000e+001 -6.2201697e-003
5.2060000e+001 -3.6709198e-003
5.2080000e+001 -2.0394000e-004
5.2100000e+001 3.3650098e-003
5.2120000e+001 3.7728899e-003
5.2140000e+001 -1.4275799e-003
5.2160000e+001 -4.5886498e-003
5.2180000e+001 -1.0502910e-002
5.2200000e+001 -7.8516895e-003
5.2220000e+001 -2.3453099e-003
5.2240000e+001 3.1610698e-003
5.2260000e+001 4.1807698e-003
5.2280000e+001 2.6512198e-003
5.2300000e+001 1.3256099e-003
5.2320000e+001 1.5295499e-003
5.2340000e+001 6.2201697e-003
5.2360000e+001 7.4438099e-003
5.2380000e+001 7.5457798e-003
5.2400000e+001 7.7497196e-003
5.2420000e+001 7.4438099e-003
5.2440000e+001 7.2398697e-003
5.2460000e+001 5.8122896e-003
5.2480000e+001 3.8748598e-003
5.2500000e+001 2.1413698e-003
5.2520000e+001 -2.0394000e-004
5.2540000e+001 -3.3650098e-003
5.2560000e+001 -6.5260799e-003
5.2580000e+001 -6.9339600e-003
5.2600000e+001 -5.2004697e-003
5.2620000e+001 -5.5063799e-003
5.2640000e+001 -5.5063799e-003
5.2660000e+001 -5.8122896e-003
5.2680000e+001 -3.3650098e-003
5.2700000e+001 0.0000000e+000
5.2720000e+001 3.3650098e-003
5.2740000e+001 7.1378998e-003
5.2760000e+001 9.7891200e-003
5.2780000e+001 8.6674497e-003
5.2800000e+001 8.1575997e-003
5.2820000e+001 6.9339600e-003
5.2840000e+001 7.6477497e-003
5.2860000e+001 7.8516895e-003
5.2880000e+001 8.6674497e-003
5.2900000e+001 6.2201697e-003
5.2920000e+001 3.7728899e-003
5.2940000e+001 7.1378996e-004
5.2960000e+001 -1.0197000e-004
5.2980000e+001 4.0787999e-004
5.3000000e+001 5.0984998e-004
5.3020000e+001 -1.0197000e-003
5.3040000e+001 -2.9571300e-003
5.3060000e+001 -4.6906197e-003
5.3080000e+001 -7.0359299e-003
5.3100000e+001 -6.6280498e-003
5.3120000e+001 -4.4866799e-003
5.3140000e+001 -2.8551599e-003
5.3160000e+001 -7.1378996e-004
5.3180000e+001 -2.3453099e-003
5.3200000e+001 -3.3650098e-003
5.3220000e+001 -5.2004697e-003
5.3240000e+001 -6.1181998e-003
5.3260000e+001 -5.7103197e-003
5.3280000e+001 -5.5063799e-003
5.3300000e+001 -5.0984998e-003
5.3320000e+001 -6.7300197e-003
5.3340000e+001 -9.2792701e-003
5.3360000e+001 -1.1624579e-002
5.3380000e+001 -1.4275800e-002
5.3400000e+001 -1.4071860e-002
5.3420000e+001 -1.4275800e-002
5.3440000e+001 -1.2338370e-002
5.3460000e+001 -9.7891200e-003
5.3480000e+001 -7.5457798e-003
5.3500000e+001 -4.6906197e-003
5.3520000e+001 -3.4669800e-003
5.3540000e+001 -4.2827397e-003
5.3560000e+001 -4.5886498e-003
5.3580000e+001 -5.6083498e-003
5.3600000e+001 -6.4241100e-003
5.3620000e+001 -7.3418396e-003
5.3640000e+001 -8.1575997e-003
5.3660000e+001 -7.4438099e-003
5.3680000e+001 -5.3024396e-003
5.3700000e+001 -3.7728899e-003
5.3720000e+001 -2.6512198e-003
5.3740000e+001 -1.4275799e-003