0 -1.0963e-21
1245.3 1.90476e-05
1809.51 3.80952e-05
2250.69 5.71429e-05
2658.24 7.61905e-05
3052.58 9.52381e-05
3441.32 0.000114286
3820.88 0.000133333
4058.79 0.000152381
4136.33 0.000171429
4212.59 0.000190476
4287.53 0.000209524
4361.08 0.000228571
4433.19 0.000247619
4503.62 0.000266667
4566.44 0.000285714
4628.14 0.000304762
4688.68 0.00032381
4746.96 0.000342857
4771.71 0.000361905
4783.53 0.000380952
4792.99 0.0004
4802.29 0.000419048
4811.43 0.000438095
4819.23 0.000457143
4826 0.00047619
4832.76 0.000495238
4839.5 0.000514286
4840.28 0.000533333
4839.74 0.000552381
4839.11 0.000571429
4838.41 0.000590476
4837.61 0.000609524
4836.72 0.000628571
4835.73 0.000647619
4834.65 0.000666667
4833.47 0.000685714
4832.18 0.000704762
4830.78 0.00072381
4829.27 0.000742857
4827.64 0.000761905
4825.89 0.000780952
4824.01 0.0008
4822 0.000819048
4819.85 0.000838095
4817.55 0.000857143
4815.1 0.00087619
4812.49 0.000895238
4809.72 0.000914286
4806.76 0.000933333
4803.62 0.000952381
4800.28 0.000971429
4796.73 0.000990476
4792.89 0.00100952
4788.64 0.00102857
4784.08 0.00104762
4779.16 0.00106667
4773.84 0.00108571
4768.07 0.00110476
4761.77 0.00112381
4754.87 0.00114286
4746.1 0.0011619
4735.07 0.00118095
4728.23 0.0012
4725.51 0.00121905
4722.32 0.0012381
4718.57 0.00125714
4714.15 0.00127619
4708.89 0.00129524
4702.55 0.00131429
4693.79 0.00133333
4692.23 0.00135238
4694.87 0.00137143
4697.92 0.00139048
4700.96 0.00140952
4704 0.00142857
4707.04 0.00144762
4710.08 0.00146667
4713.11 0.00148571
4716.15 0.00150476
4719.18 0.00152381
4722.21 0.00154286
4725.24 0.0015619
4728.26 0.00158095
4731.29 0.0016
4734.31 0.00161905
4737.33 0.0016381
4740.34 0.00165714
4743.36 0.00167619
4746.37 0.00169524
4749.38 0.00171429
4752.39 0.00173333
4755.4 0.00175238
4758.4 0.00177143
4761.4 0.00179048
4764.4 0.00180952
4767.39 0.00182857
4770.38 0.00184762
4773.37 0.00186667
4776.36 0.00188571
4779.34 0.00190476
